     2    399     43


 1

     1    109    -1.4244567369   0.240639158091      96.0150  AAAAAAA
     2      1    -6.7908450883   0.001124018478       0.4485  AAAAAAC
     3      2    -4.2923997498   0.013672076337       5.4552  AAAAAAG
     4      1    -6.5776096152   0.001391170757       0.5551  AAAAAAT
     5      1    -5.8124776045   0.002990012818       1.1930  AAAAGAA
     6      2    -5.1502132588   0.005798168085       2.3135  AAAGAAG
     7      1    -9.8737010388   0.000051511728       0.0206  AAATAAC
     8      1   -13.2483024726   0.000001763337       0.0007  AGGGAAG
     9      3    -5.2348831977   0.005327446705       2.1257  AGGGGGG
    10      1   -12.6247692453   0.000003289519       0.0013  ATTATTT
    11     62    -1.8376059922   0.159198091747      63.5200  CCCCCCC
    12      4    -4.6617584825   0.009449830421       3.7705  CCCCCCT
    13      3    -4.8262330033   0.008016663202       3.1986  CCCTCCC
    14      4    -5.4732889798   0.004197404253       1.6748  CCCTCCT
    15      1   -10.0088147745   0.000045001498       0.0180  CCTCTCC
    16      2    -6.0274466410   0.002411643916       0.9622  CTCCCCC
    17      1    -9.8542165085   0.000052525252       0.0210  CTTCCCC
    18      1    -8.7333202601   0.000161126585       0.0643  CTTCTTT
    19      1    -8.5718743483   0.000189357395       0.0756  CTTTTTC
    20      1   -13.5025539793   0.000001367462       0.0005  GAAGAGG
    21      1   -12.9632653363   0.000002344906       0.0009  GAGTGAG
    22      1    -5.3377556972   0.004806646183       1.9179  GGAGGGG
    23      2    -5.1203332869   0.005974031497       2.3836  GGGAGGA
    24      5    -4.4950284149   0.011164363376       4.4546  GGGAGGG
    25      1    -7.2275236297   0.000726317268       0.2898  GGGCGGG
    26      4    -4.3316659119   0.013145629777       5.2451  GGGGGGA
    27     78    -1.6953867537   0.183528235072      73.2278  GGGGGGG
    28      2    -6.8350520800   0.001075411306       0.4291  GGGGGGT
    29      1   -11.1775394774   0.000013984801       0.0056  GGGTAGG
    30      1    -7.4929948168   0.000556972430       0.2222  TAAAAAA
    31      1   -15.0279765209   0.000000297463       0.0001  TCATTTC
    32      2    -5.5615422208   0.003842845309       1.5333  TCCCCCC
    33      1    -8.3856824759   0.000228110026       0.0910  TCCCCCT
    34      1    -8.5501521401   0.000193515656       0.0772  TCCTCCC
    35      1    -9.0360861280   0.000119035817       0.0475  TCTTTTC
    36      4    -5.6289547672   0.003592328185       1.4333  TTCTTTT
    37      2    -6.7373866611   0.001185741856       0.4731  TTTATTT
    38      1    -5.4981734875   0.004094242799       1.6336  TTTCTTC
    39      3    -4.7915618535   0.008299484675       3.3115  TTTCTTT
    40      1    -6.9590520155   0.000949996730       0.3790  TTTGTTT
    41      2    -9.1929776022   0.000101751438       0.0406  TTTTCTC
    42      4    -4.6301052565   0.009753732404       3.8917  TTTTTTC
    43     78    -1.5847760452   0.204993697302      81.7925  TTTTTTT

 2

     1    109    -1.4245247193   0.240622799413      96.0085  AAAAAAA
     2      1    -6.7904927403   0.001124414593       0.4486  AAAAAAC
     3      2    -4.2921110681   0.013676023784       5.4567  AAAAAAG
     4      1    -6.5772572672   0.001391661019       0.5553  AAAAAAT
     5      1    -5.8122213868   0.002990779011       1.1933  AAAAGAA
     6      2    -5.1497769442   0.005800698462       2.3145  AAAGAAG
     7      1    -9.8729000129   0.000051553007       0.0206  AAATAAC
     8      1   -13.2469095270   0.000001765795       0.0007  AGGGAAG
     9      3    -5.2353554420   0.005324931443       2.1246  AGGGGGG
    10      1   -12.6248270149   0.000003289329       0.0013  ATTATTT
    11     62    -1.8376794704   0.159186394585      63.5154  CCCCCCC
    12      4    -4.6614733236   0.009452525509       3.7716  CCCCCCT
    13      3    -4.8260067166   0.008018477472       3.1994  CCCTCCC
    14      4    -5.4728416455   0.004199282316       1.6755  CCCTCCT
    15      1   -10.0080095811   0.000045037748       0.0180  CCTCTCC
    16      2    -6.0271117525   0.002412451683       0.9626  CTCCCCC
    17      1    -9.8533287351   0.000052571903       0.0210  CTTCCCC
    18      1    -8.7334703737   0.000161102399       0.0643  CTTCTTT
    19      1    -8.5719678591   0.000189339689       0.0755  CTTTTTC
    20      1   -13.5013493258   0.000001369110       0.0005  GAAGAGG
    21      1   -12.9620225705   0.000002347822       0.0009  GAGTGAG
    22      1    -5.3372851583   0.004808908430       1.9188  GGAGGGG
    23      2    -5.1198909570   0.005976674574       2.3847  GGGAGGA
    24      5    -4.4948087208   0.011166816391       4.4556  GGGAGGG
    25      1    -7.2272509537   0.000726515345       0.2899  GGGCGGG
    26      4    -4.3313883595   0.013149278885       5.2466  GGGGGGA
    27     78    -1.6954692985   0.183513086399      73.2217  GGGGGGG
    28      2    -6.8347096055   0.001075779670       0.4292  GGGGGGT
    29      1   -11.1769415958   0.000013993165       0.0056  GGGTAGG
    30      1    -7.4934099797   0.000556741244       0.2221  TAAAAAA
    31      1   -15.0266635896   0.000000297854       0.0001  TCATTTC
    32      2    -5.5620052430   0.003841066398       1.5326  TCCCCCC
    33      1    -8.3857868361   0.000228086221       0.0910  TCCCCCT
    34      1    -8.5503153604   0.000193484073       0.0772  TCCTCCC
    35      1    -9.0353847662   0.000119119333       0.0475  TCTTTTC
    36      4    -5.6284659562   0.003594084584       1.4340  TTCTTTT
    37      2    -6.7370983499   0.001186083768       0.4732  TTTATTT
    38      1    -5.4977313040   0.004096053606       1.6343  TTTCTTC
    39      3    -4.7913243030   0.008301456455       3.3123  TTTCTTT
    40      1    -6.9587637044   0.000950270664       0.3792  TTTGTTT
    41      2    -9.1923591560   0.000101814385       0.0406  TTTTCTC
    42      4    -4.6298110767   0.009756602177       3.8929  TTTTTTC
    43     78    -1.5848378161   0.204981035043      81.7874  TTTTTTT