

TREE #  1

  0  0.0000   1028.326500  x:  0.02216   0.02671   0.00000   0.01392   0.01158   0.02553   0.01471   0.03517   0.03671   0.01666   0.06924   0.05257   2.07215  
  1 99.0000   1028.325070  x:  0.02216   0.02671   0.00000   0.01392   0.01158   0.02553   0.01471   0.03517   0.03671   0.01666   0.06924   0.05257   2.07215  
  2 674.6474   1018.169524  x:  0.02270   0.02685   0.00000   0.00000   0.00561   0.02492   0.00404   0.03376   0.03544   0.02294   0.06612   0.05311   2.07268  
  3 1931.5607   1016.885455  x:  0.02277   0.02677   0.00000   0.00000   0.00547   0.02551   0.00000   0.03399   0.03495   0.02305   0.06526   0.05318   2.07288  
  4 815.0660   1015.779460  x:  0.02201   0.02648   0.00000   0.00000   0.00192   0.02702   0.00000   0.03431   0.03021   0.01915   0.06040   0.05242   2.07421  
  5 40.4301   1015.251552  x:  0.02040   0.02815   0.00000   0.00000   0.00151   0.02123   0.00000   0.03270   0.03108   0.01606   0.06768   0.05081   2.07294  
  6 1909.4568   1014.620806  x:  0.01859   0.02879   0.00000   0.00000   0.00278   0.01866   0.00000   0.03044   0.02485   0.01468   0.06442   0.04900   2.07411  
  7 298.5946   1014.567096  x:  0.01674   0.02976   0.00000   0.00000   0.00279   0.01948   0.00000   0.02982   0.02542   0.01483   0.06390   0.04714   2.07583  
  8 31.4703   1014.357374  x:  0.01655   0.03271   0.00000   0.00000   0.00285   0.01756   0.00000   0.03340   0.02670   0.01469   0.05925   0.04696   2.10433  
  9 20.0277   1007.518221  x:  0.02562   0.05002   0.00000   0.00000   0.00311   0.02510   0.00000   0.02017   0.02608   0.01068   0.06041   0.05598   3.16209  
 10 264.4331    999.482606  x:  0.01571   0.02216   0.00000   0.00000   0.00277   0.01945   0.00000   0.03146   0.02451   0.01515   0.07049   0.04603   4.22437  
 11 4371.0318    997.708818  x:  0.01854   0.03613   0.00000   0.00000   0.00233   0.01938   0.00000   0.03294   0.02216   0.02044   0.06587   0.04819   5.05756  
 12  0.7373    996.151948  x:  0.01946   0.03586   0.00000   0.00000   0.00340   0.02204   0.00000   0.03715   0.02810   0.01281   0.06155   0.04869   5.85584  
 13  1.7884    995.381914  x:  0.01755   0.03145   0.00000   0.00000   0.00332   0.02221   0.00000   0.03777   0.02324   0.01311   0.07042   0.04592   6.82863  
 14  0.7987    995.381914  x:  0.01755   0.03145   0.00000   0.00000   0.00332   0.02221   0.00000   0.03777   0.02324   0.01311   0.07042   0.04592   6.82863  
 15  0.1544    994.778709  x:  0.01794   0.03044   0.00000   0.00000   0.00142   0.02063   0.00000   0.03525   0.02489   0.01435   0.06911   0.04631   6.82865  
 16 220.3078    993.734594  x:  0.01907   0.02750   0.00000   0.00000   0.00282   0.01620   0.00000   0.02785   0.02942   0.01745   0.06517   0.04744   6.82871  
 17 646.9026    993.489827  x:  0.01963   0.02624   0.00000   0.00000   0.00271   0.01759   0.00000   0.02432   0.02928   0.01481   0.06179   0.04799   6.82878  
 18 97.6565    993.415264  x:  0.01993   0.02625   0.00000   0.00000   0.00272   0.01772   0.00000   0.02493   0.02796   0.01563   0.05750   0.04830   6.82892  
 19 37.6764    993.408857  x:  0.01983   0.02659   0.00000   0.00000   0.00271   0.01738   0.00000   0.02522   0.02830   0.01524   0.05690   0.04819   6.82898  
 20 15.6232    993.408066  x:  0.01973   0.02675   0.00000   0.00000   0.00272   0.01754   0.00000   0.02521   0.02848   0.01530   0.05680   0.04809   6.82906  
 21  5.0988    993.407927  x:  0.01965   0.02679   0.00000   0.00000   0.00272   0.01750   0.00000   0.02516   0.02842   0.01531   0.05679   0.04801   6.82922  
 22  1.3845    993.404422  x:  0.01933   0.02624   0.00000   0.00000   0.00272   0.01755   0.00000   0.02535   0.02854   0.01528   0.05673   0.04769   6.83669  
 23  1.9448    992.117818  x:  0.02105   0.02795   0.00000   0.00000   0.00226   0.01845   0.00000   0.02639   0.02724   0.01460   0.05869   0.04747  10.36893  
 24 93.0690    992.078098  x:  0.02125   0.02702   0.00000   0.00000   0.00243   0.01776   0.00000   0.02547   0.02843   0.01528   0.05755   0.04716  10.48601  
 25  0.1214    992.075959  x:  0.02110   0.02693   0.00000   0.00000   0.00256   0.01776   0.00000   0.02553   0.02828   0.01517   0.05759   0.04712  10.58191  
 26  0.0680    992.075759  x:  0.02107   0.02700   0.00000   0.00000   0.00256   0.01777   0.00000   0.02553   0.02828   0.01518   0.05764   0.04725  10.63179  
 27  0.0312    992.075714  x:  0.02092   0.02697   0.00000   0.00000   0.00254   0.01777   0.00000   0.02553   0.02829   0.01518   0.05760   0.04736  10.64070  
 28  0.0037    992.075714  x:  0.02092   0.02697   0.00000   0.00000   0.00254   0.01777   0.00000   0.02553   0.02829   0.01518   0.05760   0.04736  10.64064  
 29  0.0042    992.075714  x:  0.02092   0.02697   0.00000   0.00000   0.00254   0.01777   0.00000   0.02553   0.02829   0.01518   0.05760   0.04736  10.64062  
 30  0.0042    992.075714  x:  0.02092   0.02697   0.00000   0.00000   0.00254   0.01777   0.00000   0.02553   0.02829   0.01518   0.05760   0.04736  10.64062  
 31  0.0042    992.075714  x:  0.02092   0.02697   0.00000   0.00000   0.00254   0.01777   0.00000   0.02553   0.02829   0.01518   0.05760   0.04736  10.64062  
 32  0.0042    992.075714  x:  0.02092   0.02697   0.00000   0.00000   0.00254   0.01777   0.00000   0.02553   0.02829   0.01518   0.05760   0.04736  10.64062  
 33  0.0041    992.075714  x:  0.02091   0.02697   0.00000   0.00000   0.00254   0.01777   0.00000   0.02553   0.02829   0.01518   0.05760   0.04737  10.64046  
 34  0.0058    992.075714  x:  0.02091   0.02697   0.00000   0.00000   0.00254   0.01777   0.00000   0.02553   0.02829   0.01518   0.05760   0.04737  10.64046  
 35  0.0041    992.075714  x:  0.02091   0.02697   0.00000   0.00000   0.00254   0.01777   0.00000   0.02553   0.02829   0.01518   0.05760   0.04737  10.64046  
 36  0.0017    992.075714  x:  0.02091   0.02697   0.00000   0.00000   0.00254   0.01777   0.00000   0.02553   0.02829   0.01518   0.05760   0.04737  10.64046  
 37  0.0190    992.075714  x:  0.02091   0.02697   0.00000   0.00000   0.00254   0.01777   0.00000   0.02553   0.02829   0.01518   0.05760   0.04737  10.64046  
check convergence!


TREE #  2

  0  0.0000   1001.065597  x:  0.05920   0.02252   0.00000   0.01277   0.00251   0.02076   0.01080   0.02959   0.03299   0.02107   0.06467   0.02238  10.64046  
  1 99.0000   1001.064016  x:  0.05920   0.02252   0.00000   0.01277   0.00251   0.02076   0.01079   0.02959   0.03299   0.02107   0.06467   0.02238  10.64046  
  2 520.5369    993.156730  x:  0.05765   0.02380   0.00000   0.00000   0.00509   0.01837   0.00075   0.02739   0.03187   0.01834   0.06350   0.02083  10.64046  
  3 5656.9404    992.945229  x:  0.05757   0.02385   0.00000   0.00000   0.00511   0.01855   0.00000   0.02745   0.03176   0.01831   0.06341   0.02075  10.64046  
  4 849.6121    992.806242  x:  0.05553   0.02521   0.00000   0.00000   0.00528   0.02161   0.00000   0.02692   0.03083   0.01745   0.06127   0.01871  10.64046  
  5 149.6688    992.482516  x:  0.05321   0.02641   0.00000   0.00000   0.00525   0.01831   0.00000   0.02791   0.02701   0.01547   0.05834   0.01638  10.64046  
  6 55.3564    992.478470  x:  0.05330   0.02654   0.00000   0.00000   0.00521   0.01829   0.00000   0.02763   0.02666   0.01588   0.05798   0.01648  10.64046  
  7  8.2724    992.470495  x:  0.05393   0.02650   0.00000   0.00000   0.00514   0.01837   0.00000   0.02750   0.02663   0.01552   0.05705   0.01711  10.64046  
  8  4.5533    992.428512  x:  0.05340   0.02646   0.00000   0.00000   0.00469   0.01826   0.00000   0.02866   0.02764   0.01607   0.05477   0.01657  10.64045  
  9  4.0638    992.149397  x:  0.05320   0.02607   0.00000   0.00000   0.00245   0.01849   0.00000   0.02798   0.02716   0.01570   0.05640   0.01638  10.64043  
 10  4.4166    992.148195  x:  0.05327   0.02648   0.00000   0.00000   0.00244   0.01846   0.00000   0.02807   0.02722   0.01571   0.05647   0.01644  10.64043  
 11  5.4340    992.148195  x:  0.05327   0.02648   0.00000   0.00000   0.00244   0.01846   0.00000   0.02807   0.02722   0.01571   0.05647   0.01644  10.64043  
 12  0.0031    992.112932  x:  0.05306   0.02667   0.00000   0.00000   0.00300   0.01798   0.00000   0.02692   0.02771   0.01527   0.05670   0.01623  10.64043  
 13 47.3895    992.079686  x:  0.05281   0.02690   0.00000   0.00000   0.00255   0.01749   0.00000   0.02564   0.02825   0.01486   0.05699   0.01598  10.64043  
 14 110.5009    992.076578  x:  0.05266   0.02699   0.00000   0.00000   0.00256   0.01773   0.00000   0.02538   0.02835   0.01521   0.05721   0.01583  10.64043  
 15 11.5822    992.075938  x:  0.05253   0.02703   0.00000   0.00000   0.00256   0.01780   0.00000   0.02546   0.02832   0.01512   0.05750   0.01570  10.64043  
 16  3.7638    992.075844  x:  0.05252   0.02702   0.00000   0.00000   0.00256   0.01773   0.00000   0.02548   0.02831   0.01516   0.05759   0.01569  10.64043  
 17  1.9554    992.075824  x:  0.05255   0.02699   0.00000   0.00000   0.00256   0.01774   0.00000   0.02547   0.02831   0.01515   0.05764   0.01572  10.64043  
 18  0.6489    992.075824  x:  0.05255   0.02699   0.00000   0.00000   0.00256   0.01774   0.00000   0.02547   0.02831   0.01515   0.05764   0.01572  10.64043  
 19  0.0424    992.075824  x:  0.05255   0.02700   0.00000   0.00000   0.00256   0.01774   0.00000   0.02547   0.02831   0.01515   0.05764   0.01572  10.64043  
 20  0.0030    992.075717  x:  0.05266   0.02698   0.00000   0.00000   0.00254   0.01777   0.00000   0.02554   0.02828   0.01518   0.05762   0.01565  10.63992  
 21  0.0092    992.075717  x:  0.05266   0.02698   0.00000   0.00000   0.00254   0.01777   0.00000   0.02554   0.02828   0.01518   0.05762   0.01565  10.63992  
 22  0.0003    992.075717  x:  0.05266   0.02698   0.00000   0.00000   0.00254   0.01777   0.00000   0.02554   0.02828   0.01518   0.05762   0.01565  10.63992  
 23  0.0047    992.075717  x:  0.05266   0.02698   0.00000   0.00000   0.00254   0.01777   0.00000   0.02554   0.02828   0.01518   0.05762   0.01565  10.63992  
 24  0.0532    992.075717  x:  0.05266   0.02698   0.00000   0.00000   0.00254   0.01777   0.00000   0.02554   0.02828   0.01518   0.05762   0.01565  10.63992  