"YLR406C_YDL075W" "YER131W_YGL189C" "YDR502C_YLR180W" "YML026C_YDR450W" "YNL301C_YOL120C" "YHR106W_YDR353W" "YIL057C_YER067W" "YPL087W_YBR183W" "YNL069C_YIL133C" "YDR518W_YCL043C" "YGR043C_YLR354C" "YPR157W_YGR141W" "YDR099W_YER177W" "YBR024W_YBR037C" "YPL037C_YDR252W" "YMR143W_YDL083C" "YPR159W_YGR143W" "YJL177W_YKL180W" "YGL133W_YPL216W" "YJR048W_YEL039C" "YBR191W_YPL079W" "YER074W_YIL069C" "YDR418W_YEL054C" "YNL049C_YIL109C" "YBR117C_YPR074C" "YPL232W_YMR183C" "YLR284C_YOR180C" "YBL087C_YER117W" "YGL062W_YBR218C" "YIR033W_YKL020C" "YMR243C_YOR316C" "YLR333C_YGR027C" "YMR142C_YDL082W" "YER102W_YBL072C" "YAL056W_YOR371C" "YDR438W_YML018C"
"length" 336 354 1143 420 555 954 465 918 591 1494 993 1209 744 831 426 402 2007 549 2862 324 477 399 489 2502 2037 864 804 408 3387 2511 1119 321 591 594 1965 993
"ll" -1273.88849679222 -1327.88076280321 -6720.67927519014 -1468.99195449036 -2254.78320357071 -6665.86010961688 -3730.04627205094 -8086.08048597355 -2461.87138184371 -13634.702156432 -7502.74990661762 -10589.5527497202 -4119.58991938378 -7499.4362465983 -3188.78396689617 -1335.91649541029 -15929.7037490178 -1963.22683737875 -30081.5230628024 -2142.23905644414 -1566.81416107518 -1315.07631239594 -1882.02354323001 -21089.619125913 -15103.557304544 -6627.56726714703 -8033.42077142633 -1478.59201549052 -21729.1378655408 -23774.025088727 -9655.40408085159 -1335.2461136608 -2135.73528678914 -2126.92868915964 -19957.3206598102 -9236.74523778498
"pi_a" 0.299510230735532 0.311976529182528 0.246097297578617 0.285073471085491 0.269086188817681 0.26745740649914 0.321091745251298 0.260620412413409 0.269951018924571 0.283705889482239 0.29023749846138 0.266652319202037 0.269810616872558 0.287908756364305 0.324545036160492 0.281689972731278 0.283541226518258 0.292614068800709 0.338581049603272 0.308506372702563 0.28473835874572 0.290820826732619 0.282641715855944 0.297053032226529 0.262372149088707 0.323485454518731 0.291310407076647 0.236755785101452 0.256440697108699 0.313098913536828 0.264597804753835 0.286509038072335 0.302830307657647 0.276341650549554 0.317438482720082 0.266040578967477
"pi_c" 0.20546274464053 0.264283218880727 0.24698784118844 0.233519459090516 0.239651052410996 0.240588256946476 0.232872122822869 0.188955433353705 0.230249058394321 0.245902490161029 0.230216736752833 0.222110716697766 0.254056666584332 0.214074598167099 0.245303924664874 0.228321692810115 0.234796580578431 0.25671678394142 0.189928899076067 0.223227313314645 0.237269486170016 0.231764793310871 0.241035927933802 0.223833098397887 0.246133661350659 0.219761699119046 0.200594088331424 0.221665194456888 0.241413422654546 0.21492991834897 0.235512743739178 0.237887753562616 0.241668373755206 0.239342483775595 0.203309668831536 0.206670205070375
"pi_g" 0.199190029680639 0.179461784228725 0.203316106315702 0.194398917125783 0.205866542074382 0.218167267048561 0.19054281442733 0.206675989682482 0.203013367982709 0.193171951497684 0.194630441212924 0.221422584928166 0.180822059326854 0.210836102217507 0.184788012364096 0.182881352781482 0.192922871431365 0.181253289554691 0.192698450171796 0.206383825620319 0.18884403032108 0.194702639392019 0.182428351705135 0.184107209238967 0.203320203455833 0.205281772539628 0.219094351033029 0.222731560354216 0.212903138069332 0.184629052930396 0.199790894466646 0.189940641437697 0.197140706393922 0.209019293629475 0.199316716668845 0.198885572719713
"pi_t" 0.295836994943299 0.24427846770802 0.30359875491724 0.287008152698211 0.28539621669694 0.273787069505823 0.255493317498504 0.343748164550404 0.296786554698399 0.277219668859048 0.284915323572863 0.289814379172032 0.295310657216256 0.28718054325109 0.245363026810538 0.307106981677124 0.288739321471946 0.26941585770318 0.278791601148865 0.261882488362473 0.289148124763184 0.28271174056449 0.293894004505119 0.295006660136617 0.288173986104802 0.251471073822596 0.2890011535589 0.318847460087444 0.289242742167423 0.287342115183805 0.300098557040341 0.285662566927351 0.258360612193225 0.275296572045377 0.279935131779538 0.328403643242435
"kappa" 10.431831549723 9.90881398096671 6.1450807761744 9.40883918406856 7.59171900390098 5.08388015937798 4.11877753964082 3.41510242398057 7.50700604155621 3.62044301731607 4.46151215380782 3.31985387799532 8.47235034991136 3.55685344238492 4.24244488821321 21.5193046496049 3.57445596142964 8.94146215794138 3.50770200640178 4.69487857089385 11.8457421790605 13.4317234846294 11.8552362633084 3.66250479622472 3.98142562085852 4.58693203108506 3.55430496342643 11.1252496372501 5.04896625714776 3.59028537651165 3.41656076562996 7.97434634515499 9.43408640875558 8.83238257946975 3.08259045292535 3.57557760722555
"tau" 7.62368929493936 6.74511590310983 2.67424212472939 15.4297196936 9.96812147902516 1.60941906834761 0.869944204671232 0.380240746937531 4.1378580373929 0.232284777121204 0.541192471317714 0.473343523978143 3.44787757603535 0.360079716083747 0.447032014097819 13.6151571521725 1.03426790540891 8.93373551109701 0.0721680996570733 2.13387801086902 15.2613963730668 24.4636770093079 7.6530874814481 0.479851056596358 0.534928908654303 0.98212843355273 0.200040306228659 13.4955877732628 4.07805018894625 0.268683284252952 0.53977096746087 10.6017922415064 15.8180243667578 16.259306386618 0.15833502175151 0.117221205522881
"(N0,N1)" 0.0262854578182818 0.0180869993610975 0.0502071623615211 0.0277319672919909 0.0180234619145326 0.0464154939530285 0.0738626117340272 0.0553137430748107 0.0295610924361248 0.0175217862108689 0.0701296412897911 0.0416119776429207 0.0480230717715036 0.0492128671033185 0.0148990556968781 0.0105785084445544 0.0668407556913264 0.018646389182813 0.102156977351326 0.0237736441640055 0.0178364565836884 0.0155163511731012 0.0217861835618202 0.0635887256925435 0.0127419835273796 0.0668483172044919 0.0441753936980264 0.0245207937557882 0.0627611461055062 0.0764586714005975 0.0621748755561311 0.00709368017017578 0.019304819512057 0.0269376675240172 0.0631160728188473 0.102372745331055
"(N0,kluyveri)" 0.0730701758582715 0.0658948166873879 0.150018439991429 0.0657213793514755 0.0714652559806303 0.196758894371892 0.310654096042726 0.404517716494117 0.0926940937437003 0.427828609331865 0.257955037024339 0.353901104220439 0.148882233754488 0.388202270414443 0.244108724917151 0.0528030302423385 0.289855366420033 0.0703853372949817 0.534502634771676 0.186588700164425 0.0552831466280131 0.0637503746910661 0.0779394852535491 0.338707291282928 0.239002084380501 0.2927680553313 0.502453605211793 0.0678091350832168 0.179583275160428 0.510089800739062 0.322479415191763 0.111593420599942 0.0666085141658209 0.0704039964604769 0.542264073603728 0.45789242890443
"(N1,N2)" 0.0217492701281842 0.0240157592799835 0.0408948233008589 0.021262819201311 0.022031455884608 0.0725711798022223 0.152715399767325 0.256853187375855 0.0384549595332228 0.307676767318386 0.108932942797851 0.213293777282315 0.0542670105692077 0.229543779077176 0.16049119961812 0.0232837588454261 0.137977480180201 0.0343895242061182 0.270481151112948 0.106524317105447 0.0206708783691425 0.0304381669115595 0.0349519903585542 0.184024926544405 0.15007947549194 0.149462419802333 0.330383874749651 0.0205911221019446 0.0492738768828887 0.324092898259578 0.157640006602701 0.0800838872988283 0.0253928350401456 0.0185506579675531 0.338301758079413 0.238556532119733
"(N1,castellii)" 0.0467847180399897 0.0478078173262904 0.0998112776299083 0.0379894120594845 0.0534417940660977 0.150343400418863 0.236791484308699 0.349203973419306 0.0631330013075755 0.410306823120996 0.187825395734548 0.312289126577518 0.100859161982984 0.338989403311125 0.229209669220273 0.0422245217977841 0.223014610728706 0.0517389481121687 0.43234565742035 0.162815056000419 0.0374466900443247 0.0482340235179649 0.0561533016917289 0.275118565590384 0.226260100853122 0.225919738126808 0.458278211513767 0.0432883413274286 0.116822129054921 0.433631129338465 0.260304539635632 0.104499740429766 0.0473036946537638 0.0434663289364597 0.470218017327402 0.355519683573375
"(N2,N3)" 0.0058909932994189 0.00573361323675275 0.00905405193502122 0.000661393841082481 0.00304889151759808 0.0126219882224344 0.0101168883156659 0.0136728317539524 0.00553623321911252 0.0145466297579084 0.00983040231280233 0.0123393469396818 0.00784296111106442 0.016309491947112 0.00598721542831259 0.00300869878880473 0.0155778714827101 0.00276019421612036 0.0205958229723954 0.00757271756266691 0.00124971044453694 1.62357132276933e-10 0.00138976131560266 0.00698570799105246 0.0114772785432517 0.0124597772424701 0.0100352297096703 0.00566537443766228 0.00836776138840895 0.0165851421918619 0.0183923175145804 0.00283158240686268 1.02578194096352e-10 0.00541318383521773 0.0213454916381487 0.0224970681343263
"(N2,bayanus)" 0.0250354479118054 0.0237920580463069 0.0589164543290495 0.0167265928581735 0.0314103381814897 0.077772220616641 0.0840760845413733 0.0923507860434508 0.0246780417743527 0.10263005580261 0.0788924529366969 0.0989953492952032 0.0465921514137764 0.109445624233949 0.0687184696021528 0.0189407629523581 0.0850371305485051 0.0173494239060505 0.161864506307402 0.0562907388949727 0.0167758116751823 0.0177958566064053 0.0212013113331747 0.091093639045979 0.0761806253611821 0.0764573183244754 0.127894336764116 0.022697219225484 0.0675482521720326 0.109538231078887 0.102664533032931 0.0244158531309379 0.0219108596136182 0.0249156709689065 0.131916259247989 0.116963151453642
"(N3,N4)" 0.00337023602979731 0.00469868341671362 0.011755111542729 3.05902320501826e-07 0.00780728796185875 0.0193134506612105 0.0192320620041044 0.0147088332184087 0.00275779171501111 0.0231720521662267 0.0141543813551641 0.0211772906414828 0.0071039303363254 0.0266623237831192 0.00754888479796347 0.00445820478118373 0.0156705473411999 0.00434634848755002 0.032822240902145 0.00708381688610973 0.00404694669760259 3.05902320501826e-07 0.00547781732604845 0.0245066367393266 0.0150178305971404 0.0136858692115471 0.0280512783872858 0.00441395107637237 0.0148922954379007 0.0191480134904347 0.0150868421721914 0.00620266250381698 0.00533708105221828 0.00576083835252668 0.0219521278156309 0.0232078678988127
"(N3,kudriavzevii)" 0.0191444546123865 0.0180584448095542 0.0498624023940283 0.0160651990170911 0.0283614466638916 0.0651502323942066 0.0739591962257074 0.0786779542894984 0.0191418085552402 0.0880834260447017 0.0690620506238946 0.0866560023555214 0.038749190302712 0.0931361322868372 0.0627312541738403 0.0159320641635533 0.0694592590657951 0.0145892296899301 0.141268683335006 0.0487180213323058 0.0155261012306453 0.0177958564440482 0.019811550017572 0.0841079310549266 0.0647033468179304 0.0639975410820054 0.117859107054446 0.0170318447878217 0.0591804907836236 0.0929530888870249 0.0842722155183509 0.0215842707240752 0.02191085951104 0.0195024871336888 0.11057076760984 0.094466083319316
"(N4,N5)" 0.00366952218317482 0.00241687997136748 0.0163717870312434 0.00604759497837004 0.00176145051171488 0.0191272381628703 0.0206461392445491 0.0265698534420762 0.00836481767287409 0.025387353403223 0.0199583336041409 0.0235533288569907 0.0107006777102737 0.0315894979391116 0.0229583581303429 0.00232391181239933 0.0206245341266816 0.00219944770081968 0.0371325154221486 0.0129938249434565 0.00633759024265045 0.00488981607170179 0.00478126471089645 0.0226260644761359 0.0168992737666142 0.0180617073090165 0.0348038318237782 0.00287161447108551 0.0164295170165846 0.0300763242641113 0.025232117277244 0.00520611002216056 0.00849833836884129 0.00822413195736156 0.0236178310625765 0.0253480615150338
"(N4,mikatae)" 0.0157742185825892 0.0133597613928406 0.0381072908512993 0.0160651990170911 0.0205541587020328 0.0458367817329961 0.0547271342216029 0.0639691210710897 0.016384016840229 0.064911373878475 0.0549076692687305 0.0654787117140386 0.0316452599663866 0.066473808503718 0.0551823693758768 0.0114738593823696 0.0537887117245952 0.0102428812023801 0.108446442432861 0.0416342044461961 0.0114791545330427 0.0177958564440482 0.0143337326915235 0.0596012943156 0.04968551622079 0.0503116718704582 0.0898078286671598 0.0126178937114494 0.0442881953457229 0.0738050753965902 0.0691853733461595 0.0153816082202583 0.0165737784588218 0.0137416487811622 0.0886186397942094 0.0712582154205033
"(N5,cerevisiae)" 0.0121046963994144 0.0109428814214731 0.0217355038200559 0.010017604038721 0.0187927081903179 0.0267095435701258 0.0340809949770539 0.0373992676290135 0.00801919916735494 0.039524020475252 0.0349493356645896 0.0419253828570479 0.0209445822561128 0.0348843105646064 0.0322240112455339 0.00914994756997027 0.0331641775979136 0.00804343350156044 0.0713139270107126 0.0286403795027396 0.00514156429039228 0.0129060403723464 0.00955246798062709 0.0369752298394641 0.0327862424541758 0.0322499645614417 0.0550039968433816 0.00974627924036386 0.0278586783291383 0.0437287511324789 0.0439532560689155 0.0101754981980977 0.00807544008998049 0.00551751682380058 0.0650008087316329 0.0459101539054696
"(N5,paradoxus)" 0.0121046963994144 0.0109428814214731 0.0217355038200559 0.010017604038721 0.0187927081903179 0.0267095435701258 0.0340809949770539 0.0373992676290135 0.00801919916735494 0.039524020475252 0.0349493356645896 0.0419253828570479 0.0209445822561128 0.0348843105646064 0.0322240112455339 0.00914994756997027 0.0331641775979136 0.00804343350156044 0.0713139270107126 0.0286403795027396 0.00514156429039228 0.0129060403723464 0.00955246798062709 0.0369752298394641 0.0327862424541758 0.0322499645614417 0.0550039968433816 0.00974627924036386 0.0278586783291383 0.0437287511324789 0.0439532560689155 0.0101754981980977 0.00807544008998049 0.00551751682380058 0.0650008087316329 0.0459101539054696
"(N0,N1,tau)" 6.27169410665485 3.75818906326928 1.67126150154266 10.4106872271528 6.74553163380524 1.1030485001034 0.799103248549876 0.33636901829874 2.56339462939915 0.198821912585318 0.373055377146401 0.415060764321376 2.45461984875854 0.300073491636282 0.337517966003203 7.28785699644237 0.923707135189103 6.59599535971068 0.0627613610044904 1.55139786603847 9.02813940405108 21.0880563060653 5.34365427509002 0.383646422785954 0.410164897518447 0.793581017776885 0.189775300855197 8.30352592175871 2.93220347486797 0.245157280788642 0.432364532934211 9.52353423776455 11.1975333424408 10.3099812823007 0.158551230379025 0.0956898871103976
"(N0,kluyveri,tau)" 0 0 0 0 0 0 0 0 0 0 0 0 0 0 0 0 0 0 0 0 0 0 0 0 0 0 0 0 0 0 0 0 0 0 0 0
"(N1,N2,tau)" 10.4430664768178 6.73092672992562 2.19013619305242 12.2430444956256 7.80900891834293 1.19594732087132 0.795408015202942 0.308733962679223 3.84345020089564 0.192331108299359 0.399030860857334 0.403592972057851 2.55975167022342 0.326528665573414 0.287811465636066 12.7913600009584 0.951853750345909 8.08244795000532 0.0659021766861622 1.84145612412417 13.6503414854238 23.2091322783532 6.9168199219625 0.446042042232775 0.39303611802065 0.910438074492176 0.182970807510239 11.4019691232393 3.84300109660184 0.262301226136296 0.469595500024509 13.1975838429354 13.1936500484645 14.6724231633589 0.151712781560607 0.109091098977945
"(N1,castellii,tau)" 8.45932213421836 5.72441105751224 2.6660594797663 18.1278779156529 10.8908282179529 1.80915414883177 1.03306172482573 0.396011627129192 5.08812809149608 0.246769855290546 0.498548001620763 0.432276592523864 3.95625196309648 0.363323941341195 0.661404396803082 12.2535805101094 1.067502717832 8.61271334595597 0.075635801482689 2.42061563295105 13.3234869559767 20.5016262624854 6.80067191268204 0.467378706363928 0.484862127562204 0.97219174833665 0.190979583486501 14.5216925432007 3.56868525215239 0.275355178038352 0.613939516881149 10.2606289943803 16.6352543214731 15.1345773564338 0.156842135389267 0.12974512785264
"(N2,N3,tau)" 4.93114548956273 7.22985050185967 2.19673466981395 13.9243080553974 11.5171923719833 1.49143747662971 0.80276268589039 0.233042909714095 5.71900219377414 0.162908045260624 0.398157702946719 0.325661139141003 3.11766799390592 0.338970270417968 0.247793331284943 4.94035623790545 0.80097580535175 8.00651594817168 0.0649265509256772 1.45395234114667 24.6311686348827 17.8333028304293 10.2990486915844 0.394787262754482 0.4495617113592 0.816570351085065 0.188526488571393 10.6227029237363 4.108979511193 0.261173558161826 0.415659482138142 6.96670630000124 11.2618912542925 16.4025949011861 0.138203185107119 0.0889128273753855
"(N2,bayanus,tau)" 7.99948281673507 5.69148885257253 2.34400482435232 15.9249998539332 11.5659270280879 1.50980120245494 0.714726775385504 0.390448167406515 4.95248706297527 0.219708181581594 0.516100406482829 0.488881834363379 2.84070695255015 0.292909608058767 0.392720032254774 20.0204286196015 1.05975965002235 10.9185329517781 0.0639003620530825 1.98812352505683 12.9220141496721 35.3821335405378 6.48465793675724 0.493178382379115 0.534190625572764 1.05688426807311 0.188915751929829 21.0029779632354 4.72366880652979 0.282520175338295 0.527353149733118 18.9036979460346 16.9828152449141 18.9434914482666 0.149272310244781 0.127593028920752
"(N3,N4,tau)" 5.77686003177594 8.55549398193436 3.45873506996812 5.93548532281171 8.10142918634761 1.90131185837408 0.678436783584523 0.451385592186633 4.96129731333717 0.315111454965007 0.646247687394291 0.750752820825931 4.36924039699702 0.639770554155049 0.659013549008055 18.6172801931529 0.972974836041616 15.4331235626028 0.0812434021910598 2.41248595459381 23.8189029193278 30.3525306327372 8.27933030940502 0.534924240823767 0.663456893348393 1.1893859679156 0.218907578818385 11.9290771645828 4.49679839757135 0.273129462856971 0.54124001588854 11.6541895505276 18.8778176564194 22.8674663557969 0.169253233037848 0.120148313662421
"(N3,kudriavzevii,tau)" 3.85551310656175 5.70058023452611 2.9673880527429 19.61164470203 9.49154914179311 1.36503088358863 0.738319607969485 0.322379469140164 3.48143889312913 0.216048598549408 0.478767498713601 0.465357577020274 3.06022272347232 0.345977126288643 0.392425781735588 9.13808859865861 0.935643953870178 5.37304236801744 0.0680124655157885 1.95883304246798 14.6178244707746 17.5394715965653 7.6091839469078 0.40228314104291 0.475202443337838 0.8503335367566 0.183156641684202 11.9220681694849 3.93948190786299 0.227925874356077 0.498356420784526 5.38366124236943 20.1719259433704 10.2675564363188 0.129698154622935 0.0840418236752146
"(N4,N5,tau)" 9.80631646817086 7.94936533884645 3.10578375354517 11.7290566831933 11.0966354556811 1.70230017783718 0.622308317595743 0.45565754069586 3.55130839949811 0.285453208948859 0.584050384954993 0.633355986784976 3.28501581158179 0.325860223960337 0.519791447341618 12.8081402702333 1.11150193748065 17.5396872029682 0.0880298654633454 2.16976506276154 15.3645481129089 27.0672818863412 11.3576379685034 0.526339312205398 0.608621062081819 1.18508620183955 0.312743766156232 19.6077343238771 4.84248300552315 0.282490647011133 0.490197168758477 5.79141102424443 17.801636868509 39.1682221512712 0.202979871030888 0.140219000715852
"(N4,mikatae,tau)" 10.0962862712207 9.02821531711184 3.00166633441544 15.4370395217269 7.03982933452848 1.74659716735848 1.10051719503377 0.451345521837579 2.64811233631479 0.24843925437073 0.807970210785235 0.515905320319463 5.39369350530065 0.447112838657913 0.522434551230922 13.5233343597461 1.22584308903881 10.2621959177254 0.0807541170546239 2.01059683926837 27.9897370299016 34.448453133594 8.35224707845652 0.545766658245663 0.719063266915233 0.981131545559167 0.244360849218858 7.88259972898283 4.3285569248487 0.263829721001873 0.598954612161173 8.59571219848156 13.8530534091782 13.1009701519169 0.146064182453709 0.12520904480385
"(N5,cerevisiae,tau)" 5.5798897156704 15.3702794454338 3.29900287971936 17.8251391894599 18.9812944232623 2.24919085807747 0.872085501299781 0.661109789166357 4.52855225154495 0.295339896633169 0.835155847637642 0.671300221994883 4.00521062394743 0.460954943944155 0.483911716083939 14.032842182021 0.976696047580183 8.33217014208189 0.0911078186216025 2.74538944431765 9.35701784540063 32.9212059327743 15.1825927088538 0.624401747786684 0.839682868872224 1.40737601713939 0.238075045836077 22.7755157640181 5.69275553052598 0.308786845064413 0.659839176865761 11.7026033964166 10.9886477323811 45.1806941110181 0.202399627558757 0.125407045200122
"(N5,paradoxus,tau)" 8.06129921748164 3.48772850138886 2.61730031767046 11.9125817191653 5.99247471004205 1.59807054045813 0.870673012334389 0.275694918091416 2.53934797398591 0.249271271203687 0.555143781876228 0.475559065103273 2.90065855971392 0.311850855184679 0.348174373294428 19.9754393721869 1.12502356082141 11.6768637353436 0.0593885797249723 2.18150532750691 22.4966334191535 26.9023038315811 6.47424548972885 0.535168408114941 0.555157347468014 0.889613683404155 0.192212189474125 9.21845433336883 3.6569185899086 0.268605408060205 0.411887329871059 5.07605235863169 14.5287427565072 30.6636614555238 0.214083193313852 0.109005442477567
"(N0,N1,1->2)" 1.41095516454059 0.531320611388078 5.3002349447516 3.25776256976216 1.31376775614678 2.46364003074633 1.88082369212288 0.932148832501548 1.51370330058378 0.0963039966969712 1.96456606918363 0.870384361334273 4.26923980506402 0.617037150665173 0.035709268583371 0.406422959442047 7.75117245811242 1.31601751861485 1.78203709488743 0.31281119138418 1.53919484495941 1.74633594522316 1.32216821065353 3.94091749078606 0.150646469887895 3.03688071738127 0.289698143460095 2.16187938993653 37.5863045253646 3.41370670261864 1.89473987965361 0.154490480522261 2.47247509482247 4.44463155428826 1.14960774315764 0.972745625602941
"(N0,kluyveri,1->2)" 0 0 0 0 0 0 0 0 0 0 0 0 0 0 0 0 0 0 0 0 0 0 0 0 0 0 0 0 0 0 0 0 0 0 0 0
"(N1,N2,1->2)" 4.56723477976548 3.14610319535421 10.6449407742468 7.15332902407137 4.53085669589094 14.418490754353 11.9587975148098 19.8758626919011 7.74678839649022 24.5522831502469 8.67412654954572 24.0063246630766 13.5548199353265 16.1861792674811 4.20952625020059 5.55391122158436 52.0316897197365 9.28554328936027 18.2262585293214 8.93194027108209 6.98164471907118 9.04547590970532 8.07003990805563 46.8877506662252 20.1674528711529 25.7303580379636 14.3761072761345 5.80217540221223 86.9565900950212 67.9234104157642 19.7620511208471 14.7418320722178 10.6023589190055 10.4516664169232 31.5816461128939 8.53999389218771
"(N1,castellii,1->2)" 7.93065808768628 7.01702523934589 48.6471178704492 14.0587195428525 20.0648183666672 37.2706973384372 27.4138659944053 37.0185482263735 16.900445842838 41.7857963553091 22.122538385353 44.0418761682813 38.1484558374141 28.1834850405012 9.54362485729745 9.31583401126268 106.063306031837 13.7592842783528 36.9279602599588 16.0975605264992 10.627691095245 17.0380481458574 12.6500392040406 89.0894175222885 40.6126374482921 43.9650353240344 23.3377215103199 13.7584421020849 205.2286748462 103.572799129113 44.4252666533536 21.6244225457672 22.5883297624125 24.4890552054101 50.0434623516306 14.9185145207741
"(N2,N3,1->2)" 0.535904247460609 1.19816603037042 3.63702633951395 0.170617280151965 1.16599832927899 3.92035184354288 1.03746797287714 1.18421769161493 2.00686487934296 1.77723962504247 0.873498700533813 1.6755730728182 3.20834523182449 1.89375665618541 0.270870025503158 0.349824863166677 6.73202724230321 0.881939119232472 2.39573016088655 1.00826096088336 1.20319412737122 4.37965014326929e-08 0.662707854099432 1.90962265089345 2.55233682860624 3.13607363505285 0.798279928606518 2.4213721371634 18.4912652416713 4.8681165425585 2.74784983656132 0.179277301715653 4.27279783575478e-08 3.01951360219521 2.89965876250205 0.789472991312123
"(N2,bayanus,1->2)" 3.75920173166897 2.58653192490684 25.2312228451507 7.65827042047299 10.0824020876459 25.3359668159552 9.14859668559023 17.0043732746431 7.32746448692738 13.9263212225693 9.06680733584783 19.3903924408679 17.9726020405346 10.8259584752708 6.09458455908141 9.15896009038486 45.81375920262 4.63702336126751 19.0834841041401 9.27721708938017 4.77836857499239 8.94528856229654 6.56480500240579 30.6756520177768 16.3369217400541 21.2630216161015 8.19399064564068 9.12188534517486 154.001292183455 34.360896912061 24.6137459761973 4.84502741749073 12.6222039016831 17.3035342931244 19.1825582473125 6.1253819854479
"(N3,N4,1->2)" 0.19377009924232 0.880857531402562 10.3251715036805 5.01109876021349e-05 2.36308500427482 8.13375544019422 1.05819955687196 2.72625292326016 0.619539190514482 5.3484056856988 2.35150539328735 4.6453212803825 3.65279343644559 6.58803393563967 1.33882101464246 2.52654929582186 9.39086360543183 3.56441014003197 4.81372934790898 0.492182251041793 2.91615477245911 0.000174572148768985 2.281091952563 8.9898674872717 4.4410091306129 4.93057095436954 3.13407723857359 1.45047087647603 33.6549319518411 5.41337100632601 4.04190554116401 0.543650978178463 2.79427609563989 2.64440991149956 3.3852767947828 1.13761244768948
"(N3,kudriavzevii,1->2)" 2.56944133769898 1.15187818126076 28.240308078501 8.12127465127812 6.73806630240966 23.8105397445151 7.86010527427364 9.07763002935923 5.59215850783619 10.3719237140722 8.461085249058 15.0995421666637 15.2314389829756 12.2191869339214 5.16191783901226 4.33170393533862 40.3784309397308 4.44248632789076 17.4825567705573 10.8940106378884 8.72245016090302 7.48165769828905 8.269172316416 24.815593108054 20.1458124930399 15.1900582587007 9.58383416761765 4.37203689453239 131.354503398949 25.2366127237054 20.2830585270583 1.67182176434401 18.3445087590912 6.79489500028244 13.2836837616189 2.67431523364922
"(N4,N5,1->2)" 0.0694269403776271 0.0730858941179917 9.50384948128434 2.80765137343194 0.161864131317127 6.26434149567217 1.85516318085205 4.92011646654094 3.59591891356895 4.25160565482776 4.87234616159785 5.42440383768643 4.14652450605436 3.5581292067573 2.97573071677237 0.312460211453478 16.044967056003 0.661004452684881 6.371722794965 0.564681333191763 2.64396150243018 2.54210645780873 2.41082957680644 10.8568609274735 4.38444293033003 4.59894420361544 5.35525156179986 0.833737676329806 45.2392826614958 9.93823596385867 5.47627175584781 0.789335883471376 3.98121897392349 4.39610141783955 4.4692161519471 1.09057276944229
"(N4,mikatae,1->2)" 2.99884660551357 3.70552885113426 27.5518466658257 7.83820563673167 4.9320479161071 13.555228183427 8.27548304935706 12.3853068913312 4.69204966665978 11.1789121039987 14.6135719688046 15.4710895229348 21.9224027637298 10.0648768477376 7.59037888425773 4.41435709147209 35.975054853276 4.40735033274829 15.157376428087 6.40559015869333 8.77364987660278 8.2259896266018 5.69913493697937 29.4502785388137 22.5531785744333 11.2646707290851 7.1262685410875 4.50127022201595 94.3315862838898 24.0930276823838 16.1295073075157 1.66957121498579 8.87303714832748 3.23350974791164 13.0866182030312 4.69573064832459
"(N5,cerevisiae,1->2)" 0.972504815190829 1.02880076090166 17.4713972136026 6.12717385377584 3.93046155909525 11.7335405075745 4.58686288643606 10.0708377206528 2.62747974912883 7.02719314460779 8.30848714045888 11.6959421485103 13.2680159502392 3.87601422833485 4.59377714390432 3.57645088369795 23.7679768727733 3.55305765641856 12.3808226977659 5.94299884383057 0.48437336423601 5.95608917490925 5.42856280292609 18.1276589512397 16.5544852306436 14.0772979766396 5.30862238494025 1.81062325882345 69.9061096357471 15.8019327777139 13.8020464971213 3.22436036171219 4.64828998489114 2.92791383842426 11.6869327361622 1.78220395309122
"(N5,paradoxus,1->2)" 0.20432018449812 1.95466279940967 12.2957456709414 1.14535231725879 2.57084740523586 10.1877216336533 3.62375075950727 3.86194653596876 1.22243697670274 6.1615936318532 4.67311179292068 7.59352247278978 8.64071840235912 4.10080153923921 3.31495677997796 3.1025125936958 25.4968092084424 3.11447825783702 8.95392326558121 5.2140652825606 2.71640014933704 4.9140207982473 3.09732015658348 15.9359070080074 9.36102817358221 7.07565725055037 3.78217339667481 4.13417299018636 52.18444435192 13.7363737409184 8.18747413384252 2.20802241104742 5.30865458308175 4.28551911576242 6.54962211050796 2.06743665168305
"(N0,N1,2->1)" 1.41095516454059 0.531320611388078 5.3002349447516 3.25776256976216 1.31376775614678 2.46364003074633 1.88082369212288 0.932148832501548 1.51370330058378 0.0963039966969708 1.96456606918363 0.870384361334273 4.26923980506402 0.617037150665173 0.035709268583371 0.406422959442047 7.75117245811242 1.31601751861485 1.78203709488743 0.31281119138418 1.53919484495941 1.74633594522316 1.32216821065353 3.94091749078606 0.150646469887895 3.03688071738128 0.289698143460095 2.16187938993653 37.5863045253647 3.41370670261864 1.89473987965361 0.154490480522261 2.47247509482247 4.44463155428826 1.14960774315764 0.972745625602941
"(N0,kluyveri,2->1)" 0 0 0 0 0 0 0 0 0 0 0 0 0 0 0 0 0 0 0 0 0 0 0 0 0 0 0 0 0 0 0 0 0 0 0 0
"(N1,N2,2->1)" 4.30921111539253 4.00523912846963 16.7083697489297 6.07343261797809 5.38570205717624 12.6041667237799 12.7335565962475 20.2353897316875 8.65293976399552 24.3622437750347 11.0325828994053 22.6982353324395 14.3984794656313 16.6986247476641 4.40837237534183 5.63753915628201 55.1098999840144 9.30731521051172 17.4909074506338 9.03194374126681 7.64246590701133 8.94530675997874 8.93635669976924 52.3201272931675 19.490821776933 24.7775598160831 14.5296746648528 6.22858415265784 88.0075953450377 66.5701783617434 19.6899891488771 14.6863718137147 9.36527312303237 8.23023998601482 31.2890563671843 8.97751102573161
"(N1,castellii,2->1)" 7.99178506566 6.77347869129471 43.4243979011566 15.4607494587976 20.3336028251754 44.4228168602727 24.6488507009511 36.075836149943 17.6331669601098 41.2002717620778 25.5303598200314 45.8896254332873 30.6033890785223 28.6797740546161 8.38099970735783 7.70875732817607 102.426521560728 15.0608080333964 33.7479226156368 16.9209724620853 12.4207807709902 15.9336543175152 12.6972601122311 91.0365839584049 43.488058289269 44.6683642423775 23.5369988305309 14.2570236977257 209.43381909023 102.105909556331 41.7881323280013 21.6829916507368 21.1461300909318 22.5097489884723 50.826639174392 16.4244944921496
"(N2,N3,2->1)" 0.806574757891306 1.197663206952 3.80826686462921 0.371805657798019 1.38016718243488 4.30594163282227 1.20136469316308 1.2489190269569 2.44881516037576 1.49860410754333 1.53409848338523 1.67794093360599 3.25928998112164 1.76755503757192 0.218139884420394 0.444225865326665 7.39043212894637 1.080182576702 1.32003046914563 0.572972292178568 0.66471456842522 3.99843896868127e-08 0.64082891658498 2.75900269134579 3.54338313191015 1.98182027694348 0.581857734697103 1.21934392976135 18.0992855208166 4.70456627067033 3.16490937624918 0.448202112122191 4.1645651785562e-08 3.54157902907013 2.41677632485934 1.05321956194128
"(N2,bayanus,2->1)" 5.41591847719582 5.30740351528914 27.405331739948 6.8198691372373 14.8719762295968 26.9460079028385 8.03884230464558 10.0870393386461 10.2855128287217 17.6306195702215 16.415670681618 21.2851227146913 17.3827783577746 11.1602849651179 2.9966336962991 6.54319031871653 56.0430530645363 10.2709962577649 10.7582319625071 6.51504752364855 7.42578369060557 5.92292373503951 5.50635701470633 46.5453773861583 32.9126080120268 19.4358640697649 9.87318056743523 11.9471179864154 159.251344319238 34.8356283223128 17.6600930889372 6.8311484986975 10.087872201069 13.3827311400759 16.7698367934653 7.72562019067705
"(N3,N4,2->1)" 0.830343065041635 1.63708968340785 5.46073688905604 5.70001122791131e-05 2.4944403285861 8.5521265977615 2.67065917610007 2.44317975059906 1.31160618310779 4.90914435676552 3.44232273868915 8.81883337444922 4.68489821035227 4.72332371251287 0.323464489758334 2.09069096500212 8.56563993157297 2.37693621354762 2.84063753556843 2.05668694606448 2.63956879725838 9.40978209487772e-05 1.91264591218654 13.7783972424863 7.83181151898948 3.40703359522836 1.43432529133175 1.92040021515537 38.825025314349 6.33376744664412 2.48140301978282 2.02309431313736 4.47068287109678 6.28130562451749 3.43007415524842 1.49798678981036
"(N3,kudriavzevii,2->1)" 1.84805099457043 5.21351879801623 28.5905684965182 9.48232709907825 14.5532996199609 17.9962936121611 7.56979854267477 10.7688090332747 4.65148781892447 16.5500137001527 13.0154813975393 19.795733884677 15.3861376713755 9.88231909319562 3.20081151900075 4.78394423713068 36.3066472196778 3.37201425610369 10.7899772999532 3.70315313388255 5.41558972381289 5.05294969069656 6.12319407526666 34.9760095965087 18.738052969182 13.0385111338792 6.61903485525807 7.85912329170608 116.615087728677 22.2484062958965 14.4060969972846 3.08333742157156 10.2464341042771 10.454234964252 13.6515676108974 4.89386899014261
"(N4,N5,2->1)" 1.87450843186787 1.16839846878839 10.4471088107314 1.26580781704625 1.43977885381154 8.96103624340303 2.05755117042504 4.55235144907023 0.652895444187755 5.97594021543562 2.64185020324878 7.24537578620485 5.40937805658453 3.30440465243331 1.10211156110376 1.30835621102614 11.2877504118322 2.58188560423119 3.26242214904635 3.68224569136216 2.58303743955023 1.08846901104109 2.62498114824456 10.5251728490283 8.66960543628456 6.4376903532988 2.79755717064666 2.72721109929246 39.9102685541095 9.36006009679648 4.57689633024354 0.472854513478882 6.45541858202544 11.0674780645732 4.41381190084466 2.31960205952875
"(N4,mikatae,2->1)" 6.25751015459093 4.18146849649663 18.0145765851696 6.59836041890307 8.49333473275726 24.1537458859884 9.25231802194821 10.1317988476656 1.99090046369708 11.5943499611914 13.5843848908268 13.4548378522841 20.0840188158564 9.64840698817738 2.10131799417903 4.35335654732823 43.0336948174522 4.81489923140379 11.0495389116545 6.53596432735707 6.78628576726708 7.49317725008476 5.44040542253853 28.5866220757919 22.8574242170365 15.039096723596 9.53228890001642 2.67505193975215 111.621071807233 20.6299809028897 17.7452269632625 3.94707295488287 9.19567193485225 8.06258263807466 11.1748144072868 3.82072297441733
"(N5,cerevisiae,2->1)" 2.85585916062353 8.89719838796768 10.3656927302864 2.86431915195877 19.9533899639515 16.2367797561677 4.87623274186575 9.08213976493939 2.82652723637351 9.35680902200849 10.5726702928979 12.1631978412603 9.4391318985596 6.97858397221535 0.887481949360075 3.21143109773591 15.6546342888578 2.03942634660092 7.28129421937886 5.68350132330677 2.11967343630913 4.5656828678412 7.02553428810197 24.1939724231897 18.5724190312877 9.31710054144961 4.52582655599177 10.4144063637234 89.4925828301594 14.9659206673704 10.2031161401391 2.45516001997076 2.08266701485114 4.29229655192807 12.721232135743 3.88173175047904
"(N5,paradoxus,2->1)" 5.10892831376968 0.722628843795923 10.6255570917935 5.2361665592396 7.90030890695677 10.1588701464305 5.61796092739238 4.19094194293587 1.73585541247008 7.7810197705621 8.0280484151468 9.66029203559625 8.04704564862716 3.26982640168148 0.656862907333295 5.92420219489171 18.5026071484192 4.46687326464449 3.89715174827329 4.18986707988842 3.07158559167671 2.2874836845223 2.47612082326408 20.1134317457602 14.1843572130279 7.59835064072393 4.13309981122666 1.34020145764152 55.7677391698889 12.9585361632988 6.78624879693242 0.467642766011696 2.26128276899823 1.63446095238422 20.1133530043133 2.79487809810402
