     2    336     62


 1

     1     90    -1.4498440513   0.234606871882      78.8279  AAAAAAA
     2      1    -6.6056735951   0.001352671714       0.4545  AAAAAAC
     3      5    -4.1232094200   0.016192462545       5.4407  AAAAAAG
     4      2    -6.3525970518   0.001742216629       0.5854  AAAAAAT
     5      1    -5.1560191183   0.005764602269       1.9369  AAAAAGA
     6      2    -4.8465974891   0.007855059056       2.6393  AAAAAGG
     7      1    -5.1400272670   0.005857529994       1.9681  AAGAAAA
     8      1   -10.4819707908   0.000028037412       0.0094  AAGGAGG
     9      2    -7.8460919411   0.000391278122       0.1315  AAGGGGG
    10      1    -7.4087443268   0.000605931068       0.2036  AATAAAA
    11      2    -4.4376112686   0.011824149530       3.9729  AGAAAAA
    12      1    -7.1109592175   0.000816111788       0.2742  AGAAAAG
    13      1    -7.8331443673   0.000396377163       0.1332  AGAAAGG
    14      1    -7.3231906645   0.000660052841       0.2218  ATTTTTT
    15      1   -10.2851886953   0.000034134953       0.0115  CACCCTT
    16      1   -11.2427671148   0.000013101719       0.0044  CCACTCC
    17      2    -6.6222111324   0.001330485810       0.4470  CCCCCCA
    18     37    -2.0346778613   0.130722586524      43.9228  CCCCCCC
    19      1    -4.6922649610   0.009165902216       3.0797  CCCCCCT
    20      1    -5.7867150227   0.003068044096       1.0309  CCCCCTC
    21      4    -5.3734985948   0.004637876841       1.5583  CCCCCTT
    22      2    -5.5962289732   0.003711834786       1.2472  CCCCTCC
    23      2    -8.1841055219   0.000279053923       0.0938  CCCCTCT
    24      1    -7.8657987721   0.000383642752       0.1289  CCCGCCC
    25      1    -5.5949673619   0.003716520634       1.2488  CCCTCCC
    26      1   -14.7094014925   0.000000409061       0.0001  CCCTTTA
    27      1    -5.7180569600   0.003286089707       1.1041  CCTCCCC
    28      3    -5.0069497894   0.006691282030       2.2483  CTCCCCC
    29      1    -8.3454557260   0.000237473214       0.0798  CTCCCTT
    30      1   -11.7730440595   0.000007709601       0.0026  CTCCTTC
    31      1    -8.5099200952   0.000201459922       0.0677  CTCTCCC
    32      1   -10.9227850733   0.000018042417       0.0061  CTTTCTC
    33      2    -5.0960479516   0.006120888878       2.0566  GAAAAAA
    34      1   -10.0321102904   0.000043965282       0.0148  GAAAGAG
    35      1   -10.7607302868   0.000021216523       0.0071  GAAGAGG
    36      1    -4.5267048310   0.010816258815       3.6343  GAGGGGG
    37      3    -5.1157148386   0.006001686064       2.0166  GGGAGGG
    38      1    -5.1147679912   0.006007371436       2.0185  GGGGAGG
    39      1    -4.8651541066   0.007710639839       2.5908  GGGGGAA
    40      1    -5.2853041702   0.005065491182       1.7020  GGGGGAG
    41      1   -10.0962597410   0.000041233491       0.0139  GGGGGCT
    42      2    -4.2088551740   0.014863374579       4.9941  GGGGGGA
    43      2    -6.9991848874   0.000912625555       0.3066  GGGGGGC
    44     65    -1.8681407133   0.154410488449      51.8819  GGGGGGG
    45      3    -5.6739639114   0.003434225295       1.1539  TCCCCCC
    46      1    -8.6794581209   0.000170043185       0.0571  TCTCTTT
    47      1    -9.8436623035   0.000053082550       0.0178  TCTTCCC
    48      2    -4.9522772709   0.007067296441       2.3746  TCTTTTT
    49      1    -8.6397355174   0.000176933692       0.0594  TTCCCCC
    50      1   -12.2664873082   0.000004706870       0.0016  TTCTCTC
    51      1    -9.4737742665   0.000076840842       0.0258  TTCTCTT
    52      1   -10.5708681484   0.000025652535       0.0086  TTCTTTG
    53      2    -5.6573819828   0.003491646132       1.1732  TTCTTTT
    54      1   -12.6168254831   0.000003315754       0.0011  TTTATAA
    55      2    -5.5350814988   0.003945887038       1.3258  TTTCTTT
    56      1    -6.7017285003   0.001228786109       0.4129  TTTTCCC
    57      1    -5.5342697707   0.003949091325       1.3269  TTTTCTT
    58      2    -7.5049760837   0.000550339012       0.1849  TTTTTAT
    59      1    -5.7061214843   0.003325545746       1.1174  TTTTTCT
    60      1    -6.3183317537   0.001802948761       0.6058  TTTTTTA
    61      2    -4.6396246340   0.009661323480       3.2462  TTTTTTC
    62     58    -1.7155863318   0.179858233184      60.4324  TTTTTTT

 2

     1     90    -1.4498520155   0.234605003432      78.8273  AAAAAAA
     2      1    -6.6055819057   0.001352795745       0.4545  AAAAAAC
     3      5    -4.1230837851   0.016194497012       5.4414  AAAAAAG
     4      2    -6.3525053624   0.001742376379       0.5854  AAAAAAT
     5      1    -5.1561520022   0.005763836297       1.9366  AAAAAGA
     6      2    -4.8466673837   0.007854510048       2.6391  AAAAAGG
     7      1    -5.1400522518   0.005857383646       1.9681  AAGAAAA
     8      1   -10.4823347337   0.000028027210       0.0094  AAGGAGG
     9      2    -7.8461152972   0.000391268984       0.1315  AAGGGGG
    10      1    -7.4088171365   0.000605886952       0.2036  AATAAAA
    11      2    -4.4374927086   0.011825551484       3.9734  AGAAAAA
    12      1    -7.1107070805   0.000816317586       0.2743  AGAAAAG
    13      1    -7.8330888621   0.000396399165       0.1332  AGAAAGG
    14      1    -7.3233874029   0.000659922996       0.2217  ATTTTTT
    15      1   -10.2851729591   0.000034135490       0.0115  CACCCTT
    16      1   -11.2428237793   0.000013100977       0.0044  CCACTCC
    17      2    -6.6221185125   0.001330609046       0.4471  CCCCCCA
    18     37    -2.0346859970   0.130721523011      43.9224  CCCCCCC
    19      1    -4.6921343959   0.009167099042       3.0801  CCCCCCT
    20      1    -5.7868601296   0.003067598934       1.0307  CCCCCTC
    21      4    -5.3735684118   0.004637553050       1.5582  CCCCCTT
    22      2    -5.5962207891   0.003711865164       1.2472  CCCCTCC
    23      2    -8.1839368791   0.000279100988       0.0938  CCCCTCT
    24      1    -7.8658720966   0.000383614622       0.1289  CCCGCCC
    25      1    -5.5949919884   0.003716429110       1.2487  CCCTCCC
    26      1   -14.7088442836   0.000000409289       0.0001  CCCTTTA
    27      1    -5.7180814944   0.003286009086       1.1041  CCTCCCC
    28      3    -5.0068292619   0.006692088563       2.2485  CTCCCCC
    29      1    -8.3453972399   0.000237487103       0.0798  CTCCCTT
    30      1   -11.7727119390   0.000007712162       0.0026  CTCCTTC
    31      1    -8.5098323562   0.000201477599       0.0677  CTCTCCC
    32      1   -10.9230278324   0.000018038038       0.0061  CTTTCTC
    33      2    -5.0961932061   0.006119999855       2.0563  GAAAAAA
    34      1   -10.0323384781   0.000043955250       0.0148  GAAAGAG
    35      1   -10.7607201703   0.000021216738       0.0071  GAAGAGG
    36      1    -4.5265874069   0.010817528979       3.6347  GAGGGGG
    37      3    -5.1157431095   0.006001516393       2.0165  GGGAGGG
    38      1    -5.1147618574   0.006007408284       2.0185  GGGGAGG
    39      1    -4.8652247850   0.007710094883       2.5906  GGGGGAA
    40      1    -5.2854479507   0.005064762916       1.7018  GGGGGAG
    41      1   -10.0963216128   0.000041230940       0.0139  GGGGGCT
    42      2    -4.2087284404   0.014865258387       4.9947  GGGGGGA
    43      2    -6.9990930931   0.000912709333       0.3067  GGGGGGC
    44     65    -1.8681522417   0.154408708354      51.8813  GGGGGGG
    45      3    -5.6741108876   0.003433720583       1.1537  TCCCCCC
    46      1    -8.6793787073   0.000170056690       0.0571  TCTCTTT
    47      1    -9.8431232626   0.000053111172       0.0178  TCTTCCC
    48      2    -4.9521560388   0.007068153276       2.3749  TCTTTTT
    49      1    -8.6397561550   0.000176930040       0.0594  TTCCCCC
    50      1   -12.2663322423   0.000004707600       0.0016  TTCTCTC
    51      1    -9.4737795863   0.000076840433       0.0258  TTCTCTT
    52      1   -10.5707921881   0.000025654484       0.0086  TTCTTTG
    53      2    -5.6574045169   0.003491567452       1.1732  TTCTTTT
    54      1   -12.6170165753   0.000003315121       0.0011  TTTATAA
    55      2    -5.5351040508   0.003945798051       1.3258  TTTCTTT
    56      1    -6.7011637219   0.001229480297       0.4131  TTTTCCC
    57      1    -5.5342582807   0.003949136701       1.3269  TTTTCTT
    58      2    -7.5051857617   0.000550223630       0.1849  TTTTTAT
    59      1    -5.7062595507   0.003325086631       1.1172  TTTTTCT
    60      1    -6.3182392005   0.001803115638       0.6058  TTTTTTA
    61      2    -4.6394947762   0.009662578159       3.2466  TTTTTTC
    62     58    -1.7155922731   0.179857164603      60.4320  TTTTTTT