     2    477     57


 1

     1    134    -1.3974661801   0.247222588508     117.9252  AAAAAAA
     2      1    -5.2587969637   0.005201558620       2.4811  AAAGAAA
     3      1   -10.8938527223   0.000018572051       0.0089  AAGTGGG
     4      1    -7.2653985155   0.000699322523       0.3336  ACCCCCC
     5      2    -4.8481133698   0.007843160744       3.7412  AGAAAAA
     6      1   -10.3570348928   0.000031768514       0.0152  AGGAAAA
     7      3    -4.7301634402   0.008825028557       4.2095  AGGGGGG
     8      1    -7.2052001852   0.000742713501       0.3543  ATAAAAA
     9      1    -6.9957101900   0.000915802168       0.4368  ATTTTTT
    10      2    -7.2829546309   0.000687152280       0.3278  CCAAAAA
    11     74    -1.7997149855   0.165346007518      78.8700  CCCCCCC
    12      1    -8.8768766904   0.000139579435       0.0666  CCCCCGC
    13      1    -6.1002646691   0.002242274180       1.0696  CCCCCTC
    14      1   -10.3010293071   0.000033598494       0.0160  CCCCTCT
    15      1    -5.4399475422   0.004339710917       2.0700  CCCTCCC
    16      1    -9.4813228991   0.000076262982       0.0364  CCCTCCT
    17      1    -8.6524213219   0.000174703323       0.0833  CCTCTTT
    18      1    -9.9109195318   0.000049629778       0.0237  CCTTTCC
    19      1    -9.2407342731   0.000097006335       0.0463  CCTTTTC
    20      7    -4.8617398199   0.007737011168       3.6906  CCTTTTT
    21      4    -5.0413743203   0.006464857425       3.0837  CTCCCCC
    22      1    -8.6790896404   0.000170105855       0.0811  CTCTCCC
    23      1    -9.9037366173   0.000049987548       0.0238  CTCTCTT
    24      1   -13.9105328825   0.000000909353       0.0004  CTCTTTC
    25      1    -8.9186415105   0.000133869982       0.0639  CTTTTCT
    26      1    -9.1902108609   0.000102033348       0.0487  CTTTTTC
    27      4    -4.8068129156   0.008173869039       3.8989  CTTTTTT
    28      1    -4.9222252091   0.007282906812       3.4739  GAGGGGG
    29      1    -4.7313909106   0.008814202742       4.2044  GGAAAAA
    30      1    -6.5090971904   0.001489824144       0.7106  GGAAAGA
    31      1    -6.5380291533   0.001447338172       0.6904  GGAGAGG
    32      1    -7.6501990390   0.000475949387       0.2270  GGCCCCC
    33      1   -11.8504805119   0.000007135127       0.0034  GGGAAGA
    34      1    -9.7876663519   0.000056139755       0.0268  GGGAGAA
    35      1    -5.3224617591   0.004880723758       2.3281  GGGAGGG
    36      1    -6.1743328893   0.002082194508       0.9932  GGGGAGG
    37      1    -5.9830875714   0.002521030402       1.2025  GGGGGAG
    38     92    -1.8076068278   0.164046258346      78.2501  GGGGGGG
    39      2    -7.3979790317   0.000612489333       0.2922  GGTTTTT
    40      1    -9.7981749241   0.000055552895       0.0265  GTAAAAA
    41      2    -7.2057749500   0.000742286738       0.3541  TATTTTT
    42      6    -4.8494282916   0.007832854378       3.7363  TCCCCCC
    43      1    -8.9973607240   0.000123735947       0.0590  TCCCCCT
    44      1    -8.4879675099   0.000205931389       0.0982  TCCTCCC
    45      1   -10.1569713715   0.000038804615       0.0185  TCCTCTC
    46      1   -13.6647884091   0.000001162674       0.0006  TCTTCCT
    47      3    -4.9938697436   0.006779379207       3.2338  TCTTTTT
    48      2    -4.8572323375   0.007771964326       3.7072  TTCCCCC
    49      1   -12.3932171439   0.000004146619       0.0020  TTCGCTC
    50      1    -6.7547478368   0.001165333651       0.5559  TTCTCTC
    51      1   -12.8861716182   0.000002532834       0.0012  TTCTTCC
    52      1   -12.0860167649   0.000005637799       0.0027  TTTATCT
    53      1    -5.3992580937   0.004519933066       2.1560  TTTCTTT
    54      1    -6.2469120006   0.001936424591       0.9237  TTTTCTT
    55      1    -6.0522558496   0.002352549019       1.1222  TTTTTCT
    56      2    -5.9046082554   0.002726849800       1.3007  TTTTTTC
    57     97    -1.5210483188   0.218482727316     104.2163  TTTTTTT

 2

     1    134    -1.3974668331   0.247222427074     117.9251  AAAAAAA
     2      1    -5.2587922033   0.005201583382       2.4812  AAAGAAA
     3      1   -10.8938481799   0.000018572136       0.0089  AAGTGGG
     4      1    -7.2654042008   0.000699318547       0.3336  ACCCCCC
     5      2    -4.8480904118   0.007843340809       3.7413  AGAAAAA
     6      1   -10.3569398812   0.000031771532       0.0152  AGGAAAA
     7      3    -4.7301584035   0.008825073007       4.2096  AGGGGGG
     8      1    -7.2051861897   0.000742723896       0.3543  ATAAAAA
     9      1    -6.9957156916   0.000915797130       0.4368  ATTTTTT
    10      2    -7.2829560156   0.000687151329       0.3278  CCAAAAA
    11     74    -1.7997158403   0.165345866176      78.8700  CCCCCCC
    12      1    -8.8770173766   0.000139559800       0.0666  CCCCCGC
    13      1    -6.1003897231   0.002241993792       1.0694  CCCCCTC
    14      1   -10.3010034612   0.000033599363       0.0160  CCCCTCT
    15      1    -5.4399429575   0.004339730813       2.0701  CCCTCCC
    16      1    -9.4813008424   0.000076264664       0.0364  CCCTCCT
    17      1    -8.6524210983   0.000174703362       0.0833  CCTCTTT
    18      1    -9.9108889069   0.000049631298       0.0237  CCTTTCC
    19      1    -9.2407135405   0.000097008346       0.0463  CCTTTTC
    20      7    -4.8617308140   0.007737080848       3.6906  CCTTTTT
    21      4    -5.0413511464   0.006465007243       3.0838  CTCCCCC
    22      1    -8.6790614755   0.000170110646       0.0811  CTCTCCC
    23      1    -9.9037259829   0.000049988080       0.0238  CTCTCTT
    24      1   -13.9104992492   0.000000909383       0.0004  CTCTTTC
    25      1    -8.9186857891   0.000133864055       0.0639  CTTTTCT
    26      1    -9.1901930262   0.000102035167       0.0487  CTTTTTC
    27      4    -4.8068074246   0.008173913922       3.8990  CTTTTTT
    28      1    -4.9222021398   0.007283074825       3.4740  GAGGGGG
    29      1    -4.7313820882   0.008814280504       4.2044  GGAAAAA
    30      1    -6.5090380348   0.001489912278       0.7107  GGAAAGA
    31      1    -6.5380244560   0.001447344970       0.6904  GGAGAGG
    32      1    -7.6502004419   0.000475948719       0.2270  GGCCCCC
    33      1   -11.8503652612   0.000007135949       0.0034  GGGAAGA
    34      1    -9.7876553180   0.000056140374       0.0268  GGGAGAA
    35      1    -5.3224573145   0.004880745451       2.3281  GGGAGGG
    36      1    -6.1743228739   0.002082215363       0.9932  GGGGAGG
    37      1    -5.9832127787   0.002520714770       1.2024  GGGGGAG
    38     92    -1.8076078315   0.164046093706      78.2500  GGGGGGG
    39      2    -7.3979805383   0.000612488410       0.2922  GGTTTTT
    40      1    -9.7981550550   0.000055553999       0.0265  GTAAAAA
    41      2    -7.2057609266   0.000742297148       0.3541  TATTTTT
    42      6    -4.8494231420   0.007832894714       3.7363  TCCCCCC
    43      1    -8.9973431601   0.000123738120       0.0590  TCCCCCT
    44      1    -8.4879571598   0.000205933520       0.0982  TCCTCCC
    45      1   -10.1569798713   0.000038804285       0.0185  TCCTCTC
    46      1   -13.6647987571   0.000001162662       0.0006  TCTTCCT
    47      3    -4.9938466410   0.006779535830       3.2338  TCTTTTT
    48      2    -4.8572228407   0.007772038135       3.7073  TTCCCCC
    49      1   -12.3932026402   0.000004146680       0.0020  TTCGCTC
    50      1    -6.7547720115   0.001165305480       0.5559  TTCTCTC
    51      1   -12.8861574503   0.000002532870       0.0012  TTCTTCC
    52      1   -12.0861427063   0.000005637089       0.0027  TTTATCT
    53      1    -5.3992533067   0.004519954703       2.1560  TTTCTTT
    54      1    -6.2469016018   0.001936444728       0.9237  TTTTCTT
    55      1    -6.0523792852   0.002352258649       1.1220  TTTTTCT
    56      2    -5.9045965244   0.002726881789       1.3007  TTTTTTC
    57     97    -1.5210489495   0.218482589517     104.2162  TTTTTTT