

TREE #  1

  0  0.0000   1249.203035  x:  0.05588   0.06116   0.02567   0.03114   0.03135   0.03767   0.02323   0.03032   0.02619   0.02394   0.05356   0.00000   2.19028  
  1 99.0000   1249.199037  x:  0.05588   0.06116   0.02567   0.03114   0.03135   0.03767   0.02323   0.03031   0.02619   0.02394   0.05356   0.00000   2.19028  
  2 823.1157   1239.659427  x:  0.06854   0.06122   0.02105   0.01049   0.01276   0.02109   0.00766   0.03909   0.04951   0.04013   0.05732   0.00000   2.19249  
  3 429.5322   1239.335352  x:  0.07049   0.06074   0.01759   0.00784   0.01156   0.01939   0.01194   0.04075   0.04919   0.04042   0.05704   0.00000   2.19371  
  4 101.2601   1239.186084  x:  0.07299   0.06002   0.01418   0.00935   0.01248   0.01718   0.01151   0.04328   0.04789   0.04053   0.05653   0.00000   2.19598  
  5 58.2997   1239.097988  x:  0.07544   0.05915   0.01332   0.00854   0.01178   0.01898   0.01023   0.04513   0.04558   0.04037   0.05584   0.00000   2.20014  
  6 36.1564   1238.905313  x:  0.07943   0.05726   0.01668   0.00938   0.00937   0.01720   0.01064   0.04541   0.04334   0.03883   0.05463   0.00000   2.21621  
  7 40.2374   1238.570400  x:  0.08423   0.05507   0.01997   0.00672   0.01251   0.01511   0.01031   0.04419   0.04232   0.03632   0.05368   0.00000   2.24733  
  8 197.2364   1235.950353  x:  0.10354   0.05143   0.01604   0.00995   0.01371   0.02116   0.01039   0.02975   0.05379   0.02246   0.05545   0.00000   2.49257  
  9 364.6296   1225.613579  x:  0.09849   0.08089   0.00960   0.00865   0.01164   0.01623   0.00808   0.01189   0.03896   0.04029   0.05581   0.00000   3.48061  
 10 968.8286   1212.512213  x:  0.05152   0.09408   0.00929   0.00323   0.00675   0.01110   0.00551   0.04442   0.04280   0.02831   0.05197   0.00000   4.95152  
 11 5346.4157   1209.588335  x:  0.03745   0.06692   0.00703   0.00524   0.00739   0.01285   0.00703   0.04362   0.04346   0.04374   0.05128   0.00000   5.22720  
 12 1206.7269   1209.503786  x:  0.03709   0.06563   0.00714   0.00515   0.00724   0.01258   0.00702   0.04392   0.04235   0.04372   0.05628   0.00000   5.23568  
 13 63.5470   1199.895270  x:  0.02932   0.04429   0.00437   0.00425   0.00568   0.00879   0.00284   0.02955   0.03672   0.01666   0.04994   0.00000   5.24619  
 14  0.0849   1199.349290  x:  0.02877   0.04277   0.00417   0.00418   0.00557   0.00852   0.00254   0.02852   0.03632   0.01473   0.04948   0.00915   5.24702  
 15 133.8962   1197.612280  x:  0.02850   0.04226   0.00760   0.00515   0.00683   0.00951   0.00448   0.02664   0.02978   0.00856   0.04857   0.00899   5.38500  
 16  1.0985   1196.174995  x:  0.03116   0.03777   0.00881   0.00593   0.00778   0.01092   0.00531   0.02349   0.02281   0.01413   0.04640   0.00854   5.63823  
 17  1.1334   1194.156857  x:  0.02911   0.05018   0.00690   0.00758   0.00857   0.01329   0.00581   0.01462   0.02689   0.01555   0.04599   0.01150   6.22145  
 18  0.8453   1192.417043  x:  0.02724   0.04373   0.01141   0.00876   0.00893   0.01248   0.00470   0.01653   0.03380   0.01514   0.05139   0.01143   7.90040  
 19  0.9076   1191.035153  x:  0.02586   0.04784   0.00676   0.00931   0.00833   0.01125   0.00624   0.01961   0.02655   0.01378   0.05267   0.01162   9.33474  
 20  1.9152   1190.417737  x:  0.02258   0.04542   0.00780   0.00663   0.00748   0.01212   0.00622   0.01543   0.02595   0.01272   0.04939   0.01491  10.29057  
 21  1.3015   1190.130880  x:  0.02109   0.04821   0.00840   0.00651   0.00879   0.01235   0.00476   0.01663   0.02678   0.01323   0.04679   0.01788  11.27385  
 22  0.9915   1190.018309  x:  0.02080   0.04702   0.00755   0.00664   0.00847   0.01158   0.00566   0.01692   0.02872   0.01404   0.04680   0.01928  11.89784  
 23  1.0869   1189.954955  x:  0.01998   0.04698   0.00745   0.00719   0.00774   0.01182   0.00514   0.01671   0.02789   0.01407   0.04852   0.02007  12.49536  
 24  0.7124   1189.944892  x:  0.01949   0.04676   0.00740   0.00685   0.00810   0.01179   0.00514   0.01656   0.02768   0.01407   0.04887   0.02024  12.72675  
 25  0.2871   1189.942757  x:  0.01931   0.04687   0.00759   0.00679   0.00801   0.01174   0.00520   0.01666   0.02763   0.01409   0.04858   0.02026  12.83955  
 26  0.1268   1189.942412  x:  0.01935   0.04681   0.00755   0.00685   0.00802   0.01184   0.00520   0.01668   0.02767   0.01408   0.04849   0.02017  12.86991  
 27  0.0517   1189.942357  x:  0.01935   0.04682   0.00755   0.00688   0.00804   0.01181   0.00521   0.01665   0.02767   0.01407   0.04850   0.02016  12.87791  
 28  0.0131   1189.942349  x:  0.01935   0.04683   0.00756   0.00688   0.00804   0.01182   0.00521   0.01665   0.02767   0.01407   0.04852   0.02017  12.88024  
 29  0.0037   1189.942348  x:  0.01934   0.04683   0.00756   0.00688   0.00804   0.01182   0.00522   0.01665   0.02767   0.01406   0.04853   0.02017  12.88082  
 30  0.0010   1189.942348  x:  0.01934   0.04683   0.00756   0.00688   0.00804   0.01182   0.00522   0.01665   0.02767   0.01406   0.04853   0.02018  12.88101  
 31  0.0004   1189.942348  x:  0.01934   0.04683   0.00756   0.00688   0.00804   0.01182   0.00522   0.01665   0.02767   0.01406   0.04853   0.02018  12.88108  
 32  0.0002   1189.942348  x:  0.01934   0.04684   0.00756   0.00688   0.00804   0.01182   0.00522   0.01665   0.02767   0.01406   0.04853   0.02018  12.88110  
 33  0.0002   1189.942348  x:  0.01934   0.04684   0.00756   0.00688   0.00804   0.01182   0.00522   0.01665   0.02767   0.01406   0.04853   0.02018  12.88111  
 34  0.0002   1189.942348  x:  0.01934   0.04684   0.00756   0.00688   0.00804   0.01182   0.00522   0.01665   0.02767   0.01406   0.04853   0.02018  12.88111  

TREE #  2

  0  0.0000   1222.605618  x:  0.05805   0.03676   0.03652   0.02221   0.00767   0.03831   0.04275   0.04022   0.02409   0.01890   0.04041   0.00000  12.88111  
  1 99.0000   1222.602011  x:  0.05805   0.03676   0.03651   0.02221   0.00767   0.03830   0.04275   0.04021   0.02409   0.01889   0.04041   0.00000  12.88111  
  2 741.5898   1198.139576  x:  0.05366   0.03953   0.01147   0.00365   0.03248   0.01215   0.00766   0.02408   0.02940   0.01754   0.04204   0.00000  12.88111  
  3 1684.6128   1197.486382  x:  0.05273   0.04008   0.00931   0.00784   0.03289   0.01165   0.00457   0.02224   0.02993   0.01744   0.04230   0.00000  12.88111  
  4 271.1706   1197.272966  x:  0.05154   0.04062   0.00697   0.00840   0.03354   0.01347   0.00521   0.01976   0.03056   0.01776   0.04249   0.00000  12.88110  
  5 119.3579   1197.233112  x:  0.05054   0.04093   0.00771   0.00825   0.03364   0.01420   0.00469   0.01879   0.03095   0.01841   0.04256   0.00000  12.88110  
  6 47.3947   1197.221961  x:  0.04934   0.04112   0.00792   0.00838   0.03385   0.01378   0.00507   0.01879   0.03116   0.01854   0.04260   0.00000  12.88110  
  7 18.1498   1197.217868  x:  0.04864   0.04108   0.00782   0.00832   0.03394   0.01400   0.00494   0.01917   0.03104   0.01842   0.04259   0.00000  12.88110  
  8 12.0289   1197.213041  x:  0.04843   0.04048   0.00794   0.00837   0.03405   0.01395   0.00498   0.01888   0.03050   0.01828   0.04269   0.00000  12.88108  
  9  1.3597   1196.751190  x:  0.04777   0.03844   0.00607   0.00810   0.03080   0.01328   0.00482   0.02025   0.03035   0.02322   0.05020   0.00000  12.87861  
 10  1.0310   1191.877105  x:  0.04323   0.04211   0.00740   0.00643   0.01348   0.01183   0.00407   0.01671   0.03567   0.01041   0.06151   0.00000  12.85787  
 11 39.9918   1190.641519  x:  0.04163   0.04476   0.00586   0.00596   0.00733   0.01032   0.00383   0.01583   0.03211   0.01321   0.05700   0.00000  12.85224  
 12 187.9971   1190.556370  x:  0.04178   0.04751   0.00616   0.00605   0.00777   0.01032   0.00395   0.01568   0.02958   0.01308   0.05810   0.00000  12.85181  
 13 44.9524   1190.066240  x:  0.04077   0.04619   0.00778   0.00743   0.00693   0.01238   0.00531   0.01734   0.02780   0.01413   0.05249   0.00000  12.85659  
 14  0.0150   1189.955658  x:  0.03922   0.04599   0.00736   0.00719   0.00815   0.01195   0.00526   0.01687   0.02752   0.01467   0.04913   0.00000  12.85801  
 15  0.0219   1189.955190  x:  0.03918   0.04598   0.00735   0.00718   0.00818   0.01194   0.00525   0.01685   0.02751   0.01469   0.04904   0.00034  12.85805  
 16  2.9346   1189.943334  x:  0.03902   0.04659   0.00749   0.00692   0.00798   0.01180   0.00524   0.01663   0.02748   0.01410   0.04833   0.00058  12.85886  
 17  0.0019   1189.942376  x:  0.03902   0.04680   0.00757   0.00687   0.00804   0.01182   0.00522   0.01665   0.02768   0.01405   0.04853   0.00050  12.86036  
 18  0.0020   1189.942363  x:  0.03902   0.04684   0.00756   0.00688   0.00804   0.01182   0.00522   0.01666   0.02767   0.01405   0.04853   0.00050  12.86199  
 19  0.0016   1189.942360  x:  0.03902   0.04684   0.00756   0.00688   0.00804   0.01182   0.00522   0.01665   0.02767   0.01406   0.04853   0.00050  12.86518  
 20  0.0017   1189.942350  x:  0.03902   0.04684   0.00756   0.00688   0.00804   0.01182   0.00522   0.01665   0.02768   0.01406   0.04852   0.00050  12.88037  
 21  0.0046   1189.942348  x:  0.03902   0.04684   0.00756   0.00688   0.00804   0.01182   0.00522   0.01665   0.02767   0.01406   0.04853   0.00050  12.88135  
 22  0.0008   1189.942348  x:  0.03902   0.04684   0.00756   0.00688   0.00804   0.01182   0.00522   0.01665   0.02767   0.01406   0.04853   0.00050  12.88118  
 23  0.0001   1189.942348  x:  0.03902   0.04684   0.00756   0.00688   0.00804   0.01182   0.00522   0.01665   0.02767   0.01406   0.04853   0.00050  12.88124  