"HKY Force nonclock" "HKY nonclock" "HKY Dir nonclock" "HKY gBGC nonclock" "HKY gBGC Dir nonclock" "MG94 Force nonclock" "MG94 nonclock" "MG94 Dir nonclock" "MG94 gBGC nonclock" "MG94 gBGC Dir nonclock" "HKY Force clock" "HKY clock" "HKY Dir clock" "HKY gBGC clock" "HKY gBGC Dir clock" "MG94 Force clock" "MG94 clock" "MG94 Dir clock" "MG94 gBGC clock" "MG94 gBGC Dir clock" "MG94 codeml tree length" "MG94 codeml lnL" "HKY baseml tree length" "HKY baseml lnL"
"YLR406C_YDL075W" -1313.93901482429 -1268.61431343717 -1262.55978896682 -1268.34339968846 -1262.54410142979 -1195.08198173237 -1178.09921564864 -1172.70221699288 -1177.92033984031 -1172.69975535457 -1319.55910827834 -1273.88849736649 -1267.78707296612 -1273.80420820759 -1267.76354979027 -1199.56088485166 -1182.13662236165 -1177.11393642411 -1182.02132410391 -1177.11388658414 1.65818 -1173.918267 0.53221 -1300.246861
"YER131W_YGL189C" -1367.42897526981 -1313.05672347515 -1306.12827969913 -1312.40511133541 -1305.3742761395 -1220.87722241469 -1205.18473220212 -1201.79503054498 -1203.31837300702 -1200.38250660157 -1375.1341249616 -1327.88076269268 -1322.40025276022 -1326.74972403308 -1321.11102873213 -1226.608894635 -1211.07732221445 -1207.79501118485 -1209.35378693688 -1206.39765278216 1.77472 -1199.975124 0.52193 -1356.835739
"YDR502C_YLR180W" -6866.30279328291 -6654.57862062543 -6652.01438193515 -6641.63608499571 -6639.82290594545 -5801.38499177915 -5755.65130054585 -5754.80977009073 -5744.15719078763 -5728.46834372426 -6890.25335710075 -6720.67928595368 -6718.97328245267 -6716.13025366551 -6715.74742628845 -5823.59961334344 -5784.11379302588 -5783.74521077663 -5780.76085654445 -5781.07444981209 4.51154 -5782.963374 1.15053 -6888.05727
"YML026C_YDR450W" -1597.36610075457 -1461.47520305711 -1461.47460758368 -1459.85941768242 -1459.7449451846 -1444.31267762326 -1377.24545455845 -1377.21961646564 -1376.10281794446 -1375.88754860924 -1604.27543317335 -1468.9919567446 -1468.98203223862 -1468.09034307834 -1468.07029118795 -1450.40010238707 -1382.14048617018 -1382.07562680601 -1381.12219526312 -1381.05033039733 1.66651 -1440.041835 0.51622 -1602.553395
"YNL301C_YOL120C" -2398.0785970104 -2245.81430341495 -2221.85383897225 -2240.61777335632 -2221.61613534288 -2215.07035042516 -2139.30766683332 -2121.86452846636 -2133.6542799777 -2121.34385908496 -2404.25815852599 -2254.78320291606 -2233.7274400706 -2251.68968332041 -2233.61949390929 -2221.80523309279 -2142.31732247991 -2125.67944308888 -2137.46793150613 -2125.30856116245 2.02693 -2170.06671 0.64073 -2359.654127
"YHR106W_YDR353W" -6777.72093042148 -6612.44448836257 -6609.98014123849 -6610.98119091683 -6608.50942847568 -5816.55149411852 -5794.30000521998 -5792.98280653454 -5793.8978278114 -5792.49661483421 -6811.06668600429 -6665.86011401473 -6663.53679474986 -6665.32244020952 -6663.02473923857 -5837.82052662355 -5817.49802559487 -5816.18678084551 -5816.87567442753 -5815.86330621184 5.97982 -5795.60175 1.47632 -6767.649143
"YIL057C_YER067W" -3761.26905506961 -3719.23812371556 -3719.14820048186 -3718.74310364555 -3718.73981887426 -3323.96220603077 -3307.55803520886 -3307.08755957557 -3307.0182633283 -3299.51673766261 -3771.15299788371 -3730.04627779406 -3729.97404108651 -3729.63836934077 -3729.63691420176 -3331.22382091773 -3314.50566292037 -3314.23758188346 -3314.05797538008 -3307.47403285627 24.00802 -3314.077121 2.06642 -3767.697451
"YPL087W_YBR183W" -8096.35493359064 -8049.86241943267 -8049.27502638136 -8049.05595728753 -8048.45224480252 -7214.57397138837 -7202.77326787537 -7201.65662571975 -7201.82348163036 -7200.95413203717 -8125.66880514209 -8086.08048994216 -8084.77663551555 -8085.98123279199 -8084.60521214978 -7231.43965808929 -7220.05653751616 -7218.70019117775 -7219.03182518572 -7217.98478982502 16.74248 -7165.785407 2.41497 -8045.527277
"YNL069C_YIL133C" -2532.96462924336 -2442.92376093253 -2442.89983882366 -2438.51425808845 -2436.10115817773 -2381.43619029823 -2322.82897141892 -2322.81650535828 -2319.89792165051 -2314.04313047399 -2539.5618689127 -2461.87138068618 -2461.87104917012 -2460.33006929323 -2459.59974806281 -2387.3842905715 -2334.08267791541 -2334.0804276942 -2332.29948905599 -2326.91392830935 2.00476 -2371.309015 0.62829 -2529.284735
"YDR518W_YCL043C" -13620.7296649553 -13577.8004252062 -13575.2758936823 -13574.1039695823 -13564.5874232492 -12690.1252775683 -12656.3506977518 -12655.3692741155 -12654.7466822304 -12633.1847439174 -13668.8510899431 -13634.7022883406 -13631.2433364638 -13633.6612057447 -13626.3487138569 -12720.9528357843 -12690.2593065777 -12688.5661192559 -12688.8891596475 -12668.0543673567 13.46176 -12582.512528 2.631 -13538.128893
"YGR043C_YLR354C" -7501.28526247601 -7441.17652934144 -7432.0633629357 -7431.65892234629 -7418.23255399917 -6785.25791804079 -6779.74390841155 -6775.50869916048 -6774.64564038517 -6761.04338771645 -7543.31653610973 -7502.74990715804 -7496.79637820757 -7496.92599717275 -7487.64503691698 -6814.47455142273 -6811.28639412743 -6807.58536903585 -6807.8287691877 -6794.88539186184 7.23022 -6705.225742 1.74269 -7456.76205
"YPR157W_YGR141W" -10632.610443593 -10559.0210408424 -10556.7660141725 -10552.3695648135 -10552.0126179016 -9455.75313060304 -9452.72164938616 -9452.24109718545 -9447.85705711145 -9439.78165258641 -10653.279761104 -10589.552750898 -10587.7615013314 -10586.7424629953 -10586.0778786847 -9469.22019954111 -9465.76598980419 -9465.65998279862 -9460.85614543737 -9451.93699265658 14.67072 -9396.671809 2.31215 -10580.499816
"YDR099W_YER177W" -4244.92610638269 -4088.46229593795 -4087.51540238625 -4084.97855529697 -4081.39057179017 -3492.3076489592 -3478.05253287201 -3478.05271891512 -3477.82000958835 -3461.81251212951 -4271.84912391076 -4119.58991836678 -4118.89403099232 -4117.95898369998 -4116.89023611407 -3507.19383072044 -3491.43720392105 -3491.43362535842 -3491.20392089254 -3476.61004757297 4.43618 -3483.017281 1.09205 -4245.304816
"YBR024W_YBR037C" -7505.92445972164 -7461.24538465583 -7461.23747619512 -7460.91599379113 -7459.96466150689 -6769.18307665935 -6761.11272546699 -6761.07825885495 -6760.35433651243 -6745.08950557829 -7531.53939064644 -7499.4362452386 -7499.39862914391 -7499.26304288582 -7498.2268770026 -6782.03091256209 -6775.3610398377 -6775.32802757858 -6774.74744806225 -6759.30267423129 13.31828 -6732.150901 2.48647 -7499.146006
"YPL037C_YDR252W" -3157.9495529305 -3144.5866438482 -3131.16284983501 -3143.66797368399 -3129.65890097434 -2921.2065681763 -2917.44147575706 -2910.02354577636 -2917.34480222097 -2907.26284404149 -3203.98663028933 -3188.78396700601 -3173.44638094854 -3188.30007746607 -3172.84540425866 -2966.90622669509 -2960.83213423456 -2952.76115683429 -2960.51167372618 -2950.99143947513 7.80383 -2812.345976 1.79288 -3072.774136
"YMR143W_YDL083C" -1417.97743842904 -1323.83524343628 -1323.82864963675 -1321.39969426803 -1321.05878919396 -1246.97932067678 -1209.75162915258 -1209.69529474177 -1204.79698021864 -1204.60250338634 -1430.03789477246 -1335.9164951358 -1335.91028592575 -1332.78349835427 -1332.72512767241 -1257.75387245268 -1218.73014483333 -1218.6784458381 -1215.53435902582 -1214.64395033239 1.39547 -1243.914192 0.44936 -1420.679027
"YPR159W_YGR143W" -16130.0911761368 -15899.1570051774 -15898.8676187031 -15867.2550212065 -15866.9375263207 -14330.221676568 -14275.6781608709 -14274.6919082237 -14216.8120245197 -14216.7397791029 -16161.5789873174 -15929.70376589 -15929.5170695132 -15914.6851900084 -15914.3410362819 -14346.5130752207 -14288.9199862397 -14288.2077499976 -14231.6796898968 -14231.5861647852 10.70013 -14245.778068 1.90778 -16090.84564
"YJL177W_YKL180W" -2045.85221748401 -1955.96019401593 -1954.73230986444 -1955.49194306342 -1953.76976085649 -1873.6777882792 -1837.05819880172 -1836.82490571055 -1836.9870849879 -1836.6997821461 -2055.25750049917 -1963.22683609183 -1962.39776270023 -1963.17481154083 -1962.04992911344 -1881.00725479627 -1842.29492413458 -1841.54171079467 -1842.27429559908 -1841.41941848754 1.59378 -1865.736849 0.48828 -2043.667297
"YGL133W_YPL216W" -29973.6104496932 -29945.8357002447 -29887.6664654371 -29935.0847305374 -29878.4086334815 -28268.8151595773 -28263.3806513028 -28251.6033752754 -28258.6752232207 -28244.8481586694 -30093.0265129931 -30081.5230472772 -30038.912006027 -30073.5016561141 -30035.1075699688 -28362.9903696017 -28361.1804290938 -28353.0971784069 -28358.2190669336 -28347.5936236973 15.30718 -27949.420271 3.48016 -29730.380048
"YJR048W_YEL039C" -2204.12882052413 -2129.79317305885 -2129.71871731378 -2126.65229909598 -2125.68270231091 -1896.73219516961 -1875.13587765351 -1875.1041778019 -1873.34481672392 -1871.4383633263 -2216.59980012631 -2142.23905533575 -2141.73083666692 -2140.5890556863 -2139.22280099787 -1904.68632809743 -1881.27560576576 -1881.1141120992 -1879.52781388437 -1877.17852328856 5.58536 -1885.972885 1.36908 -2197.134294
"YBR191W_YPL079W" -1671.42810655696 -1551.0194173093 -1550.9153109038 -1549.50614755004 -1549.08345471226 -1533.39667673345 -1467.29433433869 -1467.26431131539 -1463.5208798326 -1462.94918251626 -1685.99546198534 -1566.81416466367 -1566.80251349689 -1563.91175225056 -1563.44102780395 -1545.72517850834 -1478.83323486627 -1478.82383584344 -1474.10202750599 -1473.57095772162 1.40035 -1529.739043 0.43165 -1674.105284
"YER074W_YIL069C" -1464.54061376344 -1309.14832268827 -1304.96854951488 -1308.11764522473 -1304.52064570669 -1361.55305593374 -1251.96336941669 -1249.12199411507 -1250.42989229163 -1247.62744608703 -1478.33014638107 -1314.56961542226 -1310.4154109291 -1313.74416963041 -1309.98250244941 -1375.81972326407 -1257.82725169171 -1254.19732271104 -1256.62844362916 -1253.32034149197 1.61336 -1355.594469 0.53364 -1466.230327
"YDR418W_YEL054C" -1963.85818326778 -1867.78498865656 -1867.77922566889 -1867.14485841077 -1867.13988407711 -1771.21641682897 -1739.1762804679 -1738.96223475429 -1739.01333375999 -1738.8854708125 -1975.73850754961 -1882.02354416171 -1881.98304805609 -1881.41132213612 -1881.40630282544 -1781.76441712838 -1751.24034904592 -1750.96327227765 -1750.64389596417 -1750.58904942972 1.84079 -1763.863301 0.56013 -1960.214301
"YNL049C_YIL109C" -21132.1718547622 -20973.9754839654 -20958.5616814909 -20961.5112901756 -20943.8812957139 -18908.2608437083 -18855.6954529336 -18844.7655209407 -18842.7027670132 -18835.0492759642 -21211.1593788438 -21089.619118944 -21077.4135809387 -21084.520561619 -21070.4990399427 -18978.3258682169 -18930.2704292141 -18918.8112658214 -18920.8023189632 -18911.7664704555 13.50311 -18847.005263 2.22772 -21098.674066
"YBR117C_YPR074C" -15113.2881333895 -15016.5958623056 -15006.7596125139 -15002.3353909908 -14997.3218777723 -13418.2169555031 -13399.8834223302 -13389.5696180902 -13375.8199778867 -13375.5358759884 -15179.4189726269 -15103.5573309509 -15095.2227733181 -15095.8582589162 -15090.9972662197 -13464.0240357459 -13450.4687442797 -13440.3590696979 -13431.097651509 -13430.8818065271 7.17455 -13128.96727 1.61557 -14862.466279
"YPL232W_YMR183C" -6703.79917203848 -6593.88016198402 -6593.49987360589 -6593.70362825881 -6592.98107665912 -5805.86813797496 -5775.84397830724 -5775.34708626351 -5775.79587753588 -5773.81261699572 -6719.93143165467 -6627.56726354481 -6627.29273128811 -6627.56197173127 -6627.27585232744 -5826.66155427102 -5797.79918033478 -5797.17742507561 -5797.78861292118 -5795.74942651679 12.29547 -5802.399858 1.93949 -6720.943148
"YLR284C_YOR180C" -8020.97500695675 -8004.17027038692 -8003.52852295357 -8004.05062075969 -8002.72900651213 -7333.29987604016 -7332.40791457709 -7332.36620313022 -7330.51160512648 -7325.11012493769 -8051.19846645082 -8033.42076994464 -8033.05839664975 -8033.20425565024 -8032.54957905087 -7351.32372429099 -7350.5037681354 -7350.47742708975 -7348.40871778574 -7342.58316940547 18.86542 -7327.41126 3.19845 -8021.339302
"YBL087C_YER117W" -1584.66972714427 -1469.78063577973 -1467.56845692063 -1469.18456470388 -1467.56373859954 -1415.29048592806 -1367.67929998439 -1365.43262929567 -1367.17356570967 -1365.12831354669 -1592.07269004144 -1478.59201484951 -1476.08010576369 -1478.12041042425 -1476.05316659221 -1421.69370014771 -1372.14345593537 -1369.69175000559 -1371.05572073527 -1369.68947345812 1.76986 -1411.393939 0.53382 -1589.518206
"YGL062W_YBR218C" -22946.398723083 -21609.4567812529 -21607.9987490124 -21587.9316545666 -21587.4934105752 -19307.5144163099 -18865.2386998341 -18862.5826896439 -18824.825028308 -18824.8171266234 -22991.3663134303 -21729.1378520042 -21727.710513659 -21721.5095174764 -21720.6258323033 -19366.8995016129 -18886.8405723492 -18884.1763355538 -18862.61354349 -18862.5202863766 5.8473 -19298.895644 1.4001 -22999.992852
"YIR033W_YKL020C" -23803.2199055152 -23708.2310431305 -23706.948624661 -23680.6550516647 -23680.1092749509 -21765.4934765796 -21734.5597274939 -21729.8364448552 -21716.4857957794 -21715.2054484579 -23850.7482127092 -23774.0250567589 -23773.0952336814 -23750.057290669 -23749.7807089996 -21794.0430847711 -21768.6941728587 -21764.8848223531 -21752.6843684015 -21751.4332845553 19.87784 -21754.67476 3.06113 -23811.950615
"YMR243C_YOR316C" -9686.45947681283 -9600.97576791959 -9596.88448555171 -9585.66791869837 -9583.39954653633 -8717.048820199 -8709.52737869343 -8707.51048696173 -8696.01497118191 -8695.40471131449 -9722.11410666802 -9655.40409178326 -9650.89842624861 -9646.27097424565 -9643.25763025938 -8738.77845985303 -8733.40085620777 -8731.45167480532 -8721.48485827717 -8720.89302163684 9.78737 -8692.871364 2.17827 -9660.93755
"YLR333C_YGR027C" -1439.93576854025 -1331.13371191151 -1329.86318003482 -1330.70946914224 -1329.54448261588 -1345.64623833622 -1261.9991893157 -1260.93795695182 -1260.71619884247 -1259.5584258455 -1454.08891992224 -1335.24610952657 -1333.55030096916 -1333.99193547818 -1332.86698647953 -1357.5863097921 -1265.26855188179 -1263.6501381885 -1264.19735438238 -1262.95308625732 2.54332 -1331.239424 0.77034 -1425.220333
"YMR142C_YDL082W" -2329.30075936351 -2125.59485170298 -2122.40311065976 -2125.25214547502 -2121.68340101657 -2197.02704275417 -2054.05076224072 -2051.32619161956 -2053.72698516426 -2050.67350009419 -2337.63118710763 -2135.73524218552 -2133.0199921057 -2135.63202783797 -2133.01634858346 -2205.62593913641 -2059.26083968628 -2056.86979385645 -2059.25864916295 -2056.81004346685 1.70875 -2190.066961 0.54055 -2335.328985
"YER102W_YBL072C" -2349.0051950811 -2116.8720257928 -2116.1615904 -2115.74709696383 -2114.96147302749 -2196.65833957609 -2058.95627024609 -2057.63852381252 -2057.6842836779 -2056.26206221435 -2356.05630585408 -2126.92869799229 -2125.90020275871 -2126.56849516786 -2125.5117825863 -2203.9429398508 -2062.98341313718 -2061.41668910481 -2061.86676053738 -2060.24010063088 1.78473 -2189.13385 0.5536 -2353.086907
"YAL056W_YOR371C" -19927.7192120619 -19904.7827092974 -19902.8434607605 -19903.0762693755 -19902.1256066821 -18539.1256866157 -18524.4794933098 -18523.1330591025 -18521.3795508014 -18521.2556171519 -19983.9487389659 -19957.320651086 -19955.3466393956 -19955.3913624162 -19954.4547756114 -18575.1972465494 -18557.0190479029 -18556.0795865123 -18553.5058200527 -18553.4886014131 17.6575 -18445.503446 3.2862 -19837.766837
"YDR438W_YML018C" -9189.63598336153 -9172.25067925244 -9162.89188250587 -9170.49694654864 -9162.08577806873 -8419.20667737665 -8416.00220781617 -8413.2562362736 -8415.31408022251 -8407.48589806755 -9243.83328438042 -9236.74524682627 -9229.98903136772 -9235.35735249887 -9229.98671445849 -8466.54681914593 -8465.94607369876 -8464.83209147582 -8465.63335329217 -8460.84698969019 15.67257 -8338.734779 2.78271 -9133.390894
