     2   1419    526


 1

     1    209    -2.4486336852   0.086411571289     122.6180  AAAAAAAAAAAAA
     2      2    -7.0996693623   0.000825377779       1.1712  AAAAAAAAAAAAC
     3      3    -5.7008414596   0.003343151147       4.7439  AAAAAAAAAAAAG
     4      1    -6.9706378506   0.000939053739       1.3325  AAAAAAAAAAAAT
     5     12    -5.5545788308   0.003869697924       5.4911  AAAAAAAAAAACA
     6      8    -4.2612149011   0.014105155627      20.0152  AAAAAAAAAAAGA
     7      1    -7.2481376719   0.000711498199       1.0096  AAAAAAAAAAAGG
     8      1    -2.2183443110   0.108789080684     154.3717  AAAAAAAAAAANA
     9      5    -5.4255473191   0.004402655845       6.2474  AAAAAAAAAAATA
    10      1    -6.9532655978   0.000955509743       1.3559  AAAAAAAAAACAA
    11      1   -10.2688954442   0.000034695678       0.0492  AAAAAAAAAACAC
    12      1   -10.3732659155   0.000031257040       0.0444  AAAAAAAAAACCC
    13      1   -12.9255503401   0.000002435033       0.0035  AAAAAAAAAACCG
    14      4    -5.5887627406   0.003739651923       5.3066  AAAAAAAAAAGAA
    15      1    -8.6897973530   0.000168294127       0.2388  AAAAAAAAAAGCA
    16      1    -7.3723118973   0.000628413671       0.8917  AAAAAAAAAAGGA
    17      1   -12.8726492743   0.000002567317       0.0036  AAAAAAAAAATTC
    18      2    -6.2825862289   0.001868561811       2.6515  AAAAAAAAAGAAA
    19      2    -8.0949461420   0.000305077065       0.4329  AAAAAAAAAGAGA
    20      1   -14.1333866462   0.000000727693       0.0010  AAAAAAAACTAAA
    21      1    -6.7796452799   0.001136678029       1.6129  AAAAAAACAAAAA
    22      1    -9.8855430800   0.000050905322       0.0722  AAAAAAACAAACA
    23      1   -15.8036882189   0.000000136945       0.0002  AAAAAAACAACTC
    24      3    -5.4275966891   0.004393642413       6.2346  AAAAAAAGAAAAA
    25      2    -7.2395794661   0.000717613477       1.0183  AAAAAAAGAAAGA
    26      1   -13.4657455397   0.000001418734       0.0020  AAAAAAAGAGGAG
    27      2    -7.0075063224   0.000905062711       1.2843  AAAAACAAAAAAA
    28      1    -5.6302753643   0.003587587298       5.0908  AAAAAGAAAAAAA
    29      1    -8.7320118047   0.000161337550       0.2289  AAAAAGAAAAACA
    30      1    -9.3437471097   0.000087510908       0.1242  AAAAAGAAAGAAA
    31      2    -8.3118778027   0.000245582455       0.3485  AAAAAGAGAAAAA
    32      1    -7.0619038134   0.000857144696       1.2163  AAAAGAAAAAAAA
    33      1    -8.8516199574   0.000143149652       0.2031  AAACAAAAAAAGA
    34      2    -5.6752555514   0.003429792376       4.8669  AAAGAAAAAAAAA
    35      1    -9.4759242256   0.000076675814       0.1088  AAAGAAAAAGATA
    36      2    -8.3533334177   0.000235609822       0.3343  AAAGAAAGAAAAA
    37      1    -9.2893935075   0.000092399083       0.1311  AAAGAAAGAGAAG
    38      1   -13.7648242441   0.000001051993       0.0015  AAAGAAGAAAAAG
    39      1    -9.5949815164   0.000068069486       0.0966  AAAGAGAAAGAGA
    40      1    -7.0111678255   0.000901754881       1.2796  AAAGAGAGAGAGA
    41      1    -6.9100100804   0.000997747739       1.4158  AAATAAAAAAAAA
    42      1   -12.1731449345   0.000005167379       0.0073  AAATACAAATAAA
    43      1    -7.1463882607   0.000787703931       1.1178  AAATATATATAAA
    44      1   -13.2025239888   0.000001845936       0.0026  AACACACACACAA
    45      1   -11.5917515124   0.000009242007       0.0131  AAGGGAGGGGAAA
    46      1   -17.9578442093   0.000000015886       0.0000  AATGAGAAAGAAG
    47      1   -11.6237263942   0.000008951169       0.0127  ACAAAAAGAAAGA
    48      6    -5.7828694805   0.003079865103       4.3703  ACACACACACAAA
    49      3    -6.0861407174   0.002274168660       3.2270  ACACACACACACA
    50      1    -7.0796742649   0.000842047388       1.1949  ACACACACACATA
    51      1   -10.2394972680   0.000035730808       0.0507  ACACACACACCAC
    52      1   -10.3339025706   0.000032511959       0.0461  ACACACACACCCA
    53      1    -7.3983767077   0.000612245809       0.8688  ACACACACACCCC
    54      1   -13.0211973572   0.000002212921       0.0031  ACACACACACGAT
    55      1   -10.1547477392   0.000038890998       0.0552  ACACACACACTAA
    56      1   -11.4441869776   0.000010711561       0.0152  ACACACACACTAT
    57      2   -10.8192903125   0.000020009762       0.0284  ACACACACATAGA
    58      1    -8.6118520403   0.000181936644       0.2582  ACACACATACAAA
    59      1    -8.7951316606   0.000151468684       0.2149  ACACATACACAAA
    60      1   -10.0430216754   0.000043488167       0.0617  ACACATACACATA
    61      1   -14.5893692284   0.000000461230       0.0007  ACAGACAGAAACA
    62      1   -12.0728477747   0.000005712534       0.0081  ACAGACAGAGATA
    63      1   -20.3204564388   0.000000001496       0.0000  ACAGATAAAACCA
    64      1   -10.2021861828   0.000037089146       0.0526  ACATACACACAGA
    65      1   -14.4124716108   0.000000550482       0.0008  ACATACACACTTA
    66      1   -11.4580800967   0.000010563773       0.0150  ACATACATACAAA
    67      1    -9.1310560063   0.000108251211       0.1536  ACATACATATAAA
    68      1   -10.3246375320   0.000032814583       0.0466  ACATACATATATA
    69      1   -13.2799777582   0.000001708358       0.0024  ACATATATACAGA
    70      2    -8.1733619973   0.000282068108       0.4003  ACATATATATAAA
    71      1    -8.7633595907   0.000156358425       0.2219  ACATATATATATA
    72      1   -15.1483401028   0.000000263730       0.0004  ACTGTGTGTGTCT
    73      3    -5.4521329680   0.004287150577       6.0835  AGAAAAAAAAAAA
    74      3    -6.9247938209   0.000983105793       1.3950  AGAAAAAAAAAGA
    75      1   -10.5718885052   0.000025626374       0.0364  AGAAAAAGAGAGA
    76      3    -7.4479095509   0.000582658358       0.8268  AGAAAGAAAAAAA
    77      1   -12.4043782450   0.000004100596       0.0058  AGAAAGAAAGATA
    78      1    -8.2138093993   0.000270886837       0.3844  AGAAAGAGAAAAA
    79      2    -7.4368612308   0.000589131446       0.8360  AGAAAGAGAGAAA
    80      1    -8.7978489162   0.000151057664       0.2144  AGACACACACAAA
    81      1    -9.3149208195   0.000090070234       0.1278  AGACAGAGAGAGA
    82      1   -17.4328129375   0.000000026855       0.0000  AGAGAAAAAACAT
    83      1    -7.2524311739   0.000708449928       1.0053  AGAGAAAGAGAAA
    84      1   -18.0056931343   0.000000015144       0.0000  AGAGACAAAGTGT
    85      1    -7.1832847595   0.000759170051       1.0773  AGAGAGAAAGAAA
    86      1    -9.7994841749   0.000055480210       0.0787  AGAGAGAAAGACA
    87      1    -7.4570666221   0.000577347268       0.8193  AGAGAGAAAGAGA
    88      1   -15.2229278486   0.000000244775       0.0003  AGAGAGACAGCGC
    89      1   -11.9527435372   0.000006441536       0.0091  AGAGAGACAGGGA
    90     13    -4.4635846338   0.011520990647      16.3483  AGAGAGAGAGAAA
    91      1    -7.3702291636   0.000629723853       0.8936  AGAGAGAGAGAAG
    92      1    -7.0785632486   0.000842983436       1.1962  AGAGAGAGAGACA
    93      1    -9.4848905281   0.000075991389       0.1078  AGAGAGAGAGACG
    94      4    -4.7348831661   0.008783474980      12.4638  AGAGAGAGAGAGA
    95      1    -9.3558590164   0.000086457377       0.1227  AGAGAGAGAGATG
    96      1    -9.1462271492   0.000106621311       0.1513  AGAGAGAGAGGCG
    97      1    -8.8370416888   0.000145251812       0.2061  AGAGAGAGAGTAA
    98      1   -12.6698525569   0.000003144510       0.0045  AGAGAGAGATGAA
    99      1   -13.2836913252   0.000001702026       0.0024  AGATAAATATGAA
   100      1   -13.7342754017   0.000001084626       0.0015  AGATATATATAGC
   101      1   -13.2203778032   0.000001813272       0.0026  AGGAGGGAGAAGG
   102      1   -19.8599591508   0.000000002371       0.0000  AGGCACGCACGGG
   103      1   -16.1178747016   0.000000100022       0.0001  AGGTGGGAGTGAG
   104      1    -9.7169160137   0.000060255542       0.0855  ATAAAAAAAAACA
   105      1   -13.1924534977   0.000001864620       0.0026  ATACACACACTAT
   106      1   -10.8950594407   0.000018549654       0.0263  ATACACATACAAA
   107      1   -11.9123026142   0.000006707377       0.0095  ATACACATATAAA
   108      1    -9.4328137328   0.000080053633       0.1136  ATACATACACATA
   109      1   -10.7757069111   0.000020901139       0.0297  ATAGAAAAAGAAA
   110      1    -8.7575133023   0.000157275219       0.2232  ATATACATATAAA
   111      1    -9.0401157430   0.000118557114       0.1682  ATATACATATATA
   112      6    -5.6164278976   0.003637611851       5.1618  ATATATATATAAA
   113      1    -9.8867452036   0.000050844164       0.0721  ATATATATATACC
   114      3    -5.8762824655   0.002805194322       3.9806  ATATATATATATA
   115      1   -12.7962876688   0.000002771041       0.0039  ATATATATATTAC
   116      1   -10.0963097736   0.000041231428       0.0585  CACACACACAAAC
   117      1   -10.2426897449   0.000035616920       0.0505  CACACACACAATA
   118      1    -8.1465416077   0.000289735648       0.4111  CACACACACACAA
   119      2    -6.0056631366   0.002464754338       3.4975  CACACACACACAC
   120      1    -5.8204865219   0.002966161691       4.2090  CACACACACACCC
   121      1    -7.2099081322   0.000739225063       1.0490  CACACACACACGC
   122      1    -9.3413631434   0.000087719780       0.1245  CACACACACACTT
   123      1   -10.7926690169   0.000020549601       0.0292  CACACACACGCTC
   124      1   -13.2250258292   0.000001804863       0.0026  CACACACACGGAG
   125      1   -13.1395359435   0.000001965948       0.0028  CACACACCCATCC
   126      1    -8.9844440077   0.000125344576       0.1779  CACACACGCACAC
   127      1   -16.2503002139   0.000000087616       0.0001  CACACACGCGATA
   128      1   -10.0220591932   0.000044409409       0.0630  CACACACTCACCC
   129      1   -10.7009933717   0.000022522554       0.0320  CACACATACACAC
   130      1   -18.4849464955   0.000000009378       0.0000  CACACATATACTT
   131      1   -13.5474133456   0.000001307474       0.0019  CACACCCACATTT
   132      1   -10.9909789632   0.000016853049       0.0239  CACCCACCCCCAC
   133      1   -19.6726158921   0.000000002860       0.0000  CACCCGCCCTTAC
   134      1   -12.0624673641   0.000005772142       0.0082  CACGCACACACAT
   135      1   -17.3409016357   0.000000029440       0.0000  CACGCACGCAGTC
   136      1   -14.6162956482   0.000000448976       0.0006  CACGCGCACGTAC
   137      1   -14.8037988494   0.000000372213       0.0005  CACGCGCCCGGGG
   138      1   -21.5339811670   0.000000000445       0.0000  CACGCTCATATTT
   139      1   -14.2725271366   0.000000633170       0.0009  CACTCTCTCTGTT
   140      1   -13.5556092743   0.000001296802       0.0018  CATACATATACAT
   141      1   -13.0377579883   0.000002176575       0.0031  CATATATATACTT
   142      1   -10.3040787327   0.000033496194       0.0475  CATATATATATAT
   143      1   -16.6165181780   0.000000060749       0.0001  CATGCGCGCGCCT
   144      1   -15.9373098672   0.000000119816       0.0002  CATTCTCTCTCGC
   145      1   -17.8022881090   0.000000018559       0.0000  CATTTTTATTTAT
   146      1   -16.2024650419   0.000000091909       0.0001  CCCACACGCAATC
   147      1   -18.2997509937   0.000000011285       0.0000  CCCACCCCCGTGT
   148      1   -12.3610980408   0.000004281967       0.0061  CCCACTCTCACTC
   149      1    -7.1530306660   0.000782489021       1.1104  CCCCCACCCCCCC
   150      1   -10.2459676931   0.000035500361       0.0504  CCCCCACCCCCGC
   151      1    -8.5739852198   0.000188958108       0.2681  CCCCCCCACCCTC
   152      1    -9.9428080122   0.000048072128       0.0682  CCCCCCCCCCAAC
   153      1   -11.6460914618   0.000008753198       0.0124  CCCCCCCCCCATA
   154      5    -5.6826744962   0.003404441092       4.8309  CCCCCCCCCCCAC
   155    119    -2.8325928699   0.058860039216      83.5224  CCCCCCCCCCCCC
   156      2    -5.9479783424   0.002611113964       3.7052  CCCCCCCCCCCCT
   157      4    -5.9272525428   0.002665796097       3.7828  CCCCCCCCCCCGC
   158      5    -4.4842451477   0.011285403119      16.0140  CCCCCCCCCCCTC
   159      2    -5.8265615704   0.002948196739       4.1835  CCCCCCCCCCTCC
   160      1    -7.8370067085   0.000394849172       0.5603  CCCCCCCCCCTCT
   161      1    -8.0810379418   0.000309349782       0.4390  CCCCCCCCCGCCC
   162      3    -6.5293971707   0.001459885646       2.0716  CCCCCCCCCTCCC
   163      1    -8.5121360566   0.000201013989       0.2852  CCCCCCCTCCCAC
   164      2    -5.6621160330   0.003475155569       4.9312  CCCCCCCTCCCCC
   165      2    -7.3134626388   0.000666505185       0.9458  CCCCCCCTCCCTC
   166      1   -11.7471106900   0.000007912152       0.0112  CCCCCCCTCCTGC
   167      1    -8.7334882560   0.000161099519       0.2286  CCCCCCCTCTCCC
   168      1   -11.5731424327   0.000009415602       0.0134  CCCCCTCACCCTC
   169      4    -7.5080232897   0.000548664568       0.7786  CCCCCTCCCCCTC
   170      1   -13.1011459232   0.000002042888       0.0029  CCCCCTCCCCTAT
   171      1   -11.0937483634   0.000015207097       0.0216  CCCCCTCCCTCTC
   172      1    -8.4882936970   0.000205864227       0.2921  CCCCCTCTCCCCC
   173      2   -10.0101615929   0.000044940930       0.0638  CCCCCTCTCCCTC
   174      1   -10.3156921016   0.000033109441       0.0470  CCCCCTCTCTCTC
   175      1   -17.4356476782   0.000000026779       0.0000  CCCCTCCCCGTTT
   176      1   -17.0819666089   0.000000038141       0.0001  CCCCTCCCTCTCT
   177      1   -28.2382771265   0.000000000001       0.0000  CCCCTCGCGCTGA
   178      1   -11.9011470533   0.000006782620       0.0096  CCCCTCTCCCCCC
   179      1   -18.0261449951   0.000000014837       0.0000  CCCCTGCCCCCGT
   180      1   -12.9077907630   0.000002478664       0.0035  CCCGCACACACAC
   181      1   -12.3974784405   0.000004128987       0.0059  CCCGCCCCCACTC
   182      1   -19.5403506872   0.000000003264       0.0000  CCCGCTCTCCTGT
   183      2    -7.5638028877   0.000518898176       0.7363  CCCTCCCCCCCTC
   184      1   -10.6996310854   0.000022553257       0.0320  CCCTCCCCCGCCC
   185      1    -9.5783428779   0.000069211545       0.0982  CCCTCCCCCTCAC
   186      2    -6.2389827520   0.001951840019       2.7697  CCCTCCCTCTCCC
   187      2    -7.8570956920   0.000386996197       0.5491  CCCTCCCTCTCTC
   188      1   -12.0711322995   0.000005722343       0.0081  CCCTCCCTCTTAC
   189      2   -10.8253481743   0.000019888912       0.0282  CCCTCCCTCTTTC
   190      1   -18.5042451440   0.000000009198       0.0000  CCCTCCTTTTCCT
   191      1   -12.6982724126   0.000003056401       0.0043  CCCTCGCTCTCAC
   192      1   -11.2084575847   0.000013559033       0.0192  CCCTCTCACTCTC
   193      1    -9.8778239878   0.000051299785       0.0728  CCCTCTCCCTCTC
   194      1   -14.3373346017   0.000000593437       0.0008  CCCTCTCCCTTAC
   195      1   -11.5938622388   0.000009222520       0.0131  CCCTCTCCCTTCC
   196      1   -13.0946610564   0.000002056179       0.0029  CCCTCTCCCTTCT
   197      1   -10.8730147636   0.000018963115       0.0269  CCCTCTCTCCCTC
   198      2    -5.9654647977   0.002565851728       3.6409  CCCTCTCTCTCCC
   199      1    -9.0254170271   0.000120312621       0.1707  CCCTCTCTCTCCT
   200      6    -7.1253503797   0.000804451097       1.1415  CCCTCTCTCTCTC
   201      1   -10.3125326853   0.000033214213       0.0471  CCCTCTCTCTTCT
   202      1   -13.6355376010   0.000001197185       0.0017  CCCTCTTTCTCGC
   203      1   -20.1662642196   0.000000001745       0.0000  CCCTTCCACTTAC
   204      1   -15.2364317260   0.000000241491       0.0003  CCCTTCCCCCTCT
   205      1   -21.2159583971   0.000000000611       0.0000  CCCTTTTCTTTGT
   206      1   -16.6792860349   0.000000057053       0.0001  CCTACCTCTCTTT
   207      1   -20.1081982061   0.000000001850       0.0000  CCTATCTGTTTCT
   208      1   -12.2388364941   0.000004838835       0.0069  CCTCCTTCTCCTC
   209      1   -20.2656330302   0.000000001580       0.0000  CCTCTCCATCTAT
   210      1    -9.0065502713   0.000122604078       0.1740  CCTCTCTCTCTTT
   211      1   -24.3876881320   0.000000000026       0.0000  CCTGCCTATAGAG
   212      1   -10.0405720229   0.000043594829       0.0619  CCTTTTTTTTTTT
   213      1   -13.0000393293   0.000002260241       0.0032  CGCACACACAAAC
   214      1   -15.2495792594   0.000000238337       0.0003  CGCACACACATCA
   215      1   -11.7707136342   0.000007727589       0.0110  CGCACACGCACAC
   216      1   -15.5024975528   0.000000185076       0.0003  CGCACACGCGCTT
   217      1   -12.9735619403   0.000002320885       0.0033  CGCACGCGCACCT
   218      1   -10.2578787539   0.000035080022       0.0498  CGCACGCGCGCAC
   219      1   -15.1960778837   0.000000251436       0.0004  CGCACGTACACTC
   220      1   -23.5575470908   0.000000000059       0.0000  CGCATGTACGTCC
   221      1   -17.2472283928   0.000000032331       0.0000  CGCCCCCGCCTGC
   222      1   -12.7399205219   0.000002931722       0.0042  CGCGCACACACTC
   223      1   -15.3275277182   0.000000220465       0.0003  CGCGCACACATAT
   224      1   -10.1474745646   0.000039174891       0.0556  CGCGCACGCGCAC
   225      1   -11.7122980186   0.000008192446       0.0116  CGCGCCCGCGCTC
   226      1   -10.8698209548   0.000019023777       0.0270  CGCGCGCGCACTC
   227      1   -10.0373634872   0.000043734929       0.0621  CGCGCGCGCGCAG
   228      3    -6.1394203529   0.002156173076       3.0596  CGCGCGCGCGCCC
   229      1   -10.4776258126   0.000028159499       0.0400  CGCGCGCGCGCCG
   230      2    -6.4104227600   0.001644329199       2.3333  CGCGCGCGCGCGC
   231      1    -8.6002350588   0.000184062523       0.2612  CGCGCGCGCGCGG
   232      2    -7.2778748912   0.000690651715       0.9800  CGCGCGCGCGCTC
   233      1    -7.7207182143   0.000443541931       0.6294  CGCGCGCGCGGGG
   234      1   -11.7541220760   0.000007856871       0.0111  CGCGCGCGCGGTC
   235      1   -12.2189748026   0.000004935904       0.0070  CGCGCGCGCGTAG
   236      1   -11.7488508475   0.000007898396       0.0112  CGCGTGCGCGCTC
   237      1   -15.5837296694   0.000000170637       0.0002  CGCTCCCTCCCGC
   238      1   -21.5390717347   0.000000000442       0.0000  CGCTCCCTTTCAA
   239      1   -17.8155855736   0.000000018314       0.0000  CGCTTTTTCTCCC
   240      1    -8.7771401472   0.000154218497       0.2188  CGGGGGGGGGGGG
   241      1   -20.3157938784   0.000000001503       0.0000  CGTACATATGTAT
   242      1   -16.8265388747   0.000000049241       0.0001  CGTACGTGTGTCC
   243      1   -18.0928850861   0.000000013879       0.0000  CGTGCGCACACTC
   244      1   -15.3981184283   0.000000205439       0.0003  CGTGTGTATGCTC
   245      1   -11.5828986888   0.000009324188       0.0132  CGTGTGTGTGTAT
   246      1    -8.7069534612   0.000165431481       0.2347  CTCACACACACCC
   247      1   -12.0142663748   0.000006057179       0.0086  CTCACACACATTC
   248      1   -21.1021359754   0.000000000685       0.0000  CTCACACTCTTAA
   249      1   -13.2874146756   0.000001695700       0.0024  CTCACCCACATCC
   250      1   -25.5410457664   0.000000000008       0.0000  CTCACGTGTGTGC
   251      1   -19.1996560758   0.000000004589       0.0000  CTCCCACGCGTTC
   252      1    -5.7071081974   0.003322266004       4.7143  CTCCCCCCCCCCC
   253      3    -7.0782872074   0.000843216167       1.1965  CTCCCCCCCCCTC
   254      1   -10.7403905906   0.000021652479       0.0307  CTCCCCCCCTCTC
   255      1   -11.2710014349   0.000012736974       0.0181  CTCCCCCTCCCAC
   256      1    -9.7976875263   0.000055579978       0.0789  CTCCCCCTCCCTC
   257      1   -13.8173062523   0.000000998206       0.0014  CTCCCCCTCTTTC
   258      1   -14.4930176322   0.000000507882       0.0007  CTCCCCTTCCCTC
   259      1   -12.4650662428   0.000003859140       0.0055  CTCCCTCCCCCTA
   260      1    -8.1974746491   0.000275348043       0.3907  CTCCCTCCCCCTC
   261      1   -10.5980251527   0.000024965264       0.0354  CTCCCTCCCTCTC
   262      1   -10.3584382395   0.000031723963       0.0450  CTCCCTCTCTCGC
   263      1   -14.8406726187   0.000000358738       0.0005  CTCCCTCTCTGGC
   264      1   -14.0684474604   0.000000776517       0.0011  CTCGCCCGCACCC
   265      1   -15.8486620259   0.000000130922       0.0002  CTCGCGCACACAC
   266      1   -14.6460459960   0.000000435816       0.0006  CTCGCGCACGCCT
   267      1   -13.5246664457   0.000001337556       0.0019  CTCGCGCGCGCAT
   268      1   -10.1478622570   0.000039159706       0.0556  CTCTCCCCCCCTC
   269      2    -7.8464516505   0.000391137401       0.5550  CTCTCCCTCTCTC
   270      1    -9.7541914888   0.000058050834       0.0824  CTCTCCCTCTCTT
   271      1    -8.8150149648   0.000148486730       0.2107  CTCTCTCACTCTC
   272      1   -10.6505851509   0.000023686977       0.0336  CTCTCTCTCTCAA
   273      7    -4.5846591395   0.010207228436      14.4841  CTCTCTCTCTCCC
   274      2    -7.1458108725   0.000788158873       1.1184  CTCTCTCTCTCGC
   275     10    -4.7185310749   0.008928283901      12.6692  CTCTCTCTCTCTC
   276      1    -9.8030552376   0.000055282440       0.0784  CTCTCTCTCTTAC
   277      1    -7.5345395476   0.000534307230       0.7582  CTCTCTCTCTTTC
   278      1   -12.3173747342   0.000004473342       0.0063  CTCTTCCTCTCTC
   279      1   -16.3661351750   0.000000078033       0.0001  CTCTTTTTCTTCC
   280      1   -11.0813247139   0.000015397203       0.0218  CTTCTTTTTCTTT
   281      1   -20.0086017214   0.000000002044       0.0000  CTTGTGTGCGCTC
   282      1   -16.5200106921   0.000000066904       0.0001  CTTTCATTTTTTC
   283      1   -14.2860859639   0.000000624643       0.0009  CTTTCCCTCTTTT
   284      1   -15.9522798340   0.000000118036       0.0002  CTTTTTCATTTTT
   285      1    -9.2315769448   0.000097898734       0.1389  GAAAGAAAAAGAG
   286      1   -11.6209270893   0.000008976261       0.0127  GAAAGAGAAAAAA
   287      1   -10.7902132296   0.000020600129       0.0292  GACAGACACAGGG
   288      1   -11.9525952370   0.000006442491       0.0091  GAGAAAGGGAGAG
   289      3    -5.8886931058   0.002770595207       3.9315  GAGAGAGAGAAAA
   290      1    -7.3357538101   0.000651812372       0.9249  GAGAGAGAGAAAG
   291      6    -4.6081490775   0.009970255410      14.1478  GAGAGAGAGAGAG
   292      1    -7.0531503233   0.000864680638       1.2270  GAGAGAGAGAGCG
   293      1    -7.2751979554   0.000692503022       0.9827  GAGAGAGAGAGGA
   294     15    -4.5228973321   0.010857520211      15.4068  GAGAGAGAGAGGG
   295      1    -9.1840237861   0.000102666592       0.1457  GAGAGAGAGAGTA
   296      1    -6.9241188116   0.000983769623       1.3960  GAGAGAGAGAGTG
   297      1    -9.8105452985   0.000054869918       0.0779  GAGAGAGAGATAA
   298      1    -9.4345421556   0.000079915386       0.1134  GAGAGAGGGAGAA
   299      1   -10.0287288574   0.000044114199       0.0626  GAGAGAGGGAGCG
   300      2    -7.7407324117   0.000434753040       0.6169  GAGAGGGAGAGAG
   301      1   -12.9866789146   0.000002290641       0.0033  GAGAGGGAGATAA
   302      1   -10.0864213272   0.000041641165       0.0591  GAGAGGGGGAGAG
   303      1   -13.8355114505   0.000000980198       0.0014  GAGGGAGAGATAT
   304      1    -9.4821325401   0.000076201262       0.1081  GAGGGAGGGGAAA
   305      2    -7.6978205645   0.000453815167       0.6440  GAGGGAGGGGGGG
   306      1   -10.1822572041   0.000037835710       0.0537  GAGGGGGGGGCGG
   307      1    -6.9658655228   0.000943545922       1.3389  GAGGGGGGGGGAG
   308      1    -5.6888936171   0.003383334162       4.8010  GAGGGGGGGGGGG
   309      1   -11.3688633448   0.000011549559       0.0164  GAGTGCGTGTGGG
   310      1    -8.9693847288   0.000127246459       0.1806  GCGAGAGAGAGAG
   311      1   -16.6687419524   0.000000057658       0.0001  GCGAGGGAGAGCT
   312      1   -10.3763237441   0.000031161608       0.0442  GCGCGCGCGCAGA
   313      2    -7.1720078002   0.000767779635       1.0895  GCGCGCGCGCGAG
   314      3    -6.3799688479   0.001695175764       2.4055  GCGCGCGCGCGCG
   315      5    -6.1516166982   0.002130035360       3.0225  GCGCGCGCGCGGG
   316      1    -7.3734631233   0.000627690641       0.8907  GCGCGCGCGCGTG
   317      1   -11.9415140921   0.000006514279       0.0092  GCGCGCGCGCTGT
   318      1    -9.3881840103   0.000083707330       0.1188  GCGCGCGCGCTTT
   319      1   -10.0009941741   0.000045354817       0.0644  GCGCGCGTGCGAG
   320      1    -9.2093849558   0.000100095587       0.1420  GCGCGCGTGCGCG
   321      1   -11.5915544694   0.000009243828       0.0131  GCGCGTGTGCGGG
   322      1   -16.7567785824   0.000000052799       0.0001  GCGGGTGCGTGAG
   323      1   -14.6027786126   0.000000455086       0.0006  GCGTGCGCGCTAG
   324      1   -11.2552066727   0.000012939749       0.0184  GCGTGCGCGTGTG
   325      1   -13.7782178706   0.000001037997       0.0015  GCGTGCGGGCGCG
   326      1   -11.8268208601   0.000007305954       0.0104  GCGTGCGTGCGGG
   327      1   -14.6771583849   0.000000422465       0.0006  GCGTGTGCGTGAA
   328      1   -16.6985592686   0.000000055964       0.0001  GGAGGGAGGGAAA
   329      3    -6.9965212640   0.000915059686       1.2985  GGGAGAGAGAGAG
   330      1    -9.7362486474   0.000059101831       0.0839  GGGAGAGGGAGAG
   331      1    -8.5403831373   0.000195415375       0.2773  GGGAGAGGGAGGG
   332      1   -10.3229260953   0.000032870791       0.0466  GGGAGAGGGGGAG
   333      1   -16.8485678757   0.000000048168       0.0001  GGGAGGGGGAATC
   334      1    -5.8944785473   0.002754612369       3.9088  GGGAGGGGGGGGG
   335      1   -12.5017256170   0.000003720228       0.0053  GGGCGCGCGCAGA
   336      1   -10.4154631592   0.000029965520       0.0425  GGGCGCGCGCGTG
   337      1    -8.4455741606   0.000214849202       0.3049  GGGCGGGGGCGGG
   338      1   -10.9170268624   0.000018146609       0.0258  GGGCGGGGGTGGG
   339      1    -9.8088613570   0.000054962394       0.0780  GGGGGAGAGGGAG
   340      1   -13.9736731695   0.000000853711       0.0012  GGGGGAGGGCAGG
   341      1   -14.3999118610   0.000000557439       0.0008  GGGGGAGGGGAAC
   342      1    -7.4700474023   0.000569901282       0.8087  GGGGGCGGGGGGG
   343      1    -9.0503485414   0.000117350128       0.1665  GGGGGGAGGGGAG
   344      1   -12.9664549620   0.000002337438       0.0033  GGGGGGGAGAGAA
   345      1    -8.6575629291   0.000173807372       0.2466  GGGGGGGAGAGGG
   346      1    -7.1815874535   0.000760459689       1.0791  GGGGGGGAGGGAG
   347      1    -8.7113201953   0.000164710661       0.2337  GGGGGGGAGGGCG
   348      1    -8.1553841523   0.000287184942       0.4075  GGGGGGGGGCGGG
   349      2    -8.8727634947   0.000140154735       0.1989  GGGGGGGGGGACG
   350      1    -7.4144454704   0.000602486397       0.8549  GGGGGGGGGGCGG
   351      1    -7.2739071395   0.000693397494       0.9839  GGGGGGGGGGGAA
   352     14    -4.4590899540   0.011572890359      16.4219  GGGGGGGGGGGAG
   353      4    -5.9886057539   0.002507157209       3.5577  GGGGGGGGGGGCG
   354      2    -5.9304395661   0.002657313667       3.7707  GGGGGGGGGGGGA
   355      2    -7.5643444543   0.000518617234       0.7359  GGGGGGGGGGGGC
   356    166    -2.9209375598   0.053883144942      76.4602  GGGGGGGGGGGGG
   357      3    -7.4353129426   0.000590044298       0.8373  GGGGGGGGGGGGT
   358      2    -5.8595742422   0.002852457880       4.0476  GGGGGGGGGGGTG
   359      1   -10.6939296073   0.000022682211       0.0322  GGGGGGGGGGTGT
   360      1   -10.1770968575   0.000038031460       0.0540  GGGGGGGTGGGCG
   361      1    -7.1094415071   0.000817351350       1.1598  GGGGGGGTGGGGG
   362      1    -7.3410158907   0.000648391491       0.9201  GGGGGTGGGGGGG
   363      1   -12.6590388515   0.000003178698       0.0045  GGGTGGGGGTGAA
   364      1   -10.2752081167   0.000034477345       0.0489  GTGAGAGAGAGTG
   365      1   -15.7047684181   0.000000151184       0.0002  GTGCGTGCGTAAG
   366      1   -10.2083859249   0.000036859915       0.0523  GTGCGTGTGCGTG
   367      1   -12.2455249162   0.000004806579       0.0068  GTGCGTGTGTATG
   368      1    -9.3829942957   0.000084142876       0.1194  GTGCGTGTGTGTG
   369      1   -10.0484287545   0.000043253658       0.0614  GTGGGAGGGGGGG
   370      1   -14.1083330173   0.000000746155       0.0011  GTGGGGGAGAGAG
   371      1   -11.7668195900   0.000007757739       0.0110  GTGGGTGGGGGAG
   372      1    -7.3359458210   0.000651687229       0.9247  GTGTGTGTGTGCG
   373      3    -5.9851727434   0.002515779097       3.5699  GTGTGTGTGTGGG
   374      2    -6.1701089021   0.002091008273       2.9671  GTGTGTGTGTGTG
   375      1   -13.2241377957   0.000001806467       0.0026  GTTTGTTTTTTTT
   376      1   -14.0214965977   0.000000813844       0.0012  TAAATAAAAATAA
   377      1   -11.6662076828   0.000008578876       0.0122  TAAATAAAAATTT
   378      1   -10.1439431807   0.000039313477       0.0558  TACACACACACCC
   379      1   -14.7065431955   0.000000410232       0.0006  TACCCACCCCCCC
   380      1   -15.6244414461   0.000000163829       0.0002  TACTCACTCTTTT
   381      1    -7.1341400825   0.000797411196       1.1315  TATATATATAAAA
   382      1   -13.0896550741   0.000002066498       0.0029  TATATATATAACG
   383      1    -7.9963268067   0.000336697113       0.4778  TATATATATATAA
   384      4    -5.8518557535   0.002874559731       4.0790  TATATATATATAT
   385      2    -7.0561189003   0.000862117574       1.2233  TATATATATATGT
   386      2    -8.8143196441   0.000148590012       0.2108  TATATATATATTC
   387      2    -5.6288312532   0.003592771915       5.0981  TATATATATATTT
   388      1   -18.1867818517   0.000000012635       0.0000  TATATATTCATAC
   389      1    -9.0262355372   0.000120214184       0.1706  TATATGTATATAT
   390      1    -9.8623075871   0.000052101981       0.0739  TATATTTATATTT
   391      1   -13.5416340065   0.000001315052       0.0019  TATCTATATACAT
   392      1   -11.3912972731   0.000011293341       0.0160  TATCTATATCTAT
   393      1    -8.9152614450   0.000134323237       0.1906  TATCTCTCTCTCT
   394      1   -12.8378217605   0.000002658305       0.0038  TATCTGTGTGTTT
   395      1    -9.0784583392   0.000114097371       0.1619  TATGTATATATAT
   396      1   -15.0545948024   0.000000289649       0.0004  TATGTATATCTGT
   397      1   -12.3515479205   0.000004323056       0.0061  TATGTGTGTGCAC
   398      1    -8.9155166283   0.000134288964       0.1906  TATGTGTGTGTGT
   399      1   -13.5699603348   0.000001278324       0.0018  TATTTATGTTTAT
   400      1    -6.7911552334   0.001123669923       1.5945  TATTTTTTTTTTT
   401      1   -15.8782123523   0.000000127110       0.0002  TCCCCACCCCTTC
   402      1   -15.1147933652   0.000000272727       0.0004  TCCCCCCCTCTTT
   403      1   -14.3891040393   0.000000563497       0.0008  TCCCCCCTCCTTC
   404      1   -15.1617652054   0.000000260213       0.0004  TCCCTCTCCCCGC
   405      1   -16.3730622432   0.000000077494       0.0001  TCCCTTTCCCTTC
   406      1   -13.6050557204   0.000001234239       0.0018  TCCGCGCGCGCTC
   407      1   -21.1086507821   0.000000000680       0.0000  TCCGTCCACCCCT
   408      1   -10.5625145389   0.000025867724       0.0367  TCCTCCCTCTCCC
   409      1   -20.4639991428   0.000000001296       0.0000  TCCTCCTCTCCCT
   410      1   -18.1562395452   0.000000013027       0.0000  TCCTTATCCCTCT
   411      1   -13.5686844226   0.000001279957       0.0018  TCCTTTCTCTCTT
   412      1   -16.1929978769   0.000000092783       0.0001  TCCTTTTTCTCTC
   413      2    -8.6418614643   0.000176557940       0.2505  TCTATATATATTT
   414      2    -9.2784916258   0.000093411917       0.1326  TCTATCTATATTT
   415      1   -12.9876905595   0.000002288325       0.0032  TCTATCTATGTTT
   416      1   -11.9588810939   0.000006402122       0.0091  TCTATCTTTTTTT
   417      1   -19.6005255364   0.000000003073       0.0000  TCTATGTGTACTA
   418      1   -11.5149418682   0.000009979856       0.0142  TCTCCCTCTCTAT
   419      1   -11.7595199148   0.000007814575       0.0111  TCTCCCTCTCTGT
   420      1   -12.0627388423   0.000005770575       0.0082  TCTCCCTCTCTTC
   421      1   -14.8120650960   0.000000369149       0.0005  TCTCTATTTCCCT
   422      1    -9.9530579273   0.000047581909       0.0675  TCTCTCTCCCTCT
   423      1   -10.4618472501   0.000028607339       0.0406  TCTCTCTCTCAAA
   424      1   -11.1578050574   0.000014263524       0.0202  TCTCTCTCTCAAT
   425      1    -6.1096252187   0.002221383190       3.1521  TCTCTCTCTCCCC
   426      1   -11.8133535293   0.000007405012       0.0105  TCTCTCTCTCGAG
   427      1   -11.4235422366   0.000010934996       0.0155  TCTCTCTCTCGTC
   428      3    -6.9140274355   0.000993747472       1.4101  TCTCTCTCTCTAT
   429      2    -4.7829029986   0.008371660738      11.8794  TCTCTCTCTCTCT
   430      1    -7.1586054821   0.000778138926       1.1042  TCTCTCTCTCTGT
   431      2    -7.4729247541   0.000568263832       0.8064  TCTCTCTCTCTTC
   432      9    -4.5544533703   0.010520249342      14.9282  TCTCTCTCTCTTT
   433      1   -13.5141431393   0.000001351706       0.0019  TCTCTCTTTCACA
   434      2    -7.3805355597   0.000623267000       0.8844  TCTCTCTTTCTTT
   435      1   -10.2836639188   0.000034187040       0.0485  TCTCTCTTTTTTT
   436      1    -7.7898068701   0.000413932819       0.5874  TCTCTTTCTCTCT
   437      1    -7.4344286785   0.000590566284       0.8380  TCTCTTTCTCTTT
   438      1   -14.3162232731   0.000000606099       0.0009  TCTCTTTCTTCTC
   439      1   -12.4663195406   0.000003854306       0.0055  TCTGTCTATATTT
   440      1   -14.3217863463   0.000000602736       0.0009  TCTGTCTTTCTAT
   441      1    -8.9416077717   0.000130830525       0.1856  TCTGTGTGTGTTT
   442      1   -20.5100778378   0.000000001238       0.0000  TCTGTTTCCCCTC
   443      1   -18.4093381183   0.000000010114       0.0000  TCTGTTTCTGCGT
   444      1   -12.6875685350   0.000003089292       0.0044  TCTTTCCCTCTCT
   445      1   -12.0254510015   0.000005989809       0.0085  TCTTTCTCTCTTA
   446      1    -8.6731049844   0.000171126932       0.2428  TCTTTCTCTTTCT
   447      2    -8.4191450713   0.000220603172       0.3130  TCTTTCTCTTTTT
   448      1   -13.1038594955   0.000002037352       0.0029  TCTTTCTTTCTTC
   449      1   -10.0841173128   0.000041737218       0.0592  TCTTTCTTTTTCC
   450      2    -8.1191421240   0.000297784013       0.4226  TCTTTCTTTTTCT
   451      1    -7.6354590586   0.000483016831       0.6854  TCTTTCTTTTTTT
   452      1   -13.5365200069   0.000001321795       0.0019  TCTTTTCTTTCTT
   453      2    -9.6816904780   0.000062415902       0.0886  TCTTTTTATTTTT
   454      1    -9.8726169665   0.000051567601       0.0732  TCTTTTTCTTTCT
   455      1    -9.3966234104   0.000083003863       0.1178  TCTTTTTTTCTTT
   456      3    -7.0599345432   0.000858834309       1.2187  TCTTTTTTTTTCT
   457      4    -5.5878529207   0.003743055881       5.3114  TCTTTTTTTTTTT
   458      1   -16.3241486040   0.000000081379       0.0001  TGCGCGCACGCTT
   459      1   -14.3349983104   0.000000594825       0.0008  TGTATACATATCT
   460      1   -19.0225843987   0.000000005478       0.0000  TGTATCTTTACCT
   461      1   -19.4374969419   0.000000003617       0.0000  TGTCCCTTTCCCT
   462      1   -19.7576285960   0.000000002626       0.0000  TGTGCATATATCC
   463      1   -17.5402242983   0.000000024120       0.0000  TGTGTACATATCT
   464      1   -12.9923732610   0.000002277634       0.0032  TGTGTATTTGTTT
   465      1   -14.2806544479   0.000000628045       0.0009  TGTGTCTTTGTTT
   466      1   -11.6571599730   0.000008656847       0.0123  TGTGTGTATATTT
   467      1    -8.9792824769   0.000125993218       0.1788  TGTGTGTATGTGT
   468      1   -10.2152974983   0.000036606033       0.0519  TGTGTGTGTGATT
   469      1   -13.2993991462   0.000001675500       0.0024  TGTGTGTGTGCCA
   470      1    -7.1306720335   0.000800181458       1.1355  TGTGTGTGTGTAT
   471      1    -8.4499516761   0.000213910752       0.3035  TGTGTGTGTGTGG
   472      1   -10.2642419410   0.000034857510       0.0495  TGTGTGTGTGTTG
   473      3    -5.9477626746   0.002611677158       3.7060  TGTGTGTGTGTTT
   474      1   -11.6367272382   0.000008835550       0.0125  TGTTCTTTTTTTT
   475      1   -20.9533758166   0.000000000794       0.0000  TGTTTATGTCTTA
   476      1   -11.7834084143   0.000007630109       0.0108  TGTTTCTCTCTTT
   477      1   -11.3645243592   0.000011599781       0.0165  TGTTTTTGTTTTT
   478      1    -9.7745889746   0.000056878737       0.0807  TGTTTTTTTTTAT
   479      1   -17.4280576781   0.000000026983       0.0000  TTCCTTTCTCTAC
   480      1   -10.9688674239   0.000017229846       0.0244  TTCTCTCTCTTTC
   481      1    -8.1318624240   0.000294020100       0.4172  TTCTCTCTCTTTT
   482      1   -12.2834455589   0.000004627723       0.0066  TTCTTTCTCTCCC
   483      1   -15.2524735384   0.000000237648       0.0003  TTCTTTTTTTCAC
   484      1   -11.4377745035   0.000010780469       0.0153  TTTATATATAAAA
   485      1   -10.1250214375   0.000040064439       0.0569  TTTCTCTCTCCCT
   486      1    -7.1328177519   0.000798466335       1.1330  TTTCTCTCTCTCT
   487      3    -5.8920481617   0.002761315281       3.9183  TTTCTCTCTCTTT
   488      1   -12.2570534627   0.000004751484       0.0067  TTTCTCTCTTTAT
   489      1    -8.4593829809   0.000211902778       0.3007  TTTCTCTTTCTTT
   490      1   -12.1821238901   0.000005121189       0.0073  TTTCTCTTTTTTC
   491      1   -13.4614440702   0.000001424850       0.0020  TTTCTTTTTATGT
   492      1    -6.6285367059   0.001322096287       1.8761  TTTCTTTTTCTTT
   493      2    -7.5972900326   0.000501809480       0.7121  TTTCTTTTTTTCT
   494      1    -5.8018522387   0.003021952182       4.2882  TTTCTTTTTTTTT
   495      1   -14.3003392227   0.000000615803       0.0009  TTTGTGTGTGGGT
   496      1   -10.0592366502   0.000042788694       0.0607  TTTGTTTTTTTAT
   497      1   -14.1518490750   0.000000714381       0.0010  TTTTCTTTCTTCT
   498      1   -11.9715071993   0.000006321796       0.0090  TTTTCTTTTTTCC
   499      1   -15.6106521246   0.000000166104       0.0002  TTTTTATCTCTTC
   500      1   -17.1080102872   0.000000037161       0.0001  TTTTTCTATTCAC
   501      1   -13.1913897711   0.000001866604       0.0026  TTTTTCTCTCCCT
   502      1   -10.0740117904   0.000042161133       0.0598  TTTTTCTCTTTCT
   503      1    -7.5343817764   0.000534391535       0.7583  TTTTTCTTTTTCT
   504      1    -8.8692817130   0.000140643574       0.1996  TTTTTCTTTTTGT
   505      1    -9.0005188576   0.000123345789       0.1750  TTTTTCTTTTTTC
   506      2    -5.7590653948   0.003154058021       4.4756  TTTTTCTTTTTTT
   507      1    -6.6854951923   0.001248896157       1.7722  TTTTTTTATTTTT
   508      1   -11.8761455494   0.000006954334       0.0099  TTTTTTTCTCTTC
   509      1    -8.4225457269   0.000219854251       0.3120  TTTTTTTCTTTAT
   510      1    -8.6671237735   0.000172153545       0.2443  TTTTTTTCTTTGT
   511      1    -7.5947121644   0.000503104747       0.7139  TTTTTTTTTATTT
   512      1    -6.4134269900   0.001639396668       2.3263  TTTTTTTTTCTTT
   513      1    -9.7228420070   0.000059899524       0.0850  TTTTTTTTTTAAT
   514      2    -6.8595732800   0.001049361621       1.4890  TTTTTTTTTTATT
   515      1    -8.5809718681   0.000187642525       0.2663  TTTTTTTTTTCAT
   516      1    -8.8255499147   0.000146930641       0.2085  TTTTTTTTTTCGT
   517      1   -10.2752034000   0.000034477508       0.0489  TTTTTTTTTTCTG
   518      1   -11.4087043405   0.000011098458       0.0157  TTTTTTTTTTGCC
   519      4    -5.4582239250   0.004261117092       6.0465  TTTTTTTTTTTAT
   520      1    -7.3797324676   0.000623767742       0.8851  TTTTTTTTTTTCC
   521      6    -4.3844353603   0.012469927163      17.6948  TTTTTTTTTTTCT
   522      3    -5.7028019716   0.003336603280       4.7346  TTTTTTTTTTTGT
   523      1    -7.0073003970   0.000905249106       1.2845  TTTTTTTTTTTTA
   524      2    -5.8324675259   0.002930836136       4.1589  TTTTTTTTTTTTC
   525      1    -7.2518784436   0.000708841618       1.0058  TTTTTTTTTTTTG
   526    169    -2.5889531145   0.075098618605     106.5649  TTTTTTTTTTTTT

 2

     1    209    -2.4486383186   0.086411170912     122.6175  AAAAAAAAAAAAA
     2      2    -7.0997319763   0.000825326101       1.1711  AAAAAAAAAAAAC
     3      3    -5.7008976497   0.003342963300       4.7437  AAAAAAAAAAAAG
     4      1    -6.9707004646   0.000938994943       1.3324  AAAAAAAAAAAAT
     5     12    -5.5545737178   0.003869717710       5.4911  AAAAAAAAAAACA
     6      8    -4.2612163568   0.014105135095      20.0152  AAAAAAAAAAAGA
     7      1    -7.2481263169   0.000711506278       1.0096  AAAAAAAAAAAGG
     8      1    -2.2183477912   0.108788702072     154.3712  AAAAAAAAAAANA
     9      5    -5.4255422061   0.004402678355       6.2474  AAAAAAAAAAATA
    10      1    -6.9532735685   0.000955502127       1.3559  AAAAAAAAAACAA
    11      1   -10.2688927354   0.000034695772       0.0492  AAAAAAAAAACAC
    12      1   -10.3732345043   0.000031258022       0.0444  AAAAAAAAAACCC
    13      1   -12.9255735293   0.000002434976       0.0035  AAAAAAAAAACCG
    14      4    -5.5887756952   0.003739603478       5.3065  AAAAAAAAAAGAA
    15      1    -8.6898007432   0.000168293557       0.2388  AAAAAAAAAAGCA
    16      1    -7.3723229180   0.000628406745       0.8917  AAAAAAAAAAGGA
    17      1   -12.8726554538   0.000002567301       0.0036  AAAAAAAAAATTC
    18      2    -6.2826393307   0.001868462590       2.6513  AAAAAAAAAGAAA
    19      2    -8.0949960608   0.000305061836       0.4329  AAAAAAAAAGAGA
    20      1   -14.1334487504   0.000000727648       0.0010  AAAAAAAACTAAA
    21      1    -6.7796528769   0.001136669394       1.6129  AAAAAAACAAAAA
    22      1    -9.8855409303   0.000050905432       0.0722  AAAAAAACAAACA
    23      1   -15.8036589587   0.000000136949       0.0002  AAAAAAACAACTC
    24      3    -5.4276107056   0.004393580830       6.2345  AAAAAAAGAAAAA
    25      2    -7.2395903117   0.000717605695       1.0183  AAAAAAAGAAAGA
    26      1   -13.4657575468   0.000001418717       0.0020  AAAAAAAGAGGAG
    27      2    -7.0075221663   0.000905048372       1.2843  AAAAACAAAAAAA
    28      1    -5.6302962374   0.003587512415       5.0907  AAAAAGAAAAAAA
    29      1    -8.7320226927   0.000161335793       0.2289  AAAAAGAAAAACA
    30      1    -9.3438079248   0.000087505586       0.1242  AAAAAGAAAGAAA
    31      2    -8.3118978632   0.000245577528       0.3485  AAAAAGAGAAAAA
    32      1    -7.0619202201   0.000857130633       1.2163  AAAAGAAAAAAAA
    33      1    -8.8516087709   0.000143151253       0.2031  AAACAAAAAAAGA
    34      2    -5.6752554614   0.003429792685       4.8669  AAAGAAAAAAAAA
    35      1    -9.4759166697   0.000076676394       0.1088  AAAGAAAAAGATA
    36      2    -8.3533457238   0.000235606923       0.3343  AAAGAAAGAAAAA
    37      1    -9.2894149149   0.000092397105       0.1311  AAAGAAAGAGAAG
    38      1   -13.7649303433   0.000001051881       0.0015  AAAGAAGAAAAAG
    39      1    -9.5949868140   0.000068069126       0.0966  AAAGAGAAAGAGA
    40      1    -7.0111613390   0.000901760730       1.2796  AAAGAGAGAGAGA
    41      1    -6.9100020715   0.000997755730       1.4158  AAATAAAAAAAAA
    42      1   -12.1731455808   0.000005167376       0.0073  AAATACAAATAAA
    43      1    -7.1463680473   0.000787719853       1.1178  AAATATATATAAA
    44      1   -13.2022623374   0.000001846419       0.0026  AACACACACACAA
    45      1   -11.5914680643   0.000009244627       0.0131  AAGGGAGGGGAAA
    46      1   -17.9579076573   0.000000015885       0.0000  AATGAGAAAGAAG
    47      1   -11.6237338955   0.000008951102       0.0127  ACAAAAAGAAAGA
    48      6    -5.7828513961   0.003079920802       4.3704  ACACACACACAAA
    49      3    -6.0861274604   0.002274198809       3.2271  ACACACACACACA
    50      1    -7.0796537050   0.000842064701       1.1949  ACACACACACATA
    51      1   -10.2394784177   0.000035731482       0.0507  ACACACACACCAC
    52      1   -10.3339070519   0.000032511813       0.0461  ACACACACACCCA
    53      1    -7.3983669455   0.000612251786       0.8688  ACACACACACCCC
    54      1   -13.0211976815   0.000002212920       0.0031  ACACACACACGAT
    55      1   -10.1547331489   0.000038891566       0.0552  ACACACACACTAA
    56      1   -11.4441581609   0.000010711869       0.0152  ACACACACACTAT
    57      2   -10.8193173519   0.000020009221       0.0284  ACACACACATAGA
    58      1    -8.6118435449   0.000181938190       0.2582  ACACACATACAAA
    59      1    -8.7951292414   0.000151469050       0.2149  ACACATACACAAA
    60      1   -10.0430151588   0.000043488451       0.0617  ACACATACACATA
    61      1   -14.5893568400   0.000000461236       0.0007  ACAGACAGAAACA
    62      1   -12.0727836989   0.000005712900       0.0081  ACAGACAGAGATA
    63      1   -20.3204258730   0.000000001496       0.0000  ACAGATAAAACCA
    64      1   -10.2021591445   0.000037090149       0.0526  ACATACACACAGA
    65      1   -14.4124558851   0.000000550491       0.0008  ACATACACACTTA
    66      1   -11.4580697609   0.000010563882       0.0150  ACATACATACAAA
    67      1    -9.1310076804   0.000108256442       0.1536  ACATACATATAAA
    68      1   -10.3245932829   0.000032816035       0.0466  ACATACATATATA
    69      1   -13.2800001034   0.000001708320       0.0024  ACATATATACAGA
    70      2    -8.1733409576   0.000282074043       0.4003  ACATATATATAAA
    71      1    -8.7633466374   0.000156360450       0.2219  ACATATATATATA
    72      1   -15.1482872922   0.000000263744       0.0004  ACTGTGTGTGTCT
    73      3    -5.4521400207   0.004287120341       6.0834  AGAAAAAAAAAAA
    74      3    -6.9247906277   0.000983108932       1.3950  AGAAAAAAAAAGA
    75      1   -10.5718959908   0.000025626182       0.0364  AGAAAAAGAGAGA
    76      3    -7.4478861558   0.000582671989       0.8268  AGAAAGAAAAAAA
    77      1   -12.4043706009   0.000004100627       0.0058  AGAAAGAAAGATA
    78      1    -8.2138012159   0.000270889054       0.3844  AGAAAGAGAAAAA
    79      2    -7.4368478382   0.000589139336       0.8360  AGAAAGAGAGAAA
    80      1    -8.7978224582   0.000151061660       0.2144  AGACACACACAAA
    81      1    -9.3149025931   0.000090071875       0.1278  AGACAGAGAGAGA
    82      1   -17.4328547144   0.000000026854       0.0000  AGAGAAAAAACAT
    83      1    -7.2524351424   0.000708447117       1.0053  AGAGAAAGAGAAA
    84      1   -18.0056908418   0.000000015144       0.0000  AGAGACAAAGTGT
    85      1    -7.1832859447   0.000759169151       1.0773  AGAGAGAAAGAAA
    86      1    -9.7994763043   0.000055480647       0.0787  AGAGAGAAAGACA
    87      1    -7.4570707518   0.000577344883       0.8193  AGAGAGAAAGAGA
    88      1   -15.2229077872   0.000000244780       0.0003  AGAGAGACAGCGC
    89      1   -11.9527631239   0.000006441410       0.0091  AGAGAGACAGGGA
    90     13    -4.4635761141   0.011521088802      16.3484  AGAGAGAGAGAAA
    91      1    -7.3701981428   0.000629743388       0.8936  AGAGAGAGAGAAG
    92      1    -7.0785457091   0.000842998222       1.1962  AGAGAGAGAGACA
    93      1    -9.4847802169   0.000075999772       0.1078  AGAGAGAGAGACG
    94      4    -4.7348776652   0.008783523297      12.4638  AGAGAGAGAGAGA
    95      1    -9.3557487052   0.000086466915       0.1227  AGAGAGAGAGATG
    96      1    -9.1462132164   0.000106622797       0.1513  AGAGAGAGAGGCG
    97      1    -8.8370366208   0.000145252548       0.2061  AGAGAGAGAGTAA
    98      1   -12.6698993509   0.000003144363       0.0045  AGAGAGAGATGAA
    99      1   -13.2836638903   0.000001702073       0.0024  AGATAAATATGAA
   100      1   -13.7342627705   0.000001084640       0.0015  AGATATATATAGC
   101      1   -13.2203035699   0.000001813406       0.0026  AGGAGGGAGAAGG
   102      1   -19.8600241614   0.000000002371       0.0000  AGGCACGCACGGG
   103      1   -16.1178377328   0.000000100026       0.0001  AGGTGGGAGTGAG
   104      1    -9.7169041912   0.000060256254       0.0855  ATAAAAAAAAACA
   105      1   -13.1924213160   0.000001864680       0.0026  ATACACACACTAT
   106      1   -10.8950494007   0.000018549840       0.0263  ATACACATACAAA
   107      1   -11.9122978030   0.000006707409       0.0095  ATACACATATAAA
   108      1    -9.4327673381   0.000080057347       0.1136  ATACATACACATA
   109      1   -10.7757072697   0.000020901131       0.0297  ATAGAAAAAGAAA
   110      1    -8.7575105993   0.000157275644       0.2232  ATATACATATAAA
   111      1    -9.0401185073   0.000118556786       0.1682  ATATACATATATA
   112      6    -5.6164099360   0.003637677189       5.1619  ATATATATATAAA
   113      1    -9.8865403896   0.000050854579       0.0722  ATATATATATACC
   114      3    -5.8762690198   0.002805232040       3.9806  ATATATATATATA
   115      1   -12.7963001042   0.000002771006       0.0039  ATATATATATTAC
   116      1   -10.0963096440   0.000041231433       0.0585  CACACACACAAAC
   117      1   -10.2426696396   0.000035617636       0.0505  CACACACACAATA
   118      1    -8.1463271876   0.000289797780       0.4112  CACACACACACAA
   119      2    -6.0056494111   0.002464788168       3.4975  CACACACACACAC
   120      1    -5.8204687542   0.002966214393       4.2091  CACACACACACCC
   121      1    -7.2098876448   0.000739240208       1.0490  CACACACACACGC
   122      1    -9.3412556307   0.000087729211       0.1245  CACACACACACTT
   123      1   -10.7926954209   0.000020549059       0.0292  CACACACACGCTC
   124      1   -13.2250547370   0.000001804811       0.0026  CACACACACGGAG
   125      1   -13.1395302828   0.000001965959       0.0028  CACACACCCATCC
   126      1    -8.9844396680   0.000125345120       0.1779  CACACACGCACAC
   127      1   -16.2502839598   0.000000087618       0.0001  CACACACGCGATA
   128      1   -10.0220443941   0.000044410066       0.0630  CACACACTCACCC
   129      1   -10.7010342928   0.000022521632       0.0320  CACACATACACAC
   130      1   -18.4849481326   0.000000009378       0.0000  CACACATATACTT
   131      1   -13.5473953656   0.000001307498       0.0019  CACACCCACATTT
   132      1   -10.9909228236   0.000016853995       0.0239  CACCCACCCCCAC
   133      1   -19.6726326208   0.000000002859       0.0000  CACCCGCCCTTAC
   134      1   -12.0624370964   0.000005772316       0.0082  CACGCACACACAT
   135      1   -17.3408927507   0.000000029441       0.0000  CACGCACGCAGTC
   136      1   -14.6162938174   0.000000448977       0.0006  CACGCGCACGTAC
   137      1   -14.8037952491   0.000000372215       0.0005  CACGCGCCCGGGG
   138      1   -21.5339755086   0.000000000445       0.0000  CACGCTCATATTT
   139      1   -14.2724676732   0.000000633207       0.0009  CACTCTCTCTGTT
   140      1   -13.5557030367   0.000001296680       0.0018  CATACATATACAT
   141      1   -13.0376739771   0.000002176758       0.0031  CATATATATACTT
   142      1   -10.3040462850   0.000033497281       0.0475  CATATATATATAT
   143      1   -16.6165688733   0.000000060746       0.0001  CATGCGCGCGCCT
   144      1   -15.9373136311   0.000000119815       0.0002  CATTCTCTCTCGC
   145      1   -17.8022575302   0.000000018560       0.0000  CATTTTTATTTAT
   146      1   -16.2024555233   0.000000091910       0.0001  CCCACACGCAATC
   147      1   -18.2997504420   0.000000011285       0.0000  CCCACCCCCGTGT
   148      1   -12.3610826761   0.000004282033       0.0061  CCCACTCTCACTC
   149      1    -7.1530472065   0.000782476079       1.1103  CCCCCACCCCCCC
   150      1   -10.2459744358   0.000035500122       0.0504  CCCCCACCCCCGC
   151      1    -8.5739903698   0.000188957135       0.2681  CCCCCCCACCCTC
   152      1    -9.9428071384   0.000048072170       0.0682  CCCCCCCCCCAAC
   153      1   -11.6460785791   0.000008753311       0.0124  CCCCCCCCCCATA
   154      5    -5.6826699002   0.003404456739       4.8309  CCCCCCCCCCCAC
   155    119    -2.8325979550   0.058859739911      83.5220  CCCCCCCCCCCCC
   156      2    -5.9480386122   0.002610956598       3.7049  CCCCCCCCCCCCT
   157      4    -5.9272479468   0.002665808349       3.7828  CCCCCCCCCCCGC
   158      5    -4.4842472208   0.011285379723      16.0140  CCCCCCCCCCCTC
   159      2    -5.8265755418   0.002948155549       4.1834  CCCCCCCCCCTCC
   160      1    -7.8370218733   0.000394843184       0.5603  CCCCCCCCCCTCT
   161      1    -8.0810873613   0.000309334494       0.4389  CCCCCCCCCGCCC
   162      3    -6.5294514541   0.001459806401       2.0715  CCCCCCCCCTCCC
   163      1    -8.5121410408   0.000201012987       0.2852  CCCCCCCTCCCAC
   164      2    -5.6621306981   0.003475104605       4.9312  CCCCCCCTCCCCC
   165      2    -7.3134742949   0.000666497416       0.9458  CCCCCCCTCCCTC
   166      1   -11.7471246868   0.000007912042       0.0112  CCCCCCCTCCTGC
   167      1    -8.7335059350   0.000161096671       0.2286  CCCCCCCTCTCCC
   168      1   -11.5731628525   0.000009415410       0.0134  CCCCCTCACCCTC
   169      4    -7.5080414101   0.000548654626       0.7785  CCCCCTCCCCCTC
   170      1   -13.1011492114   0.000002042882       0.0029  CCCCCTCCCCTAT
   171      1   -11.0938083630   0.000015206184       0.0216  CCCCCTCCCTCTC
   172      1    -8.4883172592   0.000205859377       0.2921  CCCCCTCTCCCCC
   173      2   -10.0101796758   0.000044940118       0.0638  CCCCCTCTCCCTC
   174      1   -10.3156823655   0.000033109763       0.0470  CCCCCTCTCTCTC
   175      1   -17.4357092460   0.000000026777       0.0000  CCCCTCCCCGTTT
   176      1   -17.0820250645   0.000000038139       0.0001  CCCCTCCCTCTCT
   177      1   -28.2383592263   0.000000000001       0.0000  CCCCTCGCGCTGA
   178      1   -11.9011935335   0.000006782305       0.0096  CCCCTCTCCCCCC
   179      1   -18.0262057096   0.000000014836       0.0000  CCCCTGCCCCCGT
   180      1   -12.9077634900   0.000002478732       0.0035  CCCGCACACACAC
   181      1   -12.3974895515   0.000004128941       0.0059  CCCGCCCCCACTC
   182      1   -19.5403546044   0.000000003264       0.0000  CCCGCTCTCCTGT
   183      2    -7.5638000766   0.000518899634       0.7363  CCCTCCCCCCCTC
   184      1   -10.6996686157   0.000022552410       0.0320  CCCTCCCCCGCCC
   185      1    -9.5783368755   0.000069211960       0.0982  CCCTCCCCCTCAC
   186      2    -6.2389542250   0.001951895700       2.7697  CCCTCCCTCTCCC
   187      2    -7.8570658835   0.000387007733       0.5492  CCCTCCCTCTCTC
   188      1   -12.0711035836   0.000005722507       0.0081  CCCTCCCTCTTAC
   189      2   -10.8253288289   0.000019889297       0.0282  CCCTCCCTCTTTC
   190      1   -18.5043799756   0.000000009197       0.0000  CCCTCCTTTTCCT
   191      1   -12.6982519374   0.000003056464       0.0043  CCCTCGCTCTCAC
   192      1   -11.2084538214   0.000013559084       0.0192  CCCTCTCACTCTC
   193      1    -9.8778300204   0.000051299476       0.0728  CCCTCTCCCTCTC
   194      1   -14.3373416875   0.000000593433       0.0008  CCCTCTCCCTTAC
   195      1   -11.5938776604   0.000009222378       0.0131  CCCTCTCCCTTCC
   196      1   -13.0946747322   0.000002056151       0.0029  CCCTCTCCCTTCT
   197      1   -10.8730553057   0.000018962347       0.0269  CCCTCTCTCCCTC
   198      2    -5.9654547249   0.002565877574       3.6410  CCCTCTCTCTCCC
   199      1    -9.0254484082   0.000120308846       0.1707  CCCTCTCTCTCCT
   200      6    -7.1253433549   0.000804456749       1.1415  CCCTCTCTCTCTC
   201      1   -10.3125327583   0.000033214210       0.0471  CCCTCTCTCTTCT
   202      1   -13.6355735458   0.000001197142       0.0017  CCCTCTTTCTCGC
   203      1   -20.1662604505   0.000000001745       0.0000  CCCTTCCACTTAC
   204      1   -15.2364642850   0.000000241484       0.0003  CCCTTCCCCCTCT
   205      1   -21.2159759177   0.000000000611       0.0000  CCCTTTTCTTTGT
   206      1   -16.6793484677   0.000000057049       0.0001  CCTACCTCTCTTT
   207      1   -20.1081682608   0.000000001850       0.0000  CCTATCTGTTTCT
   208      1   -12.2389750298   0.000004838165       0.0069  CCTCCTTCTCCTC
   209      1   -20.2656549307   0.000000001580       0.0000  CCTCTCCATCTAT
   210      1    -9.0065231476   0.000122607404       0.1740  CCTCTCTCTCTTT
   211      1   -24.3877388406   0.000000000026       0.0000  CCTGCCTATAGAG
   212      1   -10.0405609947   0.000043595309       0.0619  CCTTTTTTTTTTT
   213      1   -13.0000387377   0.000002260242       0.0032  CGCACACACAAAC
   214      1   -15.2495528435   0.000000238344       0.0003  CGCACACACATCA
   215      1   -11.7707097423   0.000007727619       0.0110  CGCACACGCACAC
   216      1   -15.5024023528   0.000000185094       0.0003  CGCACACGCGCTT
   217      1   -12.9735836722   0.000002320835       0.0033  CGCACGCGCACCT
   218      1   -10.2578531322   0.000035080921       0.0498  CGCACGCGCGCAC
   219      1   -15.1960802235   0.000000251435       0.0004  CGCACGTACACTC
   220      1   -23.5575754341   0.000000000059       0.0000  CGCATGTACGTCC
   221      1   -17.2472258804   0.000000032331       0.0000  CGCCCCCGCCTGC
   222      1   -12.7398925091   0.000002931804       0.0042  CGCGCACACACTC
   223      1   -15.3275041094   0.000000220470       0.0003  CGCGCACACATAT
   224      1   -10.1474681188   0.000039175143       0.0556  CGCGCACGCGCAC
   225      1   -11.7122836315   0.000008192564       0.0116  CGCGCCCGCGCTC
   226      1   -10.8698479311   0.000019023264       0.0270  CGCGCGCGCACTC
   227      1   -10.0371600379   0.000043743828       0.0621  CGCGCGCGCGCAG
   228      3    -6.1394023410   0.002156211913       3.0597  CGCGCGCGCGCCC
   229      1   -10.4775863752   0.000028160610       0.0400  CGCGCGCGCGCCG
   230      2    -6.4104093991   0.001644351168       2.3333  CGCGCGCGCGCGC
   231      1    -8.6000152123   0.000184102993       0.2612  CGCGCGCGCGCGG
   232      2    -7.2778525874   0.000690667120       0.9801  CGCGCGCGCGCTC
   233      1    -7.7207083496   0.000443546307       0.6294  CGCGCGCGCGGGG
   234      1   -11.7541053338   0.000007857003       0.0111  CGCGCGCGCGGTC
   235      1   -12.2188199092   0.000004936668       0.0070  CGCGCGCGCGTAG
   236      1   -11.7488404609   0.000007898478       0.0112  CGCGTGCGCGCTC
   237      1   -15.5837271395   0.000000170637       0.0002  CGCTCCCTCCCGC
   238      1   -21.5389388070   0.000000000442       0.0000  CGCTCCCTTTCAA
   239      1   -17.8156133869   0.000000018314       0.0000  CGCTTTTTCTCCC
   240      1    -8.7771213527   0.000154221396       0.2188  CGGGGGGGGGGGG
   241      1   -20.3159094353   0.000000001503       0.0000  CGTACATATGTAT
   242      1   -16.8266439155   0.000000049236       0.0001  CGTACGTGTGTCC
   243      1   -18.0929093500   0.000000013879       0.0000  CGTGCGCACACTC
   244      1   -15.3978520008   0.000000205493       0.0003  CGTGTGTATGCTC
   245      1   -11.5828592375   0.000009324556       0.0132  CGTGTGTGTGTAT
   246      1    -8.7069273259   0.000165435805       0.2348  CTCACACACACCC
   247      1   -12.0142554498   0.000006057245       0.0086  CTCACACACATTC
   248      1   -21.1020775737   0.000000000685       0.0000  CTCACACTCTTAA
   249      1   -13.2873883557   0.000001695745       0.0024  CTCACCCACATCC
   250      1   -25.5411398157   0.000000000008       0.0000  CTCACGTGTGTGC
   251      1   -19.1996309000   0.000000004589       0.0000  CTCCCACGCGTTC
   252      1    -5.7071164152   0.003322238703       4.7143  CTCCCCCCCCCCC
   253      3    -7.0782859668   0.000843217213       1.1965  CTCCCCCCCCCTC
   254      1   -10.7404375083   0.000021651463       0.0307  CTCCCCCCCTCTC
   255      1   -11.2710073143   0.000012736899       0.0181  CTCCCCCTCCCAC
   256      1    -9.7976963530   0.000055579488       0.0789  CTCCCCCTCCCTC
   257      1   -13.8173329598   0.000000998179       0.0014  CTCCCCCTCTTTC
   258      1   -14.4930811056   0.000000507849       0.0007  CTCCCCTTCCCTC
   259      1   -12.4650571598   0.000003859175       0.0055  CTCCCTCCCCCTA
   260      1    -8.1974414204   0.000275357193       0.3907  CTCCCTCCCCCTC
   261      1   -10.5980288434   0.000024965172       0.0354  CTCCCTCCCTCTC
   262      1   -10.3584161627   0.000031724663       0.0450  CTCCCTCTCTCGC
   263      1   -14.8406553685   0.000000358745       0.0005  CTCCCTCTCTGGC
   264      1   -14.0684571218   0.000000776509       0.0011  CTCGCCCGCACCC
   265      1   -15.8486502902   0.000000130924       0.0002  CTCGCGCACACAC
   266      1   -14.6460392757   0.000000435819       0.0006  CTCGCGCACGCCT
   267      1   -13.5245842813   0.000001337666       0.0019  CTCGCGCGCGCAT
   268      1   -10.1478569256   0.000039159914       0.0556  CTCTCCCCCCCTC
   269      2    -7.8464611644   0.000391133680       0.5550  CTCTCCCTCTCTC
   270      1    -9.7540715565   0.000058057796       0.0824  CTCTCCCTCTCTT
   271      1    -8.8150124298   0.000148487106       0.2107  CTCTCTCACTCTC
   272      1   -10.6504799953   0.000023689468       0.0336  CTCTCTCTCTCAA
   273      7    -4.5846509499   0.010207312029      14.4842  CTCTCTCTCTCCC
   274      2    -7.1457935646   0.000788172515       1.1184  CTCTCTCTCTCGC
   275     10    -4.7185255467   0.008928333258      12.6693  CTCTCTCTCTCTC
   276      1    -9.8030525222   0.000055282590       0.0784  CTCTCTCTCTTAC
   277      1    -7.5345531044   0.000534299986       0.7582  CTCTCTCTCTTTC
   278      1   -12.3173961754   0.000004473246       0.0063  CTCTTCCTCTCTC
   279      1   -16.3661791834   0.000000078029       0.0001  CTCTTTTTCTTCC
   280      1   -11.0813087889   0.000015397448       0.0218  CTTCTTTTTCTTT
   281      1   -20.0083522590   0.000000002044       0.0000  CTTGTGTGCGCTC
   282      1   -16.5201506568   0.000000066894       0.0001  CTTTCATTTTTTC
   283      1   -14.2861283043   0.000000624616       0.0009  CTTTCCCTCTTTT
   284      1   -15.9523240175   0.000000118030       0.0002  CTTTTTCATTTTT
   285      1    -9.2316917586   0.000097887494       0.1389  GAAAGAAAAAGAG
   286      1   -11.6209880795   0.000008975714       0.0127  GAAAGAGAAAAAA
   287      1   -10.7903205172   0.000020597919       0.0292  GACAGACACAGGG
   288      1   -11.9526107970   0.000006442391       0.0091  GAGAAAGGGAGAG
   289      3    -5.8886871882   0.002770611602       3.9315  GAGAGAGAGAAAA
   290      1    -7.3357661622   0.000651804321       0.9249  GAGAGAGAGAAAG
   291      6    -4.6081432817   0.009970313196      14.1479  GAGAGAGAGAGAG
   292      1    -7.0531329304   0.000864695678       1.2270  GAGAGAGAGAGCG
   293      1    -7.2751853484   0.000692511753       0.9827  GAGAGAGAGAGGA
   294     15    -4.5228890985   0.010857609607      15.4069  GAGAGAGAGAGGG
   295      1    -9.1839231717   0.000102676923       0.1457  GAGAGAGAGAGTA
   296      1    -6.9241014187   0.000983786733       1.3960  GAGAGAGAGAGTG
   297      1    -9.8104882463   0.000054873049       0.0779  GAGAGAGAGATAA
   298      1    -9.4344190533   0.000079925225       0.1134  GAGAGAGGGAGAA
   299      1   -10.0287209508   0.000044114548       0.0626  GAGAGAGGGAGCG
   300      2    -7.7407411970   0.000434749221       0.6169  GAGAGGGAGAGAG
   301      1   -12.9866385854   0.000002290733       0.0033  GAGAGGGAGATAA
   302      1   -10.0864311093   0.000041640758       0.0591  GAGAGGGGGAGAG
   303      1   -13.8354834984   0.000000980225       0.0014  GAGGGAGAGATAT
   304      1    -9.4820932215   0.000076204258       0.1081  GAGGGAGGGGAAA
   305      2    -7.6978036597   0.000453822838       0.6440  GAGGGAGGGGGGG
   306      1   -10.1822689797   0.000037835264       0.0537  GAGGGGGGGGCGG
   307      1    -6.9658645264   0.000943546862       1.3389  GAGGGGGGGGGAG
   308      1    -5.6889017699   0.003383306579       4.8009  GAGGGGGGGGGGG
   309      1   -11.3688333414   0.000011549905       0.0164  GAGTGCGTGTGGG
   310      1    -8.9693754854   0.000127247635       0.1806  GCGAGAGAGAGAG
   311      1   -16.6686295812   0.000000057664       0.0001  GCGAGGGAGAGCT
   312      1   -10.3763070567   0.000031162128       0.0442  GCGCGCGCGCAGA
   313      2    -7.1719855360   0.000767796729       1.0895  GCGCGCGCGCGAG
   314      3    -6.3799554795   0.001695198426       2.4055  GCGCGCGCGCGCG
   315      5    -6.1515987585   0.002130073573       3.0226  GCGCGCGCGCGGG
   316      1    -7.3734424455   0.000627703620       0.8907  GCGCGCGCGCGTG
   317      1   -11.9414856539   0.000006514464       0.0092  GCGCGCGCGCTGT
   318      1    -9.3881606519   0.000083709285       0.1188  GCGCGCGCGCTTT
   319      1   -10.0009814989   0.000045355392       0.0644  GCGCGCGTGCGAG
   320      1    -9.2093811688   0.000100095966       0.1420  GCGCGCGTGCGCG
   321      1   -11.5915525610   0.000009243846       0.0131  GCGCGTGTGCGGG
   322      1   -16.7567628978   0.000000052800       0.0001  GCGGGTGCGTGAG
   323      1   -14.6027556856   0.000000455097       0.0006  GCGTGCGCGCTAG
   324      1   -11.2551852122   0.000012940027       0.0184  GCGTGCGCGTGTG
   325      1   -13.7782029748   0.000001038012       0.0015  GCGTGCGGGCGCG
   326      1   -11.8268106693   0.000007306029       0.0104  GCGTGCGTGCGGG
   327      1   -14.6770644974   0.000000422505       0.0006  GCGTGTGCGTGAA
   328      1   -16.6986460158   0.000000055959       0.0001  GGAGGGAGGGAAA
   329      3    -6.9965138559   0.000915066465       1.2985  GGGAGAGAGAGAG
   330      1    -9.7362547976   0.000059101468       0.0839  GGGAGAGGGAGAG
   331      1    -8.5403900651   0.000195414021       0.2773  GGGAGAGGGAGGG
   332      1   -10.3229404706   0.000032870319       0.0466  GGGAGAGGGGGAG
   333      1   -16.8485908246   0.000000048167       0.0001  GGGAGGGGGAATC
   334      1    -5.8944786618   0.002754612053       3.9088  GGGAGGGGGGGGG
   335      1   -12.5017160790   0.000003720263       0.0053  GGGCGCGCGCAGA
   336      1   -10.4154354969   0.000029966349       0.0425  GGGCGCGCGCGTG
   337      1    -8.4455695167   0.000214850200       0.3049  GGGCGGGGGCGGG
   338      1   -10.9170410272   0.000018146352       0.0257  GGGCGGGGGTGGG
   339      1    -9.8088802447   0.000054961356       0.0780  GGGGGAGAGGGAG
   340      1   -13.9737483515   0.000000853647       0.0012  GGGGGAGGGCAGG
   341      1   -14.3999807938   0.000000557401       0.0008  GGGGGAGGGGAAC
   342      1    -7.4700639471   0.000569891853       0.8087  GGGGGCGGGGGGG
   343      1    -9.0504051860   0.000117343481       0.1665  GGGGGGAGGGGAG
   344      1   -12.9664705637   0.000002337402       0.0033  GGGGGGGAGAGAA
   345      1    -8.6575832228   0.000173803845       0.2466  GGGGGGGAGAGGG
   346      1    -7.1815990445   0.000760450875       1.0791  GGGGGGGAGGGAG
   347      1    -8.7113251222   0.000164709849       0.2337  GGGGGGGAGGGCG
   348      1    -8.1554336102   0.000287170739       0.4075  GGGGGGGGGCGGG
   349      2    -8.8727678594   0.000140154123       0.1989  GGGGGGGGGGACG
   350      1    -7.4144541057   0.000602481194       0.8549  GGGGGGGGGGCGG
   351      1    -7.2739137910   0.000693392881       0.9839  GGGGGGGGGGGAA
   352     14    -4.4590919267   0.011572867530      16.4219  GGGGGGGGGGGAG
   353      4    -5.9886010649   0.002507168965       3.5577  GGGGGGGGGGGCG
   354      2    -5.9304999293   0.002657153268       3.7705  GGGGGGGGGGGGA
   355      2    -7.5644089245   0.000518583799       0.7359  GGGGGGGGGGGGC
   356    166    -2.9209425748   0.053882874717      76.4598  GGGGGGGGGGGGG
   357      3    -7.4353774128   0.000590006259       0.8372  GGGGGGGGGGGGT
   358      2    -5.8595695532   0.002852471255       4.0477  GGGGGGGGGGGTG
   359      1   -10.6939340815   0.000022682109       0.0322  GGGGGGGGGGTGT
   360      1   -10.1770953009   0.000038031519       0.0540  GGGGGGGTGGGCG
   361      1    -7.1094496547   0.000817344690       1.1598  GGGGGGGTGGGGG
   362      1    -7.3410324354   0.000648380764       0.9201  GGGGGTGGGGGGG
   363      1   -12.6590359950   0.000003178707       0.0045  GGGTGGGGGTGAA
   364      1   -10.2751779584   0.000034478385       0.0489  GTGAGAGAGAGTG
   365      1   -15.7047677767   0.000000151184       0.0002  GTGCGTGCGTAAG
   366      1   -10.2083702654   0.000036860492       0.0523  GTGCGTGTGCGTG
   367      1   -12.2455166385   0.000004806619       0.0068  GTGCGTGTGTATG
   368      1    -9.3829759420   0.000084144421       0.1194  GTGCGTGTGTGTG
   369      1   -10.0484419312   0.000043253088       0.0614  GTGGGAGGGGGGG
   370      1   -14.1083441816   0.000000746146       0.0011  GTGGGGGAGAGAG
   371      1   -11.7667717935   0.000007758110       0.0110  GTGGGTGGGGGAG
   372      1    -7.3359252668   0.000651700624       0.9248  GTGTGTGTGTGCG
   373      3    -5.9851549265   0.002515823921       3.5700  GTGTGTGTGTGGG
   374      2    -6.1700953446   0.002091036622       2.9672  GTGTGTGTGTGTG
   375      1   -13.2242093212   0.000001806337       0.0026  GTTTGTTTTTTTT
   376      1   -14.0213992682   0.000000813924       0.0012  TAAATAAAAATAA
   377      1   -11.6663050154   0.000008578041       0.0122  TAAATAAAAATTT
   378      1   -10.1439070683   0.000039314896       0.0558  TACACACACACCC
   379      1   -14.7064912804   0.000000410253       0.0006  TACCCACCCCCCC
   380      1   -15.6241490982   0.000000163877       0.0002  TACTCACTCTTTT
   381      1    -7.1341295465   0.000797419598       1.1315  TATATATATAAAA
   382      1   -13.0896605028   0.000002066487       0.0029  TATATATATAACG
   383      1    -7.9961132198   0.000336769035       0.4779  TATATATATATAA
   384      4    -5.8518420842   0.002874599024       4.0791  TATATATATATAT
   385      2    -7.0560984721   0.000862135185       1.2234  TATATATATATGT
   386      2    -8.8143398903   0.000148587003       0.2108  TATATATATATTC
   387      2    -5.6288134108   0.003592836020       5.0982  TATATATATATTT
   388      1   -18.1867802791   0.000000012635       0.0000  TATATATTCATAC
   389      1    -9.0262377684   0.000120213916       0.1706  TATATGTATATAT
   390      1    -9.8622948542   0.000052102644       0.0739  TATATTTATATTT
   391      1   -13.5416175513   0.000001315074       0.0019  TATCTATATACAT
   392      1   -11.3912735487   0.000011293609       0.0160  TATCTATATCTAT
   393      1    -8.9152529451   0.000134324379       0.1906  TATCTCTCTCTCT
   394      1   -12.8377879087   0.000002658395       0.0038  TATCTGTGTGTTT
   395      1    -9.0784399482   0.000114099470       0.1619  TATGTATATATAT
   396      1   -15.0546069197   0.000000289646       0.0004  TATGTATATCTGT
   397      1   -12.3515167321   0.000004323191       0.0061  TATGTGTGTGCAC
   398      1    -8.9155041290   0.000134290643       0.1906  TATGTGTGTGTGT
   399      1   -13.5699263371   0.000001278368       0.0018  TATTTATGTTTAT
   400      1    -6.7911581189   0.001123666681       1.5945  TATTTTTTTTTTT
   401      1   -15.8781556183   0.000000127117       0.0002  TCCCCACCCCTTC
   402      1   -15.1145564733   0.000000272792       0.0004  TCCCCCCCTCTTT
   403      1   -14.3890456858   0.000000563530       0.0008  TCCCCCCTCCTTC
   404      1   -15.1618184311   0.000000260199       0.0004  TCCCTCTCCCCGC
   405      1   -16.3731242449   0.000000077489       0.0001  TCCCTTTCCCTTC
   406      1   -13.6050141972   0.000001234291       0.0018  TCCGCGCGCGCTC
   407      1   -21.1087692498   0.000000000680       0.0000  TCCGTCCACCCCT
   408      1   -10.5624676817   0.000025868936       0.0367  TCCTCCCTCTCCC
   409      1   -20.4640643597   0.000000001296       0.0000  TCCTCCTCTCCCT
   410      1   -18.1563080457   0.000000013026       0.0000  TCCTTATCCCTCT
   411      1   -13.5688183003   0.000001279785       0.0018  TCCTTTCTCTCTT
   412      1   -16.1930647232   0.000000092777       0.0001  TCCTTTTTCTCTC
   413      2    -8.6418352584   0.000176562567       0.2505  TCTATATATATTT
   414      2    -9.2784393892   0.000093416797       0.1326  TCTATCTATATTT
   415      1   -12.9876824801   0.000002288343       0.0032  TCTATCTATGTTT
   416      1   -11.9588489307   0.000006402328       0.0091  TCTATCTTTTTTT
   417      1   -19.6005496885   0.000000003073       0.0000  TCTATGTGTACTA
   418      1   -11.5149363348   0.000009979912       0.0142  TCTCCCTCTCTAT
   419      1   -11.7595143814   0.000007814619       0.0111  TCTCCCTCTCTGT
   420      1   -12.0627255318   0.000005770652       0.0082  TCTCCCTCTCTTC
   421      1   -14.8121012766   0.000000369136       0.0005  TCTCTATTTCCCT
   422      1    -9.9530733601   0.000047581175       0.0675  TCTCTCTCCCTCT
   423      1   -10.4618144807   0.000028608277       0.0406  TCTCTCTCTCAAA
   424      1   -11.1577923325   0.000014263705       0.0202  TCTCTCTCTCAAT
   425      1    -6.1096205402   0.002221393583       3.1522  TCTCTCTCTCCCC
   426      1   -11.8133180725   0.000007405274       0.0105  TCTCTCTCTCGAG
   427      1   -11.4235212218   0.000010935226       0.0155  TCTCTCTCTCGTC
   428      3    -6.9140100534   0.000993764746       1.4102  TCTCTCTCTCTAT
   429      2    -4.7828976245   0.008371705728      11.8795  TCTCTCTCTCTCT
   430      1    -7.1585881000   0.000778152451       1.1042  TCTCTCTCTCTGT
   431      2    -7.4728981104   0.000568278973       0.8064  TCTCTCTCTCTTC
   432      9    -4.5544450361   0.010520337019      14.9284  TCTCTCTCTCTTT
   433      1   -13.5141304341   0.000001351723       0.0019  TCTCTCTTTCACA
   434      2    -7.3805369061   0.000623266161       0.8844  TCTCTCTTTCTTT
   435      1   -10.2836715430   0.000034186780       0.0485  TCTCTCTTTTTTT
   436      1    -7.7898171783   0.000413928552       0.5874  TCTCTTTCTCTCT
   437      1    -7.4344323855   0.000590564094       0.8380  TCTCTTTCTCTTT
   438      1   -14.3162770232   0.000000606066       0.0009  TCTCTTTCTTCTC
   439      1   -12.4662652820   0.000003854515       0.0055  TCTGTCTATATTT
   440      1   -14.3217661834   0.000000602748       0.0009  TCTGTCTTTCTAT
   441      1    -8.9415812800   0.000130833991       0.1857  TCTGTGTGTGTTT
   442      1   -20.5100971776   0.000000001238       0.0000  TCTGTTTCCCCTC
   443      1   -18.4093382043   0.000000010114       0.0000  TCTGTTTCTGCGT
   444      1   -12.6876129080   0.000003089155       0.0044  TCTTTCCCTCTCT
   445      1   -12.0254896543   0.000005989578       0.0085  TCTTTCTCTCTTA
   446      1    -8.6730984677   0.000171128047       0.2428  TCTTTCTCTTTCT
   447      2    -8.4191368722   0.000220604981       0.3130  TCTTTCTCTTTTT
   448      1   -13.1038483370   0.000002037375       0.0029  TCTTTCTTTCTTC
   449      1   -10.0839451592   0.000041744404       0.0592  TCTTTCTTTTTCC
   450      2    -8.1191077681   0.000297794243       0.4226  TCTTTCTTTTTCT
   451      1    -7.6354372104   0.000483027384       0.6854  TCTTTCTTTTTTT
   452      1   -13.5365909752   0.000001321701       0.0019  TCTTTTCTTTCTT
   453      2    -9.6817011117   0.000062415238       0.0886  TCTTTTTATTTTT
   454      1    -9.8726249544   0.000051567189       0.0732  TCTTTTTCTTTCT
   455      1    -9.3966792060   0.000082999232       0.1178  TCTTTTTTTCTTT
   456      3    -7.0599321169   0.000858836392       1.2187  TCTTTTTTTTTCT
   457      4    -5.5878605766   0.003743027225       5.3114  TCTTTTTTTTTTT
   458      1   -16.3239793624   0.000000081393       0.0001  TGCGCGCACGCTT
   459      1   -14.3350278540   0.000000594808       0.0008  TGTATACATATCT
   460      1   -19.0225830767   0.000000005478       0.0000  TGTATCTTTACCT
   461      1   -19.4375387072   0.000000003617       0.0000  TGTCCCTTTCCCT
   462      1   -19.7575254616   0.000000002627       0.0000  TGTGCATATATCC
   463      1   -17.5402509672   0.000000024119       0.0000  TGTGTACATATCT
   464      1   -12.9923733704   0.000002277634       0.0032  TGTGTATTTGTTT
   465      1   -14.2806509009   0.000000628047       0.0009  TGTGTCTTTGTTT
   466      1   -11.6571573274   0.000008656870       0.0123  TGTGTGTATATTT
   467      1    -8.9792787891   0.000125993683       0.1788  TGTGTGTATGTGT
   468      1   -10.2152829707   0.000036606565       0.0519  TGTGTGTGTGATT
   469      1   -13.2993910868   0.000001675513       0.0024  TGTGTGTGTGCCA
   470      1    -7.1306513595   0.000800198001       1.1355  TGTGTGTGTGTAT
   471      1    -8.4497326950   0.000213957600       0.3036  TGTGTGTGTGTGG
   472      1   -10.2641968327   0.000034859083       0.0495  TGTGTGTGTGTTG
   473      3    -5.9477445880   0.002611724395       3.7060  TGTGTGTGTGTTT
   474      1   -11.6367419575   0.000008835420       0.0125  TGTTCTTTTTTTT
   475      1   -20.9534095474   0.000000000794       0.0000  TGTTTATGTCTTA
   476      1   -11.7833902603   0.000007630248       0.0108  TGTTTCTCTCTTT
   477      1   -11.3645299845   0.000011599716       0.0165  TGTTTTTGTTTTT
   478      1    -9.7745778852   0.000056879368       0.0807  TGTTTTTTTTTAT
   479      1   -17.4280861715   0.000000026982       0.0000  TTCCTTTCTCTAC
   480      1   -10.9687318138   0.000017232183       0.0245  TTCTCTCTCTTTC
   481      1    -8.1316102986   0.000294094240       0.4173  TTCTCTCTCTTTT
   482      1   -12.2835130549   0.000004627411       0.0066  TTCTTTCTCTCCC
   483      1   -15.2524926124   0.000000237644       0.0003  TTCTTTTTTTCAC
   484      1   -11.4377618472   0.000010780605       0.0153  TTTATATATAAAA
   485      1   -10.1250320756   0.000040064012       0.0569  TTTCTCTCTCCCT
   486      1    -7.1328112350   0.000798471538       1.1330  TTTCTCTCTCTCT
   487      3    -5.8920378883   0.002761343649       3.9183  TTTCTCTCTCTTT
   488      1   -12.2570829047   0.000004751345       0.0067  TTTCTCTCTTTAT
   489      1    -8.4593878526   0.000211901746       0.3007  TTTCTCTTTCTTT
   490      1   -12.1821936335   0.000005120832       0.0073  TTTCTCTTTTTTC
   491      1   -13.4614715392   0.000001424811       0.0020  TTTCTTTTTATGT
   492      1    -6.6285394507   0.001322092658       1.8760  TTTCTTTTTCTTT
   493      2    -7.5972870448   0.000501810979       0.7121  TTTCTTTTTTTCT
   494      1    -5.8018523335   0.003021951895       4.2881  TTTCTTTTTTTTT
   495      1   -14.3003294747   0.000000615809       0.0009  TTTGTGTGTGGGT
   496      1   -10.0592191636   0.000042789442       0.0607  TTTGTTTTTTTAT
   497      1   -14.1518827424   0.000000714357       0.0010  TTTTCTTTCTTCT
   498      1   -11.9715133302   0.000006321757       0.0090  TTTTCTTTTTTCC
   499      1   -15.6107052385   0.000000166095       0.0002  TTTTTATCTCTTC
   500      1   -17.1080119709   0.000000037161       0.0001  TTTTTCTATTCAC
   501      1   -13.1913966383   0.000001866591       0.0026  TTTTTCTCTCCCT
   502      1   -10.0740273056   0.000042160478       0.0598  TTTTTCTCTTTCT
   503      1    -7.5343990675   0.000534382295       0.7583  TTTTTCTTTTTCT
   504      1    -8.8692932001   0.000140641958       0.1996  TTTTTCTTTTTGT
   505      1    -9.0005928763   0.000123336659       0.1750  TTTTTCTTTTTTC
   506      2    -5.7590867967   0.003153990518       4.4755  TTTTTCTTTTTTT
   507      1    -6.6855030762   0.001248886311       1.7722  TTTTTTTATTTTT
   508      1   -11.8762095605   0.000006953888       0.0099  TTTTTTTCTCTTC
   509      1    -8.4225503766   0.000219853229       0.3120  TTTTTTTCTTTAT
   510      1    -8.6671284232   0.000172152745       0.2443  TTTTTTTCTTTGT
   511      1    -7.5947611750   0.000503080090       0.7139  TTTTTTTTTATTT
   512      1    -6.4134806717   0.001639308665       2.3262  TTTTTTTTTCTTT
   513      1    -9.7228408108   0.000059899595       0.0850  TTTTTTTTTTAAT
   514      2    -6.8595816020   0.001049352888       1.4890  TTTTTTTTTTATT
   515      1    -8.5809757845   0.000187641790       0.2663  TTTTTTTTTTCAT
   516      1    -8.8255538311   0.000146930065       0.2085  TTTTTTTTTTCGT
   517      1   -10.2752704108   0.000034475197       0.0489  TTTTTTTTTTCTG
   518      1   -11.4086915090   0.000011098601       0.0157  TTTTTTTTTTGCC
   519      4    -5.4582191117   0.004261137602       6.0466  TTTTTTTTTTTAT
   520      1    -7.3797258045   0.000623771898       0.8851  TTTTTTTTTTTCC
   521      6    -4.3844371660   0.012469904646      17.6948  TTTTTTTTTTTCT
   522      3    -5.7027971583   0.003336619340       4.7347  TTTTTTTTTTTGT
   523      1    -7.0073638096   0.000905191703       1.2845  TTTTTTTTTTTTA
   524      2    -5.8325256873   0.002930665680       4.1586  TTTTTTTTTTTTC
   525      1    -7.2519418563   0.000708796670       1.0058  TTTTTTTTTTTTG
   526    169    -2.5889580066   0.075098251211     106.5644  TTTTTTTTTTTTT