

TREE #  1

  0  0.0000   5350.085021  x:  0.12180   0.12343   0.01839   0.00000   0.02038   0.05019   0.03637   0.07746   0.07993   0.07561   0.20192   0.09774   1.88051  
  1 99.0000   5337.536129  x:  0.12205   0.12497   0.02362   0.01942   0.02378   0.05086   0.03542   0.07834   0.07985   0.07639   0.20245   0.09799   1.88098  
  2 2727.7388   5330.575911  x:  0.12346   0.13659   0.04702   0.01593   0.03109   0.05600   0.02688   0.08086   0.07259   0.07575   0.20696   0.09941   1.88479  
  3 520.6705   5327.733867  x:  0.12380   0.15387   0.05009   0.01712   0.02573   0.05894   0.03214   0.08083   0.06348   0.06129   0.21471   0.09974   1.89368  
  4 234.8327   5326.787147  x:  0.12235   0.16221   0.04796   0.01724   0.02815   0.05532   0.02816   0.08119   0.06566   0.05500   0.21885   0.09829   1.90160  
  5 191.2075   5325.799172  x:  0.11785   0.17225   0.04911   0.01663   0.02812   0.05311   0.03225   0.08117   0.07359   0.05752   0.22443   0.09379   1.92046  
  6 150.2747   5324.490904  x:  0.11183   0.17833   0.04609   0.01737   0.02318   0.05675   0.02738   0.08142   0.07343   0.06349   0.22916   0.08777   1.95520  
  7 206.8908   5322.238338  x:  0.10502   0.18227   0.03914   0.01714   0.03134   0.06182   0.02870   0.08242   0.06643   0.06998   0.23467   0.08096   2.02612  
  8 546.4733   5311.974426  x:  0.10981   0.17407   0.04226   0.01747   0.02901   0.04092   0.03029   0.07704   0.05366   0.07586   0.24366   0.08575   2.34897  
  9 732.5359   5295.368536  x:  0.13160   0.15134   0.04766   0.01670   0.02786   0.06120   0.02944   0.07738   0.07469   0.05756   0.24980   0.10755   2.95715  
 10 3161.5731   5294.389640  x:  0.12848   0.15296   0.04953   0.01650   0.02621   0.05966   0.03048   0.08850   0.07494   0.05403   0.23633   0.10443   2.99104  
 11 203.4521   5293.844731  x:  0.12658   0.15835   0.05030   0.01655   0.02662   0.06001   0.03038   0.08303   0.07511   0.05258   0.22053   0.10253   3.00943  
 12 119.5479   5293.788403  x:  0.12861   0.16100   0.04899   0.01656   0.02675   0.06007   0.03024   0.08369   0.07503   0.05442   0.21835   0.10455   3.01141  
 13 27.8420   5290.696023  x:  0.11637   0.17737   0.04884   0.01560   0.02708   0.05691   0.02961   0.08212   0.06982   0.06188   0.23450   0.09270   3.36540  
 14  0.2106   5290.386540  x:  0.12203   0.17522   0.04831   0.01522   0.02760   0.05625   0.02956   0.08276   0.06920   0.06009   0.23343   0.09835   3.48341  
 15  0.0874   5290.368635  x:  0.12104   0.17430   0.04874   0.01500   0.02746   0.05614   0.02977   0.08265   0.06954   0.05968   0.23279   0.09735   3.50764  
 16  0.0197   5290.366842  x:  0.12105   0.17426   0.04846   0.01481   0.02741   0.05634   0.02976   0.08264   0.06970   0.05986   0.23328   0.09733   3.50903  
 17  0.0007   5290.366362  x:  0.12111   0.17428   0.04843   0.01469   0.02743   0.05625   0.02978   0.08269   0.06968   0.05989   0.23293   0.09734   3.50634  
 18  0.0014   5290.366342  x:  0.12112   0.17426   0.04846   0.01469   0.02743   0.05623   0.02978   0.08266   0.06966   0.05986   0.23300   0.09732   3.50594  
 19  0.0003   5290.366341  x:  0.12113   0.17427   0.04846   0.01469   0.02743   0.05623   0.02978   0.08267   0.06966   0.05986   0.23300   0.09731   3.50596  
 20  0.0000   5290.366341  x:  0.12113   0.17427   0.04846   0.01469   0.02743   0.05623   0.02978   0.08267   0.06966   0.05986   0.23300   0.09731   3.50596  
 21  0.0000   5290.366341  x:  0.12114   0.17427   0.04847   0.01469   0.02743   0.05623   0.02978   0.08267   0.06966   0.05986   0.23300   0.09730   3.50596  
 22  0.0000   5290.366341  x:  0.12114   0.17427   0.04847   0.01469   0.02743   0.05623   0.02978   0.08267   0.06966   0.05986   0.23300   0.09730   3.50596  
 23  0.0000   5290.366341  x:  0.12114   0.17427   0.04847   0.01469   0.02743   0.05623   0.02978   0.08267   0.06966   0.05986   0.23300   0.09730   3.50596  
 24  0.0001   5290.366341  x:  0.12114   0.17427   0.04847   0.01469   0.02743   0.05623   0.02978   0.08267   0.06966   0.05986   0.23300   0.09730   3.50596  
 25  0.0001   5290.366341  x:  0.12114   0.17427   0.04847   0.01469   0.02743   0.05623   0.02978   0.08267   0.06966   0.05986   0.23300   0.09730   3.50596  
 26  0.0005   5290.366341  x:  0.12114   0.17427   0.04847   0.01469   0.02743   0.05623   0.02978   0.08267   0.06966   0.05986   0.23300   0.09730   3.50596  
 27  0.0005   5290.366341  x:  0.12114   0.17427   0.04847   0.01469   0.02743   0.05623   0.02978   0.08267   0.06966   0.05986   0.23300   0.09730   3.50596  
 28  0.0018   5290.366341  x:  0.12114   0.17427   0.04847   0.01469   0.02743   0.05623   0.02978   0.08267   0.06966   0.05986   0.23300   0.09730   3.50596  

TREE #  2

  0  0.0000   5314.779858  x:  0.09436   0.12357   0.01837   0.00000   0.02073   0.04981   0.03628   0.07754   0.07968   0.07546   0.20162   0.12455   3.50596  
  1 99.0000   5302.107356  x:  0.09483   0.12567   0.02403   0.01985   0.02432   0.05071   0.03529   0.07862   0.07976   0.07651   0.20252   0.12502   3.50594  
  2 2489.5811   5294.489874  x:  0.09785   0.14143   0.04849   0.01585   0.03108   0.05724   0.02643   0.08207   0.07266   0.07639   0.20984   0.12803   3.50584  
  3 514.5289   5291.447771  x:  0.09989   0.16180   0.05018   0.01720   0.02577   0.05950   0.03318   0.08236   0.06544   0.06235   0.22096   0.13007   3.50569  
  4 250.9658   5290.770723  x:  0.09910   0.16849   0.04796   0.01746   0.02717   0.05629   0.02906   0.08252   0.06705   0.05759   0.22523   0.12929   3.50564  
  5 177.9622   5290.568629  x:  0.09672   0.17220   0.04807   0.01710   0.02793   0.05529   0.03070   0.08229   0.07073   0.05901   0.22840   0.12690   3.50561  
  6 70.5516   5290.513204  x:  0.09511   0.17319   0.04767   0.01728   0.02663   0.05587   0.02992   0.08222   0.07074   0.06019   0.22985   0.12529   3.50560  
  7 45.3398   5290.493659  x:  0.09415   0.17333   0.04710   0.01728   0.02732   0.05634   0.02993   0.08236   0.06992   0.06057   0.23070   0.12434   3.50560  
  8 28.9244   5290.491334  x:  0.09400   0.17307   0.04726   0.01728   0.02730   0.05594   0.03001   0.08231   0.06965   0.06056   0.23112   0.12418   3.50560  
  9  6.9626   5290.489359  x:  0.09394   0.17244   0.04745   0.01727   0.02728   0.05608   0.03000   0.08229   0.06979   0.06024   0.23197   0.12413   3.50560  
 10  5.0261   5290.489203  x:  0.09404   0.17242   0.04738   0.01727   0.02728   0.05608   0.03000   0.08235   0.06978   0.06035   0.23213   0.12423   3.50560  
 11  1.2636   5290.489183  x:  0.09406   0.17242   0.04738   0.01727   0.02729   0.05608   0.02999   0.08230   0.06978   0.06036   0.23214   0.12424   3.50560  
 12  0.3260   5290.394237  x:  0.09428   0.17541   0.04980   0.01562   0.02759   0.05644   0.02945   0.08288   0.06930   0.05924   0.23341   0.12418   3.50475  
 13  0.0050   5290.387865  x:  0.09411   0.17534   0.04955   0.01540   0.02756   0.05642   0.02956   0.08283   0.06940   0.05938   0.23352   0.12445   3.53035  
 14  0.0459   5290.367192  x:  0.09329   0.17452   0.04868   0.01467   0.02744   0.05630   0.02994   0.08265   0.06968   0.05983   0.23317   0.12515   3.50710  
 15  0.0796   5290.366356  x:  0.09329   0.17428   0.04847   0.01469   0.02742   0.05623   0.02979   0.08271   0.06967   0.05985   0.23300   0.12511   3.50602  
 16  0.0012   5290.366342  x:  0.09319   0.17426   0.04846   0.01469   0.02743   0.05624   0.02978   0.08267   0.06966   0.05986   0.23300   0.12525   3.50594  
 17  0.0002   5290.366341  x:  0.09317   0.17427   0.04847   0.01469   0.02743   0.05623   0.02978   0.08267   0.06966   0.05986   0.23300   0.12527   3.50596  