

TREE #  1

  0  0.0000   1895.794984  x:  0.03203   0.02660   0.01425   0.00851   0.00000   0.03750   0.06057   0.06356   0.05483   0.04804   0.08254   0.04605   2.10774  
  1 99.0000   1895.794345  x:  0.03203   0.02660   0.01425   0.00851   0.00000   0.03750   0.06057   0.06356   0.05483   0.04804   0.08254   0.04605   2.10774  
  2 449.1688   1894.683078  x:  0.02672   0.02404   0.01987   0.00525   0.00000   0.04061   0.06695   0.06944   0.05863   0.05252   0.08615   0.04075   2.11097  
  3 167.6699   1894.407821  x:  0.02716   0.02496   0.01605   0.00589   0.00000   0.03828   0.07086   0.07464   0.05887   0.05366   0.09023   0.04119   2.11778  
  4 54.6389   1894.052669  x:  0.02898   0.02510   0.01800   0.00240   0.00000   0.03691   0.07102   0.07679   0.05557   0.05356   0.09236   0.04301   2.13754  
  5 51.2972   1891.619973  x:  0.02773   0.01404   0.02068   0.00638   0.00000   0.03398   0.06729   0.08061   0.04779   0.04872   0.09798   0.04178   2.29158  
  6 316.3634   1878.797847  x:  0.02043   0.03766   0.02413   0.01038   0.00000   0.04516   0.04972   0.08101   0.05495   0.03404   0.11530   0.03457   3.30295  
  7 1941.9343   1868.345230  x:  0.03275   0.03158   0.01905   0.00866   0.00000   0.04448   0.06944   0.05884   0.06606   0.06349   0.09889   0.04697   4.09536  
  8 3247.3842   1867.110431  x:  0.03158   0.03333   0.01757   0.00766   0.00000   0.04310   0.07318   0.06774   0.06360   0.06269   0.08074   0.04580   4.17714  
  9 448.8192   1867.100521  x:  0.03147   0.03349   0.01809   0.00769   0.00000   0.04201   0.07372   0.06745   0.06402   0.06202   0.08059   0.04569   4.17780  
 10 11.8171   1867.093992  x:  0.03165   0.03339   0.01811   0.00766   0.00000   0.04250   0.07462   0.06721   0.06401   0.06107   0.08059   0.04588   4.17820  
 11  3.5705   1863.195242  x:  0.01945   0.03435   0.00865   0.00426   0.00000   0.03914   0.08095   0.05897   0.05407   0.06321   0.08336   0.03511   4.37630  
 12  1.6105   1860.274668  x:  0.01948   0.02796   0.00457   0.00000   0.00000   0.03809   0.07810   0.06186   0.06316   0.06105   0.08396   0.03602   4.49856  
 13 1007.5023   1860.274668  x:  0.01948   0.02796   0.00457   0.00000   0.00000   0.03809   0.07810   0.06186   0.06316   0.06105   0.08396   0.03602   4.49856  
 14  0.6065   1859.292748  x:  0.02045   0.02388   0.01178   0.00066   0.00000   0.03618   0.07522   0.06352   0.06385   0.05797   0.08530   0.03699   4.49878  
 15 242.7428   1858.977071  x:  0.02067   0.02241   0.01164   0.00000   0.00000   0.03572   0.07407   0.06402   0.06399   0.05659   0.08586   0.03721   4.49887  
 16 218.4476   1858.587843  x:  0.02133   0.01902   0.01017   0.00227   0.00000   0.03479   0.07082   0.06538   0.06451   0.05285   0.08744   0.03787   4.49920  
 17 354.5879   1858.476382  x:  0.02144   0.02142   0.01028   0.00239   0.00000   0.03549   0.06806   0.06599   0.06473   0.05043   0.08940   0.03798   4.49978  
 18 54.1484   1858.465656  x:  0.02076   0.02123   0.01038   0.00245   0.00000   0.03592   0.06756   0.06563   0.06465   0.05056   0.09010   0.03730   4.50039  
 19 14.9385   1858.457347  x:  0.02111   0.02109   0.01036   0.00246   0.00000   0.03592   0.06725   0.06487   0.06450   0.05112   0.09113   0.03765   4.50219  
 20  9.5448   1858.297254  x:  0.02041   0.02150   0.01017   0.00258   0.00000   0.03361   0.07156   0.06577   0.06542   0.04984   0.09588   0.03694   4.56108  
 21 13.2968   1857.565750  x:  0.02232   0.01943   0.01042   0.00226   0.00000   0.04151   0.07596   0.07059   0.06487   0.04948   0.09971   0.03883   4.84385  
 22 393.3933   1853.139053  x:  0.02091   0.02136   0.00874   0.00146   0.00000   0.03160   0.06310   0.07245   0.06046   0.05651   0.09042   0.03731   6.61866  
 23 2199.1909   1852.627866  x:  0.02115   0.02109   0.00926   0.00136   0.00000   0.03323   0.06399   0.06389   0.06554   0.05152   0.08713   0.03754   6.80361  
 24 1172.0617   1852.627552  x:  0.02115   0.02109   0.00928   0.00137   0.00000   0.03323   0.06405   0.06381   0.06528   0.05141   0.08711   0.03754   6.80377  
 25  1.8553   1852.532169  x:  0.02115   0.02109   0.00927   0.00137   0.00134   0.03323   0.06403   0.06383   0.06535   0.05144   0.08712   0.03754   6.80373  
 26 160.6051   1852.016164  x:  0.02196   0.01930   0.00857   0.00000   0.00140   0.03467   0.06748   0.06674   0.06580   0.04966   0.09289   0.03791   7.24015  
 27  0.5339   1852.016164  x:  0.02196   0.01930   0.00857   0.00000   0.00140   0.03467   0.06748   0.06674   0.06580   0.04966   0.09289   0.03791   7.24015  
 28  0.2987   1852.012592  x:  0.02201   0.01932   0.00870   0.00009   0.00158   0.03430   0.06730   0.06687   0.06574   0.04985   0.09287   0.03796   7.24017  
 29  9.7758   1852.011643  x:  0.02202   0.01933   0.00871   0.00019   0.00156   0.03414   0.06722   0.06693   0.06571   0.04993   0.09286   0.03798   7.24018  
 30 29.6841   1852.010979  x:  0.02203   0.01933   0.00867   0.00015   0.00149   0.03399   0.06713   0.06699   0.06566   0.04999   0.09286   0.03798   7.24019  
 31 12.9474   1852.010753  x:  0.02201   0.01932   0.00858   0.00016   0.00152   0.03396   0.06707   0.06704   0.06562   0.05001   0.09286   0.03797   7.24021  
 32  4.6144   1852.010635  x:  0.02198   0.01932   0.00860   0.00016   0.00152   0.03402   0.06700   0.06712   0.06553   0.05003   0.09286   0.03794   7.24026  
 33  1.6865   1852.010605  x:  0.02202   0.01934   0.00860   0.00016   0.00152   0.03402   0.06699   0.06714   0.06550   0.05001   0.09287   0.03798   7.24036  
 34  0.5290   1852.010471  x:  0.02208   0.01925   0.00860   0.00016   0.00151   0.03405   0.06700   0.06720   0.06552   0.05002   0.09286   0.03804   7.24111  
 35  1.4794   1851.999541  x:  0.02200   0.01964   0.00852   0.00015   0.00153   0.03378   0.06782   0.06844   0.06584   0.04952   0.09283   0.03793   7.29686  
 36 10.7669   1851.930390  x:  0.02192   0.01876   0.00867   0.00019   0.00171   0.03343   0.06819   0.06726   0.06432   0.04935   0.09341   0.03772   7.65687  
 37 350.8350   1851.911505  x:  0.02222   0.01954   0.00844   0.00014   0.00168   0.03400   0.06743   0.06697   0.06502   0.05011   0.09342   0.03799   7.75345  
 38 829.7190   1851.909873  x:  0.02220   0.01947   0.00850   0.00015   0.00170   0.03399   0.06699   0.06694   0.06531   0.04975   0.09336   0.03796   7.76173  
 39 66.3588   1851.909864  x:  0.02220   0.01948   0.00850   0.00015   0.00170   0.03399   0.06700   0.06694   0.06530   0.04974   0.09330   0.03796   7.76178  
 40  0.2239   1851.909403  x:  0.02222   0.01938   0.00849   0.00016   0.00169   0.03400   0.06701   0.06701   0.06546   0.04985   0.09360   0.03787   7.76425  
 41  0.1049   1851.908423  x:  0.02246   0.01934   0.00847   0.00015   0.00167   0.03403   0.06709   0.06717   0.06565   0.05001   0.09312   0.03763   7.77839  
 42  0.0300   1851.908327  x:  0.02271   0.01932   0.00849   0.00015   0.00169   0.03396   0.06713   0.06720   0.06562   0.04997   0.09308   0.03731   7.78382  
 43  0.0049   1851.908321  x:  0.02313   0.01932   0.00850   0.00015   0.00170   0.03395   0.06712   0.06719   0.06561   0.04999   0.09308   0.03688   7.78397  
 44  0.0004   1851.908320  x:  0.02352   0.01931   0.00850   0.00014   0.00170   0.03395   0.06712   0.06718   0.06561   0.04999   0.09308   0.03649   7.78392  
 45  0.0026   1851.908320  x:  0.02391   0.01931   0.00850   0.00014   0.00170   0.03394   0.06712   0.06718   0.06561   0.05000   0.09308   0.03610   7.78389  
 46  0.0085   1851.908319  x:  0.02423   0.01931   0.00850   0.00014   0.00170   0.03394   0.06712   0.06718   0.06561   0.05000   0.09308   0.03578   7.78389  
 47  0.0163   1851.908319  x:  0.02448   0.01931   0.00850   0.00014   0.00170   0.03394   0.06712   0.06718   0.06562   0.05000   0.09308   0.03553   7.78390  
 48  0.0237   1851.908319  x:  0.02466   0.01931   0.00850   0.00014   0.00170   0.03394   0.06712   0.06718   0.06562   0.05000   0.09307   0.03535   7.78391  
 49  0.0295   1851.908319  x:  0.02480   0.01931   0.00850   0.00014   0.00170   0.03394   0.06712   0.06718   0.06562   0.05000   0.09307   0.03521   7.78392  
 50  0.0336   1851.908319  x:  0.02490   0.01931   0.00851   0.00014   0.00170   0.03394   0.06712   0.06718   0.06562   0.05000   0.09307   0.03511   7.78393  
 51  0.0363   1851.908319  x:  0.02498   0.01931   0.00851   0.00014   0.00170   0.03394   0.06712   0.06718   0.06562   0.05000   0.09307   0.03503   7.78394  
 52  0.0380   1851.908319  x:  0.02504   0.01931   0.00851   0.00013   0.00170   0.03394   0.06712   0.06718   0.06562   0.05000   0.09307   0.03497   7.78394  
 53  0.0390   1851.908319  x:  0.02508   0.01931   0.00851   0.00013   0.00170   0.03394   0.06712   0.06718   0.06562   0.05000   0.09307   0.03493   7.78395  
 54  0.0397   1851.908319  x:  0.02512   0.01931   0.00851   0.00013   0.00170   0.03394   0.06712   0.06718   0.06562   0.05000   0.09307   0.03489   7.78395  
 55  0.0401   1851.908319  x:  0.02515   0.01931   0.00851   0.00013   0.00170   0.03394   0.06712   0.06718   0.06562   0.05000   0.09307   0.03486   7.78395  
 56  0.0405   1851.908319  x:  0.02517   0.01931   0.00851   0.00013   0.00170   0.03394   0.06712   0.06718   0.06562   0.05000   0.09307   0.03484   7.78396  
 57  0.0407   1851.908319  x:  0.02518   0.01931   0.00851   0.00013   0.00170   0.03394   0.06712   0.06718   0.06562   0.05001   0.09307   0.03483   7.78396  
 58  0.0410   1851.908319  x:  0.02519   0.01931   0.00851   0.00013   0.00170   0.03394   0.06712   0.06718   0.06562   0.05001   0.09307   0.03482   7.78396  
 59  0.0412   1851.908319  x:  0.02520   0.01931   0.00851   0.00013   0.00170   0.03394   0.06712   0.06718   0.06562   0.05001   0.09307   0.03481   7.78396  
 60  0.0414   1851.908319  x:  0.02521   0.01931   0.00851   0.00013   0.00170   0.03394   0.06712   0.06718   0.06562   0.05001   0.09307   0.03480   7.78396  
 61  0.0416   1851.908319  x:  0.02521   0.01931   0.00851   0.00013   0.00170   0.03394   0.06712   0.06718   0.06562   0.05001   0.09307   0.03480   7.78396  
 62  0.0418   1851.908319  x:  0.02522   0.01931   0.00851   0.00013   0.00170   0.03394   0.06712   0.06718   0.06562   0.05001   0.09307   0.03479   7.78396  
 63  0.0421   1851.908319  x:  0.02522   0.01931   0.00851   0.00013   0.00170   0.03394   0.06712   0.06718   0.06562   0.05001   0.09307   0.03479   7.78396  
 64  0.0423   1851.908319  x:  0.02522   0.01931   0.00851   0.00013   0.00170   0.03394   0.06712   0.06718   0.06562   0.05001   0.09307   0.03479   7.78396  
 65  0.0424   1851.908319  x:  0.02522   0.01931   0.00851   0.00013   0.00170   0.03394   0.06712   0.06718   0.06562   0.05001   0.09307   0.03479   7.78396  
 66  0.0427   1851.908319  x:  0.02523   0.01931   0.00851   0.00013   0.00170   0.03394   0.06712   0.06718   0.06562   0.05001   0.09307   0.03479   7.78396  
 67  0.0429   1851.908319  x:  0.02523   0.01931   0.00851   0.00013   0.00170   0.03394   0.06712   0.06718   0.06562   0.05001   0.09307   0.03478   7.78396  
 68  0.0431   1851.908319  x:  0.02523   0.01931   0.00851   0.00013   0.00170   0.03394   0.06712   0.06718   0.06562   0.05001   0.09307   0.03478   7.78396  
 69  0.0438   1851.908319  x:  0.02523   0.01931   0.00851   0.00013   0.00170   0.03394   0.06712   0.06718   0.06562   0.05001   0.09307   0.03478   7.78396  
 70  0.0435   1851.908319  x:  0.02523   0.01931   0.00851   0.00013   0.00170   0.03394   0.06712   0.06718   0.06562   0.05001   0.09307   0.03478   7.78396  
 71  0.0441   1851.908319  x:  0.02523   0.01931   0.00851   0.00013   0.00170   0.03394   0.06712   0.06718   0.06562   0.05001   0.09307   0.03478   7.78396  
check convergence!


TREE #  2

  0  0.0000   1855.772174  x:  0.03769   0.01915   0.01650   0.00729   0.00000   0.04160   0.06412   0.06073   0.06000   0.04863   0.08360   0.04027   7.78396  
  1 99.0000   1853.029106  x:  0.03467   0.01863   0.01164   0.00000   0.00172   0.04005   0.06428   0.06151   0.06093   0.04816   0.08507   0.03725   7.78396  
  2 353.5969   1852.679769  x:  0.03307   0.01879   0.01087   0.00000   0.00000   0.03814   0.06474   0.06268   0.06212   0.04887   0.08606   0.03565   7.78396  
  3 206.0924   1852.301206  x:  0.03108   0.01965   0.01245   0.00000   0.00180   0.03540   0.06637   0.06550   0.06459   0.05114   0.08797   0.03365   7.78396  
  4 149.4930   1852.264752  x:  0.03199   0.01959   0.01156   0.00000   0.00176   0.03563   0.06756   0.06703   0.06522   0.05163   0.08930   0.03457   7.78396  
  5 26.8614   1852.262795  x:  0.03194   0.01923   0.01171   0.00000   0.00172   0.03572   0.06775   0.06711   0.06504   0.05149   0.08966   0.03451   7.78396  
  6  6.4635   1852.262278  x:  0.03193   0.01937   0.01175   0.00000   0.00171   0.03569   0.06779   0.06706   0.06489   0.05138   0.08992   0.03451   7.78396  
  7  3.2682   1852.262039  x:  0.03198   0.01932   0.01174   0.00000   0.00174   0.03559   0.06768   0.06697   0.06490   0.05144   0.09004   0.03456   7.78396  
  8  0.5714   1852.260314  x:  0.03189   0.01934   0.01175   0.00000   0.00169   0.03595   0.06739   0.06683   0.06509   0.05168   0.09036   0.03447   7.78401  
  9  0.7241   1852.123577  x:  0.03101   0.01930   0.01102   0.00000   0.00177   0.03520   0.06609   0.06731   0.06841   0.04799   0.09192   0.03359   7.78762  
 10  0.6380   1851.912481  x:  0.02893   0.01934   0.00829   0.00000   0.00171   0.03410   0.06729   0.06718   0.06637   0.04998   0.09284   0.03152   7.79298  
 11 24.9143   1851.911947  x:  0.02893   0.01934   0.00829   0.00000   0.00171   0.03409   0.06705   0.06744   0.06622   0.04997   0.09284   0.03152   7.79300  
 12  2.7881   1851.911331  x:  0.02893   0.01934   0.00829   0.00011   0.00171   0.03409   0.06704   0.06745   0.06621   0.04997   0.09284   0.03152   7.79300  
 13 12.2215   1851.908557  x:  0.02872   0.01931   0.00854   0.00008   0.00172   0.03396   0.06713   0.06727   0.06578   0.05003   0.09303   0.03132   7.78977  
 14  0.0043   1851.908556  x:  0.02872   0.01931   0.00854   0.00008   0.00172   0.03396   0.06713   0.06726   0.06577   0.05003   0.09304   0.03132   7.78953  
 15  0.0029   1851.908556  x:  0.02872   0.01931   0.00854   0.00008   0.00172   0.03396   0.06713   0.06726   0.06577   0.05003   0.09304   0.03132   7.78953  
 16  0.0046   1851.908556  x:  0.02872   0.01931   0.00854   0.00008   0.00172   0.03396   0.06713   0.06726   0.06577   0.05003   0.09304   0.03132   7.78953  
check convergence!
