     2    426    223


 1

     1     64    -2.4709697247   0.084502874731      35.9982  AAAAAAAAAAAAA
     2      3    -6.3302153123   0.001781650117       0.7590  AAAAAAAAAAAAC
     3      1    -4.9607394505   0.007007744036       2.9853  AAAAAAAAAAAAG
     4      2    -6.2602229405   0.001910819750       0.8140  AAAAAAAAAAAAT
     5      1    -8.9637887419   0.000127960525       0.0545  AAAAAAAAAAAGC
     6      1    -8.8649137542   0.000141259243       0.0602  AAAAAAAAAACAG
     7      1    -9.0299229297   0.000119771724       0.0510  AAAAAAAAAACCC
     8      2    -5.0301455454   0.006537858946       2.7851  AAAAAAAAAAGAA
     9      1    -7.1825267467   0.000759745730       0.3237  AAAAAAAAAAGAG
    10      1    -6.3370638003   0.001769490193       0.7538  AAAAAAAAAATAA
    11      1    -5.7621661096   0.003144293333       1.3395  AAAAAAAAAGAAA
    12      1   -12.4788267125   0.000003806400       0.0016  AAAAAAAAAGACC
    13      1    -9.6982522106   0.000061390699       0.0262  AAAAAAAAAGCAA
    14      3    -5.1555145225   0.005767511797       2.4570  AAAAAAAGAAAAA
    15      1    -7.6452005393   0.000478334376       0.2038  AAAAAAAGAAAAG
    16      1    -7.7146739525   0.000446230933       0.1901  AAAAAAAGAAGAA
    17      1    -6.5271968911   0.001463101339       0.6233  AAAAAAGAAAAAA
    18      2    -5.4899296365   0.004128134634       1.7586  AAAAAGAAAAAAA
    19      1   -11.2565650223   0.000012922184       0.0055  AAAATAAAAAAAT
    20      1    -8.0951145883   0.000305025680       0.1299  AAACAAACACAAA
    21      1    -5.5509705880   0.003883685955       1.6545  AAAGAAAAAAAAA
    22      1    -9.6006059998   0.000067687705       0.0288  AAAGAAAAAAGGG
    23      3    -5.7969963900   0.003036662010       1.2936  AAAGAAAAAGAAA
    24      1    -8.2864851991   0.000251898281       0.1073  AAAGAAAAAGAAG
    25      1    -7.5681045253   0.000516670858       0.2201  AAAGAGAAAGAAA
    26      1   -15.2335242742   0.000000242195       0.0001  AAAGAGACAAGGG
    27      1    -5.7754548234   0.003102786118       1.3218  AAAGAGAGAGAAA
    28      1   -11.1296233869   0.000014671211       0.0062  AAATATATATAAC
    29      1   -12.8096101180   0.000002734368       0.0012  AAGAGAAAGAAGA
    30      2    -6.8398001817   0.001070317247       0.4560  AAGAGAGAGAGGG
    31      1   -14.9066714596   0.000000335826       0.0001  AAGGAAGAGAATA
    32      2    -4.9685791709   0.006953020073       2.9620  ACACACACACAAA
    33      1    -7.6024560601   0.000499223803       0.2127  ACACACACACAGA
    34      1    -7.5245864374   0.000539651802       0.2299  ACACACACACGAA
    35      1   -13.6410218525   0.000001190637       0.0005  ACACACACATTTC
    36      1   -21.3603068958   0.000000000529       0.0000  ACACAGAGGCTAA
    37      1   -13.7542487808   0.000001063177       0.0005  ACATATATATTAT
    38      1   -11.9205497865   0.000006652287       0.0028  ACTCTCTCTCATT
    39      1    -5.5106197031   0.004043600775       1.7226  AGAAAAAAAAAAA
    40      1    -9.2979519210   0.000091611667       0.0390  AGAAAAAAAAAAT
    41      1    -7.8719999503   0.000381271076       0.1624  AGAAAAAGAAAAA
    42      1   -11.5180191275   0.000009949193       0.0042  AGAAAGAAATAAA
    43      1    -9.4920921669   0.000075446092       0.0321  AGACAGACACAAA
    44      1   -10.9762946019   0.000017102351       0.0073  AGACAGAGATAAA
    45      1    -6.4360855100   0.001602668046       0.6827  AGAGAAAGAGAAA
    46      2    -6.1019714389   0.002238450398       0.9536  AGAGAGAAAGAAA
    47      4    -4.0083742590   0.018162899417       7.7374  AGAGAGAGAGAAA
    48      1    -6.5532301440   0.001425503572       0.6073  AGAGAGAGAGGAA
    49      1   -14.4568306352   0.000000526597       0.0002  AGAGGGAAAAAGA
    50      1   -15.4449639752   0.000000196037       0.0001  AGGGGGGGGGTTA
    51      1    -7.0429279125   0.000873565092       0.3721  ATAAAAAAAAAAA
    52      1    -8.0820297801   0.000309043109       0.1317  ATACATATACAAA
    53      1   -12.8608262951   0.000002597850       0.0011  ATAGAAAAAGGAA
    54      1   -17.3829308059   0.000000028229       0.0000  ATAGAAAAAGTTA
    55      3    -4.8744711840   0.007639132847       3.2543  ATATATATATAAA
    56      1   -22.5100750483   0.000000000167       0.0000  ATTTACATTGAAT
    57      1   -17.7814922666   0.000000018949       0.0000  ATTTTTTTCCTTC
    58      1    -7.5153238221   0.000544673611       0.2320  CACACACACACAA
    59      1    -7.5682623692   0.000516589311       0.2201  CACACACACACAC
    60     10    -4.9991546480   0.006743645345       2.8728  CACACACACACCC
    61      1    -7.3126148266   0.000667070496       0.2842  CACACACACACCT
    62      1    -7.4854875081   0.000561169529       0.2391  CACACACACACTC
    63      1    -8.9855848166   0.000125201663       0.0533  CACACACACAGCC
    64      1    -9.3890866276   0.000083631808       0.0356  CACACCCACACCC
    65      1   -10.8872189896   0.000018695663       0.0080  CACATACACATCC
    66      1   -20.8626454519   0.000000000870       0.0000  CACGAACGCAATT
    67      1   -13.3987668549   0.000001517014       0.0006  CACGCACACATAT
    68      1   -12.0078962852   0.000006095887       0.0026  CATACACATATCC
    69      1   -16.1987977130   0.000000092247       0.0000  CATACACGCATTC
    70      1   -11.4280730235   0.000010885564       0.0046  CATATATATGTTT
    71      1   -11.8433270254   0.000007186351       0.0031  CCCACACACACGC
    72      1   -19.1650741353   0.000000004750       0.0000  CCCAGACGCACTT
    73      1    -7.1909137363   0.000753400397       0.3209  CCCCCACCCCCCC
    74      1    -9.5346316075   0.000072303964       0.0308  CCCCCCCCCCAAA
    75      1    -6.6862685088   0.001247930738       0.5316  CCCCCCCCCCACC
    76      1    -6.6070981544   0.001350746124       0.5754  CCCCCCCCCCCCA
    77     25    -3.2451937954   0.038961013159      16.5974  CCCCCCCCCCCCC
    78      1    -5.9775101914   0.002535130431       1.0800  CCCCCCCCCCCTC
    79      1    -8.1550751606   0.000287273694       0.1224  CCCCCCCCCCTTC
    80      1    -9.1406964198   0.000107212639       0.0457  CCCCCCCCCTCTC
    81      1    -5.7672704697   0.003128284619       1.3326  CCCCCCCTCCCCC
    82      1   -12.0526578368   0.000005829042       0.0025  CCCCCTCACCTCC
    83      1   -10.0982776187   0.000041150371       0.0175  CCCCCTCCCCTTT
    84      1   -10.9154233286   0.000018175731       0.0077  CCCTCCCCTCCCC
    85      1   -12.8057115281   0.000002745049       0.0012  CCCTCTCCCTTCT
    86      1    -8.6122618995   0.000181862091       0.0775  CCCTCTCTCTCCT
    87      1    -8.6953154464   0.000167368022       0.0713  CCCTCTCTCTTCC
    88      1   -10.6867005047   0.000022846777       0.0097  CCCTCTCTCTTTC
    89      1   -12.0446509557   0.000005875902       0.0025  CCCTTCCTCCCCC
    90      1   -17.5093444358   0.000000024876       0.0000  CCTCTACCCCCTC
    91      1   -17.2418014737   0.000000032507       0.0000  CGAGTGAGAGCCT
    92      1   -19.3789975125   0.000000003835       0.0000  CGCACACTCGTAC
    93      1   -16.2617798100   0.000000086616       0.0000  CGCACATACACAG
    94      1   -18.5900169516   0.000000008442       0.0000  CGCATGTGTGTCC
    95      1   -10.2521047640   0.000035283160       0.0150  CGCCCGCGCGCCC
    96      1   -11.5576278372   0.000009562821       0.0041  CGCGCACGCGCCA
    97      1    -8.2126245947   0.000271207975       0.1155  CGCGCACGCGCCC
    98      1    -9.1155848602   0.000109939003       0.0468  CGCGCGCGCGCCA
    99      3    -5.7704341999   0.003118403210       1.3284  CGCGCGCGCGCCC
   100      1    -9.6415256943   0.000064973849       0.0277  CGCGCGCGCGCCG
   101      1   -11.9950628665   0.000006174622       0.0026  CGCGCGTGCGCCT
   102      1   -14.3707482807   0.000000573936       0.0002  CGCTCGCGCTGCC
   103      1   -14.4855530594   0.000000511687       0.0002  CGTCTCTTTCTTT
   104      1   -13.3901795545   0.000001530097       0.0007  CGTCTGTGTGTTT
   105      1   -26.7849140744   0.000000000002       0.0000  CGTGCCTCCAAAA
   106      1   -18.3540784530   0.000000010689       0.0000  CGTTCCTTTTTCC
   107      1   -21.1574333263   0.000000000648       0.0000  CGTTTATATTATC
   108      1   -10.7784581877   0.000020843713       0.0089  CTCACTCTCCCCC
   109      1   -15.7193375592   0.000000148997       0.0001  CTCATTCTCTTCT
   110      1   -10.0203255157   0.000044486468       0.0190  CTCCCCCTCTCCC
   111      2    -7.9017508716   0.000370094984       0.1577  CTCCCTCCCCCCC
   112      1   -10.0603045586   0.000042743024       0.0182  CTCCCTCCCCCTC
   113      1   -19.8304178589   0.000000002442       0.0000  CTCCCTTTTTTTA
   114      2    -6.8521742467   0.001057154677       0.4503  CTCTCTCCCTCCC
   115      2    -8.7252415412   0.000162433554       0.0692  CTCTCTCCCTTTT
   116      3    -4.2585911086   0.014142213224       6.0246  CTCTCTCTCTCCC
   117      1   -11.4556760690   0.000010589199       0.0045  CTCTCTCTCTTAA
   118      1    -6.6495651691   0.001294584909       0.5515  CTCTCTCTCTTCC
   119      1    -6.1285327708   0.002179776848       0.9286  CTCTCTCTCTTTT
   120      1   -12.7952060940   0.000002774039       0.0012  CTCTCTTCCTCTC
   121      1    -9.4626026635   0.000077704090       0.0331  CTCTTTCTCTTTT
   122      1   -14.5208842209   0.000000493924       0.0002  CTCTTTTACTTTT
   123      1   -10.4995542885   0.000027548725       0.0117  CTCTTTTTTTTTT
   124      1   -25.5939027471   0.000000000008       0.0000  CTGGGTGCAGGGT
   125      1   -14.5599892172   0.000000474982       0.0002  CTTACACACATTT
   126      1   -14.1621809902   0.000000707038       0.0003  CTTCTTTCTTTTC
   127      1   -16.3426572431   0.000000079887       0.0000  CTTCTTTTTCCGT
   128      1   -13.4714239823   0.000001410701       0.0006  CTTTCCCTCTCTT
   129      1   -14.3602567887   0.000000579989       0.0002  CTTTCTCCTCCCC
   130      1   -15.5651275370   0.000000173841       0.0001  CTTTCTTTCTTTC
   131      1   -18.3986440733   0.000000010223       0.0000  CTTTTCTTTCCCA
   132      1    -9.1296085828   0.000108408010       0.0462  CTTTTTTTTTTCT
   133      1    -6.3357431298   0.001771828651       0.7548  CTTTTTTTTTTTT
   134      1   -17.3189627808   0.000000030093       0.0000  GAATAGAAAAGAG
   135      1    -7.3186069743   0.000663085263       0.2825  GAGAGAGAGAAAG
   136      1    -7.9702598779   0.000345589163       0.1472  GAGAGAGAGACGG
   137      1    -5.9847655250   0.002516803777       1.0722  GAGAGAGAGAGAA
   138      3    -5.8455800421   0.002892656364       1.2323  GAGAGAGAGAGAG
   139      5    -4.0886127281   0.016762471543       7.1408  GAGAGAGAGAGGG
   140      1    -7.8137165423   0.000404153201       0.1722  GAGAGAGAGAGGT
   141      1    -9.2405958204   0.000097019767       0.0413  GAGAGAGAGGGGA
   142      1    -7.3782442044   0.000624696763       0.2661  GAGAGAGAGGGGG
   143      3    -7.0538855661   0.000864045122       0.3681  GAGAGGGAGAGGG
   144      1   -12.2296459357   0.000004883512       0.0021  GAGAGGGGGAAAG
   145      1    -9.3866224478   0.000083838146       0.0357  GAGGAGGGGGGGG
   146      1    -8.9250873039   0.000133009859       0.0567  GAGGGAGAGAGAG
   147      1   -10.6383514371   0.000023978537       0.0102  GAGGGAGAGGAAG
   148      1   -11.1354592073   0.000014585842       0.0062  GAGGGAGGGAAAA
   149      1   -11.3164600402   0.000012170932       0.0052  GAGGGAGGGGAGA
   150      1    -8.2885175870   0.000251386846       0.1071  GAGGGGGAGGGGG
   151      1   -10.1548610933   0.000038886590       0.0166  GAGGGGGGGGAAG
   152      1    -9.9590224773   0.000047298949       0.0201  GAGGGGGGGGAGA
   153      1    -6.3049979507   0.001827149913       0.7784  GAGGGGGGGGGGG
   154      1   -18.8480501525   0.000000006522       0.0000  GCAGATAAATAAA
   155      1    -9.7507320953   0.000058252002       0.0248  GCGCGCGCGCACC
   156      1    -8.3860484748   0.000228026553       0.0971  GCGCGCGCGCGAA
   157      1    -8.4108274491   0.000222445718       0.0948  GCGCGCGCGCGCC
   158      5    -5.8197998211   0.002968199256       1.2645  GCGCGCGCGCGGG
   159      1   -14.3843724820   0.000000566169       0.0002  GCGCTCGCGCGTT
   160      1   -20.2249994513   0.000000001646       0.0000  GCGTATATGTAGT
   161      1    -8.8428736146   0.000144407179       0.0615  GGGAGGGAGAGGA
   162      1    -6.2816629740   0.001870287767       0.7967  GGGAGGGGGGGGG
   163      1   -15.6856658587   0.000000154100       0.0001  GGGAGTGCGAGAG
   164      1    -8.4549069411   0.000212853390       0.0907  GGGCGGGGGCGGG
   165      1   -12.3101850748   0.000004505620       0.0019  GGGGAGGAGGGAA
   166      1    -8.4396295302   0.000216130205       0.0921  GGGGGGGAGAGGG
   167      1   -17.0400574456   0.000000039774       0.0000  GGGGGGGAGATCC
   168      1    -8.1651489273   0.000284394293       0.1212  GGGGGGGAGGGAG
   169      1    -5.8577874752   0.002857559114       1.2173  GGGGGGGAGGGGG
   170      1   -12.0629356726   0.000005769439       0.0025  GGGGGGGGGGACC
   171      1    -6.0700093790   0.002311151534       0.9846  GGGGGGGGGGGAG
   172      1    -5.6578666117   0.003489954390       1.4867  GGGGGGGGGGGGA
   173     30    -3.7624073645   0.023227755340       9.8950  GGGGGGGGGGGGG
   174      1   -10.5217020047   0.000026945291       0.0115  GGGGGGGGGGGTT
   175      1    -9.9732907535   0.000046628867       0.0199  GTGAGTGTGAGGG
   176      1   -10.7204534661   0.000022088500       0.0094  GTGTGCGCGTGGG
   177      1   -13.2152705512   0.000001822556       0.0008  GTGTGTATATGGG
   178      1   -10.3814917358   0.000031000980       0.0132  GTGTGTGCGTGAG
   179      2    -5.7256918057   0.003261096450       1.3892  GTGTGTGTGTGGG
   180      1    -8.7263186047   0.000162258696       0.0691  TAGAGAGAGAGGG
   181      1   -19.0085911724   0.000000005555       0.0000  TATACGCACATTC
   182      1   -19.8611968372   0.000000002368       0.0000  TATACGTATGCAC
   183      1    -7.9386561327   0.000356685494       0.1519  TATATATATACCC
   184      1    -9.4248581090   0.000080693050       0.0344  TATATATATACCT
   185      1    -7.4247242393   0.000596325297       0.2540  TATATATATATAA
   186      3    -4.8964805190   0.007472837352       3.1834  TATATATATATTT
   187      1   -13.2866230497   0.000001697043       0.0007  TATATATTTACAA
   188      1    -9.3119517800   0.000090338053       0.0385  TATATCTATATTT
   189      1    -7.9033018257   0.000369521429       0.1574  TATATGTATATTT
   190      1   -17.1724913917   0.000000034840       0.0000  TATATGTATCCCT
   191      1    -9.6651955830   0.000063453984       0.0270  TATCTATATCTTT
   192      1   -16.4248503161   0.000000073583       0.0000  TATCTATTTTTCC
   193      1    -6.4135772069   0.001639150422       0.6983  TCCCCCCCCCCCC
   194      1   -17.6346005331   0.000000021948       0.0000  TCTCTCACTTAAA
   195      1    -8.2322996184   0.000265924103       0.1133  TCTCTCCCTCTTT
   196      3    -4.2499962927   0.014264286791       6.0766  TCTCTCTCTCTTT
   197      1    -7.1878037688   0.000755747095       0.3219  TCTTTCTCTCTTT
   198      1    -8.5943952704   0.000185140554       0.0789  TCTTTTTTTTCTT
   199      1    -6.1237509480   0.002190225115       0.9330  TCTTTTTTTTTTT
   200      1   -20.8492867536   0.000000000882       0.0000  TTACCTATATTAA
   201      1   -18.1310284065   0.000000013360       0.0000  TTATCCTTATTCT
   202      1   -20.4235923504   0.000000001349       0.0000  TTCCCGTGCCCCC
   203      1   -12.0329674124   0.000005944956       0.0025  TTCTCTCCCTCTC
   204      1   -16.0653264346   0.000000105419       0.0000  TTCTCTTTCCCTT
   205      1    -9.6608707808   0.000063729004       0.0271  TTCTTTTTTTTTC
   206      1   -14.1355548031   0.000000726117       0.0003  TTTATATATAAAT
   207      1   -14.0424377858   0.000000796979       0.0003  TTTCTATGTTTTT
   208      1    -8.6351046970   0.000177754940       0.0757  TTTCTCTCTCTTC
   209      1    -6.2493352087   0.001931737912       0.8229  TTTCTCTCTCTTT
   210      1   -14.4368156651   0.000000537243       0.0002  TTTCTTTTTTGGT
   211      1    -6.1045784145   0.002232622413       0.9511  TTTCTTTTTTTTT
   212      1    -7.9541558717   0.000351199587       0.1496  TTTGTTTTTGTTT
   213      1   -15.1599117463   0.000000260696       0.0001  TTTTCCTCTCCTT
   214      1   -14.9189390617   0.000000331732       0.0001  TTTTTCTCTCATC
   215      1   -10.1266415466   0.000039999582       0.0170  TTTTTCTGTTTTT
   216      1   -11.7300372696   0.000008048400       0.0034  TTTTTTCTTTCTC
   217      1   -10.4245017446   0.000029695895       0.0127  TTTTTTTGTCTTT
   218      1   -10.3660245898   0.000031484204       0.0134  TTTTTTTTTTAAT
   219      1    -7.0879250254   0.000835128439       0.3558  TTTTTTTTTTGTT
   220      1    -6.9825226763   0.000927959307       0.3953  TTTTTTTTTTTAT
   221      1    -5.4966487022   0.004100490402       1.7468  TTTTTTTTTTTTC
   222      1    -7.0092931493   0.000903446965       0.3849  TTTTTTTTTTTTG
   223     38    -3.0949636464   0.045276658399      19.2879  TTTTTTTTTTTTT

 2

     1     64    -2.4709723325   0.084502654367      35.9981  AAAAAAAAAAAAA
     2      3    -6.3302073651   0.001781664276       0.7590  AAAAAAAAAAAAC
     3      1    -4.9607362302   0.007007766603       2.9853  AAAAAAAAAAAAG
     4      2    -6.2602149932   0.001910834936       0.8140  AAAAAAAAAAAAT
     5      1    -8.9637800413   0.000127961638       0.0545  AAAAAAAAAAAGC
     6      1    -8.8649055268   0.000141260405       0.0602  AAAAAAAAAACAG
     7      1    -9.0299135667   0.000119772845       0.0510  AAAAAAAAAACCC
     8      2    -5.0301475815   0.006537845634       2.7851  AAAAAAAAAAGAA
     9      1    -7.1825195556   0.000759751193       0.3237  AAAAAAAAAAGAG
    10      1    -6.3370618441   0.001769493655       0.7538  AAAAAAAAAATAA
    11      1    -5.7621442908   0.003144361938       1.3395  AAAAAAAAAGAAA
    12      1   -12.4787971724   0.000003806512       0.0016  AAAAAAAAAGACC
    13      1    -9.6982258279   0.000061392319       0.0262  AAAAAAAAAGCAA
    14      3    -5.1555028365   0.005767579197       2.4570  AAAAAAAGAAAAA
    15      1    -7.6451830272   0.000478342752       0.2038  AAAAAAAGAAAAG
    16      1    -7.7146616949   0.000446236403       0.1901  AAAAAAAGAAGAA
    17      1    -6.5272306787   0.001463051906       0.6233  AAAAAAGAAAAAA
    18      2    -5.4899106001   0.004128213220       1.7586  AAAAAGAAAAAAA
    19      1   -11.2565651734   0.000012922182       0.0055  AAAATAAAAAAAT
    20      1    -8.0951389037   0.000305018263       0.1299  AAACAAACACAAA
    21      1    -5.5509717472   0.003883681453       1.6544  AAAGAAAAAAAAA
    22      1    -9.6006035502   0.000067687871       0.0288  AAAGAAAAAAGGG
    23      3    -5.7970027548   0.003036642682       1.2936  AAAGAAAAAGAAA
    24      1    -8.2864857327   0.000251898146       0.1073  AAAGAAAAAGAAG
    25      1    -7.5680863418   0.000516680253       0.2201  AAAGAGAAAGAAA
    26      1   -15.2334871956   0.000000242204       0.0001  AAAGAGACAAGGG
    27      1    -5.7754511296   0.003102797579       1.3218  AAAGAGAGAGAAA
    28      1   -11.1295894398   0.000014671710       0.0063  AAATATATATAAC
    29      1   -12.8097133660   0.000002734086       0.0012  AAGAGAAAGAAGA
    30      2    -6.8397997806   0.001070317677       0.4560  AAGAGAGAGAGGG
    31      1   -14.9066090012   0.000000335847       0.0001  AAGGAAGAGAATA
    32      2    -4.9685854226   0.006952976605       2.9620  ACACACACACAAA
    33      1    -7.6024558967   0.000499223884       0.2127  ACACACACACAGA
    34      1    -7.5245920696   0.000539648763       0.2299  ACACACACACGAA
    35      1   -13.6409840817   0.000001190682       0.0005  ACACACACATTTC
    36      1   -21.3603190841   0.000000000529       0.0000  ACACAGAGGCTAA
    37      1   -13.7542467378   0.000001063179       0.0005  ACATATATATTAT
    38      1   -11.9205474214   0.000006652303       0.0028  ACTCTCTCTCATT
    39      1    -5.5106349213   0.004043539239       1.7225  AGAAAAAAAAAAA
    40      1    -9.2979564926   0.000091611249       0.0390  AGAAAAAAAAAAT
    41      1    -7.8719972096   0.000381272121       0.1624  AGAAAAAGAAAAA
    42      1   -11.5180041012   0.000009949342       0.0042  AGAAAGAAATAAA
    43      1    -9.4921228437   0.000075443778       0.0321  AGACAGACACAAA
    44      1   -10.9762887182   0.000017102452       0.0073  AGACAGAGATAAA
    45      1    -6.4360732650   0.001602687670       0.6827  AGAGAAAGAGAAA
    46      2    -6.1019653500   0.002238464028       0.9536  AGAGAGAAAGAAA
    47      4    -4.0083834109   0.018162733194       7.7373  AGAGAGAGAGAAA
    48      1    -6.5532384717   0.001425491701       0.6073  AGAGAGAGAGGAA
    49      1   -14.4568024415   0.000000526612       0.0002  AGAGGGAAAAAGA
    50      1   -15.4449842171   0.000000196033       0.0001  AGGGGGGGGGTTA
    51      1    -7.0429483322   0.000873547254       0.3721  ATAAAAAAAAAAA
    52      1    -8.0820390408   0.000309040247       0.1317  ATACATATACAAA
    53      1   -12.8608470671   0.000002597796       0.0011  ATAGAAAAAGGAA
    54      1   -17.3828978049   0.000000028230       0.0000  ATAGAAAAAGTTA
    55      3    -4.8744772437   0.007639086556       3.2543  ATATATATATAAA
    56      1   -22.5100924544   0.000000000167       0.0000  ATTTACATTGAAT
    57      1   -17.7814727198   0.000000018950       0.0000  ATTTTTTTCCTTC
    58      1    -7.5153159961   0.000544677873       0.2320  CACACACACACAA
    59      1    -7.5682395209   0.000516601114       0.2201  CACACACACACAC
    60     10    -4.9991601448   0.006743608276       2.8728  CACACACACACCC
    61      1    -7.3126143478   0.000667070815       0.2842  CACACACACACCT
    62      1    -7.4854864674   0.000561170113       0.2391  CACACACACACTC
    63      1    -8.9855857466   0.000125201547       0.0533  CACACACACAGCC
    64      1    -9.3890669892   0.000083633451       0.0356  CACACCCACACCC
    65      1   -10.8872359006   0.000018695347       0.0080  CACATACACATCC
    66      1   -20.8626306957   0.000000000870       0.0000  CACGAACGCAATT
    67      1   -13.3987338322   0.000001517064       0.0006  CACGCACACATAT
    68      1   -12.0079793758   0.000006095380       0.0026  CATACACATATCC
    69      1   -16.1987877024   0.000000092248       0.0000  CATACACGCATTC
    70      1   -11.4280469963   0.000010885848       0.0046  CATATATATGTTT
    71      1   -11.8433011200   0.000007186537       0.0031  CCCACACACACGC
    72      1   -19.1650458832   0.000000004750       0.0000  CCCAGACGCACTT
    73      1    -7.1908882237   0.000753419618       0.3210  CCCCCACCCCCCC
    74      1    -9.5346220096   0.000072304658       0.0308  CCCCCCCCCCAAA
    75      1    -6.6862669901   0.001247932633       0.5316  CCCCCCCCCCACC
    76      1    -6.6070904851   0.001350756484       0.5754  CCCCCCCCCCCCA
    77     25    -3.2451968269   0.038960895049      16.5973  CCCCCCCCCCCCC
    78      1    -5.9775136719   0.002535121607       1.0800  CCCCCCCCCCCTC
    79      1    -8.1550762195   0.000287273389       0.1224  CCCCCCCCCCTTC
    80      1    -9.1406742728   0.000107215013       0.0457  CCCCCCCCCTCTC
    81      1    -5.7672585457   0.003128321921       1.3327  CCCCCCCTCCCCC
    82      1   -12.0526176493   0.000005829277       0.0025  CCCCCTCACCTCC
    83      1   -10.0982559949   0.000041151261       0.0175  CCCCCTCCCCTTT
    84      1   -10.9154468159   0.000018175304       0.0077  CCCTCCCCTCCCC
    85      1   -12.8056847650   0.000002745123       0.0012  CCCTCTCCCTTCT
    86      1    -8.6122467306   0.000181864850       0.0775  CCCTCTCTCTCCT
    87      1    -8.6953052916   0.000167369721       0.0713  CCCTCTCTCTTCC
    88      1   -10.6866970695   0.000022846855       0.0097  CCCTCTCTCTTTC
    89      1   -12.0446517588   0.000005875897       0.0025  CCCTTCCTCCCCC
    90      1   -17.5093409476   0.000000024877       0.0000  CCTCTACCCCCTC
    91      1   -17.2417919079   0.000000032508       0.0000  CGAGTGAGAGCCT
    92      1   -19.3789391832   0.000000003836       0.0000  CGCACACTCGTAC
    93      1   -16.2618009930   0.000000086614       0.0000  CGCACATACACAG
    94      1   -18.5900702926   0.000000008442       0.0000  CGCATGTGTGTCC
    95      1   -10.2521070395   0.000035283080       0.0150  CGCCCGCGCGCCC
    96      1   -11.5576020848   0.000009563067       0.0041  CGCGCACGCGCCA
    97      1    -8.2126095511   0.000271212055       0.1155  CGCGCACGCGCCC
    98      1    -9.1155814252   0.000109939381       0.0468  CGCGCGCGCGCCA
    99      3    -5.7704414840   0.003118380495       1.3284  CGCGCGCGCGCCC
   100      1    -9.6415221789   0.000064974077       0.0277  CGCGCGCGCGCCG
   101      1   -11.9950956075   0.000006174420       0.0026  CGCGCGTGCGCCT
   102      1   -14.3707505206   0.000000573935       0.0002  CGCTCGCGCTGCC
   103      1   -14.4855498546   0.000000511688       0.0002  CGTCTCTTTCTTT
   104      1   -13.3901747299   0.000001530104       0.0007  CGTCTGTGTGTTT
   105      1   -26.7848803383   0.000000000002       0.0000  CGTGCCTCCAAAA
   106      1   -18.3540368893   0.000000010689       0.0000  CGTTCCTTTTTCC
   107      1   -21.1574393454   0.000000000648       0.0000  CGTTTATATTATC
   108      1   -10.7784495395   0.000020843893       0.0089  CTCACTCTCCCCC
   109      1   -15.7193353053   0.000000148998       0.0001  CTCATTCTCTTCT
   110      1   -10.0203113462   0.000044487098       0.0190  CTCCCCCTCTCCC
   111      2    -7.9017723214   0.000370087046       0.1577  CTCCCTCCCCCCC
   112      1   -10.0603126813   0.000042742677       0.0182  CTCCCTCCCCCTC
   113      1   -19.8304154029   0.000000002442       0.0000  CTCCCTTTTTTTA
   114      2    -6.8521679020   0.001057161385       0.4504  CTCTCTCCCTCCC
   115      2    -8.7252198216   0.000162437082       0.0692  CTCTCTCCCTTTT
   116      3    -4.2585995653   0.014142093628       6.0245  CTCTCTCTCTCCC
   117      1   -11.4556661940   0.000010589303       0.0045  CTCTCTCTCTTAA
   118      1    -6.6495730821   0.001294574665       0.5515  CTCTCTCTCTTCC
   119      1    -6.1285259010   0.002179791822       0.9286  CTCTCTCTCTTTT
   120      1   -12.7952135080   0.000002774019       0.0012  CTCTCTTCCTCTC
   121      1    -9.4625957621   0.000077704626       0.0331  CTCTTTCTCTTTT
   122      1   -14.5209346363   0.000000493899       0.0002  CTCTTTTACTTTT
   123      1   -10.4995591769   0.000027548591       0.0117  CTCTTTTTTTTTT
   124      1   -25.5938993642   0.000000000008       0.0000  CTGGGTGCAGGGT
   125      1   -14.5599613512   0.000000474995       0.0002  CTTACACACATTT
   126      1   -14.1621577877   0.000000707055       0.0003  CTTCTTTCTTTTC
   127      1   -16.3426741488   0.000000079885       0.0000  CTTCTTTTTCCGT
   128      1   -13.4714071272   0.000001410725       0.0006  CTTTCCCTCTCTT
   129      1   -14.3603191766   0.000000579953       0.0002  CTTTCTCCTCCCC
   130      1   -15.5651448830   0.000000173837       0.0001  CTTTCTTTCTTTC
   131      1   -18.3987511705   0.000000010222       0.0000  CTTTTCTTTCCCA
   132      1    -9.1296060613   0.000108408283       0.0462  CTTTTTTTTTTCT
   133      1    -6.3357389961   0.001771835975       0.7548  CTTTTTTTTTTTT
   134      1   -17.3190312284   0.000000030091       0.0000  GAATAGAAAAGAG
   135      1    -7.3185964134   0.000663092266       0.2825  GAGAGAGAGAAAG
   136      1    -7.9702623330   0.000345588315       0.1472  GAGAGAGAGACGG
   137      1    -5.9847603448   0.002516816814       1.0722  GAGAGAGAGAGAA
   138      3    -5.8455722549   0.002892678889       1.2323  GAGAGAGAGAGAG
   139      5    -4.0886197218   0.016762354311       7.1408  GAGAGAGAGAGGG
   140      1    -7.8137126181   0.000404154787       0.1722  GAGAGAGAGAGGT
   141      1    -9.2405722061   0.000097022058       0.0413  GAGAGAGAGGGGA
   142      1    -7.3782267821   0.000624707647       0.2661  GAGAGAGAGGGGG
   143      3    -7.0538742068   0.000864054937       0.3681  GAGAGGGAGAGGG
   144      1   -12.2296272155   0.000004883603       0.0021  GAGAGGGGGAAAG
   145      1    -9.3866540377   0.000083835498       0.0357  GAGGAGGGGGGGG
   146      1    -8.9250780561   0.000133011089       0.0567  GAGGGAGAGAGAG
   147      1   -10.6383446341   0.000023978700       0.0102  GAGGGAGAGGAAG
   148      1   -11.1354369872   0.000014586166       0.0062  GAGGGAGGGAAAA
   149      1   -11.3164697108   0.000012170815       0.0052  GAGGGAGGGGAGA
   150      1    -8.2885199481   0.000251386252       0.1071  GAGGGGGAGGGGG
   151      1   -10.1548626666   0.000038886529       0.0166  GAGGGGGGGGAAG
   152      1    -9.9590298683   0.000047298600       0.0201  GAGGGGGGGGAGA
   153      1    -6.3050172374   0.001827114674       0.7784  GAGGGGGGGGGGG
   154      1   -18.8480221422   0.000000006522       0.0000  GCAGATAAATAAA
   155      1    -9.7507195552   0.000058252733       0.0248  GCGCGCGCGCACC
   156      1    -8.3860469681   0.000228026897       0.0971  GCGCGCGCGCGAA
   157      1    -8.4108197464   0.000222447432       0.0948  GCGCGCGCGCGCC
   158      5    -5.8198056774   0.002968181874       1.2644  GCGCGCGCGCGGG
   159      1   -14.3843778865   0.000000566166       0.0002  GCGCTCGCGCGTT
   160      1   -20.2250536324   0.000000001646       0.0000  GCGTATATGTAGT
   161      1    -8.8428843223   0.000144405633       0.0615  GGGAGGGAGAGGA
   162      1    -6.2816646606   0.001870284612       0.7967  GGGAGGGGGGGGG
   163      1   -15.6856214564   0.000000154107       0.0001  GGGAGTGCGAGAG
   164      1    -8.4549093977   0.000212852867       0.0907  GGGCGGGGGCGGG
   165      1   -12.3101820594   0.000004505633       0.0019  GGGGAGGAGGGAA
   166      1    -8.4396006267   0.000216136452       0.0921  GGGGGGGAGAGGG
   167      1   -17.0400152500   0.000000039775       0.0000  GGGGGGGAGATCC
   168      1    -8.1651368965   0.000284397714       0.1212  GGGGGGGAGGGAG
   169      1    -5.8577749965   0.002857594773       1.2173  GGGGGGGAGGGGG
   170      1   -12.0629270920   0.000005769489       0.0025  GGGGGGGGGGACC
   171      1    -6.0700126182   0.002311144048       0.9845  GGGGGGGGGGGAG
   172      1    -5.6578632863   0.003489965995       1.4867  GGGGGGGGGGGGA
   173     30    -3.7624101538   0.023227690552       9.8950  GGGGGGGGGGGGG
   174      1   -10.5216970798   0.000026945424       0.0115  GGGGGGGGGGGTT
   175      1    -9.9732958761   0.000046628628       0.0199  GTGAGTGTGAGGG
   176      1   -10.7204395447   0.000022088807       0.0094  GTGTGCGCGTGGG
   177      1   -13.2152972082   0.000001822508       0.0008  GTGTGTATATGGG
   178      1   -10.3814759005   0.000031001471       0.0132  GTGTGTGCGTGAG
   179      2    -5.7256974701   0.003261077978       1.3892  GTGTGTGTGTGGG
   180      1    -8.7263126009   0.000162259671       0.0691  TAGAGAGAGAGGG
   181      1   -19.0086826289   0.000000005554       0.0000  TATACGCACATTC
   182      1   -19.8611252072   0.000000002368       0.0000  TATACGTATGCAC
   183      1    -7.9386520916   0.000356686936       0.1519  TATATATATACCC
   184      1    -9.4248532876   0.000080693439       0.0344  TATATATATACCT
   185      1    -7.4247165196   0.000596329901       0.2540  TATATATATATAA
   186      3    -4.8964860576   0.007472795963       3.1834  TATATATATATTT
   187      1   -13.2865905172   0.000001697099       0.0007  TATATATTTACAA
   188      1    -9.3119303915   0.000090339985       0.0385  TATATCTATATTT
   189      1    -7.9032865066   0.000369527089       0.1574  TATATGTATATTT
   190      1   -17.1724342344   0.000000034842       0.0000  TATATGTATCCCT
   191      1    -9.6652013236   0.000063453619       0.0270  TATCTATATCTTT
   192      1   -16.4248612812   0.000000073582       0.0000  TATCTATTTTTCC
   193      1    -6.4135729726   0.001639157362       0.6983  TCCCCCCCCCCCC
   194      1   -17.6345933401   0.000000021948       0.0000  TCTCTCACTTAAA
   195      1    -8.2323396907   0.000265913447       0.1133  TCTCTCCCTCTTT
   196      3    -4.2500049803   0.014264162870       6.0765  TCTCTCTCTCTTT
   197      1    -7.1878113271   0.000755741382       0.3219  TCTTTCTCTCTTT
   198      1    -8.5944136261   0.000185137156       0.0789  TCTTTTTTTTCTT
   199      1    -6.1237698450   0.002190183727       0.9330  TCTTTTTTTTTTT
   200      1   -20.8492751897   0.000000000882       0.0000  TTACCTATATTAA
   201      1   -18.1310986303   0.000000013359       0.0000  TTATCCTTATTCT
   202      1   -20.4236002167   0.000000001349       0.0000  TTCCCGTGCCCCC
   203      1   -12.0329408440   0.000005945114       0.0025  TTCTCTCCCTCTC
   204      1   -16.0653801649   0.000000105413       0.0000  TTCTCTTTCCCTT
   205      1    -9.6608768401   0.000063728618       0.0271  TTCTTTTTTTTTC
   206      1   -14.1355330786   0.000000726133       0.0003  TTTATATATAAAT
   207      1   -14.0423890214   0.000000797018       0.0003  TTTCTATGTTTTT
   208      1    -8.6350905865   0.000177757448       0.0757  TTTCTCTCTCTTC
   209      1    -6.2493263768   0.001931754973       0.8229  TTTCTCTCTCTTT
   210      1   -14.4368098401   0.000000537246       0.0002  TTTCTTTTTTGGT
   211      1    -6.1045802771   0.002232618254       0.9511  TTTCTTTTTTTTT
   212      1    -7.9541593087   0.000351198380       0.1496  TTTGTTTTTGTTT
   213      1   -15.1599101105   0.000000260696       0.0001  TTTTCCTCTCCTT
   214      1   -14.9189166124   0.000000331739       0.0001  TTTTTCTCTCATC
   215      1   -10.1266020365   0.000040001163       0.0170  TTTTTCTGTTTTT
   216      1   -11.7300623512   0.000008048198       0.0034  TTTTTTCTTTCTC
   217      1   -10.4244599149   0.000029697137       0.0127  TTTTTTTGTCTTT
   218      1   -10.3660203710   0.000031484337       0.0134  TTTTTTTTTTAAT
   219      1    -7.0879234885   0.000835129723       0.3558  TTTTTTTTTTGTT
   220      1    -6.9825240421   0.000927958040       0.3953  TTTTTTTTTTTAT
   221      1    -5.4966457605   0.004100502464       1.7468  TTTTTTTTTTTTC
   222      1    -7.0092855000   0.000903453876       0.3849  TTTTTTTTTTTTG
   223     38    -3.0949666639   0.045276521776      19.2878  TTTTTTTTTTTTT