

TREE #  1

  0  0.0000   3154.797522  x:  0.08982   0.00000   0.07492   0.00666   0.00919   0.02094   0.02841   0.02233   0.02485   0.04169   0.07007   0.12278   0.02411   0.34651   0.01683   0.00323   0.04951   0.07413   0.06706   0.09955   0.10182   0.09406   0.11245   0.06488   1.71896  
  1 99.0000   3139.157311  x:  0.09054   0.04595   0.07724   0.00946   0.01007   0.01719   0.02582   0.01602   0.02679   0.04360   0.06822   0.12506   0.02881   0.34915   0.02327   0.02221   0.05197   0.07435   0.06591   0.10272   0.10100   0.09366   0.11192   0.06561   1.72173  
  2 1284.0723   3136.813861  x:  0.08705   0.04415   0.07563   0.00717   0.00837   0.01203   0.02352   0.00836   0.03007   0.04517   0.06428   0.12597   0.02911   0.35598   0.02991   0.02517   0.05449   0.07439   0.06360   0.10777   0.09540   0.08909   0.10532   0.06212   1.72925  
  3 201.5470   3132.925578  x:  0.07788   0.04193   0.07186   0.00926   0.00953   0.01179   0.02310   0.01688   0.03635   0.04876   0.05492   0.12900   0.03122   0.37655   0.04631   0.03215   0.06050   0.07464   0.05757   0.12113   0.07920   0.07454   0.08636   0.05294   1.75263  
  4 440.1187   3131.126885  x:  0.07622   0.04244   0.07124   0.01434   0.00756   0.02046   0.02533   0.01224   0.03181   0.04726   0.05484   0.13093   0.03604   0.39100   0.05037   0.03056   0.06045   0.07527   0.05689   0.12528   0.07175   0.06369   0.07715   0.05128   1.77137  
  5 273.4340   3128.670132  x:  0.07824   0.04451   0.07159   0.01196   0.01046   0.01417   0.02748   0.01329   0.02266   0.04379   0.05821   0.13322   0.04568   0.41399   0.05181   0.02482   0.05718   0.07641   0.05909   0.12657   0.06767   0.04926   0.06810   0.05330   1.80460  
  6 299.9178   3125.531539  x:  0.08406   0.04528   0.07261   0.00474   0.00900   0.01690   0.02414   0.01478   0.03459   0.04193   0.06522   0.13496   0.05773   0.45086   0.05374   0.02100   0.05190   0.07726   0.06370   0.12312   0.07516   0.03924   0.06063   0.05912   1.86491  
  7 339.4509   3122.250433  x:  0.08892   0.04062   0.07436   0.01799   0.01047   0.01195   0.02244   0.01419   0.03872   0.04503   0.07181   0.13536   0.06511   0.49486   0.05819   0.02488   0.04975   0.07682   0.06665   0.11674   0.08927   0.04248   0.05606   0.06398   1.94550  
  8 576.2068   3117.983523  x:  0.08971   0.03846   0.07544   0.01146   0.00381   0.01452   0.02805   0.01560   0.02912   0.04705   0.06697   0.13332   0.06422   0.53864   0.05966   0.03171   0.05322   0.07481   0.06525   0.10927   0.10146   0.05615   0.05703   0.06477   2.04037  
  9 614.5862   3115.980099  x:  0.08895   0.03802   0.07602   0.00652   0.01262   0.01880   0.02924   0.01333   0.02496   0.04807   0.06236   0.13151   0.06098   0.56376   0.05751   0.03367   0.05592   0.07348   0.06346   0.10499   0.10650   0.06463   0.05925   0.06402   2.10118  
 10 1389.2245   3109.352529  x:  0.08008   0.04795   0.07712   0.01072   0.01066   0.01646   0.01858   0.01408   0.02755   0.04362   0.05063   0.12452   0.03663   0.61237   0.02686   0.01916   0.06260   0.07163   0.05566   0.09927   0.09811   0.07918   0.07618   0.05515   2.27172  
 11 559.0685   3106.939456  x:  0.07820   0.04993   0.07637   0.01068   0.01134   0.01375   0.03184   0.01239   0.03413   0.04317   0.05572   0.12247   0.02520   0.62365   0.01517   0.01976   0.06237   0.07404   0.05708   0.10415   0.08833   0.08446   0.08673   0.05326   2.34888  
 12 558.2873   3103.094155  x:  0.08110   0.04756   0.07387   0.00674   0.01154   0.01573   0.02289   0.01402   0.03080   0.04309   0.07162   0.12277   0.01285   0.62181   0.01411   0.02828   0.05576   0.08030   0.06486   0.12051   0.06810   0.09309   0.10771   0.05616   2.47074  
 13 451.0022   3097.629381  x:  0.08668   0.04989   0.07327   0.00899   0.01153   0.01594   0.02752   0.01371   0.03163   0.04559   0.06413   0.13307   0.01104   0.57552   0.04095   0.01183   0.04819   0.07608   0.05906   0.13631   0.06951   0.08614   0.13347   0.06175   2.66071  
 14 295.6679   3090.434136  x:  0.08913   0.04366   0.07136   0.01133   0.01154   0.01675   0.02756   0.01353   0.02917   0.03984   0.05464   0.14497   0.00599   0.49631   0.05030   0.02517   0.05509   0.07253   0.05628   0.14331   0.08904   0.04734   0.15105   0.06419   2.92077  
 15 873.4590   3086.614095  x:  0.07991   0.04690   0.06920   0.00840   0.01087   0.01733   0.02676   0.01362   0.02727   0.05578   0.06534   0.14123   0.00945   0.44104   0.05784   0.02102   0.06140   0.07856   0.06415   0.12205   0.08960   0.04215   0.13084   0.05497   3.06497  
 16 366.7262   3084.162591  x:  0.07887   0.04613   0.06928   0.00867   0.01155   0.01588   0.02722   0.01369   0.03050   0.04204   0.06598   0.13520   0.02584   0.40237   0.05836   0.02408   0.06021   0.07809   0.06097   0.10816   0.08085   0.05380   0.10731   0.05394   3.15531  
 17 334.5497   3083.492790  x:  0.08380   0.04562   0.07159   0.00850   0.01114   0.01587   0.02666   0.01358   0.03052   0.04890   0.06171   0.13319   0.03235   0.39018   0.04989   0.02481   0.05791   0.07588   0.05938   0.11316   0.07946   0.05920   0.09410   0.05886   3.18137  
 18 117.3255   3083.385435  x:  0.08320   0.04626   0.07253   0.00838   0.01124   0.01589   0.02647   0.01358   0.03025   0.04730   0.06212   0.13328   0.03218   0.38810   0.04872   0.02326   0.05872   0.07645   0.06146   0.11789   0.08239   0.06160   0.08987   0.05826   3.18565  
 19 35.1984   3083.377240  x:  0.08242   0.04626   0.07231   0.00826   0.01124   0.01592   0.02639   0.01358   0.03014   0.04747   0.06275   0.13325   0.03313   0.38800   0.04826   0.02325   0.05851   0.07628   0.06073   0.11857   0.08292   0.06181   0.09003   0.05748   3.18604  
 20  6.6460   3083.354697  x:  0.08186   0.04624   0.07042   0.00848   0.01123   0.01590   0.02642   0.01355   0.03018   0.04763   0.06151   0.13430   0.03428   0.38837   0.04763   0.02336   0.05783   0.07737   0.06200   0.11860   0.08307   0.06224   0.09037   0.05693   3.18761  
 21  1.4454   3083.036544  x:  0.08252   0.04668   0.06357   0.00790   0.01126   0.01574   0.02614   0.01350   0.02996   0.04750   0.06387   0.14703   0.03228   0.39436   0.04529   0.02322   0.05808   0.07500   0.05986   0.11683   0.08292   0.06509   0.08707   0.05760   3.21049  
 22  7.5298   3081.604467  x:  0.08052   0.04417   0.07961   0.00692   0.01098   0.01505   0.02555   0.01346   0.03094   0.04902   0.06345   0.16231   0.03990   0.42298   0.04050   0.02427   0.06722   0.07726   0.06281   0.11373   0.07845   0.07049   0.08702   0.05564   3.31862  
 23 61.1012   3076.608151  x:  0.08013   0.04543   0.08160   0.00613   0.01052   0.01347   0.02470   0.01320   0.02889   0.04708   0.06154   0.12772   0.03177   0.51870   0.03809   0.02954   0.04987   0.07977   0.06021   0.11207   0.08368   0.07225   0.07223   0.05540   3.68039  
 24 251.8434   3076.002105  x:  0.08327   0.04588   0.07458   0.00646   0.01055   0.01331   0.02457   0.01326   0.02891   0.04698   0.06306   0.11892   0.03519   0.53060   0.03786   0.02782   0.06029   0.07759   0.06109   0.11370   0.08313   0.07286   0.07268   0.05856   3.72514  
 25 205.2836   3075.999859  x:  0.08312   0.04588   0.07459   0.00647   0.01054   0.01331   0.02457   0.01326   0.02892   0.04699   0.06302   0.11888   0.03524   0.53063   0.03786   0.02788   0.06016   0.07667   0.06164   0.11368   0.08304   0.07285   0.07273   0.05841   3.72542  
 26  2.5568   3073.371917  x:  0.08537   0.04391   0.07303   0.00842   0.01017   0.01462   0.02397   0.01240   0.03026   0.04153   0.06109   0.14193   0.03447   0.53926   0.04403   0.02740   0.06063   0.07578   0.05923   0.12266   0.08351   0.06286   0.09233   0.06103   4.28966  
 27  0.6169   3072.807307  x:  0.08352   0.04562   0.07311   0.00718   0.01008   0.01461   0.02526   0.01301   0.03011   0.04674   0.06271   0.13546   0.03502   0.53677   0.04871   0.02539   0.06094   0.07728   0.06054   0.11745   0.08390   0.05966   0.08369   0.05925   4.52096  
 28  0.1765   3072.775921  x:  0.08414   0.04590   0.07354   0.00722   0.01031   0.01441   0.02492   0.01308   0.02995   0.04542   0.06265   0.13324   0.03397   0.53503   0.04805   0.02517   0.06007   0.07712   0.06036   0.11926   0.08350   0.06061   0.08473   0.05986   4.56919  
 29  0.0423   3072.774259  x:  0.08424   0.04590   0.07355   0.00725   0.01043   0.01450   0.02494   0.01300   0.02999   0.04543   0.06279   0.13381   0.03415   0.53406   0.04768   0.02519   0.06030   0.07705   0.06047   0.11916   0.08354   0.06102   0.08470   0.05994   4.57805  
 30  0.0072   3072.774159  x:  0.08422   0.04592   0.07353   0.00722   0.01044   0.01446   0.02496   0.01302   0.02997   0.04546   0.06275   0.13379   0.03415   0.53384   0.04758   0.02523   0.06031   0.07707   0.06045   0.11911   0.08358   0.06112   0.08477   0.05990   4.57842  
 31  0.0004   3072.774145  x:  0.08423   0.04595   0.07352   0.00723   0.01045   0.01447   0.02496   0.01302   0.02998   0.04546   0.06275   0.13374   0.03415   0.53379   0.04756   0.02526   0.06030   0.07707   0.06045   0.11908   0.08360   0.06113   0.08475   0.05988   4.57795  
 32  0.0003   3072.774138  x:  0.08426   0.04599   0.07352   0.00723   0.01044   0.01447   0.02495   0.01302   0.02998   0.04545   0.06275   0.13376   0.03414   0.53378   0.04758   0.02527   0.06031   0.07706   0.06045   0.11909   0.08360   0.06112   0.08474   0.05985   4.57771  
 33  0.0001   3072.774136  x:  0.08428   0.04600   0.07352   0.00723   0.01044   0.01447   0.02495   0.01302   0.02998   0.04546   0.06275   0.13376   0.03415   0.53380   0.04758   0.02527   0.06031   0.07707   0.06045   0.11910   0.08359   0.06112   0.08475   0.05983   4.57800  
 34  0.0002   3072.774136  x:  0.08429   0.04600   0.07352   0.00723   0.01044   0.01447   0.02495   0.01302   0.02998   0.04546   0.06275   0.13376   0.03415   0.53381   0.04758   0.02527   0.06031   0.07707   0.06045   0.11909   0.08359   0.06112   0.08475   0.05982   4.57800  
 35  0.0000   3072.774136  x:  0.08429   0.04600   0.07352   0.00723   0.01044   0.01447   0.02495   0.01302   0.02998   0.04546   0.06275   0.13376   0.03415   0.53381   0.04758   0.02527   0.06031   0.07707   0.06045   0.11909   0.08359   0.06112   0.08475   0.05982   4.57800  
 36  0.0000   3072.774136  x:  0.08429   0.04600   0.07352   0.00723   0.01044   0.01447   0.02495   0.01302   0.02998   0.04546   0.06275   0.13376   0.03415   0.53381   0.04758   0.02527   0.06031   0.07707   0.06045   0.11909   0.08359   0.06112   0.08475   0.05982   4.57800  
check convergence!


TREE #  2

  0  0.0000   3104.381666  x:  0.11993   0.00000   0.07755   0.01120   0.00798   0.01949   0.02461   0.02110   0.03139   0.03808   0.06705   0.12287   0.02731   0.33986   0.01704   0.00168   0.05655   0.07201   0.07398   0.09490   0.10810   0.09209   0.10847   0.03015   4.57800  
  1 99.0000   3084.176334  x:  0.12176   0.04062   0.07993   0.00907   0.01188   0.01546   0.02399   0.01483   0.03044   0.04160   0.06536   0.12594   0.03253   0.34433   0.02491   0.03540   0.05838   0.07273   0.07160   0.09988   0.10685   0.09229   0.10866   0.03199   4.57787  
  2 1207.0012   3081.289261  x:  0.11972   0.04524   0.07714   0.00243   0.00849   0.01198   0.02543   0.00840   0.02892   0.04600   0.06254   0.12830   0.03227   0.35870   0.03333   0.02898   0.05892   0.07372   0.06549   0.10829   0.09703   0.08660   0.10232   0.02994   4.57764  
  3 190.3544   3077.998500  x:  0.11646   0.05313   0.07307   0.00457   0.01168   0.01475   0.02772   0.01521   0.02801   0.05209   0.06054   0.13269   0.03210   0.38462   0.04622   0.02000   0.05993   0.07569   0.05588   0.12202   0.08069   0.07600   0.09137   0.02669   4.57721  
  4 537.3580   3076.789906  x:  0.11554   0.05165   0.07146   0.01173   0.01023   0.01623   0.02334   0.01103   0.02975   0.04894   0.06245   0.13456   0.03303   0.40185   0.04882   0.02170   0.06097   0.07747   0.05573   0.12649   0.07645   0.06867   0.08630   0.02576   4.57692  
  5 193.5882   3075.431638  x:  0.11525   0.04677   0.06984   0.00967   0.00816   0.01255   0.02287   0.01504   0.03151   0.04165   0.06316   0.13628   0.03590   0.42826   0.04978   0.02808   0.06218   0.07968   0.05909   0.12929   0.07566   0.05879   0.08112   0.02548   4.57645  
  6 235.5171   3074.772611  x:  0.11579   0.04392   0.07000   0.00671   0.01332   0.01505   0.02465   0.01323   0.03182   0.04041   0.06313   0.13685   0.03821   0.44550   0.04989   0.03038   0.06196   0.08004   0.06149   0.12842   0.07780   0.05473   0.07952   0.02602   4.57612  
  7 232.1690   3073.724556  x:  0.11820   0.04356   0.07335   0.00849   0.01031   0.01623   0.02765   0.01319   0.02729   0.04654   0.06425   0.13676   0.04265   0.47887   0.05017   0.02980   0.05912   0.07773   0.06444   0.12079   0.08629   0.05432   0.08068   0.02843   4.57546  
  8 161.2120   3073.347137  x:  0.11867   0.04515   0.07477   0.00801   0.01167   0.01406   0.02355   0.01388   0.03013   0.04726   0.06385   0.13583   0.04202   0.49239   0.04960   0.02763   0.05816   0.07603   0.06380   0.11633   0.08900   0.05741   0.08174   0.02889   4.57518  
  9 125.6083   3073.184478  x:  0.11831   0.04679   0.07516   0.00739   0.01032   0.01605   0.02404   0.01391   0.03150   0.04490   0.06320   0.13458   0.03930   0.49924   0.04796   0.02696   0.05867   0.07534   0.06252   0.11406   0.08916   0.06074   0.08249   0.02853   4.57502  
 10 73.8914   3073.079329  x:  0.11775   0.04745   0.07518   0.00836   0.01119   0.01471   0.02558   0.01340   0.03047   0.04347   0.06302   0.13327   0.03624   0.50407   0.04558   0.02686   0.05964   0.07536   0.06160   0.11298   0.08840   0.06365   0.08341   0.02797   4.57489  
 11 69.3630   3073.028715  x:  0.11742   0.04717   0.07481   0.00781   0.01120   0.01514   0.02452   0.01364   0.02931   0.04463   0.06297   0.13221   0.03438   0.50671   0.04307   0.02769   0.06047   0.07618   0.06169   0.11358   0.08709   0.06546   0.08497   0.02765   4.57480  
 12 32.0224   3073.015360  x:  0.11750   0.04701   0.07469   0.00789   0.01109   0.01502   0.02500   0.01358   0.03023   0.04523   0.06318   0.13197   0.03420   0.50753   0.04226   0.02788   0.06038   0.07654   0.06192   0.11437   0.08649   0.06617   0.08617   0.02773   4.57476  
 13 17.4069   3073.010852  x:  0.11768   0.04703   0.07472   0.00788   0.01114   0.01504   0.02491   0.01358   0.03000   0.04478   0.06323   0.13211   0.03435   0.50787   0.04220   0.02773   0.05991   0.07652   0.06201   0.11515   0.08630   0.06663   0.08716   0.02790   4.57471  
 14  7.5890   3073.010103  x:  0.11763   0.04696   0.07471   0.00789   0.01114   0.01504   0.02491   0.01358   0.03002   0.04481   0.06319   0.13239   0.03395   0.50793   0.04226   0.02779   0.05978   0.07633   0.06200   0.11547   0.08658   0.06662   0.08736   0.02786   4.57467  
 15  2.1034   3073.009827  x:  0.11763   0.04708   0.07465   0.00788   0.01114   0.01504   0.02491   0.01358   0.03002   0.04479   0.06320   0.13257   0.03380   0.50795   0.04222   0.02768   0.05987   0.07638   0.06206   0.11544   0.08665   0.06641   0.08759   0.02786   4.57459  
 16  1.0057   3073.009387  x:  0.11761   0.04699   0.07448   0.00788   0.01115   0.01505   0.02491   0.01359   0.03001   0.04480   0.06325   0.13269   0.03363   0.50799   0.04255   0.02776   0.05997   0.07648   0.06198   0.11523   0.08659   0.06630   0.08797   0.02784   4.57439  
 17  0.8691   3073.008235  x:  0.11762   0.04693   0.07459   0.00790   0.01113   0.01504   0.02491   0.01358   0.03001   0.04482   0.06308   0.13256   0.03342   0.50807   0.04261   0.02788   0.05964   0.07628   0.06187   0.11497   0.08627   0.06586   0.08828   0.02784   4.57369  
 18  0.7863   3072.998301  x:  0.11772   0.04701   0.07577   0.00787   0.01111   0.01502   0.02490   0.01358   0.03004   0.04482   0.06308   0.13116   0.03249   0.50890   0.04394   0.02767   0.05989   0.07613   0.06290   0.11530   0.08585   0.06510   0.08855   0.02794   4.56733  
 19  2.6546   3072.957990  x:  0.11809   0.04704   0.07601   0.00762   0.01101   0.01490   0.02484   0.01353   0.03005   0.04484   0.06383   0.12889   0.03264   0.51231   0.04480   0.02718   0.06088   0.07621   0.06038   0.11702   0.08668   0.06298   0.08864   0.02829   4.54195  
 20 17.3407   3072.858754  x:  0.11713   0.04744   0.07347   0.00775   0.01066   0.01459   0.02491   0.01329   0.03005   0.04527   0.06183   0.13107   0.03342   0.52089   0.04629   0.02613   0.05896   0.07880   0.06038   0.11823   0.08556   0.06224   0.08577   0.02730   4.47871  
 21 60.5031   3072.832071  x:  0.11688   0.04722   0.07363   0.00736   0.01059   0.01452   0.02494   0.01324   0.02999   0.04546   0.06279   0.13328   0.03420   0.52322   0.04635   0.02604   0.06000   0.07681   0.06063   0.11824   0.08383   0.06246   0.08506   0.02704   4.46194  
 22 50.1278   3072.831822  x:  0.11702   0.04716   0.07373   0.00740   0.01058   0.01452   0.02493   0.01324   0.03000   0.04546   0.06260   0.13338   0.03419   0.52324   0.04635   0.02606   0.06012   0.07685   0.06057   0.11825   0.08380   0.06248   0.08505   0.02718   4.46203  
 23  0.9744   3072.830485  x:  0.11728   0.04714   0.07399   0.00727   0.01058   0.01451   0.02494   0.01324   0.03000   0.04547   0.06299   0.13360   0.03394   0.52344   0.04636   0.02607   0.05991   0.07716   0.06042   0.11820   0.08369   0.06248   0.08486   0.02744   4.46488  
 24  0.8143   3072.781858  x:  0.11655   0.04722   0.07399   0.00713   0.01044   0.01435   0.02494   0.01311   0.03001   0.04564   0.06258   0.13401   0.03435   0.53124   0.04763   0.02554   0.06031   0.07733   0.06002   0.11923   0.08318   0.06131   0.08466   0.02668   4.57671  
 25 10.6636   3072.780445  x:  0.11690   0.04729   0.07342   0.00714   0.01044   0.01435   0.02494   0.01311   0.03000   0.04565   0.06261   0.13386   0.03421   0.53146   0.04767   0.02550   0.06030   0.07706   0.06018   0.11926   0.08312   0.06128   0.08454   0.02703   4.57992  
 26 11.9512   3072.775672  x:  0.11706   0.04650   0.07352   0.00723   0.01044   0.01447   0.02494   0.01294   0.02997   0.04545   0.06280   0.13381   0.03423   0.53441   0.04779   0.02570   0.06030   0.07708   0.06049   0.11913   0.08363   0.06095   0.08467   0.02709   4.57879  
 27  0.0025   3072.774288  x:  0.11715   0.04611   0.07354   0.00721   0.01047   0.01445   0.02496   0.01305   0.02998   0.04542   0.06274   0.13373   0.03419   0.53451   0.04759   0.02528   0.06030   0.07707   0.06046   0.11902   0.08358   0.06108   0.08472   0.02697   4.57759  
 28  0.0005   3072.774141  x:  0.11719   0.04600   0.07352   0.00724   0.01045   0.01447   0.02495   0.01303   0.02998   0.04546   0.06275   0.13376   0.03415   0.53385   0.04757   0.02527   0.06031   0.07707   0.06044   0.11909   0.08359   0.06112   0.08474   0.02691   4.57809  
 29  0.0007   3072.774136  x:  0.11725   0.04600   0.07352   0.00723   0.01044   0.01447   0.02495   0.01302   0.02998   0.04546   0.06276   0.13376   0.03415   0.53380   0.04759   0.02526   0.06031   0.07707   0.06045   0.11910   0.08360   0.06111   0.08475   0.02686   4.57798  
 30  0.0001   3072.774136  x:  0.11726   0.04600   0.07352   0.00723   0.01044   0.01447   0.02495   0.01302   0.02998   0.04546   0.06275   0.13376   0.03415   0.53381   0.04758   0.02526   0.06031   0.07707   0.06045   0.11910   0.08360   0.06112   0.08475   0.02685   4.57798  
 31  0.0000   3072.774136  x:  0.11726   0.04600   0.07352   0.00723   0.01044   0.01447   0.02495   0.01302   0.02998   0.04546   0.06275   0.13376   0.03415   0.53381   0.04758   0.02526   0.06031   0.07707   0.06045   0.11910   0.08360   0.06112   0.08475   0.02685   4.57798  
 32  0.0001   3072.774136  x:  0.11726   0.04600   0.07352   0.00723   0.01044   0.01447   0.02495   0.01302   0.02998   0.04546   0.06275   0.13376   0.03415   0.53381   0.04758   0.02526   0.06031   0.07707   0.06045   0.11910   0.08360   0.06112   0.08475   0.02685   4.57798  