

TREE #  1

  0  0.0000  15172.538770  x:  0.06340   0.00498   0.08397   0.01656   0.01223   0.02570   0.04272   0.03866   0.06976   0.07352   0.07393   0.15165   0.00000   0.08289   0.00124   0.01331   0.02341   0.04806   0.04059   0.06370   0.07412   0.09982   0.14171   0.13694   1.70798  
  1 99.0000  15058.767802  x:  0.06499   0.02988   0.09122   0.02786   0.02255   0.02856   0.04328   0.03712   0.07019   0.07275   0.07232   0.15200   0.03785   0.09218   0.03232   0.02003   0.02783   0.04905   0.03837   0.06268   0.07377   0.09944   0.14210   0.13853   1.71083  
  2 7507.5791  15027.477023  x:  0.06650   0.03822   0.11414   0.04588   0.03548   0.03487   0.04700   0.02860   0.07008   0.06332   0.05862   0.14668   0.03179   0.11176   0.02000   0.02341   0.03676   0.05396   0.02695   0.05629   0.06596   0.08079   0.13284   0.14003   1.72885  
  3 1154.7729  15011.592054  x:  0.06766   0.03889   0.13176   0.04578   0.02965   0.03035   0.04876   0.03357   0.06705   0.05390   0.04360   0.13852   0.02393   0.12982   0.02788   0.02417   0.03207   0.05482   0.03744   0.05361   0.06308   0.06871   0.12188   0.14120   1.75487  
  4 1000.8146  14997.252725  x:  0.06998   0.03187   0.14646   0.04118   0.02625   0.03137   0.04222   0.03189   0.06884   0.06305   0.04733   0.12497   0.02003   0.14640   0.03621   0.02248   0.02709   0.04710   0.02764   0.06071   0.06745   0.06635   0.10790   0.14352   1.80746  
  5 749.5585  14978.096958  x:  0.07424   0.02523   0.15826   0.03426   0.02834   0.03233   0.04430   0.03463   0.07286   0.07512   0.06117   0.10874   0.02665   0.16127   0.02960   0.02088   0.03933   0.05211   0.04062   0.06574   0.07125   0.06994   0.09428   0.14778   1.90886  
  6 1431.6450  14938.366356  x:  0.07903   0.03412   0.15893   0.02444   0.02016   0.02257   0.05188   0.03407   0.07145   0.07083   0.06918   0.10201   0.04127   0.16682   0.01010   0.02071   0.02547   0.05617   0.03463   0.05275   0.06946   0.08304   0.09160   0.15256   2.12288  
  7 2154.3236  14847.138980  x:  0.07941   0.03311   0.13261   0.03311   0.03424   0.04225   0.05416   0.03416   0.06735   0.04238   0.06560   0.11450   0.02102   0.15078   0.02683   0.03473   0.02871   0.05732   0.02961   0.03453   0.06099   0.12016   0.10738   0.15294   2.71609  
  8 5615.4743  14788.048708  x:  0.07434   0.04588   0.11256   0.05249   0.03348   0.03175   0.04464   0.02738   0.06052   0.04530   0.04209   0.14043   0.01582   0.12896   0.02615   0.02550   0.03532   0.05078   0.03441   0.07348   0.05571   0.11311   0.12881   0.14787   3.11930  
  9 7607.1394  14769.028037  x:  0.06897   0.04457   0.10973   0.05810   0.03476   0.03656   0.04658   0.04001   0.06745   0.06159   0.03750   0.15583   0.01721   0.11589   0.02847   0.01924   0.03071   0.05082   0.03454   0.06729   0.06450   0.08693   0.13937   0.14250   3.23980  
 10 2655.2525  14762.894680  x:  0.06641   0.04061   0.11070   0.05589   0.03003   0.03343   0.04394   0.03303   0.06911   0.06248   0.04178   0.16304   0.01882   0.10990   0.03177   0.02353   0.03455   0.05174   0.03501   0.06215   0.06864   0.07160   0.14396   0.13994   3.27707  
 11 1291.5588  14762.298634  x:  0.06607   0.03899   0.11185   0.05316   0.03098   0.03363   0.04537   0.03244   0.06899   0.06073   0.04327   0.16511   0.01975   0.10952   0.03283   0.02071   0.03515   0.05151   0.03427   0.06267   0.06668   0.06934   0.14505   0.13959   3.28075  
 12 222.2680  14762.187274  x:  0.06599   0.03843   0.11271   0.05192   0.03177   0.03375   0.04567   0.03301   0.06879   0.06051   0.04355   0.16645   0.02004   0.10974   0.03262   0.02202   0.03476   0.05153   0.03406   0.06360   0.06618   0.06901   0.14558   0.13951   3.28146  
 13 92.1774  14762.159252  x:  0.06598   0.03828   0.11343   0.05179   0.03188   0.03388   0.04514   0.03279   0.06870   0.06081   0.04365   0.16765   0.02002   0.11023   0.03254   0.02188   0.03448   0.05175   0.03436   0.06345   0.06606   0.06947   0.14590   0.13951   3.28164  
 14 35.3166  14762.149728  x:  0.06602   0.03817   0.11371   0.05187   0.03158   0.03376   0.04533   0.03294   0.06869   0.06091   0.04365   0.16832   0.01999   0.11052   0.03254   0.02185   0.03478   0.05164   0.03423   0.06338   0.06620   0.06979   0.14595   0.13955   3.28171  
 15 23.7612  14762.143822  x:  0.06616   0.03796   0.11352   0.05193   0.03164   0.03379   0.04551   0.03275   0.06895   0.06079   0.04353   0.16873   0.02012   0.11070   0.03249   0.02184   0.03467   0.05152   0.03432   0.06343   0.06644   0.06982   0.14559   0.13968   3.28178  
 16  6.1862  14762.128559  x:  0.06639   0.03780   0.11301   0.05205   0.03170   0.03361   0.04515   0.03305   0.06889   0.06061   0.04368   0.16942   0.02025   0.11084   0.03248   0.02180   0.03472   0.05177   0.03417   0.06341   0.06634   0.06966   0.14456   0.13991   3.28202  
 17  9.6980  14762.083155  x:  0.06636   0.03833   0.11259   0.05170   0.03139   0.03417   0.04556   0.03272   0.06824   0.06127   0.04372   0.17016   0.02009   0.11068   0.03254   0.02201   0.03476   0.05164   0.03428   0.06326   0.06568   0.06951   0.14299   0.13988   3.28279  
 18 12.3657  14761.416620  x:  0.06324   0.04030   0.11437   0.05041   0.03416   0.03143   0.04578   0.03256   0.06880   0.06120   0.04410   0.17041   0.01918   0.10935   0.03246   0.02167   0.03508   0.05039   0.03447   0.06250   0.06708   0.07075   0.13877   0.13671   3.29410  
 19 15.6198  14757.787596  x:  0.05648   0.04067   0.12047   0.04894   0.02915   0.03720   0.04348   0.03353   0.07199   0.05656   0.04357   0.16687   0.02298   0.10823   0.02973   0.02093   0.03528   0.05320   0.03329   0.06508   0.06991   0.07334   0.13028   0.12970   3.35592  
 20 261.9077  14735.132124  x:  0.06086   0.02371   0.13776   0.05819   0.02690   0.02971   0.05020   0.03045   0.06663   0.06303   0.05000   0.13852   0.03188   0.12122   0.02804   0.02380   0.02778   0.05436   0.03259   0.06300   0.06110   0.07598   0.11251   0.13249   3.73537  
 21 1207.1168  14719.541286  x:  0.07738   0.03350   0.14334   0.04041   0.02863   0.03054   0.04370   0.03082   0.06973   0.06534   0.04822   0.12083   0.02945   0.13695   0.02420   0.02261   0.03452   0.04866   0.03065   0.05886   0.06638   0.07266   0.10704   0.14790   4.00135  
 22 3687.5767  14718.091080  x:  0.07868   0.03839   0.14287   0.04030   0.02806   0.03062   0.04634   0.03032   0.07128   0.06454   0.05357   0.12003   0.02510   0.14082   0.02542   0.02228   0.03259   0.05242   0.03048   0.06139   0.06888   0.07133   0.10735   0.14910   4.02656  
 23 636.2476  14717.980371  x:  0.07745   0.03880   0.14122   0.04043   0.02794   0.03082   0.04604   0.03059   0.07142   0.06435   0.05460   0.11995   0.02503   0.14337   0.02500   0.02246   0.03258   0.05123   0.03088   0.06123   0.06839   0.07078   0.10796   0.14786   4.02846  
 24 62.0340  14717.955717  x:  0.07693   0.03865   0.14047   0.04004   0.02804   0.03068   0.04614   0.03042   0.07136   0.06466   0.05423   0.11986   0.02506   0.14432   0.02508   0.02246   0.03272   0.05179   0.03062   0.06116   0.06841   0.07075   0.10818   0.14733   4.02889  
 25 40.1339  14717.953140  x:  0.07692   0.03862   0.14045   0.04005   0.02811   0.03076   0.04615   0.03042   0.07098   0.06460   0.05425   0.11986   0.02510   0.14435   0.02504   0.02240   0.03270   0.05177   0.03064   0.06117   0.06868   0.07072   0.10820   0.14732   4.02900  
 26  1.6378  14708.282039  x:  0.08058   0.03494   0.14058   0.03886   0.02794   0.03073   0.04691   0.03317   0.07114   0.06520   0.05279   0.14970   0.02360   0.14330   0.02511   0.02211   0.03235   0.05314   0.03359   0.05699   0.06862   0.07551   0.12606   0.14803   4.51264  
 27  2.1554  14705.744240  x:  0.07979   0.03602   0.13586   0.04321   0.02875   0.03152   0.04759   0.03297   0.07057   0.06262   0.05181   0.13712   0.02284   0.13769   0.02482   0.02257   0.03220   0.05342   0.03350   0.05785   0.06749   0.07754   0.12284   0.14423   4.77007  
 28  0.1806  14705.595314  x:  0.08002   0.03635   0.13535   0.04178   0.02851   0.03145   0.04722   0.03246   0.07074   0.06265   0.05177   0.13900   0.02259   0.13773   0.02523   0.02252   0.03236   0.05294   0.03308   0.05833   0.06783   0.07553   0.12116   0.14427   4.81588  
 29  0.0439  14705.589513  x:  0.08007   0.03631   0.13548   0.04183   0.02852   0.03141   0.04715   0.03248   0.07079   0.06293   0.05174   0.13894   0.02256   0.13744   0.02519   0.02244   0.03244   0.05296   0.03304   0.05841   0.06790   0.07544   0.12192   0.14437   4.82583  
 30  0.0092  14705.589296  x:  0.08000   0.03630   0.13541   0.04183   0.02854   0.03141   0.04714   0.03249   0.07078   0.06298   0.05178   0.13900   0.02256   0.13748   0.02516   0.02242   0.03244   0.05296   0.03305   0.05843   0.06790   0.07551   0.12185   0.14440   4.82695  
 31  0.0010  14705.589261  x:  0.07989   0.03628   0.13542   0.04182   0.02851   0.03141   0.04714   0.03249   0.07078   0.06299   0.05179   0.13899   0.02255   0.13747   0.02515   0.02242   0.03243   0.05295   0.03306   0.05845   0.06790   0.07552   0.12184   0.14453   4.82681  
 32  0.0001  14705.589248  x:  0.07977   0.03628   0.13542   0.04182   0.02852   0.03141   0.04714   0.03249   0.07078   0.06299   0.05178   0.13899   0.02254   0.13747   0.02514   0.02242   0.03243   0.05296   0.03305   0.05844   0.06790   0.07551   0.12185   0.14465   4.82657  
 33  0.0002  14705.589247  x:  0.07971   0.03628   0.13541   0.04182   0.02852   0.03141   0.04714   0.03249   0.07078   0.06299   0.05178   0.13899   0.02253   0.13747   0.02514   0.02242   0.03244   0.05296   0.03305   0.05844   0.06790   0.07551   0.12185   0.14471   4.82659  
 34  0.0001  14705.589247  x:  0.07963   0.03628   0.13542   0.04182   0.02852   0.03141   0.04714   0.03249   0.07078   0.06299   0.05178   0.13899   0.02253   0.13747   0.02514   0.02242   0.03244   0.05296   0.03305   0.05844   0.06790   0.07551   0.12185   0.14479   4.82659  
 35  0.0001  14705.589247  x:  0.07963   0.03628   0.13542   0.04182   0.02852   0.03141   0.04714   0.03249   0.07078   0.06299   0.05178   0.13899   0.02253   0.13747   0.02514   0.02242   0.03244   0.05296   0.03305   0.05844   0.06790   0.07551   0.12185   0.14479   4.82659  
 36  0.0001  14705.589247  x:  0.07963   0.03628   0.13542   0.04182   0.02852   0.03141   0.04714   0.03249   0.07078   0.06299   0.05178   0.13899   0.02253   0.13747   0.02514   0.02242   0.03244   0.05296   0.03305   0.05844   0.06790   0.07551   0.12185   0.14479   4.82659  
check convergence!


TREE #  2

  0  0.0000  14864.496185  x:  0.09434   0.00496   0.08396   0.01655   0.01219   0.02567   0.04276   0.03853   0.06971   0.07345   0.07391   0.15164   0.00000   0.08281   0.00120   0.01331   0.02343   0.04807   0.04058   0.06371   0.07413   0.09980   0.14169   0.10608   4.82659  
  1 99.0000  14739.393954  x:  0.09696   0.04174   0.09337   0.03047   0.02435   0.02940   0.04380   0.03683   0.07066   0.07298   0.07235   0.15281   0.02665   0.09470   0.03747   0.02116   0.02892   0.04956   0.03808   0.06288   0.07398   0.09974   0.14284   0.10871   4.82655  
  2 6595.4211  14714.556582  x:  0.10133   0.04541   0.11515   0.04371   0.03224   0.03397   0.04838   0.02930   0.07155   0.06501   0.05964   0.15076   0.02907   0.11541   0.02096   0.02016   0.03560   0.05462   0.02827   0.05815   0.06733   0.08217   0.13783   0.11308   4.82653  
  3 1026.1765  14707.948700  x:  0.10368   0.04216   0.12738   0.04353   0.02863   0.03098   0.04890   0.03308   0.07011   0.05966   0.04964   0.14735   0.02471   0.12856   0.02453   0.02534   0.03312   0.05477   0.03576   0.05711   0.06687   0.07496   0.13214   0.11542   4.82652  
  4 658.1634  14706.375870  x:  0.10475   0.03892   0.13217   0.04304   0.02880   0.03123   0.04667   0.03272   0.07035   0.06149   0.04929   0.14435   0.02182   0.13397   0.02886   0.02241   0.03100   0.05221   0.03288   0.05801   0.06733   0.07420   0.12793   0.11649   4.82653  
  5 331.8976  14705.983308  x:  0.10553   0.03778   0.13400   0.04248   0.02878   0.03151   0.04661   0.03293   0.07075   0.06363   0.05172   0.14185   0.02234   0.13609   0.02878   0.02271   0.03306   0.05247   0.03384   0.05929   0.06826   0.07465   0.12486   0.11728   4.82653  
  6 153.5668  14705.861121  x:  0.10596   0.03822   0.13441   0.04146   0.02816   0.03108   0.04699   0.03297   0.07076   0.06388   0.05266   0.14017   0.02363   0.13679   0.02801   0.02260   0.03198   0.05276   0.03367   0.05892   0.06843   0.07519   0.12301   0.11771   4.82653  
  7 92.0124  14705.838259  x:  0.10596   0.03845   0.13411   0.04112   0.02853   0.03129   0.04684   0.03287   0.07078   0.06341   0.05246   0.13926   0.02349   0.13672   0.02793   0.02284   0.03216   0.05268   0.03359   0.05862   0.06822   0.07563   0.12215   0.11771   4.82654  
  8 33.4823  14705.834583  x:  0.10593   0.03855   0.13395   0.04140   0.02850   0.03119   0.04688   0.03294   0.07072   0.06330   0.05243   0.13894   0.02341   0.13666   0.02792   0.02266   0.03220   0.05267   0.03366   0.05867   0.06812   0.07566   0.12194   0.11768   4.82654  
  9 15.5111  14705.834010  x:  0.10592   0.03855   0.13389   0.04149   0.02846   0.03122   0.04688   0.03291   0.07071   0.06333   0.05239   0.13883   0.02340   0.13663   0.02792   0.02274   0.03216   0.05267   0.03363   0.05873   0.06816   0.07561   0.12192   0.11767   4.82654  
 10  6.2531  14705.833912  x:  0.10592   0.03855   0.13386   0.04147   0.02847   0.03123   0.04688   0.03291   0.07072   0.06336   0.05235   0.13878   0.02342   0.13663   0.02792   0.02271   0.03216   0.05268   0.03364   0.05873   0.06818   0.07557   0.12194   0.11766   4.82654  
 11  2.2456  14705.833884  x:  0.10592   0.03855   0.13386   0.04146   0.02846   0.03121   0.04688   0.03291   0.07072   0.06336   0.05235   0.13876   0.02342   0.13663   0.02793   0.02272   0.03217   0.05268   0.03363   0.05872   0.06818   0.07556   0.12196   0.11766   4.82655  
 12  0.9091  14705.833847  x:  0.10592   0.03855   0.13386   0.04146   0.02847   0.03122   0.04688   0.03292   0.07073   0.06335   0.05238   0.13873   0.02341   0.13663   0.02793   0.02272   0.03216   0.05268   0.03364   0.05871   0.06817   0.07554   0.12199   0.11766   4.82655  
 13  0.6461  14705.833733  x:  0.10592   0.03857   0.13389   0.04144   0.02845   0.03123   0.04688   0.03289   0.07072   0.06333   0.05239   0.13868   0.02339   0.13664   0.02792   0.02271   0.03217   0.05268   0.03364   0.05875   0.06816   0.07556   0.12205   0.11767   4.82657  
 14  0.5811  14705.833302  x:  0.10593   0.03860   0.13396   0.04143   0.02850   0.03121   0.04690   0.03297   0.07069   0.06336   0.05236   0.13863   0.02336   0.13664   0.02788   0.02272   0.03216   0.05268   0.03362   0.05880   0.06817   0.07564   0.12212   0.11767   4.82663  
 15  1.2437  14705.830672  x:  0.10592   0.03860   0.13420   0.04156   0.02852   0.03115   0.04684   0.03284   0.07067   0.06349   0.05224   0.13850   0.02333   0.13659   0.02780   0.02271   0.03213   0.05268   0.03370   0.05864   0.06824   0.07588   0.12226   0.11767   4.82701  
 16  2.9885  14705.819184  x:  0.10590   0.03846   0.13478   0.04173   0.02813   0.03144   0.04697   0.03299   0.07085   0.06340   0.05203   0.13836   0.02342   0.13635   0.02773   0.02264   0.03235   0.05263   0.03351   0.05840   0.06833   0.07607   0.12231   0.11765   4.82870  
 17 10.2038  14705.747704  x:  0.10590   0.03776   0.13689   0.04200   0.02880   0.03120   0.04690   0.03269   0.07136   0.06271   0.05179   0.13820   0.02376   0.13556   0.02716   0.02257   0.03229   0.05288   0.03329   0.05882   0.06810   0.07516   0.12178   0.11766   4.83918  
 18 45.8343  14705.681368  x:  0.10621   0.03791   0.13696   0.04208   0.02881   0.03156   0.04745   0.03232   0.07024   0.06318   0.05168   0.13856   0.02302   0.13702   0.02644   0.02260   0.03252   0.05298   0.03299   0.05833   0.06757   0.07461   0.12144   0.11797   4.84878  
 19 79.1196  14705.657598  x:  0.10643   0.03774   0.13637   0.04240   0.02882   0.03154   0.04701   0.03246   0.07069   0.06287   0.05153   0.13873   0.02310   0.13841   0.02595   0.02252   0.03256   0.05306   0.03287   0.05835   0.06778   0.07491   0.12162   0.11820   4.85222  
 20 53.3437  14705.656262  x:  0.10643   0.03766   0.13631   0.04241   0.02886   0.03151   0.04722   0.03237   0.07081   0.06283   0.05149   0.13873   0.02310   0.13852   0.02597   0.02251   0.03256   0.05305   0.03288   0.05839   0.06779   0.07498   0.12164   0.11820   4.85239  
 21 10.4110  14705.656217  x:  0.10639   0.03764   0.13631   0.04241   0.02885   0.03151   0.04722   0.03237   0.07081   0.06284   0.05148   0.13873   0.02312   0.13854   0.02597   0.02252   0.03256   0.05304   0.03288   0.05839   0.06775   0.07499   0.12164   0.11816   4.85232  
 22  0.7773  14705.656074  x:  0.10631   0.03765   0.13632   0.04240   0.02886   0.03151   0.04722   0.03237   0.07080   0.06283   0.05150   0.13873   0.02311   0.13857   0.02597   0.02251   0.03256   0.05309   0.03287   0.05838   0.06779   0.07499   0.12163   0.11808   4.85194  
 23  1.3538  14705.655479  x:  0.10624   0.03770   0.13634   0.04238   0.02886   0.03151   0.04723   0.03236   0.07080   0.06281   0.05151   0.13873   0.02311   0.13859   0.02592   0.02249   0.03257   0.05294   0.03290   0.05839   0.06787   0.07496   0.12162   0.11801   4.85017  
 24  6.2717  14705.647293  x:  0.10637   0.03759   0.13639   0.04243   0.02886   0.03151   0.04723   0.03234   0.07082   0.06281   0.05144   0.13868   0.02307   0.13857   0.02587   0.02250   0.03257   0.05306   0.03284   0.05836   0.06774   0.07495   0.12158   0.11814   4.82560  
 25 38.6011  14705.647277  x:  0.10637   0.03758   0.13639   0.04243   0.02887   0.03152   0.04723   0.03234   0.07080   0.06280   0.05145   0.13867   0.02309   0.13857   0.02587   0.02250   0.03257   0.05306   0.03284   0.05836   0.06775   0.07495   0.12159   0.11814   4.82556  
 26  1.1384  14705.589625  x:  0.10632   0.03627   0.13547   0.04188   0.02851   0.03142   0.04717   0.03251   0.07075   0.06299   0.05177   0.13904   0.02249   0.13759   0.02513   0.02246   0.03246   0.05297   0.03312   0.05840   0.06789   0.07551   0.12185   0.11814   4.82664  
 27  0.0012  14705.589247  x:  0.10629   0.03628   0.13542   0.04182   0.02852   0.03141   0.04714   0.03249   0.07078   0.06299   0.05178   0.13899   0.02254   0.13747   0.02514   0.02242   0.03244   0.05296   0.03305   0.05844   0.06790   0.07551   0.12185   0.11813   4.82660  
 28  0.0002  14705.589247  x:  0.10628   0.03628   0.13542   0.04182   0.02852   0.03141   0.04714   0.03249   0.07078   0.06299   0.05178   0.13899   0.02254   0.13747   0.02514   0.02242   0.03244   0.05296   0.03305   0.05844   0.06790   0.07551   0.12185   0.11813   4.82660  