

TREE #  1

  0  0.0000  59692.536027  x:  0.11584   0.01914   0.14269   0.01253   0.01144   0.02660   0.05016   0.04641   0.07648   0.08704   0.09458   0.31376   0.01014   0.09960   0.00976   0.01236   0.02826   0.04807   0.04838   0.07384   0.08476   0.09659   0.20414   0.08471   2.38270  
  1 99.0000  59330.535105  x:  0.11897   0.03997   0.15357   0.03080   0.04555   0.03517   0.05375   0.04103   0.07751   0.08516   0.09254   0.31681   0.03977   0.11300   0.03540   0.04580   0.03635   0.05277   0.04227   0.07534   0.08207   0.09528   0.20727   0.08784   2.38572  
  2 14154.6556  59229.430832  x:  0.11983   0.05920   0.17000   0.03097   0.03668   0.03154   0.05952   0.03042   0.07368   0.07166   0.07598   0.32234   0.05617   0.13049   0.03195   0.03921   0.03370   0.06043   0.02940   0.07169   0.06534   0.07905   0.21081   0.08870   2.39453  
  3 3948.5321  59212.808715  x:  0.11709   0.06205   0.17775   0.03382   0.03476   0.03456   0.06005   0.03876   0.07412   0.06920   0.06837   0.32559   0.05498   0.13786   0.03251   0.03803   0.03611   0.06137   0.03776   0.07185   0.06222   0.07199   0.21138   0.08596   2.40320  
  4 1949.8417  59194.121464  x:  0.11000   0.05962   0.19092   0.04065   0.03517   0.03268   0.05456   0.03642   0.07567   0.07154   0.05902   0.33219   0.04369   0.14910   0.03754   0.03810   0.03464   0.05511   0.03610   0.07283   0.06544   0.06515   0.21097   0.07887   2.42664  
  5 1561.2954  59171.513369  x:  0.10992   0.04967   0.20841   0.04204   0.03688   0.03337   0.06652   0.03475   0.07619   0.07428   0.06246   0.34390   0.03339   0.16106   0.03738   0.03821   0.03505   0.06603   0.03339   0.07340   0.06833   0.07023   0.20988   0.07880   2.48644  
  6 1335.2478  59108.145591  x:  0.12475   0.02568   0.24302   0.02743   0.03837   0.03250   0.05425   0.03454   0.07358   0.07220   0.07346   0.37402   0.03891   0.17778   0.02708   0.04525   0.03675   0.05740   0.03818   0.07228   0.06643   0.08278   0.20849   0.09362   2.68351  
  7 3543.4644  59060.941151  x:  0.12706   0.02263   0.24669   0.03527   0.03788   0.03711   0.05595   0.04457   0.07643   0.07326   0.07962   0.38741   0.04811   0.16589   0.03269   0.03460   0.03000   0.04987   0.03021   0.07100   0.06419   0.08045   0.20651   0.09593   2.84144  
  8 4903.3086  58951.981330  x:  0.12150   0.02769   0.23474   0.04239   0.03049   0.02926   0.05672   0.03320   0.07989   0.07387   0.07492   0.40834   0.06296   0.12210   0.04601   0.02914   0.03871   0.05932   0.03924   0.07583   0.06754   0.06464   0.20196   0.09038   3.21626  
  9 13558.7820  58905.520900  x:  0.11484   0.03577   0.21771   0.03255   0.03458   0.03505   0.06100   0.03644   0.07816   0.07225   0.06144   0.40843   0.06008   0.11073   0.03923   0.04093   0.03387   0.06106   0.03309   0.07509   0.06834   0.06110   0.20454   0.08371   3.37876  
 10 9924.9497  58853.062952  x:  0.10729   0.06042   0.18088   0.04048   0.04041   0.03112   0.05855   0.03554   0.07021   0.07143   0.05966   0.39020   0.05048   0.12790   0.02964   0.03943   0.03263   0.06094   0.03747   0.06974   0.06134   0.07624   0.21865   0.07616   3.56923  
 11 5873.1430  58839.505105  x:  0.10912   0.06779   0.17057   0.03878   0.03351   0.03514   0.05858   0.03577   0.07439   0.07093   0.06062   0.37874   0.04760   0.13755   0.03285   0.03988   0.03806   0.05927   0.03475   0.07325   0.06567   0.07739   0.22299   0.07800   3.61921  
 12 3707.3750  58832.775314  x:  0.11304   0.07049   0.16776   0.03610   0.03552   0.03292   0.05879   0.03587   0.07841   0.07324   0.06330   0.36544   0.04559   0.14327   0.03385   0.03920   0.03377   0.06047   0.03647   0.07482   0.06859   0.06987   0.22395   0.08192   3.64419  
 13 1524.4078  58829.247539  x:  0.11442   0.06874   0.17083   0.03591   0.03625   0.03258   0.05903   0.03637   0.07433   0.07245   0.06469   0.35011   0.04277   0.14327   0.03590   0.03997   0.03626   0.06005   0.03517   0.07352   0.06544   0.06640   0.22184   0.08329   3.65761  
 14 695.3261  58827.878169  x:  0.11417   0.06801   0.17396   0.03633   0.03551   0.03443   0.05871   0.03516   0.07448   0.07181   0.06349   0.34188   0.04333   0.14263   0.03662   0.03990   0.03448   0.06042   0.03626   0.07276   0.06520   0.06822   0.22061   0.08304   3.66296  
 15 630.1438  58827.140961  x:  0.11345   0.06788   0.17663   0.03714   0.03550   0.03307   0.05890   0.03596   0.07568   0.07210   0.06233   0.33659   0.04491   0.14203   0.03482   0.03983   0.03502   0.06030   0.03584   0.07354   0.06620   0.06989   0.21995   0.08232   3.66588  
 16 451.6260  58827.122287  x:  0.11330   0.06793   0.17677   0.03710   0.03564   0.03335   0.05885   0.03581   0.07570   0.07224   0.06249   0.33644   0.04500   0.14200   0.03456   0.03968   0.03517   0.06028   0.03583   0.07362   0.06623   0.06979   0.22001   0.08218   3.66595  
 17 64.2218  58827.114512  x:  0.11306   0.06805   0.17693   0.03687   0.03558   0.03333   0.05886   0.03585   0.07555   0.07233   0.06276   0.33638   0.04513   0.14200   0.03463   0.03967   0.03512   0.06025   0.03586   0.07364   0.06632   0.06978   0.22018   0.08194   3.66599  
 18 27.3868  58827.112433  x:  0.11300   0.06804   0.17697   0.03681   0.03561   0.03331   0.05883   0.03586   0.07570   0.07224   0.06283   0.33636   0.04510   0.14196   0.03467   0.03968   0.03514   0.06027   0.03584   0.07360   0.06624   0.06978   0.22035   0.08188   3.66600  
 19  7.3541  58827.104292  x:  0.11308   0.06794   0.17710   0.03698   0.03552   0.03332   0.05889   0.03583   0.07566   0.07224   0.06283   0.33632   0.04504   0.14178   0.03460   0.03980   0.03510   0.06023   0.03587   0.07361   0.06626   0.06971   0.22106   0.08196   3.66609  
 20  7.4353  58827.094566  x:  0.11318   0.06787   0.17720   0.03691   0.03565   0.03332   0.05887   0.03584   0.07556   0.07233   0.06261   0.33629   0.04502   0.14166   0.03472   0.03961   0.03515   0.06028   0.03585   0.07364   0.06631   0.06977   0.22159   0.08206   3.66619  
 21 25.1261  58826.282621  x:  0.11364   0.06858   0.17863   0.03740   0.03522   0.03361   0.05625   0.03687   0.07517   0.07255   0.06312   0.33714   0.04424   0.14142   0.03454   0.03993   0.03473   0.06260   0.03484   0.07431   0.06639   0.07001   0.22160   0.08259   3.67549  
 22  4.6568  58810.185463  x:  0.11997   0.07418   0.20218   0.03541   0.03631   0.03319   0.05886   0.03572   0.07678   0.07371   0.06597   0.35389   0.03631   0.14268   0.03430   0.03991   0.03514   0.05712   0.03656   0.07596   0.06492   0.07450   0.21747   0.09031   3.86694  
 23 801.0152  58794.427899  x:  0.11831   0.05277   0.21186   0.03690   0.03669   0.03324   0.05874   0.03568   0.07623   0.07067   0.06600   0.36736   0.04607   0.15584   0.03475   0.03889   0.03644   0.05939   0.03515   0.06923   0.06914   0.07122   0.21674   0.08997   4.04868  
 24 3363.7526  58793.025633  x:  0.11766   0.04932   0.21201   0.03689   0.03631   0.03317   0.05903   0.03541   0.07637   0.07189   0.06573   0.36843   0.04745   0.15751   0.03534   0.03932   0.03552   0.05946   0.03514   0.07346   0.06581   0.07127   0.21681   0.08944   4.06498  
 25 1100.3343  58793.025000  x:  0.11766   0.04932   0.21201   0.03688   0.03628   0.03317   0.05902   0.03541   0.07640   0.07199   0.06571   0.36843   0.04746   0.15752   0.03534   0.03934   0.03553   0.05947   0.03514   0.07339   0.06577   0.07127   0.21681   0.08944   4.06499  
 26  8.4469  58788.841220  x:  0.11453   0.05706   0.20389   0.03823   0.03678   0.03319   0.05841   0.03570   0.07624   0.07294   0.06579   0.36557   0.04759   0.15296   0.03596   0.03936   0.03490   0.05934   0.03505   0.07413   0.06605   0.07200   0.22020   0.08923   4.24973  
 27  0.1497  58788.746011  x:  0.11475   0.05593   0.20412   0.03807   0.03690   0.03332   0.05876   0.03565   0.07632   0.07256   0.06523   0.36583   0.04796   0.15297   0.03611   0.03981   0.03509   0.05954   0.03494   0.07378   0.06599   0.07125   0.21953   0.08940   4.26275  
 28  0.0119  58788.743877  x:  0.11490   0.05605   0.20413   0.03806   0.03693   0.03332   0.05877   0.03566   0.07633   0.07258   0.06522   0.36596   0.04810   0.15279   0.03618   0.03983   0.03512   0.05955   0.03499   0.07385   0.06599   0.07123   0.21949   0.08937   4.26286  
 29  0.0003  58788.743591  x:  0.11500   0.05606   0.20414   0.03808   0.03696   0.03333   0.05876   0.03565   0.07633   0.07257   0.06522   0.36593   0.04814   0.15281   0.03621   0.03987   0.03512   0.05956   0.03497   0.07384   0.06598   0.07122   0.21951   0.08922   4.26239  
 30  0.0003  58788.743580  x:  0.11508   0.05607   0.20414   0.03809   0.03696   0.03333   0.05876   0.03565   0.07633   0.07257   0.06521   0.36592   0.04814   0.15283   0.03621   0.03987   0.03511   0.05955   0.03497   0.07384   0.06598   0.07122   0.21950   0.08914   4.26240  
 31  0.0001  58788.743580  x:  0.11511   0.05607   0.20414   0.03809   0.03696   0.03333   0.05876   0.03565   0.07633   0.07257   0.06521   0.36592   0.04814   0.15283   0.03621   0.03987   0.03511   0.05955   0.03497   0.07384   0.06598   0.07122   0.21950   0.08911   4.26241  

TREE #  2

  0  0.0000  59321.110719  x:  0.09784   0.01914   0.14269   0.01253   0.01144   0.02660   0.05016   0.04641   0.07648   0.08704   0.09458   0.31376   0.01014   0.09960   0.00976   0.01236   0.02826   0.04807   0.04838   0.07384   0.08476   0.09659   0.20414   0.10271   4.26241  
  1 99.0000  58923.884519  x:  0.10209   0.04362   0.15531   0.03174   0.04654   0.03591   0.05428   0.04113   0.07810   0.08563   0.09299   0.31834   0.04458   0.11462   0.03713   0.04708   0.03686   0.05338   0.04233   0.07604   0.08246   0.09583   0.20845   0.10696   4.26224  
  2 14516.7140  58820.099060  x:  0.10435   0.06369   0.17427   0.03120   0.03684   0.03140   0.06024   0.03065   0.07485   0.07241   0.07647   0.32760   0.05956   0.13382   0.03240   0.03950   0.03339   0.06131   0.02955   0.07299   0.06580   0.07965   0.21442   0.10922   4.26202  
  3 3906.5715  58804.935645  x:  0.10254   0.06615   0.18276   0.03382   0.03498   0.03454   0.06064   0.03828   0.07554   0.07053   0.06983   0.33328   0.05749   0.14131   0.03255   0.03827   0.03604   0.06203   0.03734   0.07338   0.06340   0.07357   0.21654   0.10741   4.26190  
  4 1881.3861  58793.175744  x:  0.09798   0.06360   0.19510   0.03939   0.03570   0.03334   0.05620   0.03633   0.07677   0.07270   0.06292   0.34354   0.04727   0.15090   0.03665   0.03869   0.03511   0.05687   0.03588   0.07412   0.06638   0.06898   0.21902   0.10285   4.26171  
  5 1323.8260  58790.879796  x:  0.09800   0.05980   0.19979   0.03935   0.03678   0.03302   0.06014   0.03592   0.07659   0.07335   0.06389   0.34959   0.04441   0.15331   0.03672   0.03926   0.03479   0.06061   0.03517   0.07404   0.06695   0.07061   0.21976   0.10287   4.26160  
  6 541.7692  58789.408901  x:  0.10004   0.05530   0.20411   0.03729   0.03687   0.03405   0.05847   0.03553   0.07619   0.07269   0.06620   0.35747   0.04565   0.15425   0.03518   0.04020   0.03587   0.05964   0.03524   0.07389   0.06609   0.07260   0.22027   0.10491   4.26146  
  7 402.9411  58789.170179  x:  0.10037   0.05466   0.20460   0.03732   0.03700   0.03323   0.05851   0.03633   0.07620   0.07283   0.06651   0.35965   0.04658   0.15367   0.03551   0.03982   0.03487   0.05915   0.03531   0.07372   0.06618   0.07255   0.22010   0.10524   4.26143  
  8 233.3679  58788.974783  x:  0.10022   0.05428   0.20433   0.03750   0.03672   0.03319   0.05874   0.03572   0.07659   0.07307   0.06610   0.36267   0.04756   0.15186   0.03600   0.03939   0.03516   0.05935   0.03569   0.07404   0.06664   0.07166   0.21946   0.10509   4.26139  
  9 158.0222  58788.927069  x:  0.10002   0.05433   0.20399   0.03757   0.03673   0.03353   0.05877   0.03601   0.07654   0.07297   0.06589   0.36367   0.04756   0.15127   0.03595   0.03951   0.03520   0.05938   0.03519   0.07402   0.06652   0.07149   0.21924   0.10489   4.26138  
 10 120.5814  58788.903194  x:  0.09983   0.05460   0.20355   0.03767   0.03677   0.03336   0.05860   0.03597   0.07629   0.07279   0.06579   0.36442   0.04739   0.15106   0.03587   0.03974   0.03515   0.05951   0.03532   0.07386   0.06625   0.07167   0.21915   0.10470   4.26137  
 11 67.3652  58788.893143  x:  0.09980   0.05494   0.20311   0.03770   0.03681   0.03345   0.05870   0.03592   0.07636   0.07283   0.06583   0.36490   0.04731   0.15125   0.03582   0.03957   0.03516   0.05936   0.03536   0.07384   0.06624   0.07193   0.21921   0.10467   4.26136  
 12 34.7305  58788.889929  x:  0.09983   0.05505   0.20287   0.03764   0.03676   0.03338   0.05869   0.03597   0.07639   0.07286   0.06585   0.36509   0.04729   0.15140   0.03577   0.03964   0.03520   0.05938   0.03533   0.07391   0.06636   0.07192   0.21928   0.10470   4.26135  
 13 26.3515  58788.889104  x:  0.09984   0.05503   0.20276   0.03763   0.03678   0.03341   0.05865   0.03596   0.07640   0.07288   0.06588   0.36514   0.04728   0.15148   0.03577   0.03963   0.03515   0.05942   0.03534   0.07391   0.06636   0.07185   0.21931   0.10471   4.26135  
 14 12.8736  58788.888828  x:  0.09985   0.05499   0.20270   0.03763   0.03677   0.03341   0.05867   0.03596   0.07638   0.07286   0.06589   0.36515   0.04728   0.15151   0.03582   0.03963   0.03517   0.05941   0.03534   0.07390   0.06633   0.07181   0.21933   0.10472   4.26135  
 15  6.8333  58788.888821  x:  0.09985   0.05499   0.20270   0.03763   0.03677   0.03341   0.05867   0.03596   0.07638   0.07286   0.06588   0.36515   0.04728   0.15151   0.03582   0.03963   0.03517   0.05941   0.03534   0.07390   0.06633   0.07181   0.21933   0.10473   4.26134  
 16  1.0520  58788.888808  x:  0.09986   0.05498   0.20269   0.03764   0.03678   0.03340   0.05867   0.03596   0.07639   0.07286   0.06587   0.36515   0.04728   0.15151   0.03581   0.03963   0.03517   0.05941   0.03534   0.07390   0.06633   0.07181   0.21933   0.10473   4.26133  
 17  0.4402  58788.888786  x:  0.09987   0.05498   0.20269   0.03765   0.03677   0.03341   0.05867   0.03596   0.07638   0.07286   0.06586   0.36515   0.04727   0.15151   0.03582   0.03963   0.03516   0.05941   0.03534   0.07390   0.06633   0.07182   0.21934   0.10474   4.26131  
 18  0.9242  58788.888478  x:  0.09990   0.05500   0.20270   0.03765   0.03678   0.03341   0.05868   0.03595   0.07634   0.07289   0.06584   0.36515   0.04725   0.15147   0.03582   0.03963   0.03516   0.05940   0.03534   0.07393   0.06632   0.07181   0.21942   0.10477   4.26094  
 19  1.8568  58788.887221  x:  0.09991   0.05506   0.20274   0.03765   0.03677   0.03340   0.05867   0.03595   0.07640   0.07283   0.06590   0.36514   0.04720   0.15138   0.03584   0.03964   0.03517   0.05941   0.03533   0.07387   0.06634   0.07177   0.21962   0.10478   4.25943  
 20 17.2215  58788.884732  x:  0.09980   0.05502   0.20274   0.03754   0.03681   0.03339   0.05865   0.03595   0.07643   0.07283   0.06583   0.36511   0.04729   0.15141   0.03586   0.03962   0.03516   0.05943   0.03532   0.07389   0.06631   0.07180   0.21971   0.10466   4.25644  
 21 41.2086  58788.882040  x:  0.09971   0.05500   0.20275   0.03763   0.03674   0.03341   0.05868   0.03593   0.07634   0.07287   0.06589   0.36508   0.04738   0.15149   0.03581   0.03964   0.03514   0.05941   0.03532   0.07393   0.06629   0.07179   0.21964   0.10457   4.25322  
 22 123.9295  58788.879755  x:  0.09981   0.05507   0.20278   0.03760   0.03676   0.03342   0.05868   0.03593   0.07631   0.07284   0.06586   0.36506   0.04731   0.15157   0.03584   0.03963   0.03515   0.05941   0.03532   0.07386   0.06634   0.07175   0.21933   0.10466   4.25053  
 23 59.4730  58788.879539  x:  0.09982   0.05508   0.20278   0.03760   0.03675   0.03341   0.05868   0.03593   0.07635   0.07284   0.06587   0.36506   0.04729   0.15157   0.03585   0.03964   0.03514   0.05941   0.03531   0.07390   0.06630   0.07174   0.21929   0.10468   4.25030  
 24 13.1121  58788.772100  x:  0.09971   0.05601   0.20419   0.03760   0.03659   0.03335   0.05878   0.03564   0.07620   0.07272   0.06547   0.36592   0.04763   0.15267   0.03608   0.03963   0.03500   0.05950   0.03500   0.07380   0.06596   0.07117   0.21959   0.10446   4.26269  
 25  0.1421  58788.771499  x:  0.09971   0.05601   0.20419   0.03761   0.03661   0.03335   0.05878   0.03563   0.07618   0.07263   0.06548   0.36592   0.04762   0.15268   0.03608   0.03961   0.03498   0.05950   0.03500   0.07388   0.06599   0.07117   0.21959   0.10446   4.26275  
 26  9.9446  58788.752293  x:  0.09751   0.05590   0.20424   0.03810   0.03681   0.03328   0.05880   0.03567   0.07642   0.07258   0.06510   0.36605   0.04790   0.15298   0.03597   0.03966   0.03515   0.05962   0.03496   0.07381   0.06599   0.07126   0.21956   0.10684   4.26183  
 27  0.0053  58788.744704  x:  0.09856   0.05599   0.20411   0.03814   0.03695   0.03328   0.05872   0.03562   0.07633   0.07253   0.06515   0.36592   0.04811   0.15280   0.03617   0.03984   0.03509   0.05952   0.03494   0.07381   0.06595   0.07122   0.21948   0.10569   4.26216  
 28  0.0013  58788.743673  x:  0.10027   0.05609   0.20409   0.03809   0.03695   0.03332   0.05876   0.03565   0.07633   0.07258   0.06521   0.36586   0.04816   0.15281   0.03619   0.03986   0.03512   0.05956   0.03496   0.07382   0.06597   0.07122   0.21950   0.10397   4.26241  
 29  0.0011  58788.743580  x:  0.10059   0.05608   0.20414   0.03809   0.03696   0.03333   0.05877   0.03565   0.07633   0.07257   0.06521   0.36592   0.04814   0.15283   0.03621   0.03986   0.03511   0.05956   0.03497   0.07384   0.06598   0.07122   0.21950   0.10362   4.26241  
 30  0.0004  58788.743580  x:  0.10059   0.05607   0.20414   0.03809   0.03696   0.03333   0.05876   0.03565   0.07633   0.07257   0.06521   0.36592   0.04814   0.15283   0.03621   0.03986   0.03511   0.05956   0.03497   0.07384   0.06598   0.07122   0.21950   0.10363   4.26241  