     2    312     75


 1

     1     87    -1.4448251244   0.235787306386      73.5656  AAAAAAAAAAAAA
     2      1    -4.5013133790   0.011094415793       3.4615  AAAAAAAAAAAAG
     3      3    -5.6096867757   0.003662216273       1.1426  AAAAAAAAAAAAT
     4      4    -5.6911531768   0.003375697947       1.0532  AAAAAAAAAAACA
     5      1    -9.9844282095   0.000046112421       0.0144  AAAAAAAAAAACC
     6      3    -4.4537455418   0.011634906228       3.6301  AAAAAAAAAAAGA
     7      1    -5.5589369009   0.003852870204       1.2021  AAAAAAAAAAATA
     8      3   -10.9205573298   0.000018082656       0.0056  AAAAAAAAAACCC
     9      1    -8.2700408064   0.000256074842       0.0799  AAAAAAAAAAGGG
    10      1   -10.6569933517   0.000023535671       0.0073  AAAAAAAAAATAT
    11      1   -10.7651491771   0.000021122976       0.0066  AAAAAAAAAATTT
    12      1    -6.2824464799   0.001868822959       0.5831  AAAAAAAAAGAAA
    13      1    -6.3363508935   0.001770752125       0.5525  AAAAAAAGAAAAA
    14      1    -5.6494371666   0.003519497108       1.0981  AAAAAAGAAAAAA
    15      1    -5.3115221143   0.004934410262       1.5395  AAAAAGAAAAAAA
    16      1   -10.2035500176   0.000037038597       0.0116  AAAAGAAAAAAAC
    17      1   -12.2555546191   0.000004758612       0.0015  AAATAAATATACA
    18      1   -21.8776482241   0.000000000315       0.0000  AACTCCCTCTAAC
    19      1    -5.5684932349   0.003816226259       1.1907  AGAGAGAGAGGGG
    20      1   -14.9306258923   0.000000327877       0.0001  ATATAAATATACA
    21      1    -6.1204247163   0.002197522441       0.6856  ATATATATATAAA
    22      1   -12.7055305651   0.000003034298       0.0009  CACACACACACTA
    23      1   -24.1200121169   0.000000000033       0.0000  CATTTCTTTTAAT
    24      2   -11.4119892854   0.000011062060       0.0035  CCCCCCCCCCAAA
    25      1    -9.5213409457   0.000073271346       0.0229  CCCCCCCCCCCAA
    26      2    -5.7927679773   0.003049529455       0.9515  CCCCCCCCCCCAC
    27      1    -5.8446221305   0.002895428600       0.9034  CCCCCCCCCCCCA
    28     37    -2.1152346988   0.120604980393      37.6288  CCCCCCCCCCCCC
    29      1    -4.8230699354   0.008042060597       2.5091  CCCCCCCCCCCTC
    30      2    -8.4352688601   0.000217074736       0.0677  CCCCCCCCCCTTC
    31      1    -8.9824776205   0.000125591294       0.0392  CCCCCCCCCCTTT
    32      1    -8.2220808210   0.000268655459       0.0838  CCCCCCCCTCCCC
    33      1    -6.7344634411   0.001189213112       0.3710  CCCCCCCTCCCCC
    34      1   -12.3599247635   0.000004286994       0.0013  CCCCCCTCCCTTC
    35      1   -12.8840730316   0.000002538155       0.0008  CCCCCTCTCCCCT
    36      1   -14.7338620978   0.000000399177       0.0001  CCCCTCTCCTCCC
    37      1    -7.0015551403   0.000910464963       0.2841  CCCTCCCCCCCCC
    38      1   -13.3215878023   0.000001638732       0.0005  CCCTCCCCCCTTC
    39      1    -6.9616593226   0.000947523023       0.2956  CCCTCCCCCTCCC
    40      1   -12.6415385303   0.000003234816       0.0010  CCCTCCCGCTCCC
    41      1   -10.9262218778   0.000017980515       0.0056  CCCTCCTCCCCCC
    42      1   -23.0966005535   0.000000000093       0.0000  CCGGGGGGGGTCG
    43      1    -6.8389036872   0.001071277211       0.3342  CCTCCCCCCCCCC
    44      1   -18.3680126761   0.000000010541       0.0000  CCTTCCCCTTCTT
    45      1   -21.5220438549   0.000000000450       0.0000  CTCCCTTCCTTCC
    46      1   -16.2060190475   0.000000091583       0.0000  CTCTCCTTCTTTC
    47      1    -5.3397329146   0.004797151788       1.4967  CTCTCTCTCTCCC
    48      1    -5.1511855800   0.005792533143       1.8073  GAGAGAGAGAGGG
    49      1   -12.7113668351   0.000003016640       0.0009  GAGGGAGGGGAGG
    50      1   -18.2932828188   0.000000011359       0.0000  GCGCCCCCGCGGG
    51      1    -6.7137006906   0.001214162560       0.3788  GGAGGGGGGGGGG
    52      1    -9.3340776340   0.000088361197       0.0276  GGGGAAGGGGGGG
    53      2    -6.1718013950   0.002087472249       0.6513  GGGGAGGGGGGGG
    54      1    -5.5688694615   0.003814790763       1.1902  GGGGGAGGGGGGG
    55      4    -4.6807597463   0.009271966868       2.8929  GGGGGGGGGGGAG
    56      1    -6.6562790398   0.001285922345       0.4012  GGGGGGGGGGGGC
    57     43    -2.4065932225   0.090121797093      28.1180  GGGGGGGGGGGGG
    58      1    -6.5240627639   0.001467694078       0.4579  GGGGGGGGGGGGT
    59      1    -7.1295186136   0.000801104936       0.2499  TCCCCCCCCCCCC
    60      1   -13.0533703718   0.000002142857       0.0007  TCCCTCTCTCTTC
    61      1    -8.1964655526   0.000275626036       0.0860  TCTCTCTCTCTTC
    62      1    -9.3232606846   0.000089322184       0.0279  TCTCTTTCTCCCC
    63      1    -9.7335865178   0.000059259378       0.0185  TCTTTTTTTTTTC
    64      1   -11.9009874561   0.000006783703       0.0021  TTCCCCCCCCCCC
    65      1   -18.2033313274   0.000000012428       0.0000  TTCCCCCTCCTTC
    66      1   -13.3622386669   0.000001573452       0.0005  TTCTTCTTTTTCT
    67      1   -14.2768496587   0.000000630439       0.0002  TTTCTCTCTTTTC
    68      1   -10.2433409001   0.000035593736       0.0111  TTTTCTCTTTTTT
    69      1    -9.7163894201   0.000060287280       0.0188  TTTTTCCTTTTTT
    70      1   -11.0577855486   0.000015763939       0.0049  TTTTTTTTTCTTG
    71      1    -8.5205699542   0.000199325786       0.0622  TTTTTTTTTTCCT
    72      1    -8.5649781476   0.000190667755       0.0595  TTTTTTTTTTCTC
    73      1    -5.7137333486   0.003300328241       1.0297  TTTTTTTTTTCTT
    74      2    -4.8342079984   0.007952984608       2.4813  TTTTTTTTTTTTC
    75     57    -1.9373148320   0.144090337545      44.9562  TTTTTTTTTTTTT

 2

     1     87    -1.4448131611   0.235790127215      73.5665  AAAAAAAAAAAAA
     2      1    -4.5012872165   0.011094706054       3.4615  AAAAAAAAAAAAG
     3      3    -5.6096573907   0.003662323889       1.1426  AAAAAAAAAAAAT
     4      4    -5.6912099556   0.003375506285       1.0532  AAAAAAAAAAACA
     5      1    -9.9844668567   0.000046110639       0.0144  AAAAAAAAAAACC
     6      3    -4.4538000569   0.011634271966       3.6299  AAAAAAAAAAAGA
     7      1    -5.5589936797   0.003852651449       1.2020  AAAAAAAAAAATA
     8      3   -10.9204757108   0.000018084132       0.0056  AAAAAAAAAACCC
     9      1    -8.2699693758   0.000256093134       0.0799  AAAAAAAAAAGGG
    10      1   -10.6569000336   0.000023537868       0.0073  AAAAAAAAAATAT
    11      1   -10.7650680123   0.000021124691       0.0066  AAAAAAAAAATTT
    12      1    -6.2825609177   0.001868609107       0.5830  AAAAAAAAAGAAA
    13      1    -6.3362849504   0.001770868897       0.5525  AAAAAAAGAAAAA
    14      1    -5.6495721132   0.003519022196       1.0979  AAAAAAGAAAAAA
    15      1    -5.3114967774   0.004934535286       1.5396  AAAAAGAAAAAAA
    16      1   -10.2033961590   0.000037044296       0.0116  AAAAGAAAAAAAC
    17      1   -12.2552177238   0.000004760215       0.0015  AAATAAATATACA
    18      1   -21.8780009158   0.000000000315       0.0000  AACTCCCTCTAAC
    19      1    -5.5685203635   0.003816122732       1.1906  AGAGAGAGAGGGG
    20      1   -14.9305580512   0.000000327900       0.0001  ATATAAATATACA
    21      1    -6.1203062951   0.002197782690       0.6857  ATATATATATAAA
    22      1   -12.7054619139   0.000003034506       0.0009  CACACACACACTA
    23      1   -24.1203649316   0.000000000033       0.0000  CATTTCTTTTAAT
    24      2   -11.4119070826   0.000011062970       0.0035  CCCCCCCCCCAAA
    25      1    -9.5213779590   0.000073268634       0.0229  CCCCCCCCCCCAA
    26      2    -5.7928228988   0.003049361975       0.9514  CCCCCCCCCCCAC
    27      1    -5.8445889833   0.002895524577       0.9034  CCCCCCCCCCCCA
    28     37    -2.1152193078   0.120606836635      37.6293  CCCCCCCCCCCCC
    29      1    -4.8231231037   0.008041633027       2.5090  CCCCCCCCCCCTC
    30      2    -8.4352571444   0.000217077279       0.0677  CCCCCCCCCCTTC
    31      1    -8.9824055979   0.000125600340       0.0392  CCCCCCCCCCTTT
    32      1    -8.2222119758   0.000268620226       0.0838  CCCCCCCCTCCCC
    33      1    -6.7343942134   0.001189295441       0.3711  CCCCCCCTCCCCC
    34      1   -12.3600612647   0.000004286409       0.0013  CCCCCCTCCCTTC
    35      1   -12.8840454435   0.000002538225       0.0008  CCCCCTCTCCCCT
    36      1   -14.7340338137   0.000000399108       0.0001  CCCCTCTCCTCCC
    37      1    -7.0014351737   0.000910574195       0.2841  CCCTCCCCCCCCC
    38      1   -13.3214715115   0.000001638923       0.0005  CCCTCCCCCCTTC
    39      1    -6.9618207717   0.000947370059       0.2956  CCCTCCCCCTCCC
    40      1   -12.6413941103   0.000003235283       0.0010  CCCTCCCGCTCCC
    41      1   -10.9262501263   0.000017980007       0.0056  CCCTCCTCCCCCC
    42      1   -23.0970230303   0.000000000093       0.0000  CCGGGGGGGGTCG
    43      1    -6.8392900521   0.001070863387       0.3341  CCTCCCCCCCCCC
    44      1   -18.3685663142   0.000000010535       0.0000  CCTTCCCCTTCTT
    45      1   -21.5220218825   0.000000000450       0.0000  CTCCCTTCCTTCC
    46      1   -16.2061569844   0.000000091570       0.0000  CTCTCCTTCTTTC
    47      1    -5.3396166444   0.004797709587       1.4969  CTCTCTCTCTCCC
    48      1    -5.1510650220   0.005793231521       1.8075  GAGAGAGAGAGGG
    49      1   -12.7112245407   0.000003017070       0.0009  GAGGGAGGGGAGG
    50      1   -18.2932095943   0.000000011360       0.0000  GCGCCCCCGCGGG
    51      1    -6.7140837261   0.001213697582       0.3787  GGAGGGGGGGGGG
    52      1    -9.3339185656   0.000088375253       0.0276  GGGGAAGGGGGGG
    53      2    -6.1716556611   0.002087776487       0.6514  GGGGAGGGGGGGG
    54      1    -5.5688363398   0.003814917118       1.1903  GGGGGAGGGGGGG
    55      4    -4.6808098449   0.009271502367       2.8927  GGGGGGGGGGGAG
    56      1    -6.6562411422   0.001285971079       0.4012  GGGGGGGGGGGGC
    57     43    -2.4065734353   0.090123580368      28.1186  GGGGGGGGGGGGG
    58      1    -6.5240248663   0.001467749702       0.4579  GGGGGGGGGGGGT
    59      1    -7.1297337259   0.000800932627       0.2499  TCCCCCCCCCCCC
    60      1   -13.0536455229   0.000002142268       0.0007  TCCCTCTCTCTTC
    61      1    -8.1963393832   0.000275660814       0.0860  TCTCTCTCTCTTC
    62      1    -9.3232719018   0.000089321182       0.0279  TCTCTTTCTCCCC
    63      1    -9.7337409957   0.000059250224       0.0185  TCTTTTTTTTTTC
    64      1   -11.9013865296   0.000006780996       0.0021  TTCCCCCCCCCCC
    65      1   -18.2038177187   0.000000012422       0.0000  TTCCCCCTCCTTC
    66      1   -13.3626806046   0.000001572757       0.0005  TTCTTCTTTTTCT
    67      1   -14.2770821196   0.000000630292       0.0002  TTTCTCTCTTTTC
    68      1   -10.2433968723   0.000035591743       0.0111  TTTTCTCTTTTTT
    69      1    -9.7165098967   0.000060280017       0.0188  TTTTTCCTTTTTT
    70      1   -11.0578808256   0.000015762437       0.0049  TTTTTTTTTCTTG
    71      1    -8.5205581703   0.000199328135       0.0622  TTTTTTTTTTCCT
    72      1    -8.5648909495   0.000190684382       0.0595  TTTTTTTTTTCTC
    73      1    -5.7136569390   0.003300580427       1.0298  TTTTTTTTTTCTT
    74      2    -4.8341793937   0.007953212104       2.4814  TTTTTTTTTTTTC
    75     57    -1.9373007333   0.144092369047      44.9568  TTTTTTTTTTTTT