     2    426     94


 1

     1    104    -1.6081553149   0.200256684083      85.3093  AAAAAAA
     2      1    -6.4118977572   0.001641905605       0.6995  AAAAAAG
     3      4    -5.4776875444   0.004178982244       1.7802  AAAACAA
     4      5    -4.0259391943   0.017846654803       7.6027  AAAAGAA
     5      4    -5.5348459583   0.003946816564       1.6813  AAAATAA
     6      1   -10.6666508248   0.000023309470       0.0099  AAAATTA
     7      1    -4.8082731777   0.008161941759       3.4770  AAAGAAA
     8      1    -7.1669019662   0.000771709815       0.3287  AAAGGAA
     9      1   -11.3587779158   0.000011666630       0.0050  AAATACA
    10      1    -5.5692913877   0.003813181543       1.6244  AAGAAAA
    11      3    -5.8229952529   0.002958729715       1.2604  ACCCACC
    12      2    -5.6320050129   0.003581387396       1.5257  ACCCCCC
    13      1    -7.3852831088   0.000620315022       0.2643  ACCCTCC
    14      1   -11.4548037342   0.000010598440       0.0045  ACTCGCC
    15      1    -7.4027516138   0.000609573142       0.2597  AGGGAAG
    16      3    -4.3483495877   0.012928131730       5.5074  AGGGAGG
    17     12    -4.2893348818   0.013714043725       5.8422  AGGGGGG
    18      1   -11.8348995634   0.000007247170       0.0031  ATAATAT
    19      1   -11.0280903718   0.000016239072       0.0069  ATATATT
    20      1   -13.5553629660   0.000001297122       0.0006  ATTCACC
    21      2    -5.8884614912   0.002771236991       1.1805  ATTTATT
    22      1   -10.7800550160   0.000020810456       0.0089  ATTTCCT
    23      3    -5.7076911806   0.003320329744       1.4145  ATTTTTT
    24      2    -5.8392234501   0.002911102364       1.2401  CAAACAA
    25      1   -13.0703758218   0.000002106725       0.0009  CAACTTA
    26      1   -13.7086924747   0.000001112732       0.0005  CATTTCA
    27      3    -5.5282221689   0.003973046219       1.6925  CCCCACC
    28     58    -1.9645043419   0.140225373229      59.7360  CCCCCCC
    29      1    -6.6705655916   0.001267681558       0.5400  CCCCCCT
    30      2    -5.4659965799   0.004228125282       1.8012  CCCCCTC
    31      1    -5.9834593280   0.002520093366       1.0736  CCCCGCC
    32      3    -4.2735282035   0.013932539500       5.9353  CCCCTCC
    33      1    -7.7650936583   0.000424289879       0.1807  CCCCTTC
    34      1    -5.0532587303   0.006388481152       2.7215  CCCTCCC
    35      1   -11.0662043097   0.000015631784       0.0067  CCTCCTT
    36      1    -8.1281902162   0.000295101788       0.1257  CCTCTCC
    37      1    -8.8832815726   0.000138688302       0.0591  CCTTCCC
    38      4    -6.3679713614   0.001715636103       0.7309  CGGGCGG
    39      2    -6.5865951433   0.001378726347       0.5873  CTCCCCT
    40      1   -10.1322678005   0.000039775166       0.0169  CTTCATT
    41      1    -6.8861561729   0.001021834055       0.4353  CTTCCCT
    42      1    -7.3622458919   0.000634771230       0.2704  CTTCTTT
    43      2    -4.5498486844   0.010568803488       4.5023  CTTTCTT
    44      2    -4.3801105913   0.012523973502       5.3352  CTTTTTT
    45      1    -4.1062357952   0.016469653139       7.0161  GAAAAAA
    46      1    -7.6946506008   0.000455256027       0.1939  GAAAAGA
    47      1    -7.4388268385   0.000587974582       0.2505  GAAACAA
    48      2    -4.4055167257   0.012209795669       5.2014  GAAAGAA
    49      1    -6.0872421720   0.002271665146       0.9677  GCCCCCC
    50      1   -10.2743746139   0.000034506094       0.0147  GGAAAGG
    51      1    -9.7755842363   0.000056822156       0.0242  GGAGGGA
    52      1   -12.6986492382   0.000003055250       0.0013  GGAGTAG
    53      2    -4.9884331257   0.006816336472       2.9038  GGGAGGG
    54      1   -15.1240037964   0.000000270227       0.0001  GGGCTGA
    55      5    -4.2001184548   0.014993800627       6.3874  GGGGAGG
    56      1    -5.4051915079   0.004493193836       1.9141  GGGGGAG
    57     55    -2.2650604956   0.103823753470      44.2289  GGGGGGG
    58      1    -6.1479864016   0.002137782074       0.9107  GGGGTGG
    59      1    -6.9532161382   0.000955557003       0.4071  GGGTGGG
    60      1    -9.1870673289   0.000102354597       0.0436  GTTCTTT
    61      1    -6.1629283397   0.002106076924       0.8972  GTTTTTT
    62      1    -5.6361198013   0.003566681022       1.5194  TAAAAAA
    63      1    -7.4643280313   0.000573170097       0.2442  TAAACAA
    64      6    -4.3592592130   0.012787857220       5.4476  TCCCCCC
    65      1    -9.3295302877   0.000088763921       0.0378  TCCCTAC
    66      4    -4.5565671759   0.010498035066       4.4722  TCCCTCC
    67      1    -9.7847674469   0.000056302735       0.0240  TCCCTGC
    68      1    -7.9196355627   0.000363534788       0.1549  TCCCTTC
    69      1    -7.3964124069   0.000613449626       0.2613  TCCTCCC
    70      1   -15.0012199672   0.000000305529       0.0001  TCTCACT
    71      1    -8.2137948203   0.000270890786       0.1154  TCTCCCC
    72      1    -9.5382591548   0.000072042153       0.0307  TCTCTTC
    73      1    -9.0918041553   0.000112584765       0.0480  TCTCTTT
    74      1    -8.3120356239   0.000245543700       0.1046  TCTTCTT
    75      1    -9.7336677291   0.000059254565       0.0252  TCTTTCC
    76      1   -10.6425183740   0.000023878827       0.0102  TGGAAAG
    77      1   -10.1421694918   0.000039383268       0.0168  TGGAAGG
    78      1    -6.4367793677   0.001601556408       0.6823  TGGGTGG
    79      1   -11.4326395980   0.000010835968       0.0046  TGGGTTG
    80      1    -8.4358069812   0.000216957955       0.0924  TTCCCCC
    81      1   -11.9038986875   0.000006763983       0.0029  TTCCCTC
    82      2    -8.6329005082   0.000178147178       0.0759  TTCCTCC
    83      1   -11.4642185483   0.000010499126       0.0045  TTCTCCC
    84      1    -8.0899086783   0.000306617757       0.1306  TTCTCTT
    85      1    -5.8415326779   0.002904387722       1.2373  TTCTTTT
    86      1   -13.2882389182   0.000001694303       0.0007  TTTACTC
    87      1    -6.3934755648   0.001672433438       0.7125  TTTATTT
    88      1   -12.0875212256   0.000005629324       0.0024  TTTCCCC
    89      2    -7.2833572505   0.000686875675       0.2926  TTTCCTT
    90      4    -5.0736202037   0.006259717619       2.6666  TTTCTTT
    91      3    -4.2933406775   0.013659217951       5.8188  TTTTCTT
    92      1    -6.0584930882   0.002337921276       0.9960  TTTTGTT
    93      1    -5.4871469571   0.004139637907       1.7635  TTTTTCT
    94     57    -2.0444613454   0.129449899988      55.1457  TTTTTTT

 2

     1    104    -1.6081521615   0.200257315577      85.3096  AAAAAAA
     2      1    -6.4120105522   0.001641720417       0.6994  AAAAAAG
     3      4    -5.4776494614   0.004179141395       1.7803  AAAACAA
     4      5    -4.0259257336   0.017846895033       7.6028  AAAAGAA
     5      4    -5.5348078753   0.003946966873       1.6814  AAAATAA
     6      1   -10.6665628615   0.000023311521       0.0099  AAAATTA
     7      1    -4.8082881455   0.008161819594       3.4769  AAAGAAA
     8      1    -7.1669156350   0.000771699267       0.3287  AAAGGAA
     9      1   -11.3587279896   0.000011667213       0.0050  AAATACA
    10      1    -5.5693280209   0.003813041856       1.6244  AAGAAAA
    11      3    -5.8229933165   0.002958735445       1.2604  ACCCACC
    12      2    -5.6319646003   0.003581532132       1.5257  ACCCCCC
    13      1    -7.3852461452   0.000620337952       0.2643  ACCCTCC
    14      1   -11.4548235662   0.000010598230       0.0045  ACTCGCC
    15      1    -7.4027504162   0.000609573872       0.2597  AGGGAAG
    16      3    -4.3483614424   0.012927978472       5.5073  AGGGAGG
    17     12    -4.2893164989   0.013714295832       5.8423  AGGGGGG
    18      1   -11.8349256384   0.000007246981       0.0031  ATAATAT
    19      1   -11.0281062473   0.000016238814       0.0069  ATATATT
    20      1   -13.5555114304   0.000001296929       0.0006  ATTCACC
    21      2    -5.8884592242   0.002771243274       1.1805  ATTTATT
    22      1   -10.7800006757   0.000020811587       0.0089  ATTTCCT
    23      3    -5.7076504053   0.003320465134       1.4145  ATTTTTT
    24      2    -5.8392234219   0.002911102447       1.2401  CAAACAA
    25      1   -13.0704949014   0.000002106474       0.0009  CAACTTA
    26      1   -13.7087196693   0.000001112702       0.0005  CATTTCA
    27      3    -5.5281834686   0.003973199980       1.6926  CCCCACC
    28     58    -1.9645008975   0.140225856227      59.7362  CCCCCCC
    29      1    -6.6706779430   0.001267539140       0.5400  CCCCCCT
    30      2    -5.4659655105   0.004228256650       1.8012  CCCCCTC
    31      1    -5.9834206277   0.002520190897       1.0736  CCCCGCC
    32      3    -4.2735137675   0.013932740630       5.9353  CCCCTCC
    33      1    -7.7650535271   0.000424306907       0.1808  CCCCTTC
    34      1    -5.0532733218   0.006388387935       2.7215  CCCTCCC
    35      1   -11.0663809468   0.000015629023       0.0067  CCTCCTT
    36      1    -8.1282155406   0.000295094315       0.1257  CCTCTCC
    37      1    -8.8833364124   0.000138680697       0.0591  CCTTCCC
    38      4    -6.3679684079   0.001715641170       0.7309  CGGGCGG
    39      2    -6.5866802358   0.001378609032       0.5873  CTCCCCT
    40      1   -10.1322856609   0.000039774456       0.0169  CTTCATT
    41      1    -6.8863038801   0.001021683134       0.4352  CTTCCCT
    42      1    -7.3622553672   0.000634765215       0.2704  CTTCTTT
    43      2    -4.5498645362   0.010568635954       4.5022  CTTTCTT
    44      2    -4.3800945187   0.012524174797       5.3353  CTTTTTT
    45      1    -4.1062212761   0.016469892265       7.0162  GAAAAAA
    46      1    -7.6946130547   0.000455273120       0.1939  GAAAAGA
    47      1    -7.4387918817   0.000587995136       0.2505  GAAACAA
    48      2    -4.4055345536   0.012209577996       5.2013  GAAAGAA
    49      1    -6.0872017594   0.002271756952       0.9678  GCCCCCC
    50      1   -10.2744197889   0.000034504535       0.0147  GGAAAGG
    51      1    -9.7757599895   0.000056812170       0.0242  GGAGGGA
    52      1   -12.6986310652   0.000003055305       0.0013  GGAGTAG
    53      2    -4.9884455824   0.006816251563       2.9037  GGGAGGG
    54      1   -15.1240765431   0.000000270207       0.0001  GGGCTGA
    55      5    -4.2001013268   0.014994057444       6.3875  GGGGAGG
    56      1    -5.4051578635   0.004493345010       1.9142  GGGGGAG
    57     55    -2.2650547824   0.103824346634      44.2292  GGGGGGG
    58      1    -6.1479451519   0.002137870258       0.9107  GGGGTGG
    59      1    -6.9532071246   0.000955565616       0.4071  GGGTGGG
    60      1    -9.1870453677   0.000102356845       0.0436  GTTCTTT
    61      1    -6.1628875644   0.002106162802       0.8972  GTTTTTT
    62      1    -5.6360800239   0.003566822898       1.5195  TAAAAAA
    63      1    -7.4643088976   0.000573181064       0.2442  TAAACAA
    64      6    -4.3592435807   0.012788057125       5.4477  TCCCCCC
    65      1    -9.3294968692   0.000088766887       0.0378  TCCCTAC
    66      4    -4.5565837180   0.010497861407       4.4721  TCCCTCC
    67      1    -9.7847340283   0.000056304616       0.0240  TCCCTGC
    68      1    -7.9196475421   0.000363530433       0.1549  TCCCTTC
    69      1    -7.3964230002   0.000613443127       0.2613  TCCTCCC
    70      1   -15.0013370187   0.000000305494       0.0001  TCTCACT
    71      1    -8.2138189546   0.000270884249       0.1154  TCTCCCC
    72      1    -9.5383553513   0.000072035223       0.0307  TCTCTTC
    73      1    -9.0919093724   0.000112572920       0.0480  TCTCTTT
    74      1    -8.3121116610   0.000245525030       0.1046  TCTTCTT
    75      1    -9.7337444765   0.000059250018       0.0252  TCTTTCC
    76      1   -10.6426204645   0.000023876390       0.0102  TGGAAAG
    77      1   -10.1421760414   0.000039383010       0.0168  TGGAAGG
    78      1    -6.4367766380   0.001601560780       0.6823  TGGGTGG
    79      1   -11.4326066753   0.000010836325       0.0046  TGGGTTG
    80      1    -8.4358821812   0.000216941640       0.0924  TTCCCCC
    81      1   -11.9039510108   0.000006763629       0.0029  TTCCCTC
    82      2    -8.6330078890   0.000178128049       0.0759  TTCCTCC
    83      1   -11.4643200541   0.000010498060       0.0045  TTCTCCC
    84      1    -8.0899335931   0.000306610117       0.1306  TTCTCTT
    85      1    -5.8415686954   0.002904283115       1.2372  TTCTTTT
    86      1   -13.2883366817   0.000001694138       0.0007  TTTACTC
    87      1    -6.3934682421   0.001672445685       0.7125  TTTATTT
    88      1   -12.0876558107   0.000005628566       0.0024  TTTCCCC
    89      2    -7.2833665990   0.000686869254       0.2926  TTTCCTT
    90      4    -5.0736345124   0.006259628051       2.6666  TTTCTTT
    91      3    -4.2933258247   0.013659420830       5.8189  TTTTCTT
    92      1    -6.0584540302   0.002338012592       0.9960  TTTTGTT
    93      1    -5.4871155182   0.004139768055       1.7635  TTTTTCT
    94     57    -2.0444576122   0.129450383250      55.1459  TTTTTTT