

TREE #  1

  0  0.0000   1564.347740  x:  0.09269   0.07619   0.00000   0.01152   0.01681   0.02178   0.02174   0.03095   0.04729   0.06681   0.12694   0.03866   1.69274  
  1 99.0000   1562.957059  x:  0.09289   0.07874   0.00982   0.01068   0.01499   0.02280   0.01734   0.03093   0.04660   0.06719   0.12678   0.03886   1.69377  
  2 347.5192   1562.405155  x:  0.09308   0.08214   0.00887   0.00891   0.01304   0.02452   0.01182   0.03112   0.04518   0.06577   0.12630   0.03905   1.69564  
  3 150.1569   1562.005404  x:  0.09348   0.09154   0.00878   0.01080   0.01475   0.02784   0.01233   0.03193   0.04264   0.06240   0.12465   0.03945   1.70195  
  4 83.9894   1561.757344  x:  0.09340   0.09787   0.00872   0.00868   0.01311   0.02566   0.01445   0.03132   0.04253   0.06096   0.12296   0.03937   1.70915  
  5 94.9353   1561.541426  x:  0.09295   0.10171   0.00838   0.00983   0.01405   0.02204   0.01333   0.03132   0.04442   0.06107   0.12108   0.03892   1.71878  
  6 103.0283   1560.421394  x:  0.08935   0.10817   0.00701   0.00785   0.01517   0.02673   0.01316   0.03138   0.05575   0.06956   0.11102   0.03532   1.78875  
  7 130.4057   1558.648954  x:  0.08892   0.10764   0.00592   0.01408   0.00822   0.02739   0.01382   0.03062   0.05295   0.07449   0.10400   0.03489   1.89637  
  8 420.7621   1552.228065  x:  0.09120   0.10004   0.00526   0.01168   0.01418   0.02377   0.01311   0.02692   0.03062   0.08566   0.08674   0.03718   2.30083  
  9 2419.6055   1541.479687  x:  0.10915   0.08590   0.00789   0.00678   0.01417   0.02319   0.01418   0.04813   0.04437   0.05765   0.12087   0.05514   3.07989  
 10 1603.1008   1539.430947  x:  0.10527   0.08604   0.00787   0.00895   0.01555   0.02524   0.01313   0.03010   0.04750   0.05246   0.13680   0.05127   3.20462  
 11 702.0183   1538.855321  x:  0.09738   0.08943   0.00705   0.00903   0.01545   0.02452   0.01335   0.03263   0.04400   0.05817   0.15015   0.04337   3.24303  
 12 157.5400   1538.849495  x:  0.09661   0.08908   0.00720   0.00899   0.01544   0.02451   0.01336   0.03285   0.04398   0.05725   0.14966   0.04260   3.24423  
 13  0.7402   1533.912473  x:  0.09095   0.10289   0.00182   0.01232   0.01541   0.02607   0.01222   0.02907   0.05267   0.06915   0.11581   0.03795   4.39036  
 14  5.4386   1532.852101  x:  0.09661   0.10167   0.00208   0.01026   0.01371   0.02465   0.01354   0.03220   0.04369   0.06902   0.12877   0.04555   4.83909  
 15  0.3083   1532.661144  x:  0.09483   0.09969   0.00309   0.00992   0.01407   0.02503   0.01335   0.03057   0.04413   0.06755   0.12470   0.04295   5.17042  
 16  0.1906   1532.646356  x:  0.09528   0.10034   0.00309   0.01037   0.01414   0.02511   0.01315   0.03154   0.04454   0.06739   0.12500   0.04342   5.22877  
 17  0.0581   1532.644692  x:  0.09536   0.10055   0.00307   0.01030   0.01417   0.02506   0.01314   0.03131   0.04468   0.06741   0.12584   0.04354   5.24806  
 18  0.0197   1532.644652  x:  0.09541   0.10049   0.00307   0.01028   0.01417   0.02506   0.01317   0.03132   0.04471   0.06740   0.12578   0.04354   5.25094  
 19  0.0027   1532.644649  x:  0.09545   0.10047   0.00306   0.01028   0.01416   0.02506   0.01317   0.03132   0.04471   0.06740   0.12579   0.04349   5.25121  
 20  0.0002   1532.644649  x:  0.09545   0.10047   0.00306   0.01028   0.01416   0.02506   0.01317   0.03132   0.04471   0.06740   0.12579   0.04349   5.25118  
 21  0.0001   1532.644649  x:  0.09545   0.10047   0.00306   0.01028   0.01416   0.02506   0.01317   0.03132   0.04471   0.06740   0.12579   0.04349   5.25117  
 22  0.0001   1532.644649  x:  0.09545   0.10047   0.00306   0.01028   0.01416   0.02506   0.01317   0.03132   0.04471   0.06740   0.12579   0.04349   5.25117  
 23  0.0001   1532.644649  x:  0.09545   0.10047   0.00306   0.01028   0.01416   0.02506   0.01317   0.03132   0.04471   0.06740   0.12579   0.04349   5.25117  

TREE #  2

  0  0.0000   1537.110119  x:  0.06902   0.07411   0.00000   0.01984   0.01141   0.03385   0.02626   0.02937   0.04363   0.07046   0.11444   0.07558   5.25117  
  1 99.0000   1533.702818  x:  0.06869   0.08104   0.00796   0.01121   0.01697   0.02591   0.01348   0.03022   0.04372   0.07063   0.11705   0.07524   5.25116  
  2 308.9424   1533.217121  x:  0.06828   0.08551   0.00477   0.00884   0.01416   0.02414   0.01088   0.03088   0.04392   0.06896   0.11884   0.07484   5.25116  
  3 138.0752   1532.747075  x:  0.06720   0.09765   0.00368   0.01006   0.01513   0.02235   0.01339   0.03259   0.04501   0.06619   0.12372   0.07376   5.25114  
  4 105.9347   1532.668777  x:  0.06678   0.10045   0.00445   0.00987   0.01455   0.02485   0.01307   0.03182   0.04499   0.06627   0.12497   0.07333   5.25114  
  5 54.4634   1532.663484  x:  0.06656   0.10065   0.00412   0.01023   0.01480   0.02491   0.01278   0.03135   0.04479   0.06662   0.12519   0.07312   5.25114  
  6 11.7907   1532.661318  x:  0.06636   0.10072   0.00399   0.01005   0.01483   0.02481   0.01294   0.03108   0.04463   0.06708   0.12539   0.07291   5.25114  
  7  8.8572   1532.660476  x:  0.06623   0.10072   0.00402   0.01014   0.01471   0.02475   0.01293   0.03121   0.04462   0.06743   0.12555   0.07278   5.25114  
  8  5.1798   1532.660298  x:  0.06619   0.10069   0.00396   0.01011   0.01477   0.02480   0.01292   0.03131   0.04465   0.06751   0.12562   0.07274   5.25114  
  9  2.5614   1532.660234  x:  0.06620   0.10062   0.00396   0.01011   0.01477   0.02480   0.01292   0.03128   0.04472   0.06750   0.12579   0.07275   5.25114  
 10  0.6236   1532.660209  x:  0.06620   0.10059   0.00397   0.01011   0.01477   0.02480   0.01292   0.03130   0.04466   0.06747   0.12587   0.07276   5.25114  
 11  0.4981   1532.657660  x:  0.06558   0.10040   0.00394   0.01012   0.01466   0.02483   0.01295   0.03131   0.04466   0.06701   0.12577   0.07213   5.25122  
 12  0.0126   1532.644752  x:  0.06616   0.10051   0.00303   0.01027   0.01417   0.02503   0.01312   0.03134   0.04464   0.06743   0.12563   0.07271   5.25163  
 13  1.0211   1532.644649  x:  0.06619   0.10046   0.00306   0.01028   0.01416   0.02505   0.01316   0.03132   0.04471   0.06740   0.12580   0.07275   5.25090  
 14  0.0008   1532.644649  x:  0.06619   0.10047   0.00306   0.01028   0.01416   0.02506   0.01317   0.03132   0.04471   0.06740   0.12580   0.07275   5.25106  
 15  0.0003   1532.644649  x:  0.06619   0.10047   0.00306   0.01028   0.01416   0.02506   0.01317   0.03132   0.04471   0.06740   0.12579   0.07275   5.25105  