     2    336     82


 1

     1     90    -1.6173210332   0.198429573905      66.6723  AAAAAAAAAAAAA
     2      1    -6.8367411804   0.001073596362       0.3607  AAAAAAAAAAAAC
     3      3    -4.3206761885   0.013290893355       4.4657  AAAAAAAAAAAAG
     4      1    -6.5776456557   0.001391120619       0.4674  AAAAAAAAAAAAT
     5      1    -7.4825632876   0.000562812914       0.1891  AAAAAAAAAAAGG
     6      1    -5.2048381991   0.005489938646       1.8446  AAAAAAAAAAGAA
     7      2    -8.6815878675   0.000169681422       0.0570  AAAAAAAAAAGGG
     8      1    -5.3720600180   0.004644553585       1.5606  AAAAAAAAGAAAA
     9      2    -4.6204541135   0.009848322789       3.3090  AAAAAAGAAAAAA
    10      2    -5.1465850540   0.005819243235       1.9553  AAAAGAAAAAAAA
    11      1   -14.8927266086   0.000000340542       0.0001  AAATATATTTAAA
    12      1   -14.8161316452   0.000000367651       0.0001  AAGAGAAAAAGAG
    13      1    -6.1113690920   0.002217512755       0.7451  AGAGAGAGAGAGG
    14      1    -9.1143895906   0.000110070489       0.0370  AGAGAGGGAGAGG
    15      1   -10.8960197393   0.000018531849       0.0062  AGGGAGAGGGGGG
    16      1    -8.3682469200   0.000232122126       0.0780  AGGGGGGGGGGAG
    17      1   -14.6817694150   0.000000420522       0.0001  ATAGAGGGAGGGG
    18      1    -8.4114055518   0.000222317159       0.0747  ATATATATATATT
    19      1    -8.2498277295   0.000261303568       0.0878  CACCCCCCCCCCC
    20      1   -14.6346009745   0.000000440832       0.0001  CCCCCCACCCTTT
    21      2    -6.8653131424   0.001043355683       0.3506  CCCCCCCCCCCCA
    22     32    -2.1977792380   0.111049499231      37.3126  CCCCCCCCCCCCC
    23      1    -5.7648725905   0.003135794868       1.0536  CCCCCCCCCCTCC
    24      1    -8.4221132868   0.000219949345       0.0739  CCCCCCCCCCTCT
    25      1    -9.6458076773   0.000064696227       0.0217  CCCCCCCCCCTTT
    26      1    -5.9280292296   0.002663726412       0.8950  CCCCCCCCTCCCC
    27      3    -5.1677256105   0.005697512457       1.9144  CCCCCCTCCCCCC
    28      2    -6.2484754675   0.001933399421       0.6496  CCCCCTCCCCCCC
    29      1    -8.9130908927   0.000134615109       0.0452  CCCCCTCCCCCCT
    30      3    -5.7008398859   0.003343156408       1.1233  CCCCTCCCCCCCC
    31      1    -8.6656309601   0.000172410730       0.0579  CCCCTCTCCCCCC
    32      1   -11.4448898223   0.000010704035       0.0036  CCCTCCCCCTCTC
    33      1   -16.2085766341   0.000000091349       0.0000  CCCTCCTTCTTCT
    34      1    -7.0123371601   0.000900701044       0.3026  CCCTCTCTCTCCC
    35      1    -8.0187730751   0.000329223708       0.1106  CCGCCCCCCCCCC
    36      1   -11.4522207407   0.000010625851       0.0036  CCTCCCTCTCTCC
    37      1   -16.2568848845   0.000000087041       0.0000  CCTCCCTTCCCTC
    38      1    -9.7276255466   0.000059613676       0.0200  CCTCCTCCCCCCC
    39      1    -9.8629100895   0.000052070599       0.0175  CCTCTCCCTCCCC
    40      1   -19.9561288751   0.000000002154       0.0000  CCTCTTTCCCTTC
    41      1    -9.2502413385   0.000096088459       0.0323  CTCTCTCTCTTCT
    42      1    -5.7693879060   0.003121667683       1.0489  CTCTCTCTCTTTT
    43      1   -13.9319250733   0.000000890106       0.0003  CTTCTCTCTCCTC
    44      1    -9.6958905690   0.000061535854       0.0207  CTTTTTTTCTTTT
    45      1    -9.2402067278   0.000097057524       0.0326  CTTTTTTTTTTCT
    46      1   -11.3529145219   0.000011735237       0.0039  GAAAGAAAAAAAG
    47      1   -16.6492765346   0.000000058791       0.0000  GAGAGAGAGACCT
    48      1    -5.7831057057   0.003079137648       1.0346  GAGGGGGGGGGGG
    49      1    -9.1031601511   0.000111313485       0.0374  GCGCGCGCGCGCC
    50      3    -5.2665837296   0.005161212587       1.7342  GGAGGGGGGGGGG
    51      2    -7.9652210563   0.000347334920       0.1167  GGGGAGAGGGGGG
    52      1   -12.0577221489   0.000005799597       0.0019  GGGGGAGGGGAAG
    53      1    -4.7565817956   0.008594938499       2.8879  GGGGGGAGGGGGG
    54      1    -8.9221692596   0.000133398555       0.0448  GGGGGGGGGGAAA
    55      2    -4.4505733246   0.011671873280       3.9217  GGGGGGGGGGGGA
    56      1    -7.2712021067   0.000695275696       0.2336  GGGGGGGGGGGGC
    57     63    -2.0759169215   0.125441354875      42.1483  GGGGGGGGGGGGG
    58      1    -8.4093917038   0.000222765323       0.0748  GTGGGGGGGGGGG
    59      1    -9.0694857749   0.000115125724       0.0387  TCCCCCCCCCCTC
    60      1   -11.6013433188   0.000009153783       0.0031  TCCCCCCCCCCTT
    61      1   -19.2192502141   0.000000004500       0.0000  TCCCCCCTACCTC
    62      1   -13.9702635188   0.000000856627       0.0003  TCCCTCTTTCTTT
    63      1   -10.6262239857   0.000024271106       0.0082  TCCTCCCTCTCCC
    64      1   -13.2905968215   0.000001690313       0.0006  TCCTCCCTCTCCT
    65      1   -16.7493273018   0.000000053194       0.0000  TCCTCTTTCTTTC
    66      1   -10.2251210264   0.000036248193       0.0122  TCTCTCTTTCTTT
    67      1   -10.0909939655   0.000041451190       0.0139  TCTTTTTTCTTTT
    68      1   -19.1235846664   0.000000004951       0.0000  TTATTTTTTTAAA
    69      1   -15.0244439088   0.000000298516       0.0001  TTCCTTCTTTTTT
    70      1    -5.5833770330   0.003759846928       1.2633  TTCTTTTTTTTTT
    71      1    -9.8461881104   0.000052948643       0.0178  TTTCTCTCTCTTC
    72      1    -7.3863582613   0.000619648447       0.2082  TTTTATTTTTTTT
    73      1   -14.7481347344   0.000000393520       0.0001  TTTTCTCTCTTTA
    74      1    -9.0905177576   0.000112729687       0.0379  TTTTTCTTTTTTC
    75      2    -5.0788949541   0.006226786100       2.0922  TTTTTTCTTTTTT
    76      1   -15.4585384194   0.000000193394       0.0001  TTTTTTTCCTTTG
    77      1    -5.8328491099   0.002929717990       0.9844  TTTTTTTTCTTTT
    78      2   -12.7640375129   0.000002861864       0.0010  TTTTTTTTTTAAT
    79      1    -5.6685032949   0.003453029578       1.1602  TTTTTTTTTTCTT
    80      1    -5.3753422905   0.004629333885       1.5555  TTTTTTTTTTTCT
    81      1    -6.5215315147   0.001471413884       0.4944  TTTTTTTTTTTTA
    82     56    -1.8382344200   0.159098078666      53.4570  TTTTTTTTTTTTT

 2

     1     90    -1.6173150509   0.198430760975      66.6727  AAAAAAAAAAAAA
     2      1    -6.8368096040   0.001073522905       0.3607  AAAAAAAAAAAAC
     3      3    -4.3206380233   0.013291400613       4.4659  AAAAAAAAAAAAG
     4      1    -6.5777140793   0.001391025437       0.4674  AAAAAAAAAAAAT
     5      1    -7.4825156867   0.000562839705       0.1891  AAAAAAAAAAAGG
     6      1    -5.2047942706   0.005490179816       1.8447  AAAAAAAAAAGAA
     7      2    -8.6816021049   0.000169679006       0.0570  AAAAAAAAAAGGG
     8      1    -5.3719563395   0.004645035150       1.5607  AAAAAAAAGAAAA
     9      2    -4.6204012157   0.009848843758       3.3092  AAAAAAGAAAAAA
    10      2    -5.1466552097   0.005818834997       1.9551  AAAAGAAAAAAAA
    11      1   -14.8929087744   0.000000340480       0.0001  AAATATATTTAAA
    12      1   -14.8161498563   0.000000367644       0.0001  AAGAGAAAAAGAG
    13      1    -6.1114017976   0.002217440231       0.7451  AGAGAGAGAGAGG
    14      1    -9.1143753544   0.000110072056       0.0370  AGAGAGGGAGAGG
    15      1   -10.8959837220   0.000018532516       0.0062  AGGGAGAGGGGGG
    16      1    -8.3682352419   0.000232124837       0.0780  AGGGGGGGGGGAG
    17      1   -14.6818367666   0.000000420494       0.0001  ATAGAGGGAGGGG
    18      1    -8.4115514727   0.000222284721       0.0747  ATATATATATATT
    19      1    -8.2499187309   0.000261279790       0.0878  CACCCCCCCCCCC
    20      1   -14.6346643579   0.000000440805       0.0001  CCCCCCACCCTTT
    21      2    -6.8653794943   0.001043286456       0.3505  CCCCCCCCCCCCA
    22     32    -2.1977710302   0.111050410712      37.3129  CCCCCCCCCCCCC
    23      1    -5.7648255342   0.003135942431       1.0537  CCCCCCCCCCTCC
    24      1    -8.4220339331   0.000219966800       0.0739  CCCCCCCCCCTCT
    25      1    -9.6458114618   0.000064695982       0.0217  CCCCCCCCCCTTT
    26      1    -5.9279226793   0.002664010249       0.8951  CCCCCCCCTCCCC
    27      3    -5.1676697429   0.005697830772       1.9145  CCCCCCTCCCCCC
    28      2    -6.2485584754   0.001933238940       0.6496  CCCCCTCCCCCCC
    29      1    -8.9131410303   0.000134608360       0.0452  CCCCCTCCCCCCT
    30      3    -5.7009081819   0.003342928092       1.1232  CCCCTCCCCCCCC
    31      1    -8.6656496830   0.000172407502       0.0579  CCCCTCTCCCCCC
    32      1   -11.4448601808   0.000010704352       0.0036  CCCTCCCCCTCTC
    33      1   -16.2083574825   0.000000091369       0.0000  CCCTCCTTCTTCT
    34      1    -7.0123937665   0.000900650060       0.3026  CCCTCTCTCTCCC
    35      1    -8.0189075294   0.000329179445       0.1106  CCGCCCCCCCCCC
    36      1   -11.4527124363   0.000010620628       0.0036  CCTCCCTCTCTCC
    37      1   -16.2568036607   0.000000087048       0.0000  CCTCCCTTCCCTC
    38      1    -9.7277407397   0.000059606809       0.0200  CCTCCTCCCCCCC
    39      1    -9.8628869663   0.000052071803       0.0175  CCTCTCCCTCCCC
    40      1   -19.9560910077   0.000000002154       0.0000  CCTCTTTCCCTTC
    41      1    -9.2502264912   0.000096089886       0.0323  CTCTCTCTCTTCT
    42      1    -5.7693989970   0.003121633061       1.0489  CTCTCTCTCTTTT
    43      1   -13.9319366075   0.000000890096       0.0003  CTTCTCTCTCCTC
    44      1    -9.6958007940   0.000061541378       0.0207  CTTTTTTTCTTTT
    45      1    -9.2401917803   0.000097058974       0.0326  CTTTTTTTTTTCT
    46      1   -11.3530269685   0.000011733918       0.0039  GAAAGAAAAAAAG
    47      1   -16.6494848079   0.000000058779       0.0000  GAGAGAGAGACCT
    48      1    -5.7830910803   0.003079182682       1.0346  GAGGGGGGGGGGG
    49      1    -9.1033065231   0.000111297193       0.0374  GCGCGCGCGCGCC
    50      3    -5.2666106377   0.005161073710       1.7341  GGAGGGGGGGGGG
    51      2    -7.9652428435   0.000347327353       0.1167  GGGGAGAGGGGGG
    52      1   -12.0577470335   0.000005799453       0.0019  GGGGGAGGGGAAG
    53      1    -4.7565287574   0.008595394371       2.8881  GGGGGGAGGGGGG
    54      1    -8.9221709117   0.000133398334       0.0448  GGGGGGGGGGAAA
    55      2    -4.4505350866   0.011672319598       3.9219  GGGGGGGGGGGGA
    56      1    -7.2712704639   0.000695228170       0.2336  GGGGGGGGGGGGC
    57     63    -2.0759116599   0.125442014889      42.1485  GGGGGGGGGGGGG
    58      1    -8.4094855476   0.000222744419       0.0748  GTGGGGGGGGGGG
    59      1    -9.0694710666   0.000115127417       0.0387  TCCCCCCCCCCTC
    60      1   -11.6013063994   0.000009154121       0.0031  TCCCCCCCCCCTT
    61      1   -19.2191925161   0.000000004500       0.0000  TCCCCCCTACCTC
    62      1   -13.9702431473   0.000000856644       0.0003  TCCCTCTTTCTTT
    63      1   -10.6261376467   0.000024273201       0.0082  TCCTCCCTCTCCC
    64      1   -13.2904776589   0.000001690514       0.0006  TCCTCCCTCTCCT
    65      1   -16.7492685279   0.000000053197       0.0000  TCCTCTTTCTTTC
    66      1   -10.2250687422   0.000036250088       0.0122  TCTCTCTTTCTTT
    67      1   -10.0908781510   0.000041455991       0.0139  TCTTTTTTCTTTT
    68      1   -19.1239671326   0.000000004950       0.0000  TTATTTTTTTAAA
    69      1   -15.0242965637   0.000000298560       0.0001  TTCCTTCTTTTTT
    70      1    -5.5834002671   0.003759759572       1.2633  TTCTTTTTTTTTT
    71      1    -9.8462109002   0.000052947437       0.0178  TTTCTCTCTCTTC
    72      1    -7.3865366383   0.000619537926       0.2082  TTTTATTTTTTTT
    73      1   -14.7482743298   0.000000393465       0.0001  TTTTCTCTCTTTA
    74      1    -9.0905674680   0.000112724083       0.0379  TTTTTCTTTTTTC
    75      2    -5.0788391754   0.006227133431       2.0923  TTTTTTCTTTTTT
    76      1   -15.4584549755   0.000000193410       0.0001  TTTTTTTCCTTTG
    77      1    -5.8327425958   0.002930030063       0.9845  TTTTTTTTCTTTT
    78      2   -12.7641845740   0.000002861443       0.0010  TTTTTTTTTTAAT
    79      1    -5.6684562526   0.003453192020       1.1603  TTTTTTTTTTCTT
    80      1    -5.3753109930   0.004629478774       1.5555  TTTTTTTTTTTCT
    81      1    -6.5215979102   0.001471316192       0.4944  TTTTTTTTTTTTA
    82     56    -1.8382257413   0.159099459432      53.4574  TTTTTTTTTTTTT