     2    420     85


 1

     1    113    -1.5895343753   0.204020586649      85.6886  AAAAAAAAAAAAA
     2      3    -6.8534891356   0.001055765550       0.4434  AAAAAAAAAAAAC
     3      3    -4.5297174915   0.010783722136       4.5292  AAAAAAAAAAAAG
     4      3    -6.6193850936   0.001334251133       0.5604  AAAAAAAAAAAAT
     5      1   -12.7050444400   0.000003035773       0.0013  AAAAAAAAAACCA
     6      1    -7.8322241492   0.000396742085       0.1666  AAAAAAAAAAGAG
     7      1    -7.9962984699   0.000336706654       0.1414  AAAAAAAAAAGGA
     8      1   -12.2375357612   0.000004845133       0.0020  AAAAAAAAAATTA
     9      4    -5.1069625379   0.006054445170       2.5429  AAAAGAAAAAAAA
    10      1    -8.3543505363   0.000235370301       0.0989  AAAAGAAGAAAAA
    11      1    -8.9310673429   0.000132216828       0.0555  AAAAGGAAAAAAA
    12      1   -17.5822827001   0.000000023127       0.0000  AAAGGGAAAGAGG
    13      1   -14.1860664190   0.000000690350       0.0003  AACCCCCCCCCCC
    14      1    -8.3757860495   0.000230378707       0.0968  AGAGAGAAAGGGG
    15      1   -16.5555629059   0.000000064567       0.0000  AGGAAAGAAAAAG
    16      1   -13.9607242171   0.000000864837       0.0004  CCCCCCCCCCAAA
    17      1   -12.3099237808   0.000004506797       0.0019  CCCCCCCCCCAAC
    18     55    -2.1329092700   0.118492066498      49.7667  CCCCCCCCCCCCC
    19      1    -7.3071406180   0.000670732192       0.2817  CCCCCCCCCCCCG
    20      2    -5.0180944073   0.006617124246       2.7792  CCCCCCCCCCCTC
    21      1   -13.0771126292   0.000002092580       0.0009  CCCCCCCCCCGGC
    22      1    -9.4114350997   0.000081783496       0.0343  CCCCCCCCCCTTT
    23      1    -5.2101398252   0.005460910062       2.2936  CCCCCCCTCCCCC
    24      1   -11.2972240750   0.000012407318       0.0052  CCCCCCCTCCTTC
    25      1    -6.0213962117   0.002426279629       1.0190  CCCCCCTCCCCCC
    26      1    -8.7862941903   0.000152813216       0.0642  CCCCCCTCCCCCT
    27      1   -13.8635216988   0.000000953123       0.0004  CCCCCCTTCTCCC
    28      1   -14.9329731929   0.000000327109       0.0001  CCCCCTCTCCTTC
    29      1   -14.0197532035   0.000000815265       0.0003  CCCCGGCCCCCCC
    30      1   -17.4752625890   0.000000025739       0.0000  CCCCTTTCTCTCC
    31      1   -24.5938931172   0.000000000021       0.0000  CCCTCCTTTCTTT
    32      1   -20.4082632343   0.000000001370       0.0000  CCCTTTCTTTTCT
    33      1    -5.8791218532   0.002797240585       1.1748  CCTCCCCCCCCCC
    34      1    -9.8519077627   0.000052646660       0.0221  CCTCTCTCTCTCC
    35      1   -17.9876658133   0.000000015419       0.0000  CCTTCTCTCACCC
    36      1   -19.6819165220   0.000000002833       0.0000  CCTTTCTTTCTTC
    37      1    -6.0500276299   0.002357796860       0.9903  CTCCCCCCCCCCC
    38      1   -15.0748729688   0.000000283835       0.0001  CTCCCCCTCCTTC
    39      1   -21.3525939189   0.000000000533       0.0000  CTCTCCCCCTGGG
    40      1    -8.5875334308   0.000186415327       0.0783  CTCTCTCTCTTTC
    41      1   -13.0050739761   0.000002248890       0.0009  CTCTTCCTCTCCC
    42      1   -16.0942362434   0.000000102415       0.0000  CTCTTTTTTTCCT
    43      1   -13.6817025197   0.000001143173       0.0005  CTTCCCTCCCCCC
    44      1   -11.0590897041   0.000015743394       0.0066  CTTTCTCTTTTTT
    45      1    -9.3547151003   0.000086556334       0.0364  CTTTTTTCTTTTT
    46      1   -11.9376918592   0.000006539225       0.0027  CTTTTTTTTTTCC
    47      1   -13.7040032308   0.000001117962       0.0005  GAGAAAAAAAGGG
    48      1    -5.5249149601   0.003986207665       1.6742  GAGAGAGAGAGGG
    49      1    -5.6692657118   0.003450397933       1.4492  GGAGGGGGGGGGG
    50      1    -7.9284508867   0.000360344195       0.1513  GGGAGGGGGAGGG
    51      1   -15.2408862480   0.000000240418       0.0001  GGGGGAAAGAGGG
    52      1   -13.4261108669   0.000001476094       0.0006  GGGGGAGAGGGGT
    53      1    -4.9983982500   0.006748748153       2.8345  GGGGGGGAGGGGG
    54      2    -7.7763420488   0.000419544043       0.1762  GGGGGGGGGGAAG
    55      2    -4.6846399991   0.009236059003       3.8791  GGGGGGGGGGGGA
    56     79    -2.1531480820   0.116118032688      48.7696  GGGGGGGGGGGGG
    57      1    -7.1579739725   0.000778630483       0.3270  GGGGGGGGGGGGT
    58      1   -14.2472318787   0.000000649390       0.0003  TCACTCTCTCCCT
    59      1    -9.0114071224   0.000122010052       0.0512  TCCCCCCCCCCTC
    60      2   -15.6395300728   0.000000161376       0.0001  TCCCCTCCCCTTC
    61      1   -17.9915999181   0.000000015358       0.0000  TCTCCCCTTCTCT
    62      1   -20.4133822757   0.000000001363       0.0000  TCTCCCTTTCAAA
    63      1    -8.6218009099   0.000180135555       0.0757  TCTCTCTCTCCTC
    64      1    -5.7184127814   0.003284920654       1.3797  TCTCTCTCTCTTT
    65      1   -10.3099196818   0.000033301115       0.0140  TCTTTCTCTCCCC
    66      1   -14.9241084605   0.000000330021       0.0001  TCTTTCTTTCTCT
    67      1   -13.4046900962   0.000001508055       0.0006  TCTTTTCCTTTTT
    68      1    -9.0688788142   0.000115195622       0.0484  TCTTTTTTTTTCT
    69      1   -20.2622247120   0.000000001586       0.0000  TTCCCCCTCTTCC
    70      1   -21.2205306523   0.000000000608       0.0000  TTCTCCTTTTTAC
    71      1    -7.4602738130   0.000575498571       0.2417  TTCTTTTTCTTTT
    72      1   -17.8561033203   0.000000017587       0.0000  TTTTCTGTTTTCC
    73      1    -5.3971213666   0.004529601255       1.9024  TTTTCTTTTTTTT
    74      1   -10.9177191912   0.000018134050       0.0076  TTTTGTTCTTTTT
    75      1   -10.9846703452   0.000016959705       0.0071  TTTTTCTTCTTTT
    76      1    -8.1379285221   0.000292241944       0.1227  TTTTTTTCTTTTC
    77      1    -5.1259265079   0.005940710690       2.4951  TTTTTTTCTTTTT
    78      1   -10.0969452385   0.000041205235       0.0173  TTTTTTTTCTTTC
    79      1    -6.8074906431   0.001105463425       0.4643  TTTTTTTTTCTTT
    80      1   -12.0013672475   0.000006135817       0.0026  TTTTTTTTTTAAT
    81      1   -13.9192262139   0.000000901482       0.0004  TTTTTTTTTTGGG
    82      1    -7.9268418383   0.000360924473       0.1516  TTTTTTTTTTTCC
    83      1    -4.9355097728   0.007186796378       3.0185  TTTTTTTTTTTCT
    84      1    -4.8170234375   0.008090834207       3.3982  TTTTTTTTTTTTC
    85     79    -1.8050213572   0.164470943901      69.0778  TTTTTTTTTTTTT

 2

     1    113    -1.5895778378   0.204011719602      85.6849  AAAAAAAAAAAAA
     2      3    -6.8539446679   0.001055284724       0.4432  AAAAAAAAAAAAC
     3      3    -4.5292937685   0.010788292415       4.5311  AAAAAAAAAAAAG
     4      3    -6.6198406260   0.001333643477       0.5601  AAAAAAAAAAAAT
     5      1   -12.7068896770   0.000003030177       0.0013  AAAAAAAAAACCA
     6      1    -7.8319565386   0.000396848271       0.1667  AAAAAAAAAAGAG
     7      1    -7.9962942398   0.000336708078       0.1414  AAAAAAAAAAGGA
     8      1   -12.2393811456   0.000004836201       0.0020  AAAAAAAAAATTA
     9      4    -5.1067734709   0.006055589974       2.5433  AAAAGAAAAAAAA
    10      1    -8.3538130520   0.000235496843       0.0989  AAAAGAAGAAAAA
    11      1    -8.9307335131   0.000132260974       0.0555  AAAAGGAAAAAAA
    12      1   -17.5814946341   0.000000023145       0.0000  AAAGGGAAAGAGG
    13      1   -14.1872765863   0.000000689516       0.0003  AACCCCCCCCCCC
    14      1    -8.3750859819   0.000230540044       0.0968  AGAGAGAAAGGGG
    15      1   -16.5536453564   0.000000064691       0.0000  AGGAAAGAAAAAG
    16      1   -13.9620011492   0.000000863734       0.0004  CCCCCCCCCCAAA
    17      1   -12.3117803013   0.000004498438       0.0019  CCCCCCCCCCAAC
    18     55    -2.1329614451   0.118485884322      49.7641  CCCCCCCCCCCCC
    19      1    -7.3076009367   0.000670423513       0.2816  CCCCCCCCCCCCG
    20      2    -5.0179776167   0.006617897109       2.7795  CCCCCCCCCCCTC
    21      1   -13.0789690666   0.000002088699       0.0009  CCCCCCCCCCGGC
    22      1    -9.4108868761   0.000081828344       0.0344  CCCCCCCCCCTTT
    23      1    -5.2098386506   0.005462554997       2.2943  CCCCCCCTCCCCC
    24      1   -11.2968955555   0.000012411395       0.0052  CCCCCCCTCCTTC
    25      1    -6.0207448856   0.002427860443       1.0197  CCCCCCTCCCCCC
    26      1    -8.7851663392   0.000152985664       0.0643  CCCCCCTCCCCCT
    27      1   -13.8624041411   0.000000954189       0.0004  CCCCCCTTCTCCC
    28      1   -14.9324739457   0.000000327272       0.0001  CCCCCTCTCCTTC
    29      1   -14.0212364843   0.000000814056       0.0003  CCCCGGCCCCCCC
    30      1   -17.4750803325   0.000000025744       0.0000  CCCCTTTCTCTCC
    31      1   -24.5921004156   0.000000000021       0.0000  CCCTCCTTTCTTT
    32      1   -20.4066625723   0.000000001372       0.0000  CCCTTTCTTTTCT
    33      1    -5.8788382655   0.002798033960       1.1752  CCTCCCCCCCCCC
    34      1    -9.8522320785   0.000052629588       0.0221  CCTCTCTCTCTCC
    35      1   -17.9880775716   0.000000015413       0.0000  CCTTCTCTCACCC
    36      1   -19.6809564349   0.000000002836       0.0000  CCTTTCTTTCTTC
    37      1    -6.0496101321   0.002358781440       0.9907  CTCCCCCCCCCCC
    38      1   -15.0740253093   0.000000284076       0.0001  CTCCCCCTCCTTC
    39      1   -21.3533025163   0.000000000533       0.0000  CTCTCCCCCTGGG
    40      1    -8.5868518807   0.000186542422       0.0783  CTCTCTCTCTTTC
    41      1   -13.0045318746   0.000002250109       0.0009  CTCTTCCTCTCCC
    42      1   -16.0935947815   0.000000102480       0.0000  CTCTTTTTTTCCT
    43      1   -13.6802469736   0.000001144839       0.0005  CTTCCCTCCCCCC
    44      1   -11.0586915158   0.000015749664       0.0066  CTTTCTCTTTTTT
    45      1    -9.3542082780   0.000086600213       0.0364  CTTTTTTCTTTTT
    46      1   -11.9370920683   0.000006543149       0.0027  CTTTTTTTTTTCC
    47      1   -13.7035926761   0.000001118421       0.0005  GAGAAAAAAAGGG
    48      1    -5.5247883221   0.003986712502       1.6744  GAGAGAGAGAGGG
    49      1    -5.6690192615   0.003451248389       1.4495  GGAGGGGGGGGGG
    50      1    -7.9278492489   0.000360561057       0.1514  GGGAGGGGGAGGG
    51      1   -15.2398155900   0.000000240676       0.0001  GGGGGAAAGAGGG
    52      1   -13.4260979147   0.000001476114       0.0006  GGGGGAGAGGGGT
    53      1    -4.9981334799   0.006750535257       2.8352  GGGGGGGAGGGGG
    54      2    -7.7764049205   0.000419517666       0.1762  GGGGGGGGGGAAG
    55      2    -4.6842509548   0.009239652939       3.8807  GGGGGGGGGGGGA
    56     79    -2.1532381806   0.116107571088      48.7652  GGGGGGGGGGGGG
    57      1    -7.1584642784   0.000778248809       0.3269  GGGGGGGGGGGGT
    58      1   -14.2470626128   0.000000649500       0.0003  TCACTCTCTCCCT
    59      1    -9.0111051747   0.000122046898       0.0513  TCCCCCCCCCCTC
    60      2   -15.6391696498   0.000000161434       0.0001  TCCCCTCCCCTTC
    61      1   -17.9906455191   0.000000015373       0.0000  TCTCCCCTTCTCT
    62      1   -20.4140223369   0.000000001362       0.0000  TCTCCCTTTCAAA
    63      1    -8.6212574434   0.000180233479       0.0757  TCTCTCTCTCCTC
    64      1    -5.7182477798   0.003285462716       1.3799  TCTCTCTCTCTTT
    65      1   -10.3092513721   0.000033323378       0.0140  TCTTTCTCTCCCC
    66      1   -14.9236794350   0.000000330163       0.0001  TCTTTCTTTCTCT
    67      1   -13.4031995635   0.000001510304       0.0006  TCTTTTCCTTTTT
    68      1    -9.0682919325   0.000115263248       0.0484  TCTTTTTTTTTCT
    69      1   -20.2613869211   0.000000001587       0.0000  TTCCCCCTCTTCC
    70      1   -21.2201108507   0.000000000608       0.0000  TTCTCCTTTTTAC
    71      1    -7.4603460966   0.000575456973       0.2417  TTCTTTTTCTTTT
    72      1   -17.8554779312   0.000000017598       0.0000  TTTTCTGTTTTCC
    73      1    -5.3969159489   0.004530531811       1.9028  TTTTCTTTTTTTT
    74      1   -10.9180677352   0.000018127730       0.0076  TTTTGTTCTTTTT
    75      1   -10.9840527819   0.000016970182       0.0071  TTTTTCTTCTTTT
    76      1    -8.1371361025   0.000292473614       0.1228  TTTTTTTCTTTTC
    77      1    -5.1256043762   0.005942624690       2.4959  TTTTTTTCTTTTT
    78      1   -10.0960024426   0.000041244102       0.0173  TTTTTTTTCTTTC
    79      1    -6.8074054399   0.001105557618       0.4643  TTTTTTTTTCTTT
    80      1   -12.0032000754   0.000006124582       0.0026  TTTTTTTTTTAAT
    81      1   -13.9204734105   0.000000900358       0.0004  TTTTTTTTTTGGG
    82      1    -7.9262505268   0.000361137955       0.1517  TTTTTTTTTTTCC
    83      1    -4.9353707270   0.007187795742       3.0189  TTTTTTTTTTTCT
    84      1    -4.8165810020   0.008094414671       3.3997  TTTTTTTTTTTTC
    85     79    -1.8050492096   0.164466363058      69.0759  TTTTTTTTTTTTT