

TREE # 1

  0  0.0000   2385.311146  x:  1.29556   0.85053   1.14453  
  1 99.0000   2381.744453  x:  1.61388   0.95460   1.42093  
  2 18.6199   2381.437077  x:  1.63326   1.02033   1.42737  
  3 12.2030   2381.437039  x:  1.63384   1.02025   1.42682  
  4  0.0798   2381.436190  x:  1.63942   1.02225   1.43178  
  5  0.0062   2381.436188  x:  1.63947   1.02238   1.43179  
  6  0.0001   2381.436188  x:  1.63947   1.02238   1.43179  
  7  0.0000   2381.436188  x:  1.63947   1.02238   1.43179  
  8  0.0000   2381.436188  x:  1.63947   1.02238   1.43179  
check convergence!


TREE # 2

  0  0.0000   2382.143325  x:  1.60995   0.93627   1.31278  
  1 99.0000   2381.583776  x:  1.57237   0.99904   1.36575  
  2 12.6432   2381.505808  x:  1.58653   0.99286   1.40446  
  3  4.1744   2381.436793  x:  1.64012   1.02018   1.42907  
  4  3.2003   2381.436188  x:  1.63945   1.02237   1.43179  
  5  0.0031   2381.436188  x:  1.63947   1.02238   1.43179  
  6  0.0000   2381.436188  x:  1.63947   1.02238   1.43179  