

TREE #  1

  0  0.0000  14035.712762  x:  0.11397   0.09039   0.12594   0.03959   0.03541   0.05411   0.03664   0.06417   0.08413   0.07050   0.07950   0.18737   0.00000   0.10329   0.02396   0.03992   0.01971   0.03384   0.06283   0.04835   0.07099   0.10631   0.12702   0.10802   1.80107  
  1 99.0000  13761.305739  x:  0.13700   0.15246   0.19584   0.05829   0.05887   0.04059   0.07465   0.04828   0.08382   0.09103   0.10377   0.23598   0.12796   0.21112   0.03655   0.02867   0.04827   0.04939   0.03757   0.08039   0.05773   0.09348   0.20686   0.13106   1.81441  
  2 3582.6657  13719.128061  x:  0.13317   0.16312   0.22490   0.04804   0.04807   0.03843   0.05983   0.04286   0.08324   0.08783   0.10107   0.26114   0.11745   0.23794   0.02599   0.02993   0.01634   0.03897   0.04094   0.06868   0.05680   0.07881   0.22735   0.12722   1.83045  
  3 1070.8551  13692.605329  x:  0.12302   0.17207   0.26242   0.03417   0.03778   0.04223   0.04499   0.04758   0.08434   0.08449   0.09686   0.29514   0.08058   0.26724   0.02508   0.04109   0.03843   0.03924   0.04794   0.06016   0.05860   0.06917   0.24986   0.11707   1.85989  
  4 1181.7063  13669.231541  x:  0.11175   0.17734   0.29742   0.03575   0.05129   0.04615   0.06302   0.05548   0.08616   0.08898   0.10168   0.32791   0.02655   0.29099   0.04000   0.03572   0.03571   0.04574   0.04067   0.06147   0.05813   0.07543   0.26910   0.10581   1.90175  
  5 1134.1855  13662.485952  x:  0.11671   0.17631   0.30361   0.04313   0.05179   0.03757   0.06097   0.04392   0.08304   0.09065   0.10579   0.33483   0.00911   0.29325   0.03524   0.03065   0.03848   0.04493   0.03944   0.07478   0.05557   0.07620   0.27473   0.11076   1.93218  
  6 471.3113  13650.265992  x:  0.13478   0.17254   0.30536   0.04745   0.04946   0.04289   0.06320   0.04972   0.08426   0.09074   0.10496   0.33946   0.00000   0.29271   0.02939   0.03410   0.03693   0.04426   0.04370   0.08064   0.05853   0.08218   0.28397   0.12883   2.00034  
  7 503.6219  13650.265992  x:  0.13478   0.17254   0.30536   0.04745   0.04946   0.04289   0.06320   0.04972   0.08426   0.09074   0.10496   0.33946   0.00000   0.29271   0.02939   0.03410   0.03693   0.04426   0.04370   0.08064   0.05853   0.08218   0.28397   0.12883   2.00034  
  8 1213.4947  13644.795890  x:  0.13425   0.17221   0.30438   0.04343   0.04769   0.04081   0.05931   0.04664   0.08395   0.08935   0.10225   0.33866   0.00442   0.29285   0.02827   0.03086   0.02394   0.04115   0.04079   0.07195   0.05705   0.08003   0.28391   0.12831   2.00765  
  9 492.2815  13640.751848  x:  0.13190   0.17074   0.30119   0.03589   0.04639   0.03964   0.05492   0.04531   0.08449   0.08743   0.09767   0.33590   0.01584   0.29282   0.02992   0.03617   0.02983   0.04304   0.04248   0.05912   0.05683   0.07710   0.28302   0.12595   2.03369  
 10 299.7601  13623.879901  x:  0.11379   0.16042   0.28283   0.03623   0.05737   0.04809   0.06820   0.06092   0.08939   0.09056   0.10248   0.31906   0.06337   0.28890   0.03739   0.03599   0.02690   0.04177   0.03778   0.06150   0.05611   0.06504   0.27269   0.10784   2.21241  
 11 510.2255  13607.613904  x:  0.10222   0.15482   0.27095   0.04357   0.05074   0.03671   0.05886   0.04430   0.08372   0.09023   0.10934   0.30798   0.08698   0.28337   0.04136   0.02914   0.02749   0.04438   0.04643   0.07880   0.05683   0.06631   0.26187   0.09627   2.38855  
 12 1666.9949  13587.177641  x:  0.11258   0.16446   0.27446   0.04754   0.03453   0.04667   0.05287   0.04309   0.08173   0.08713   0.10720   0.31109   0.06801   0.27535   0.02933   0.03976   0.02970   0.03419   0.03129   0.08027   0.06120   0.08455   0.25141   0.10664   2.62704  
 13 1164.1801  13565.240379  x:  0.13023   0.17899   0.28497   0.04802   0.03711   0.05217   0.05689   0.04961   0.08276   0.08802   0.10122   0.32035   0.03249   0.26893   0.01276   0.03647   0.02385   0.04805   0.04675   0.06943   0.05914   0.10086   0.24406   0.12428   2.90456  
 14 3796.9073  13556.169145  x:  0.13982   0.18606   0.29476   0.04473   0.05192   0.04193   0.06026   0.04700   0.08429   0.09135   0.09800   0.32856   0.01382   0.27308   0.02431   0.02860   0.02872   0.04252   0.04268   0.06416   0.05646   0.10207   0.24932   0.13387   3.01999  
 15 1740.5041  13551.138385  x:  0.14675   0.19100   0.30768   0.04077   0.05370   0.03433   0.06063   0.04682   0.08616   0.09137   0.09803   0.33901   0.00656   0.28507   0.02531   0.03628   0.02644   0.04251   0.04275   0.07066   0.05907   0.08346   0.26488   0.14080   3.08330  
 16 658.3939  13548.747378  x:  0.14921   0.19316   0.31764   0.04101   0.04835   0.04165   0.05802   0.04614   0.08733   0.09035   0.10097   0.34692   0.00502   0.29531   0.03052   0.03125   0.02780   0.04403   0.04351   0.07148   0.05706   0.07502   0.27781   0.14326   3.11430  
 17 511.3418  13548.079852  x:  0.14693   0.19216   0.32303   0.04261   0.04607   0.04082   0.05971   0.04749   0.08486   0.09053   0.10349   0.35109   0.00525   0.30078   0.03252   0.03280   0.02659   0.04410   0.04466   0.06942   0.05786   0.07868   0.28444   0.14099   3.12310  
 18 163.5335  13547.544591  x:  0.14254   0.18943   0.32875   0.04252   0.04763   0.04078   0.05988   0.04670   0.08368   0.09122   0.10427   0.35553   0.00517   0.30592   0.02709   0.03198   0.02787   0.04353   0.04362   0.06845   0.05703   0.08182   0.29078   0.13659   3.12995  
 19 154.2070  13547.433351  x:  0.14114   0.18781   0.33049   0.04115   0.04834   0.04147   0.05903   0.04665   0.08494   0.09097   0.10298   0.35691   0.00486   0.30680   0.02720   0.03223   0.02735   0.04383   0.04369   0.06954   0.05761   0.08352   0.29208   0.13520   3.13145  
 20 74.0416  13547.408320  x:  0.14093   0.18633   0.33143   0.04110   0.04765   0.04092   0.05925   0.04723   0.08548   0.09060   0.10229   0.35769   0.00483   0.30639   0.02716   0.03181   0.02753   0.04363   0.04376   0.06969   0.05741   0.08351   0.29200   0.13499   3.13181  
 21 24.3651  13547.360191  x:  0.14112   0.18188   0.33420   0.04269   0.04768   0.04101   0.05947   0.04661   0.08624   0.09063   0.10149   0.36003   0.00524   0.30463   0.02742   0.03222   0.02745   0.04371   0.04372   0.06920   0.05740   0.08300   0.29128   0.13517   3.13254  
 22 31.5983  13547.345235  x:  0.14153   0.18043   0.33523   0.04267   0.04793   0.04113   0.05911   0.04696   0.08523   0.09081   0.10109   0.36101   0.00581   0.30402   0.02747   0.03209   0.02746   0.04378   0.04365   0.06940   0.05754   0.08297   0.29092   0.13558   3.13277  
 23 23.4725  13547.342522  x:  0.14165   0.18026   0.33540   0.04230   0.04792   0.04123   0.05937   0.04677   0.08514   0.09076   0.10129   0.36131   0.00599   0.30400   0.02745   0.03212   0.02745   0.04361   0.04379   0.06950   0.05743   0.08305   0.29068   0.13570   3.13283  
 24  5.4733  13547.336740  x:  0.14177   0.18001   0.33568   0.04161   0.04791   0.04109   0.05934   0.04680   0.08534   0.09072   0.10232   0.36197   0.00619   0.30411   0.02743   0.03207   0.02745   0.04388   0.04356   0.06950   0.05745   0.08314   0.28993   0.13582   3.13300  
 25  7.0580  13547.333087  x:  0.14170   0.17988   0.33573   0.04142   0.04796   0.04111   0.05910   0.04695   0.08541   0.09080   0.10277   0.36226   0.00611   0.30425   0.02743   0.03207   0.02746   0.04359   0.04379   0.06943   0.05756   0.08303   0.28950   0.13575   3.13313  
 26  7.5467  13547.311545  x:  0.14105   0.17957   0.33537   0.04120   0.04772   0.04135   0.05930   0.04685   0.08473   0.09107   0.10256   0.36309   0.00539   0.30542   0.02780   0.03224   0.02740   0.04381   0.04364   0.06933   0.05739   0.08234   0.28788   0.13510   3.13404  
 27  4.5042  13547.177533  x:  0.14145   0.17992   0.33340   0.04367   0.04799   0.04103   0.05936   0.04682   0.08550   0.09059   0.09977   0.36714   0.00734   0.31212   0.02757   0.03202   0.02747   0.04373   0.04368   0.06945   0.05779   0.08257   0.28257   0.13551   3.13981  
 28 15.1931  13546.797036  x:  0.14234   0.17561   0.32792   0.04390   0.04833   0.04072   0.05780   0.04779   0.08593   0.09114   0.10028   0.36797   0.00785   0.31520   0.02787   0.03386   0.02702   0.04363   0.04366   0.06993   0.05297   0.08323   0.28353   0.13640   3.15610  
 29 17.5686  13545.105524  x:  0.14457   0.15733   0.30595   0.04095   0.04770   0.04117   0.05942   0.04711   0.08596   0.09174   0.10297   0.36878   0.00884   0.32296   0.02725   0.03229   0.02733   0.04342   0.04308   0.06841   0.05782   0.08258   0.29090   0.13865   3.22912  
 30 257.0924  13540.486751  x:  0.12680   0.16954   0.31068   0.04044   0.05228   0.04081   0.05933   0.04814   0.08443   0.08072   0.10454   0.36771   0.02613   0.30321   0.03331   0.03368   0.02695   0.04261   0.04177   0.06676   0.05716   0.07307   0.29382   0.12092   3.42999  
 31 154.2166  13539.506761  x:  0.12370   0.17312   0.31458   0.03872   0.04931   0.04002   0.05984   0.04781   0.08695   0.09217   0.10314   0.36535   0.03161   0.29958   0.03419   0.03351   0.02693   0.04244   0.04158   0.06670   0.05727   0.07192   0.29367   0.11783   3.47373  
 32 386.4271  13539.197194  x:  0.12496   0.16928   0.32481   0.03788   0.04949   0.04008   0.05985   0.04785   0.08688   0.09171   0.10389   0.35010   0.03203   0.30635   0.03398   0.03353   0.02689   0.04241   0.04150   0.06658   0.05731   0.07201   0.28941   0.11909   3.48704  
 33 34.8676  13538.185742  x:  0.13188   0.17668   0.32622   0.04050   0.04874   0.04124   0.05939   0.04713   0.08626   0.09133   0.10377   0.35275   0.03050   0.30519   0.03249   0.03239   0.02806   0.04241   0.04168   0.06882   0.05756   0.07758   0.28522   0.12611   3.61865  
 34  0.1156  13538.129917  x:  0.13077   0.17448   0.32719   0.04036   0.04840   0.04136   0.05944   0.04737   0.08624   0.09110   0.10380   0.35452   0.02994   0.30587   0.03166   0.03283   0.02758   0.04255   0.04176   0.06863   0.05755   0.07727   0.28586   0.12500   3.64746  
 35  0.0238  13538.128926  x:  0.13087   0.17488   0.32693   0.04027   0.04837   0.04130   0.05944   0.04737   0.08627   0.09118   0.10383   0.35412   0.02950   0.30572   0.03171   0.03283   0.02759   0.04256   0.04178   0.06856   0.05756   0.07721   0.28602   0.12509   3.64793  
 36  0.0008  13538.128894  x:  0.13087   0.17481   0.32699   0.04029   0.04838   0.04130   0.05944   0.04737   0.08628   0.09119   0.10381   0.35419   0.02945   0.30571   0.03172   0.03283   0.02760   0.04256   0.04178   0.06857   0.05756   0.07722   0.28600   0.12509   3.64773  
 37  0.0002  13538.128893  x:  0.13088   0.17480   0.32699   0.04029   0.04838   0.04130   0.05944   0.04737   0.08628   0.09120   0.10381   0.35419   0.02945   0.30572   0.03172   0.03283   0.02760   0.04255   0.04178   0.06857   0.05756   0.07722   0.28600   0.12509   3.64771  

TREE #  2

  0  0.0000  13880.845387  x:  0.07595   0.09466   0.11642   0.03811   0.03536   0.04163   0.07743   0.07409   0.06795   0.07504   0.09446   0.19088   0.00000   0.16897   0.04400   0.03776   0.05127   0.02795   0.05860   0.03698   0.05808   0.09178   0.15587   0.07840   3.64771  
  1 99.0000  13623.332333  x:  0.12861   0.15420   0.19675   0.05455   0.05926   0.04365   0.05723   0.04680   0.08732   0.09235   0.10726   0.24016   0.14754   0.21879   0.03077   0.03313   0.02414   0.05726   0.04003   0.09033   0.05831   0.08049   0.21208   0.13105   3.64610  
  2 3631.2393  13578.373711  x:  0.13031   0.17292   0.24960   0.04151   0.04261   0.03668   0.05906   0.04737   0.08554   0.08792   0.10164   0.28241   0.13021   0.25437   0.03344   0.02761   0.02803   0.02671   0.03892   0.06478   0.05743   0.07717   0.24025   0.13275   3.64513  
  3 894.5357  13556.790530  x:  0.12653   0.18511   0.29249   0.03518   0.04013   0.04052   0.06113   0.04863   0.08609   0.08832   0.10006   0.31791   0.09904   0.28333   0.03500   0.03447   0.03298   0.05287   0.04933   0.05366   0.05859   0.07524   0.26194   0.12897   3.64435  
  4 1282.3126  13544.280948  x:  0.12085   0.18960   0.31818   0.04097   0.05411   0.04623   0.05960   0.04641   0.08799   0.09369   0.10552   0.33976   0.06596   0.29997   0.03232   0.03746   0.02430   0.05343   0.03924   0.07172   0.05825   0.07380   0.27404   0.12329   3.64396  
  5 811.6330  13543.593131  x:  0.12176   0.18929   0.31990   0.04245   0.05389   0.04335   0.05824   0.04597   0.08744   0.09369   0.10624   0.34103   0.06292   0.30045   0.03192   0.03428   0.02754   0.05342   0.04145   0.07606   0.05728   0.07515   0.27541   0.12420   3.64400  
  6 184.0113  13543.434312  x:  0.12326   0.18855   0.32033   0.04293   0.05286   0.04208   0.05812   0.04658   0.08735   0.09327   0.10606   0.34118   0.06145   0.29997   0.03155   0.03315   0.02552   0.05392   0.04204   0.07683   0.05749   0.07646   0.27637   0.12570   3.64408  
  7 84.2756  13543.273407  x:  0.12700   0.18661   0.32098   0.04363   0.05190   0.04229   0.05834   0.04697   0.08802   0.09279   0.10532   0.34111   0.05913   0.29851   0.03032   0.03439   0.02614   0.05397   0.04111   0.07740   0.05842   0.07858   0.27855   0.12944   3.64430  
  8 69.6565  13543.217750  x:  0.12865   0.18533   0.32130   0.04386   0.05262   0.04303   0.05828   0.04616   0.08825   0.09307   0.10492   0.34095   0.05811   0.29768   0.02958   0.03385   0.02610   0.05390   0.04141   0.07669   0.05775   0.07857   0.27969   0.13109   3.64447  
  9 55.8224  13543.200710  x:  0.12918   0.18424   0.32169   0.04388   0.05332   0.04265   0.05834   0.04639   0.08782   0.09346   0.10476   0.34081   0.05798   0.29722   0.03047   0.03405   0.02609   0.05384   0.04151   0.07651   0.05767   0.07808   0.28048   0.13162   3.64466  
 10 20.2467  13543.192475  x:  0.12920   0.18319   0.32212   0.04380   0.05303   0.04266   0.05820   0.04644   0.08767   0.09337   0.10467   0.34070   0.05803   0.29684   0.03057   0.03395   0.02611   0.05396   0.04132   0.07669   0.05776   0.07720   0.28105   0.13164   3.64491  
 11 14.5845  13543.187947  x:  0.12901   0.18235   0.32257   0.04390   0.05283   0.04293   0.05826   0.04630   0.08788   0.09324   0.10477   0.34065   0.05823   0.29655   0.03087   0.03396   0.02607   0.05387   0.04150   0.07681   0.05780   0.07725   0.28143   0.13145   3.64519  
 12 11.3184  13543.183742  x:  0.12868   0.18146   0.32315   0.04400   0.05291   0.04272   0.05842   0.04639   0.08802   0.09324   0.10487   0.34065   0.05855   0.29620   0.03056   0.03396   0.02611   0.05392   0.04138   0.07667   0.05764   0.07758   0.28170   0.13112   3.64564  
 13  9.6086  13543.182083  x:  0.12857   0.18119   0.32338   0.04390   0.05300   0.04268   0.05820   0.04632   0.08792   0.09328   0.10477   0.34068   0.05864   0.29605   0.03040   0.03403   0.02608   0.05388   0.04145   0.07665   0.05779   0.07775   0.28170   0.13101   3.64595  
 14  6.7216  13543.179373  x:  0.12855   0.18105   0.32370   0.04374   0.05306   0.04293   0.05823   0.04653   0.08768   0.09335   0.10458   0.34079   0.05873   0.29584   0.03037   0.03384   0.02612   0.05388   0.04143   0.07673   0.05785   0.07792   0.28147   0.13099   3.64669  
 15  5.1801  13543.165403  x:  0.12874   0.18088   0.32491   0.04391   0.05276   0.04294   0.05860   0.04608   0.08705   0.09343   0.10441   0.34134   0.05873   0.29496   0.03048   0.03406   0.02606   0.05391   0.04136   0.07683   0.05753   0.07788   0.28003   0.13118   3.65104  
 16 11.5136  13543.139940  x:  0.12911   0.18074   0.32648   0.04452   0.05286   0.04284   0.05820   0.04660   0.08784   0.09339   0.10457   0.34207   0.05856   0.29400   0.03063   0.03407   0.02610   0.05377   0.04161   0.07653   0.05777   0.07730   0.27796   0.13155   3.65918  
 17 42.2870  13543.111396  x:  0.12928   0.18053   0.32693   0.04392   0.05313   0.04244   0.05808   0.04614   0.08870   0.09304   0.10424   0.34228   0.05829   0.29423   0.03125   0.03358   0.02620   0.05403   0.04095   0.07644   0.05795   0.07740   0.27727   0.13172   3.66842  
 18 44.0797  13542.993491  x:  0.12968   0.17981   0.32694   0.04210   0.05367   0.04201   0.05935   0.04626   0.08952   0.09245   0.10397   0.34231   0.05756   0.29717   0.03060   0.03415   0.02603   0.05344   0.04200   0.07729   0.05775   0.07699   0.27732   0.13212   3.70699  
 19 122.8579  13542.811669  x:  0.13000   0.17902   0.32619   0.04279   0.05281   0.04285   0.05813   0.04659   0.08778   0.09314   0.10599   0.34212   0.05645   0.30205   0.03062   0.03407   0.02614   0.05330   0.04144   0.07633   0.05742   0.07775   0.27886   0.13244   3.76616  
 20 346.5223  13542.796859  x:  0.12976   0.17956   0.32598   0.04338   0.05280   0.04277   0.05871   0.04632   0.08770   0.09352   0.10574   0.34233   0.05633   0.30160   0.03052   0.03373   0.02623   0.05328   0.04147   0.07616   0.05827   0.07763   0.27962   0.13220   3.77041  
 21 32.6857  13542.757654  x:  0.12870   0.18216   0.32518   0.04453   0.05249   0.04272   0.05842   0.04647   0.08804   0.09388   0.10363   0.34337   0.05598   0.29869   0.03073   0.03395   0.02620   0.05317   0.04148   0.07618   0.05773   0.07757   0.28272   0.13114   3.78025  
 22 35.7640  13542.745863  x:  0.12855   0.18292   0.32502   0.04436   0.05296   0.04280   0.05842   0.04650   0.08765   0.09268   0.10425   0.34380   0.05588   0.29762   0.03075   0.03393   0.02622   0.05316   0.04149   0.07608   0.05779   0.07755   0.28356   0.13099   3.78199  
 23 10.7871  13542.717979  x:  0.12850   0.18388   0.32478   0.04225   0.05262   0.04276   0.05842   0.04649   0.08791   0.09362   0.10665   0.34465   0.05549   0.29568   0.03075   0.03392   0.02620   0.05310   0.04148   0.07614   0.05778   0.07758   0.28462   0.13093   3.78320  
 24  7.1507  13538.667703  x:  0.12814   0.17328   0.33403   0.04115   0.04951   0.04182   0.05910   0.04695   0.08702   0.09204   0.10391   0.37475   0.03056   0.31099   0.03135   0.03327   0.02701   0.04420   0.04158   0.07021   0.05762   0.07698   0.28977   0.13055   3.67940  
 25  1.9661  13538.550367  x:  0.12783   0.17740   0.34077   0.04051   0.04941   0.04183   0.05914   0.04697   0.08695   0.09202   0.10430   0.36451   0.02827   0.31100   0.03133   0.03327   0.02704   0.04393   0.04159   0.06996   0.05760   0.07703   0.29092   0.13023   3.67619  
 26 16.7699  13538.229732  x:  0.12658   0.17531   0.33324   0.03982   0.04798   0.04118   0.05946   0.04731   0.08626   0.09114   0.10384   0.35624   0.03264   0.30800   0.03177   0.03271   0.02771   0.04202   0.04182   0.06798   0.05754   0.07711   0.28786   0.12896   3.65068  
 27  0.0220  13538.133570  x:  0.12738   0.17478   0.32715   0.04030   0.04829   0.04106   0.05945   0.04737   0.08629   0.09108   0.10370   0.35452   0.02953   0.30568   0.03176   0.03265   0.02764   0.04233   0.04169   0.06880   0.05756   0.07722   0.28616   0.12975   3.64998  
 28  0.0048  13538.128968  x:  0.12678   0.17491   0.32694   0.04031   0.04842   0.04130   0.05943   0.04736   0.08628   0.09121   0.10382   0.35415   0.02950   0.30565   0.03171   0.03282   0.02759   0.04254   0.04174   0.06859   0.05756   0.07723   0.28597   0.12915   3.64778  
 29  0.0024  13538.128894  x:  0.12680   0.17479   0.32699   0.04029   0.04838   0.04130   0.05944   0.04736   0.08628   0.09120   0.10382   0.35419   0.02944   0.30572   0.03172   0.03283   0.02760   0.04255   0.04177   0.06857   0.05756   0.07722   0.28599   0.12917   3.64768  
 30  0.0002  13538.128893  x:  0.12680   0.17480   0.32699   0.04029   0.04838   0.04130   0.05944   0.04736   0.08628   0.09120   0.10382   0.35419   0.02945   0.30572   0.03172   0.03283   0.02760   0.04255   0.04178   0.06857   0.05756   0.07722   0.28600   0.12917   3.64771  