

TREE # 1

  0  0.0000    698.671390  x:  0.13041   0.11260   2.00000   1.00000  
  1 99.0000    697.710381  x:  0.10228   0.08725   2.01409   0.95097  
  2 27.8078    656.693520  x:  0.06088   0.10585   2.28276   0.00010  
  3 66.7279    656.308045  x:  0.10995   0.05799   2.41435   0.00010  
  4  5.8405    652.240490  x:  0.14239   0.15277   3.62362   0.00010  
  5  6.7091    651.149333  x:  0.19381   0.08212   4.97432   0.00010  
  6  0.1692    650.182561  x:  0.20498   0.04447   8.80062   0.00010  
  7  0.8082    649.265969  x:  0.11518   0.15486  11.88641   0.00010  
  8  1.7031    649.019810  x:  0.11463   0.13153  17.40409   0.00010  
  9  0.8613    648.913130  x:  0.13811   0.13107  20.27453   0.00010  
 10  0.8466    648.882083  x:  0.13556   0.12653  24.82298   0.00010  
 11  1.3304    648.878646  x:  0.13400   0.13187  25.66104   0.00010  
 12  0.5238    648.878457  x:  0.13259   0.13271  25.96478   0.00010  
 13  0.2216    648.878457  x:  0.13266   0.13265  25.97579   0.00010  
 14  0.0070    648.878457  x:  0.13265   0.13265  25.97815   0.00010  
 15  0.0022    648.878457  x:  0.13265   0.13265  25.97814   0.00010  