

TREE # 1

  0  0.0000   1447.660247  x:  1.16875   0.91556   1.37230  
  1 99.0000   1445.044252  x:  1.39168   0.95825   1.29111  
  2 22.9462   1444.336069  x:  1.51267   1.06002   1.48024  
  3  6.6424   1444.335519  x:  1.51396   1.05727   1.48124  
  4  0.1801   1444.312708  x:  1.54159   1.06647   1.47725  
  5  0.0397   1444.312677  x:  1.54227   1.06629   1.47818  
  6  0.0012   1444.312677  x:  1.54231   1.06634   1.47822  
  7  0.0001   1444.312677  x:  1.54231   1.06634   1.47822  
  8  0.0000   1444.312677  x:  1.54231   1.06634   1.47822  
check convergence!


TREE # 2

  0  0.0000   1444.771176  x:  1.51457   0.97663   1.35551  
  1 99.0000   1444.414999  x:  1.47380   1.03690   1.40951  
  2  8.0007   1444.352433  x:  1.50052   1.03549   1.45788  
  3  2.5031   1444.313149  x:  1.54295   1.06390   1.47500  
  4  2.5410   1444.312677  x:  1.54230   1.06631   1.47825  
  5  0.0036   1444.312677  x:  1.54231   1.06634   1.47823  
  6  0.0000   1444.312677  x:  1.54231   1.06633   1.47821  
  7  0.0000   1444.312677  x:  1.54231   1.06633   1.47822  
  8  0.0000   1444.312677  x:  1.54231   1.06633   1.47822  