

TREE #  1

  0  0.0000  12650.546872  x:  0.12193   0.09174   0.21244   0.01939   0.02004   0.04412   0.07087   0.07379   0.10107   0.10916   0.11424   0.24122   0.00000   0.10070   0.01733   0.03153   0.03001   0.07231   0.05048   0.07623   0.11321   0.09181   0.17003   0.07120   2.12459  
  1 99.0000  12560.287134  x:  0.13324   0.12414   0.23783   0.05046   0.06815   0.05506   0.08150   0.06292   0.10427   0.11459   0.11689   0.25509   0.06967   0.12847   0.04970   0.03155   0.03492   0.06339   0.04190   0.06665   0.11116   0.09051   0.18439   0.08251   2.13007  
  2 2305.2852  12534.408772  x:  0.12793   0.15969   0.28195   0.04902   0.05183   0.04614   0.09045   0.04634   0.09870   0.10554   0.09686   0.27885   0.06957   0.14915   0.04027   0.02585   0.03710   0.05665   0.04341   0.05195   0.10042   0.06698   0.19678   0.07720   2.14588  
  3 648.2053  12524.753115  x:  0.12084   0.17968   0.31334   0.05197   0.04653   0.05221   0.09286   0.05548   0.09986   0.10446   0.08692   0.29427   0.05770   0.15858   0.04772   0.04383   0.03901   0.06089   0.04461   0.06032   0.09938   0.06592   0.20264   0.07011   2.16233  
  4 636.4593  12519.855729  x:  0.11631   0.18769   0.33435   0.05900   0.05323   0.05525   0.08729   0.05963   0.10285   0.10947   0.08712   0.30233   0.04292   0.15972   0.05055   0.03332   0.03206   0.06265   0.04202   0.06229   0.09955   0.07070   0.20407   0.06558   2.18129  
  5 399.8808  12517.334288  x:  0.11990   0.18721   0.34859   0.06136   0.05666   0.05136   0.08202   0.05668   0.10316   0.11248   0.08876   0.30454   0.03767   0.15621   0.04863   0.03107   0.04246   0.06217   0.04429   0.06494   0.10440   0.07565   0.20407   0.06917   2.20691  
  6 255.8045  12510.496300  x:  0.13689   0.17550   0.38471   0.05831   0.05762   0.04728   0.08175   0.05672   0.10248   0.11431   0.09039   0.30403   0.03641   0.14286   0.04091   0.03808   0.03413   0.05860   0.03961   0.05878   0.11554   0.08665   0.20357   0.08617   2.30082  
  7 440.8723  12503.917238  x:  0.14496   0.15836   0.41137   0.05281   0.05612   0.05857   0.09134   0.06199   0.10318   0.11100   0.09140   0.29840   0.04193   0.13565   0.03863   0.03002   0.03439   0.06478   0.05030   0.06144   0.11140   0.08642   0.20351   0.09424   2.40749  
  8 759.5755  12493.759532  x:  0.13730   0.13033   0.43261   0.04917   0.05295   0.06036   0.09235   0.05508   0.10162   0.10605   0.09699   0.28575   0.04706   0.13699   0.05071   0.02947   0.03884   0.06204   0.03535   0.06852   0.09609   0.07725   0.20342   0.08658   2.57753  
  9 935.5467  12487.115688  x:  0.12535   0.11877   0.43441   0.05097   0.05637   0.05170   0.08569   0.05247   0.10111   0.10801   0.10196   0.27951   0.05110   0.14501   0.05490   0.03690   0.03351   0.06240   0.04832   0.06261   0.09484   0.06942   0.20357   0.07463   2.70191  
 10 1119.8438  12479.543814  x:  0.11463   0.12906   0.41252   0.04821   0.05657   0.04937   0.08406   0.06926   0.10425   0.11268   0.09891   0.28205   0.05697   0.15975   0.04499   0.03436   0.04033   0.06031   0.04286   0.05493   0.10869   0.06718   0.20333   0.06391   2.85316  
 11 768.7139  12470.187918  x:  0.11398   0.16326   0.36663   0.04677   0.04899   0.05204   0.08293   0.05614   0.10556   0.11390   0.09171   0.29459   0.05701   0.17359   0.04207   0.03126   0.03348   0.06358   0.04386   0.06756   0.11503   0.08228   0.20186   0.06326   3.04424  
 12 976.3281  12466.580439  x:  0.11942   0.18152   0.34333   0.05705   0.05366   0.05436   0.08903   0.05568   0.10353   0.11221   0.09576   0.30239   0.04538   0.16930   0.04009   0.03658   0.03590   0.06178   0.04406   0.06321   0.10378   0.07837   0.20058   0.06870   3.11912  
 13 558.2209  12466.007634  x:  0.12198   0.18528   0.33867   0.05569   0.05408   0.05168   0.08685   0.05851   0.10271   0.11053   0.09310   0.30451   0.04343   0.16570   0.04683   0.03535   0.03646   0.06232   0.04463   0.06106   0.10220   0.07595   0.20214   0.07126   3.13140  
 14 160.5314  12465.907551  x:  0.12226   0.18586   0.33766   0.05549   0.05478   0.05256   0.08555   0.05815   0.10340   0.11076   0.09229   0.30536   0.04339   0.16336   0.04712   0.03547   0.03603   0.06215   0.04453   0.06205   0.10330   0.07290   0.20388   0.07154   3.13352  
 15 49.7971  12465.877724  x:  0.12168   0.18577   0.33724   0.05628   0.05408   0.05223   0.08648   0.05797   0.10338   0.11115   0.09249   0.30621   0.04372   0.16146   0.04756   0.03525   0.03603   0.06225   0.04451   0.06209   0.10402   0.07281   0.20600   0.07096   3.13418  
 16 20.2474  12465.869241  x:  0.12136   0.18553   0.33705   0.05616   0.05424   0.05243   0.08618   0.05795   0.10337   0.11108   0.09215   0.30679   0.04399   0.16078   0.04723   0.03537   0.03614   0.06212   0.04455   0.06184   0.10351   0.07340   0.20711   0.07064   3.13439  
 17 11.6387  12465.867720  x:  0.12139   0.18535   0.33701   0.05622   0.05432   0.05222   0.08613   0.05808   0.10329   0.11096   0.09217   0.30712   0.04407   0.16082   0.04707   0.03536   0.03608   0.06226   0.04450   0.06204   0.10340   0.07340   0.20728   0.07067   3.13444  
 18  3.6397  12465.861265  x:  0.12158   0.18412   0.33676   0.05630   0.05438   0.05238   0.08618   0.05802   0.10330   0.11053   0.09227   0.30905   0.04386   0.16142   0.04721   0.03531   0.03608   0.06204   0.04456   0.06199   0.10365   0.07335   0.20743   0.07086   3.13473  
 19  3.7239  12465.856397  x:  0.12163   0.18357   0.33669   0.05617   0.05439   0.05240   0.08628   0.05785   0.10338   0.11108   0.09214   0.31008   0.04391   0.16149   0.04727   0.03537   0.03615   0.06248   0.04443   0.06179   0.10354   0.07325   0.20713   0.07091   3.13497  
 20  5.6730  12465.847874  x:  0.12158   0.18326   0.33677   0.05611   0.05417   0.05225   0.08631   0.05804   0.10337   0.11179   0.09203   0.31107   0.04426   0.16122   0.04730   0.03534   0.03609   0.06191   0.04459   0.06205   0.10321   0.07318   0.20644   0.07087   3.13544  
 21  6.5335  12465.797330  x:  0.12084   0.18340   0.33769   0.05664   0.05354   0.05256   0.08548   0.05804   0.10309   0.11041   0.09248   0.31298   0.04561   0.15940   0.04716   0.03527   0.03613   0.06231   0.04448   0.06176   0.10337   0.07322   0.20384   0.07013   3.13830  
 22  6.2323  12465.602755  x:  0.11974   0.18354   0.34058   0.05474   0.05653   0.05127   0.08821   0.05712   0.10357   0.10839   0.09129   0.31417   0.04526   0.15738   0.04698   0.03521   0.03609   0.06197   0.04447   0.06223   0.10413   0.07358   0.20188   0.06907   3.14940  
 23 17.8996  12462.024179  x:  0.12772   0.18476   0.39369   0.05066   0.05203   0.05216   0.08851   0.05543   0.10518   0.10976   0.09568   0.31436   0.03865   0.15768   0.04411   0.03266   0.03620   0.06148   0.04343   0.06046   0.10187   0.07392   0.21293   0.07780   3.36151  
 24 94.0752  12461.946710  x:  0.12782   0.18402   0.39459   0.05238   0.05233   0.05289   0.08854   0.05532   0.10170   0.11017   0.09303   0.31382   0.03822   0.15772   0.04396   0.03247   0.03617   0.06146   0.04337   0.06052   0.10251   0.07389   0.21281   0.07792   3.36590  
 25 40.0226  12461.923502  x:  0.12801   0.18330   0.39475   0.05455   0.05200   0.05263   0.08856   0.05531   0.10273   0.10989   0.09057   0.31331   0.03811   0.15775   0.04378   0.03242   0.03619   0.06146   0.04336   0.06048   0.10245   0.07401   0.21251   0.07811   3.36725  
 26 16.3027  12461.705830  x:  0.12517   0.18479   0.39053   0.05469   0.05248   0.05197   0.08817   0.05546   0.10297   0.11011   0.09056   0.31439   0.04097   0.16080   0.04373   0.03314   0.03643   0.06140   0.04347   0.06087   0.10374   0.07420   0.21063   0.07611   3.43650  
 27  0.0496  12461.696922  x:  0.12531   0.18481   0.39091   0.05513   0.05289   0.05230   0.08827   0.05570   0.10303   0.11013   0.09054   0.31402   0.04130   0.16033   0.04429   0.03307   0.03640   0.06147   0.04358   0.06069   0.10334   0.07390   0.21133   0.07622   3.44167  
 28  0.0039  12461.695837  x:  0.12537   0.18487   0.39131   0.05523   0.05296   0.05225   0.08827   0.05559   0.10301   0.11014   0.09048   0.31394   0.04168   0.16045   0.04430   0.03310   0.03640   0.06145   0.04353   0.06075   0.10340   0.07397   0.21125   0.07620   3.44031  
 29  0.0009  12461.695740  x:  0.12535   0.18504   0.39133   0.05525   0.05297   0.05225   0.08828   0.05562   0.10301   0.11013   0.09045   0.31401   0.04169   0.16051   0.04431   0.03309   0.03641   0.06144   0.04353   0.06072   0.10339   0.07392   0.21123   0.07612   3.43989  
 30  0.0003  12461.695738  x:  0.12538   0.18507   0.39132   0.05526   0.05297   0.05226   0.08828   0.05561   0.10301   0.11013   0.09044   0.31402   0.04168   0.16051   0.04431   0.03309   0.03641   0.06144   0.04353   0.06072   0.10339   0.07393   0.21125   0.07610   3.43992  
 31  0.0001  12461.695738  x:  0.12539   0.18507   0.39132   0.05526   0.05297   0.05226   0.08828   0.05561   0.10301   0.11013   0.09044   0.31402   0.04168   0.16051   0.04431   0.03309   0.03641   0.06144   0.04353   0.06072   0.10339   0.07393   0.21125   0.07608   3.43992  
 32  0.0000  12461.695738  x:  0.12541   0.18507   0.39132   0.05526   0.05297   0.05226   0.08828   0.05561   0.10301   0.11013   0.09044   0.31402   0.04168   0.16051   0.04431   0.03309   0.03641   0.06144   0.04353   0.06073   0.10339   0.07393   0.21125   0.07607   3.43993  
 33  0.0000  12461.695738  x:  0.12541   0.18507   0.39132   0.05526   0.05297   0.05226   0.08828   0.05561   0.10301   0.11013   0.09044   0.31402   0.04168   0.16051   0.04431   0.03309   0.03641   0.06144   0.04353   0.06073   0.10339   0.07393   0.21125   0.07606   3.43993  
 34  0.0001  12461.695738  x:  0.12541   0.18507   0.39132   0.05526   0.05297   0.05226   0.08828   0.05561   0.10301   0.11013   0.09044   0.31402   0.04168   0.16051   0.04431   0.03309   0.03641   0.06144   0.04353   0.06073   0.10339   0.07393   0.21125   0.07606   3.43993  

TREE #  2

  0  0.0000  12566.078753  x:  0.09022   0.10530   0.23253   0.02781   0.01962   0.03416   0.08391   0.06408   0.11168   0.11769   0.12490   0.26616   0.00000   0.10936   0.01930   0.02283   0.03932   0.05716   0.04524   0.05908   0.11749   0.09148   0.17639   0.10909   3.43993  
  1 99.0000  12497.276298  x:  0.09997   0.13007   0.25299   0.04302   0.06354   0.05712   0.08675   0.05950   0.11125   0.11976   0.12271   0.27609   0.06406   0.13190   0.04491   0.03595   0.03681   0.06073   0.04369   0.06107   0.11493   0.09178   0.18902   0.11884   3.43933  
  2 2061.3198  12474.592748  x:  0.09668   0.16665   0.29828   0.04564   0.05306   0.04830   0.08836   0.04905   0.09897   0.10753   0.10154   0.29712   0.06758   0.15600   0.03933   0.02312   0.03427   0.06276   0.04345   0.05885   0.10013   0.06984   0.20370   0.11555   3.43829  
  3 585.8100  12466.979887  x:  0.09091   0.18462   0.32642   0.05003   0.04774   0.04968   0.09001   0.05481   0.09765   0.10449   0.09155   0.30906   0.05592   0.16506   0.04501   0.04183   0.03871   0.06211   0.04325   0.06254   0.09925   0.06760   0.20947   0.10978   3.43761  
  4 636.4578  12463.650281  x:  0.08677   0.19249   0.34531   0.05728   0.05403   0.05559   0.08920   0.05902   0.10306   0.10914   0.09052   0.31544   0.04308   0.16628   0.04875   0.03665   0.03491   0.06051   0.04342   0.06011   0.10124   0.07172   0.21086   0.10563   3.43717  
  5 344.7908  12463.070874  x:  0.08839   0.19251   0.35318   0.05807   0.05559   0.05373   0.08747   0.05620   0.10462   0.11149   0.09081   0.31640   0.04179   0.16374   0.04775   0.03546   0.03905   0.06160   0.04422   0.06176   0.10428   0.07440   0.21052   0.10726   3.43700  
  6 124.0660  12462.619664  x:  0.09171   0.19015   0.36333   0.05672   0.05505   0.05218   0.08737   0.05607   0.10532   0.11273   0.09083   0.31634   0.04284   0.15915   0.04532   0.03648   0.03618   0.06134   0.04232   0.06110   0.10708   0.07706   0.20974   0.11058   3.43681  
  7 112.3762  12462.424147  x:  0.09286   0.18707   0.36956   0.05556   0.05452   0.05377   0.08847   0.05793   0.10497   0.11219   0.09133   0.31537   0.04393   0.15649   0.04426   0.03600   0.03661   0.06139   0.04451   0.06127   0.10640   0.07729   0.20919   0.11173   3.43671  
  8 88.3988  12462.286354  x:  0.09220   0.18244   0.37526   0.05498   0.05463   0.05465   0.08844   0.05714   0.10392   0.11108   0.09270   0.31344   0.04444   0.15505   0.04555   0.03581   0.03747   0.06076   0.04292   0.06128   0.10436   0.07681   0.20877   0.11107   3.43664  
  9 61.9236  12462.243688  x:  0.09154   0.18027   0.37728   0.05484   0.05495   0.05394   0.08811   0.05662   0.10380   0.11100   0.09315   0.31243   0.04462   0.15536   0.04618   0.03621   0.03678   0.06143   0.04376   0.06100   0.10420   0.07631   0.20881   0.11041   3.43661  
 10 44.5318  12462.225660  x:  0.09114   0.17887   0.37825   0.05468   0.05509   0.05350   0.08814   0.05721   0.10427   0.11134   0.09301   0.31168   0.04496   0.15647   0.04594   0.03607   0.03695   0.06125   0.04354   0.06113   0.10485   0.07572   0.20907   0.11001   3.43658  
 11 21.2504  12462.222639  x:  0.09118   0.17852   0.37842   0.05469   0.05477   0.05379   0.08813   0.05701   0.10438   0.11140   0.09283   0.31144   0.04499   0.15702   0.04594   0.03601   0.03690   0.06121   0.04359   0.06117   0.10499   0.07600   0.20912   0.11005   3.43656  
 12  8.0407  12462.221915  x:  0.09128   0.17841   0.37846   0.05490   0.05481   0.05378   0.08818   0.05702   0.10428   0.11142   0.09280   0.31132   0.04490   0.15726   0.04577   0.03606   0.03692   0.06128   0.04356   0.06112   0.10487   0.07612   0.20905   0.11015   3.43653  
 13  3.2323  12462.221671  x:  0.09134   0.17839   0.37847   0.05492   0.05489   0.05374   0.08815   0.05703   0.10425   0.11138   0.09268   0.31124   0.04485   0.15732   0.04580   0.03606   0.03691   0.06120   0.04359   0.06115   0.10484   0.07615   0.20896   0.11021   3.43649  
 14  1.5672  12462.221311  x:  0.09141   0.17841   0.37849   0.05497   0.05491   0.05379   0.08812   0.05704   0.10428   0.11131   0.09254   0.31111   0.04479   0.15734   0.04586   0.03605   0.03692   0.06130   0.04355   0.06113   0.10488   0.07604   0.20878   0.11028   3.43640  
 15  1.2974  12462.220400  x:  0.09143   0.17857   0.37855   0.05524   0.05476   0.05377   0.08818   0.05699   0.10433   0.11135   0.09255   0.31082   0.04484   0.15732   0.04592   0.03604   0.03691   0.06119   0.04360   0.06114   0.10494   0.07588   0.20851   0.11029   3.43610  
 16  1.6151  12462.215139  x:  0.09106   0.17940   0.37878   0.05516   0.05459   0.05357   0.08832   0.05709   0.10428   0.11173   0.09227   0.30956   0.04510   0.15718   0.04591   0.03593   0.03691   0.06134   0.04353   0.06121   0.10472   0.07623   0.20808   0.10992   3.43427  
 17  3.0374  12462.207279  x:  0.09080   0.18027   0.37905   0.05492   0.05479   0.05385   0.08796   0.05688   0.10429   0.11160   0.09230   0.30823   0.04506   0.15710   0.04527   0.03611   0.03692   0.06114   0.04361   0.06101   0.10473   0.07623   0.20818   0.10966   3.43151  
 18 12.2479  12462.186000  x:  0.09112   0.18173   0.37962   0.05468   0.05476   0.05361   0.08789   0.05716   0.10406   0.11051   0.09326   0.30608   0.04452   0.15735   0.04553   0.03575   0.03689   0.06127   0.04356   0.06112   0.10518   0.07643   0.20948   0.10997   3.42405  
 19 20.6817  12462.151679  x:  0.09188   0.18227   0.38018   0.05402   0.05492   0.05368   0.08896   0.05650   0.10437   0.11158   0.09325   0.30547   0.04349   0.15754   0.04598   0.03577   0.03676   0.06128   0.04355   0.06127   0.10448   0.07535   0.21084   0.11071   3.41219  
 20 27.4694  12462.081427  x:  0.09207   0.18176   0.38119   0.05461   0.05400   0.05342   0.08712   0.05711   0.10374   0.11244   0.09230   0.30788   0.04364   0.15790   0.04640   0.03532   0.03707   0.06114   0.04362   0.06020   0.10374   0.07479   0.21110   0.11087   3.38852  
 21 50.0372  12462.015839  x:  0.09113   0.18088   0.38211   0.05561   0.05413   0.05336   0.08774   0.05657   0.10347   0.11107   0.09126   0.31108   0.04395   0.15811   0.04541   0.03479   0.03645   0.06141   0.04348   0.06151   0.10409   0.07485   0.21011   0.10990   3.36686  
 22 104.2944  12462.009308  x:  0.09101   0.18083   0.38222   0.05552   0.05420   0.05318   0.08825   0.05640   0.10362   0.11072   0.09118   0.31145   0.04401   0.15823   0.04541   0.03477   0.03670   0.06128   0.04354   0.06087   0.10423   0.07503   0.20986   0.10977   3.36501  
 23 22.3537  12462.001340  x:  0.09113   0.18119   0.38257   0.05474   0.05414   0.05304   0.08811   0.05644   0.10425   0.11059   0.09215   0.31190   0.04397   0.15901   0.04534   0.03479   0.03666   0.06131   0.04353   0.06095   0.10380   0.07505   0.20887   0.10988   3.36573  
 24  2.4667  12461.985704  x:  0.09115   0.18166   0.38312   0.05377   0.05424   0.05332   0.08823   0.05637   0.10301   0.11104   0.09299   0.31235   0.04368   0.15984   0.04539   0.03464   0.03663   0.06130   0.04353   0.06093   0.10443   0.07482   0.20789   0.10990   3.36879  
 25  7.9805  12461.699452  x:  0.09118   0.18565   0.39089   0.05553   0.05327   0.05241   0.08832   0.05562   0.10306   0.11011   0.09027   0.31408   0.04226   0.16087   0.04456   0.03293   0.03634   0.06143   0.04352   0.06072   0.10336   0.07377   0.21132   0.10977   3.43940  
 26 16.3626  12461.696323  x:  0.09158   0.18519   0.39172   0.05529   0.05304   0.05227   0.08827   0.05558   0.10297   0.11012   0.09041   0.31399   0.04199   0.16053   0.04432   0.03317   0.03641   0.06145   0.04352   0.06072   0.10337   0.07393   0.21125   0.10990   3.44048  
 27  0.0012  12461.695763  x:  0.09159   0.18508   0.39147   0.05526   0.05297   0.05227   0.08828   0.05563   0.10302   0.11013   0.09043   0.31403   0.04167   0.16050   0.04433   0.03309   0.03642   0.06144   0.04353   0.06073   0.10340   0.07393   0.21125   0.10988   3.43992  
 28  0.0004  12461.695738  x:  0.09158   0.18507   0.39132   0.05526   0.05297   0.05226   0.08828   0.05561   0.10301   0.11013   0.09044   0.31402   0.04168   0.16051   0.04431   0.03309   0.03641   0.06144   0.04353   0.06072   0.10339   0.07393   0.21125   0.10989   3.43992  
 29  0.0001  12461.695738  x:  0.09157   0.18507   0.39132   0.05526   0.05297   0.05226   0.08828   0.05561   0.10301   0.11013   0.09044   0.31402   0.04168   0.16051   0.04431   0.03309   0.03641   0.06144   0.04353   0.06073   0.10339   0.07393   0.21125   0.10990   3.43993  
 30  0.0000  12461.695738  x:  0.09156   0.18507   0.39132   0.05526   0.05297   0.05226   0.08828   0.05561   0.10301   0.11013   0.09044   0.31402   0.04168   0.16051   0.04431   0.03309   0.03641   0.06144   0.04353   0.06073   0.10339   0.07393   0.21125   0.10991   3.43993  
 31  0.0000  12461.695738  x:  0.09156   0.18507   0.39132   0.05526   0.05297   0.05226   0.08828   0.05561   0.10301   0.11013   0.09044   0.31402   0.04168   0.16051   0.04431   0.03309   0.03641   0.06144   0.04353   0.06073   0.10339   0.07393   0.21125   0.10992   3.43993  