     2    804    301


 1

     1     80    -2.7098505785   0.066546749490      53.5036  AAAAAAA
     2     15    -5.1913767868   0.005564340628       4.4737  AAAAAAC
     3     10    -3.7835803563   0.022741124164      18.2839  AAAAAAG
     4      8    -4.7519658606   0.008634703883       6.9423  AAAAAAT
     5      3    -7.0683872698   0.000851605412       0.6847  AAAAACA
     6      2    -5.3837162778   0.004590729763       3.6909  AAAAAGA
     7      3    -6.2357984040   0.001958065263       1.5743  AAAAAGG
     8      3    -5.3335658540   0.004826827526       3.8808  AAAAGAA
     9      2    -7.8147626050   0.000403730652       0.3246  AAAAGAC
    10      1    -6.4062725037   0.001651167767       1.3275  AAAAGAG
    11      6    -5.4183829428   0.004434311388       3.5652  AAACAAA
    12      3    -5.6281786534   0.003595117323       2.8905  AAACAAC
    13      4    -6.0961475307   0.002251524964       1.8102  AAACAAG
    14      3    -5.9528860203   0.002598330852       2.0891  AAACAAT
    15      1    -8.0419633985   0.000321676750       0.2586  AAACAGC
    16      1    -8.0416367530   0.000321781841       0.2587  AAACGAA
    17      1    -8.7173958945   0.000163712962       0.1316  AAACGAG
    18      5    -3.9170494567   0.019899723204      15.9994  AAAGAAA
    19      5    -5.9938699653   0.002493993681       2.0052  AAAGAAC
    20      8    -4.0446610878   0.017515639915      14.0826  AAAGAAG
    21      2    -5.5544590391   0.003870161509       3.1116  AAAGAAT
    22      2    -6.2685594027   0.001894956487       1.5235  AAAGAGA
    23      4    -5.9208410622   0.002682942706       2.1571  AAAGAGG
    24      1   -10.1938828187   0.000037398393       0.0301  AAAGCAC
    25      1    -6.5391967270   0.001445649284       1.1623  AAAGGAA
    26      1    -8.6146616496   0.000181426191       0.1459  AAAGGAC
    27      3    -6.6633540897   0.001276856489       1.0266  AAAGGAG
    28      1   -11.9868664716   0.000006225440       0.0050  AAAGTCG
    29      5    -4.9789720167   0.006881132613       5.5324  AAATAAA
    30      3    -5.6567366045   0.003493900292       2.8091  AAATAAG
    31     11    -4.9600442368   0.007012617610       5.6381  AAATAAT
    32      1    -8.3039298866   0.000247542101       0.1990  AAATACT
    33      3    -7.8606166882   0.000385635981       0.3101  AAATAGG
    34      1    -7.6022258268   0.000499338754       0.4015  AAATGAA
    35      1   -10.7504680515   0.000021435373       0.0172  AAATGGC
    36      1    -9.7128854172   0.000060498897       0.0486  AAATTAC
    37      1   -12.1001651549   0.000005558595       0.0045  AAATTGC
    38      1    -8.3951567153   0.000225959062       0.1817  AAGAAGA
    39      1    -9.2243006341   0.000098613673       0.0793  AAGAAGG
    40      1   -10.9855558764   0.000016944693       0.0136  AAGCAGA
    41      1    -7.0767151706   0.000844542776       0.6790  AAGGAAG
    42      1   -11.0952650496   0.000015184050       0.0122  AAGGAGC
    43      1    -9.2310921725   0.000097946204       0.0787  AAGGGAA
    44      1   -11.2818166585   0.000012599963       0.0101  AAGGGAC
    45      1    -8.8388633975   0.000144987446       0.1166  AAGGGGG
    46      1   -10.8296316427   0.000019803901       0.0159  AAGTAGG
    47      1   -10.9534239923   0.000017498000       0.0141  AAGTGAG
    48      1   -11.0301031187   0.000016206420       0.0130  AAGTGGG
    49      1   -14.3759309283   0.000000570969       0.0005  ACATACG
    50      1    -9.7240263545   0.000059828624       0.0481  ACCACCC
    51      1   -10.3573809157   0.000031757523       0.0255  ACCGCGG
    52      3    -5.9131523540   0.002703650576       2.1737  AGAAAAA
    53      1    -9.3427017948   0.000087602432       0.0704  AGAAGGA
    54      1   -11.4816322437   0.000010317880       0.0083  AGAAGGC
    55      1   -11.4421519142   0.000010733381       0.0086  AGACGAG
    56      1    -7.2467424330   0.000712491602       0.5728  AGAGAAG
    57      1    -9.0066937022   0.000122586494       0.0986  AGAGAGG
    58      1    -8.6825968534   0.000169510302       0.1363  AGAGGGG
    59      1   -11.6996432632   0.000008296778       0.0067  AGATGGC
    60      1    -7.2323542672   0.000722817154       0.5811  AGGAAAG
    61      1    -8.2044949895   0.000273421776       0.2198  AGGAAAT
    62      1    -9.0760313849   0.000114374617       0.0920  AGGCAAC
    63      1    -8.9262180263   0.000132859547       0.1068  AGGCGAA
    64      1    -9.4818204298   0.000076225048       0.0613  AGGCGAG
    65      1    -8.8764646329   0.000139636962       0.1123  AGGCGGA
    66      1    -8.9485085745   0.000129930798       0.1045  AGGCGGT
    67      1   -12.2534505564   0.000004768635       0.0038  AGGCTGG
    68      1    -9.4324256494   0.000080084707       0.0644  AGGGAAC
    69      1    -7.4720208020   0.000568777748       0.4573  AGGGAAG
    70      1   -12.9253831863   0.000002435440       0.0020  AGGGCAC
    71      1   -10.0529992866   0.000043056417       0.0346  AGGGCGG
    72      1    -7.2931421236   0.000680187458       0.5469  AGGGGAG
    73      1    -7.8666140348   0.000383330110       0.3082  AGGGGGT
    74      1   -10.1808936370   0.000037887336       0.0305  AGGTAGG
    75      1    -8.9485085745   0.000129930798       0.1045  AGGTGGC
    76      1    -9.9184622941   0.000049256841       0.0396  ATTATTC
    77      1   -10.7815098824   0.000020780201       0.0167  ATTCAAG
    78      1   -14.2504359520   0.000000647313       0.0005  ATTCCGT
    79      1    -8.7976040443   0.000151094658       0.1215  ATTGTAG
    80      1   -12.3756615676   0.000004220058       0.0034  ATTTGGT
    81      1    -8.3385844817   0.000239110569       0.1922  CAAAAAG
    82      1    -9.0131212404   0.000121801092       0.0979  CAACCCT
    83      1    -8.4711615326   0.000209421512       0.1684  CAAGAAA
    84      1    -9.5283476819   0.000072759747       0.0585  CAATAAA
    85      1   -13.1113595893   0.000002022129       0.0016  CACGCGA
    86      1    -8.8973732537   0.000136747657       0.1099  CACTCCC
    87      1   -15.3349163475   0.000000218842       0.0002  CATATGG
    88      1   -12.5005384082   0.000003724647       0.0030  CCATCAC
    89      1   -10.2245821851   0.000036267730       0.0292  CCATCTT
    90      1    -9.1800669755   0.000103073630       0.0829  CCCAACA
    91      6    -5.5128116532   0.004034747111       3.2439  CCCACCA
    92      4    -5.6986811483   0.003350381201       2.6937  CCCACCC
    93      1    -6.1865865375   0.002056835716       1.6537  CCCACCG
    94      2    -6.0300190948   0.002405448047       1.9340  CCCACCT
    95      1    -7.7850920949   0.000415889027       0.3344  CCCACTA
    96      1    -8.4605093160   0.000211664239       0.1702  CCCACTG
    97      1    -9.5640498614   0.000070207890       0.0564  CCCAGCC
    98      1    -7.9980552729   0.000336115646       0.2702  CCCATCA
    99      1    -9.0724501882   0.000114784949       0.0923  CCCCCAA
   100      2    -5.4360875807   0.004356494405       3.5026  CCCCCCA
   101     30    -3.5340204480   0.029187333503      23.4666  CCCCCCC
   102      5    -5.6337277711   0.003575222843       2.8745  CCCCCCG
   103      2    -4.4091401541   0.012165634405       9.7812  CCCCCCT
   104      1    -6.8115014612   0.001101038492       0.8852  CCCCCTT
   105      1    -8.1194106325   0.000297704066       0.2394  CCCCTCG
   106      1    -6.1865865375   0.002056835716       1.6537  CCCGCCA
   107      5    -5.8963213388   0.002749540867       2.2106  CCCGCCC
   108      3    -5.8285590646   0.002942313611       2.3656  CCCGCCG
   109      1    -8.3854557333   0.000228161754       0.1834  CCCGCTC
   110      1   -10.0515918990   0.000043117056       0.0347  CCCGGCA
   111      3    -5.9284221987   0.002662679856       2.1408  CCCTCCA
   112      4    -4.5865504397   0.010187941747       8.1911  CCCTCCC
   113      5    -4.3476287640   0.012937453994      10.4017  CCCTCCT
   114      1    -8.5789669190   0.000188019116       0.1512  CCCTCGC
   115      1    -8.6106562034   0.000182154341       0.1465  CCCTTCG
   116      1    -6.8314838393   0.001079255487       0.8677  CCCTTCT
   117      1   -10.3997267238   0.000030440801       0.0245  CCCTTTG
   118      1   -12.9753590489   0.000002316718       0.0019  CCGATCG
   119      1   -13.4332337515   0.000001465618       0.0012  CCGCGCA
   120      1    -8.6081529788   0.000182610885       0.1468  CCTACCC
   121      1    -8.5432048120   0.000194864753       0.1567  CCTCCCG
   122      1    -7.3185955401   0.000663092845       0.5331  CCTCCCT
   123      1   -15.8967143316   0.000000124780       0.0001  CCTGAAT
   124      1   -12.7848540262   0.000002802905       0.0023  CCTGACT
   125      1    -8.7379884519   0.000160376168       0.1289  CCTGCCG
   126      1   -11.4169341439   0.000011007495       0.0089  CCTGTCT
   127      1   -12.6108883925   0.000003335499       0.0027  CGCCTCG
   128      1    -8.5372547553   0.000196027666       0.1576  CGGAGGA
   129      1   -10.2600764332   0.000035003012       0.0281  CGGCCCA
   130      1    -7.6989407040   0.000453307115       0.3645  CGGGGGG
   131      1   -15.1191217127   0.000000271549       0.0002  CTATCGC
   132      1   -10.4716994466   0.000028326878       0.0228  CTCCCAC
   133      1    -8.7213955752   0.000163059470       0.1311  CTCCCCG
   134      1    -9.7195316841   0.000060098139       0.0483  CTCCTCT
   135      2    -7.4350109181   0.000590222533       0.4745  CTCTCCT
   136      1   -12.6989886156   0.000003054213       0.0025  CTCTCGG
   137      1   -14.8062522961   0.000000371301       0.0003  CTCTGAT
   138      1   -11.2136350435   0.000013489013       0.0108  CTCTTCA
   139      1    -9.3222153150   0.000089415607       0.0719  CTTACCT
   140      1    -8.7881338011   0.000152532358       0.1226  CTTATCA
   141      1    -8.7335427570   0.000161090739       0.1295  CTTCCCA
   142      1    -6.8321453526   0.001078541781       0.8671  CTTCCCC
   143      2    -7.5951628106   0.000502878076       0.4043  CTTCTTC
   144      2    -7.4380007514   0.000588460501       0.4731  CTTCTTT
   145      1    -9.1235254544   0.000109069479       0.0877  CTTGCCG
   146      2    -8.3538602049   0.000235485738       0.1893  CTTGTTT
   147      1    -7.8818703813   0.000377526278       0.3035  CTTTCCC
   148      1    -9.5653714893   0.000070115162       0.0564  CTTTCTC
   149      1    -9.1356384060   0.000107756295       0.0866  CTTTTCA
   150      2    -7.4829121752   0.000562616589       0.4523  CTTTTCT
   151      2    -7.3093984916   0.000669219472       0.5381  CTTTTTC
   152      2    -5.9143491987   0.002700416662       2.1711  CTTTTTT
   153      1    -8.1301325105   0.000294529170       0.2368  GAAAAAC
   154      2    -9.1864702357   0.000102415731       0.0823  GAAAAGC
   155      1    -7.3038422289   0.000672948181       0.5411  GAAAAGG
   156      1    -8.7470593095   0.000158927997       0.1278  GAAAAGT
   157      1    -7.1959661215   0.000749603527       0.6027  GAAAGGA
   158      1    -7.3275875273   0.000657157050       0.5284  GAAAGGG
   159      1   -10.4099146245   0.000030132247       0.0242  GAAATGG
   160      1    -8.5491576387   0.000193708203       0.1557  GAACAAC
   161      1    -8.8740422362   0.000139975628       0.1125  GAACAAT
   162      1    -7.1789367440   0.000762478121       0.6130  GAAGAGA
   163      1    -8.8092144606   0.000149350531       0.1201  GAAGAGC
   164      2    -6.4118967338   0.001641907286       1.3201  GAAGAGG
   165      1    -8.3698035344   0.000231761082       0.1863  GAAGAGT
   166      3    -8.4877264977   0.000205981027       0.1656  GAAGGAG
   167      1    -6.3673933062   0.001716628122       1.3802  GAAGGGG
   168      1    -8.6038457583   0.000183399127       0.1475  GAATAGG
   169      1   -12.0701993110   0.000005727684       0.0046  GAATCAA
   170      1   -11.5634250527   0.000009507543       0.0076  GAATTAT
   171      1    -9.6214215344   0.000066293312       0.0533  GAGAAAG
   172      1    -7.1216177187   0.000807459452       0.6492  GAGAGGG
   173      1    -8.6352535262   0.000177728487       0.1429  GAGAGGT
   174      1    -6.1564259036   0.002119816176       1.7043  GAGGGGG
   175      1   -12.7859596934   0.000002799808       0.0023  GCCATTT
   176      1    -8.9004956707   0.000136321339       0.1096  GGAAGGC
   177      1    -6.9473876427   0.000961142725       0.7728  GGAAGGG
   178      1   -10.8189871746   0.000020015828       0.0161  GGACAGG
   179      1    -9.7332937133   0.000059276732       0.0477  GGAGAAG
   180      1    -8.1674289979   0.000283746593       0.2281  GGAGAGG
   181      1   -13.5244893752   0.000001337793       0.0011  GGAGATT
   182      1    -8.4551121243   0.000212809720       0.1711  GGAGGAG
   183      1    -6.7974915276   0.001116572529       0.8977  GGAGGGA
   184      3    -8.3983358603   0.000225241846       0.1811  GGAGGGC
   185      2    -5.9821365253   0.002523429159       2.0288  GGAGGGG
   186      1   -13.3382088851   0.000001611720       0.0013  GGATATC
   187      1   -10.2369500095   0.000035821940       0.0288  GGATGAT
   188      1    -8.2004974481   0.000274516978       0.2207  GGATGGG
   189      1    -8.6332576563   0.000178083564       0.1432  GGCAGGA
   190      1    -8.4817025423   0.000207225592       0.1666  GGGAAGC
   191      1    -6.5294325331   0.001459834022       1.1737  GGGAAGG
   192      1    -5.7498942915   0.003183117261       2.5592  GGGAGAA
   193      1    -7.5999060503   0.000500498453       0.4024  GGGAGAT
   194      1    -8.4092123611   0.000222805278       0.1791  GGGAGCG
   195      1    -9.5992698597   0.000067778206       0.0545  GGGAGCT
   196      8    -3.9974841123   0.018361776995      14.7629  GGGAGGA
   197      3    -6.0707288574   0.002309489309       1.8568  GGGAGGC
   198      3    -4.1174786667   0.016285523955      13.0936  GGGAGGG
   199      3    -5.6313179312   0.003583848947       2.8814  GGGAGGT
   200      1    -8.3146005680   0.000244914701       0.1969  GGGCAGC
   201      5    -6.1729334662   0.002085110419       1.6764  GGGCGGA
   202      6    -5.9026221746   0.002732270926       2.1967  GGGCGGC
   203      6    -5.8099103585   0.002997698778       2.4101  GGGCGGG
   204      1    -6.2272858423   0.001974804560       1.5877  GGGCGGT
   205      1    -8.5124515917   0.000200950572       0.1616  GGGGAAA
   206      3    -6.3798194932   0.001695428966       1.3631  GGGGAGA
   207      1    -7.9809879004   0.000341901491       0.2749  GGGGAGC
   208      2    -5.5649923309   0.003829609915       3.0790  GGGGAGG
   209      1    -7.3374605432   0.000650700851       0.5232  GGGGCGG
   210      3    -5.6365985687   0.003564973820       2.8662  GGGGGAG
   211     12    -3.9675345385   0.018920022267      15.2117  GGGGGGA
   212      5    -5.5683238893   0.003816872575       3.0688  GGGGGGC
   213     52    -3.1520900509   0.042762657272      34.3812  GGGGGGG
   214      8    -5.1289129631   0.005922995490       4.7621  GGGGGGT
   215      1   -10.0326562283   0.000043941286       0.0353  GGGTAAG
   216      1    -7.7830670356   0.000416732080       0.3351  GGGTAGG
   217      1    -7.7594256670   0.000426701579       0.3431  GGGTGAA
   218      1    -7.4347893749   0.000590353307       0.4746  GGGTGAT
   219      4    -5.3704994324   0.004651807467       3.7401  GGGTGGG
   220      3    -5.2344788235   0.005329601423       4.2850  GGGTGGT
   221      1    -7.3484842426   0.000643567113       0.5174  GGTGGGG
   222      1   -10.4236390807   0.000029721523       0.0239  GGTTGGC
   223      1   -12.7008640053   0.000003048491       0.0025  GTAAGGC
   224      1   -11.9698172113   0.000006332489       0.0051  GTCGTGA
   225      1   -10.1193954056   0.000040290478       0.0324  GTGTGGA
   226      1   -11.2415044107   0.000013118273       0.0105  TAAAGGG
   227      1   -12.5189987329   0.000003656520       0.0029  TAATGGG
   228      1    -9.2551171018   0.000095621095       0.0769  TATATTA
   229      1   -12.6675098024   0.000003151885       0.0025  TATCTGC
   230      1    -9.4147919323   0.000081509422       0.0655  TCCATTG
   231      1    -7.2230723433   0.000729557521       0.5866  TCCCCCT
   232      1    -8.0103632879   0.000332004084       0.2669  TCCCCTT
   233      1    -8.6480048371   0.000175476604       0.1411  TCCCTCC
   234      2    -8.2321600951   0.000265961208       0.2138  TCCCTTC
   235      1    -9.7812278485   0.000056502377       0.0454  TCCCTTG
   236      1   -10.3991873220   0.000030457225       0.0245  TCCGCGG
   237      2    -7.3946883789   0.000614508142       0.4941  TCCTCCC
   238      1    -7.1091508178   0.000817588979       0.6573  TCCTCCT
   239      1    -7.9088934829   0.000367460958       0.2954  TCCTCTC
   240      1    -8.7641181635   0.000156239861       0.1256  TCCTCTG
   241      2    -6.5679340762   0.001404696412       1.1294  TCCTCTT
   242      1    -8.8823869414   0.000138812433       0.1116  TCCTTCT
   243      1    -8.4616339126   0.000211426336       0.1700  TCTATTA
   244      1   -11.6682530968   0.000008561346       0.0069  TCTCCTA
   245      1    -9.8228943583   0.000054196493       0.0436  TCTCTCC
   246      1    -7.9792945279   0.000342480948       0.2754  TCTCTTC
   247      1    -9.5136190914   0.000073839326       0.0594  TCTCTTG
   248      1   -11.8054640599   0.000007463664       0.0060  TCTGTCA
   249      1    -9.1548450448   0.000105706408       0.0850  TCTTTCT
   250      1    -7.5897290199   0.000505618048       0.4065  TCTTTTC
   251      1   -11.9664533624   0.000006353826       0.0051  TGCTTTA
   252      1    -9.9513943374   0.000047661132       0.0383  TGGGTTT
   253      1   -12.6155528942   0.000003319976       0.0027  TGGTAGC
   254      1    -9.7684873470   0.000057226851       0.0460  TGTGTTG
   255      1   -10.8410681060   0.000019578704       0.0157  TTCACTA
   256      1    -8.2501135394   0.000261228896       0.2100  TTCATTT
   257      1   -14.5986119965   0.000000456986       0.0004  TTCCACG
   258      1    -9.4128486680   0.000081667971       0.0657  TTCCCCC
   259      1    -7.8086974680   0.000406186775       0.3266  TTCCTTC
   260      2    -7.5600660938   0.000520840818       0.4188  TTCCTTT
   261      2   -10.4166766886   0.000029929178       0.0241  TTCTCCC
   262      1   -10.1061752015   0.000040826662       0.0328  TTCTTCC
   263      1    -8.9932816087   0.000124241711       0.0999  TTCTTCT
   264      1   -11.4363049760   0.000010796323       0.0087  TTCTTGC
   265      1    -8.8358503173   0.000145424964       0.1169  TTTACTC
   266      1    -8.1180282066   0.000298115904       0.2397  TTTATAG
   267      2    -7.6739378107   0.000464783984       0.3737  TTTATCA
   268      1    -8.3493536746   0.000236549357       0.1902  TTTATCG
   269      1    -8.3549265970   0.000235234752       0.1891  TTTATGG
   270      5    -4.9323817342   0.007209312152       5.7963  TTTATTA
   271      2    -5.8889610824   0.002769852852       2.2270  TTTATTC
   272      1    -5.6062155795   0.003674950634       2.9547  TTTATTG
   273      3    -4.8916912525   0.007508712601       6.0370  TTTATTT
   274      1   -11.0177662882   0.000016407594       0.0132  TTTCCAC
   275      1   -10.9266680093   0.000017972495       0.0144  TTTCCAT
   276      1    -7.3946994437   0.000614501343       0.4941  TTTCCTC
   277      2    -7.1497861297   0.000785031958       0.6312  TTTCCTT
   278      1    -8.1314283813   0.000294147745       0.2365  TTTCTCA
   279      2    -6.4424443615   0.001592509251       1.2804  TTTCTCC
   280      2    -5.7872220101   0.003066489030       2.4655  TTTCTTA
   281      7    -4.4511713411   0.011664895394       9.3786  TTTCTTC
   282      3    -5.9848622006   0.002516560475       2.0233  TTTCTTG
   283     10    -4.2018452728   0.014967931404      12.0342  TTTCTTT
   284      1    -9.4985804361   0.000074958162       0.0603  TTTGGTA
   285      1    -8.3493536746   0.000236549357       0.1902  TTTGTCA
   286      1    -8.5165517369   0.000200128332       0.1609  TTTGTCC
   287      1    -5.6062155795   0.003674950634       2.9547  TTTGTTA
   288      2    -6.0866012728   0.002273121521       1.8276  TTTGTTC
   289      4    -5.2481217543   0.005257383790       4.2269  TTTGTTG
   290      4    -5.0893314430   0.006162138251       4.9544  TTTGTTT
   291      1    -8.4723709324   0.000209168391       0.1682  TTTTCCT
   292      1    -7.6092035661   0.000495866626       0.3987  TTTTCTA
   293      1    -7.0090039874   0.000903708245       0.7266  TTTTCTC
   294      1    -5.5910431375   0.003731133748       2.9998  TTTTCTT
   295      1    -6.8022996245   0.001111216826       0.8934  TTTTTCC
   296      1    -7.7975443824   0.000410742368       0.3302  TTTTTCG
   297      4    -5.6571115874   0.003492590385       2.8080  TTTTTCT
   298      5    -4.6598747859   0.009467647811       7.6120  TTTTTTA
   299     11    -4.0604821275   0.017240704893      13.8615  TTTTTTC
   300      5    -4.8575149763   0.007769767978       6.2469  TTTTTTG
   301     89    -2.6414482356   0.071257996426      57.2914  TTTTTTT

 2

     1     80    -2.7098518414   0.066546665448      53.5035  AAAAAAA
     2     15    -5.1913760628   0.005564344657       4.4737  AAAAAAC
     3     10    -3.7835787880   0.022741159829      18.2839  AAAAAAG
     4      8    -4.7519651366   0.008634710135       6.9423  AAAAAAT
     5      3    -7.0683899725   0.000851603110       0.6847  AAAAACA
     6      2    -5.3837172926   0.004590725104       3.6909  AAAAAGA
     7      3    -6.2357979711   0.001958066111       1.5743  AAAAAGG
     8      3    -5.3335650414   0.004826831448       3.8808  AAAAGAA
     9      2    -7.8147598062   0.000403731782       0.3246  AAAAGAC
    10      1    -6.4062688641   0.001651173777       1.3275  AAAAGAG
    11      6    -5.4183831375   0.004434310525       3.5652  AAACAAA
    12      3    -5.6281781349   0.003595119187       2.8905  AAACAAC
    13      4    -6.0961456464   0.002251529206       1.8102  AAACAAG
    14      3    -5.9528835139   0.002598337364       2.0891  AAACAAT
    15      1    -8.0419640317   0.000321676546       0.2586  AAACAGC
    16      1    -8.0416348725   0.000321782447       0.2587  AAACGAA
    17      1    -8.7173919469   0.000163713608       0.1316  AAACGAG
    18      5    -3.9170482091   0.019899748030      15.9994  AAAGAAA
    19      5    -5.9938674857   0.002493999865       2.0052  AAAGAAC
    20      8    -4.0446594456   0.017515668677      14.0826  AAAGAAG
    21      2    -5.5544565595   0.003870171106       3.1116  AAAGAAT
    22      2    -6.2685593282   0.001894956628       1.5235  AAAGAGA
    23      4    -5.9208437001   0.002682935629       2.1571  AAAGAGG
    24      1   -10.1938798414   0.000037398504       0.0301  AAAGCAC
    25      1    -6.5391934075   0.001445654083       1.1623  AAAGGAA
    26      1    -8.6146571068   0.000181427015       0.1459  AAAGGAC
    27      3    -6.6633503985   0.001276861202       1.0266  AAAGGAG
    28      1   -11.9868668831   0.000006225437       0.0050  AAAGTCG
    29      5    -4.9789722113   0.006881131273       5.5324  AAATAAA
    30      3    -5.6567347203   0.003493906876       2.8091  AAATAAG
    31     11    -4.9600433118   0.007012624096       5.6381  AAATAAT
    32      1    -8.3039329835   0.000247541334       0.1990  AAATACT
    33      3    -7.8606175017   0.000385635667       0.3101  AAATAGG
    34      1    -7.6022239463   0.000499339693       0.4015  AAATGAA
    35      1   -10.7504646919   0.000021435445       0.0172  AAATGGC
    36      1    -9.7128824159   0.000060499079       0.0486  AAATTAC
    37      1   -12.1001632917   0.000005558605       0.0045  AAATTGC
    38      1    -8.3951596395   0.000225958402       0.1817  AAGAAGA
    39      1    -9.2243020670   0.000098613532       0.0793  AAGAAGG
    40      1   -10.9855580385   0.000016944656       0.0136  AAGCAGA
    41      1    -7.0767155756   0.000844542434       0.6790  AAGGAAG
    42      1   -11.0952670540   0.000015184019       0.0122  AAGGAGC
    43      1    -9.2310913224   0.000097946287       0.0787  AAGGGAA
    44      1   -11.2818147100   0.000012599988       0.0101  AAGGGAC
    45      1    -8.8388657657   0.000144987103       0.1166  AAGGGGG
    46      1   -10.8296342581   0.000019803849       0.0159  AAGTAGG
    47      1   -10.9534226484   0.000017498023       0.0141  AAGTGAG
    48      1   -11.0301042080   0.000016206402       0.0130  AAGTGGG
    49      1   -14.3759375650   0.000000570965       0.0005  ACATACG
    50      1    -9.7240254282   0.000059828679       0.0481  ACCACCC
    51      1   -10.3573817364   0.000031757497       0.0255  ACCGCGG
    52      3    -5.9131573842   0.002703636976       2.1737  AGAAAAA
    53      1    -9.3426999647   0.000087602593       0.0704  AGAAGGA
    54      1   -11.4816293267   0.000010317910       0.0083  AGAAGGC
    55      1   -11.4421510823   0.000010733390       0.0086  AGACGAG
    56      1    -7.2467445540   0.000712490090       0.5728  AGAGAAG
    57      1    -9.0066992074   0.000122585819       0.0986  AGAGAGG
    58      1    -8.6825976143   0.000169510173       0.1363  AGAGGGG
    59      1   -11.6996400163   0.000008296805       0.0067  AGATGGC
    60      1    -7.2323546553   0.000722816873       0.5811  AGGAAAG
    61      1    -8.2044962369   0.000273421435       0.2198  AGGAAAT
    62      1    -9.0760328137   0.000114374453       0.0920  AGGCAAC
    63      1    -8.9262160069   0.000132859815       0.1068  AGGCGAA
    64      1    -9.4818167166   0.000076225331       0.0613  AGGCGAG
    65      1    -8.8764597584   0.000139637643       0.1123  AGGCGGA
    66      1    -8.9485029746   0.000129931525       0.1045  AGGCGGT
    67      1   -12.2534475717   0.000004768649       0.0038  AGGCTGG
    68      1    -9.4324250799   0.000080084752       0.0644  AGGGAAC
    69      1    -7.4720210471   0.000568777608       0.4573  AGGGAAG
    70      1   -12.9253804642   0.000002435446       0.0020  AGGGCAC
    71      1   -10.0529974940   0.000043056494       0.0346  AGGGCGG
    72      1    -7.2931389975   0.000680189585       0.5469  AGGGGAG
    73      1    -7.8666103653   0.000383331516       0.3082  AGGGGGT
    74      1   -10.1808912184   0.000037887428       0.0305  AGGTAGG
    75      1    -8.9485029746   0.000129931525       0.1045  AGGTGGC
    76      1    -9.9184588245   0.000049257012       0.0396  ATTATTC
    77      1   -10.7815121764   0.000020780154       0.0167  ATTCAAG
    78      1   -14.2504335830   0.000000647314       0.0005  ATTCCGT
    79      1    -8.7976020088   0.000151094965       0.1215  ATTGTAG
    80      1   -12.3756620170   0.000004220057       0.0034  ATTTGGT
    81      1    -8.3385813871   0.000239111309       0.1922  CAAAAAG
    82      1    -9.0131240856   0.000121800745       0.0979  CAACCCT
    83      1    -8.4711587561   0.000209422094       0.1684  CAAGAAA
    84      1    -9.5283463424   0.000072759844       0.0585  CAATAAA
    85      1   -13.1113686673   0.000002022111       0.0016  CACGCGA
    86      1    -8.8973780619   0.000136746999       0.1099  CACTCCC
    87      1   -15.3349222131   0.000000218841       0.0002  CATATGG
    88      1   -12.5005429209   0.000003724630       0.0030  CCATCAC
    89      1   -10.2245881300   0.000036267515       0.0292  CCATCTT
    90      1    -9.1800655114   0.000103073780       0.0829  CCCAACA
    91      6    -5.5128107191   0.004034750879       3.2439  CCCACCA
    92      4    -5.6986817939   0.003350379038       2.6937  CCCACCC
    93      1    -6.1865840601   0.002056840811       1.6537  CCCACCG
    94      2    -6.0300170370   0.002405452996       1.9340  CCCACCT
    95      1    -7.7850923979   0.000415888901       0.3344  CCCACTA
    96      1    -8.4605080572   0.000211664506       0.1702  CCCACTG
    97      1    -9.5640499739   0.000070207882       0.0564  CCCAGCC
    98      1    -7.9980522001   0.000336116679       0.2702  CCCATCA
    99      1    -9.0724521939   0.000114784719       0.0923  CCCCCAA
   100      2    -5.4360871003   0.004356496498       3.5026  CCCCCCA
   101     30    -3.5340222318   0.029187281438      23.4666  CCCCCCC
   102      5    -5.6337272907   0.003575224560       2.8745  CCCCCCG
   103      2    -4.4091386810   0.012165652327       9.7812  CCCCCCT
   104      1    -6.8115007261   0.001101039301       0.8852  CCCCCTT
   105      1    -8.1194080121   0.000297704846       0.2394  CCCCTCG
   106      1    -6.1865840601   0.002056840811       1.6537  CCCGCCA
   107      5    -5.8963219844   0.002749539092       2.2106  CCCGCCC
   108      3    -5.8285583241   0.002942315790       2.3656  CCCGCCG
   109      1    -8.3854563025   0.000228161624       0.1834  CCCGCTC
   110      1   -10.0515888905   0.000043117186       0.0347  CCCGGCA
   111      3    -5.9284195446   0.002662686923       2.1408  CCCTCCA
   112      4    -4.5865495173   0.010187951144       8.1911  CCCTCCC
   113      5    -4.3476266660   0.012937481137      10.4017  CCCTCCT
   114      1    -8.5789675895   0.000188018990       0.1512  CCCTCGC
   115      1    -8.6106514134   0.000182155213       0.1465  CCCTTCG
   116      1    -6.8314796101   0.001079260052       0.8677  CCCTTCT
   117      1   -10.3997247730   0.000030440860       0.0245  CCCTTTG
   118      1   -12.9753583324   0.000002316720       0.0019  CCGATCG
   119      1   -13.4332368940   0.000001465613       0.0012  CCGCGCA
   120      1    -8.6081556679   0.000182610394       0.1468  CCTACCC
   121      1    -8.5432063751   0.000194864449       0.1567  CCTCCCG
   122      1    -7.3185961104   0.000663092467       0.5331  CCTCCCT
   123      1   -15.8967170596   0.000000124780       0.0001  CCTGAAT
   124      1   -12.7848534920   0.000002802907       0.0023  CCTGACT
   125      1    -8.7379897547   0.000160375959       0.1289  CCTGCCG
   126      1   -11.4169323296   0.000011007515       0.0089  CCTGTCT
   127      1   -12.6108915278   0.000003335488       0.0027  CGCCTCG
   128      1    -8.5372513751   0.000196028329       0.1576  CGGAGGA
   129      1   -10.2600802006   0.000035002880       0.0281  CGGCCCA
   130      1    -7.6989408099   0.000453307067       0.3645  CGGGGGG
   131      1   -15.1191292004   0.000000271547       0.0002  CTATCGC
   132      1   -10.4717064367   0.000028326680       0.0228  CTCCCAC
   133      1    -8.7213989224   0.000163058925       0.1311  CTCCCCG
   134      1    -9.7195314425   0.000060098153       0.0483  CTCCTCT
   135      2    -7.4350126466   0.000590221513       0.4745  CTCTCCT
   136      1   -12.6989945316   0.000003054195       0.0025  CTCTCGG
   137      1   -14.8062557179   0.000000371300       0.0003  CTCTGAT
   138      1   -11.2136336213   0.000013489032       0.0108  CTCTTCA
   139      1    -9.3222156033   0.000089415581       0.0719  CTTACCT
   140      1    -8.7881308386   0.000152532810       0.1226  CTTATCA
   141      1    -8.7335446467   0.000161090434       0.1295  CTTCCCA
   142      1    -6.8321495121   0.001078537295       0.8671  CTTCCCC
   143      2    -7.5951585921   0.000502880198       0.4043  CTTCTTC
   144      2    -7.4379962672   0.000588463140       0.4731  CTTCTTT
   145      1    -9.1235270686   0.000109069303       0.0877  CTTGCCG
   146      2    -8.3538572308   0.000235486439       0.1893  CTTGTTT
   147      1    -7.8818718117   0.000377525738       0.3035  CTTTCCC
   148      1    -9.5653693501   0.000070115312       0.0564  CTTTCTC
   149      1    -9.1356338493   0.000107756786       0.0866  CTTTTCA
   150      2    -7.4829084346   0.000562618694       0.4523  CTTTTCT
   151      2    -7.3093936573   0.000669222707       0.5381  CTTTTTC
   152      2    -5.9143471063   0.002700422312       2.1711  CTTTTTT
   153      1    -8.1301287079   0.000294530290       0.2368  GAAAAAC
   154      2    -9.1864658743   0.000102416178       0.0823  GAAAAGC
   155      1    -7.3038391121   0.000672950278       0.5411  GAAAAGG
   156      1    -8.7470549481   0.000158928690       0.1278  GAAAAGT
   157      1    -7.1959664475   0.000749603283       0.6027  GAAAGGA
   158      1    -7.3275887090   0.000657156273       0.5284  GAAAGGG
   159      1   -10.4099134407   0.000030132283       0.0242  GAAATGG
   160      1    -8.5491540970   0.000193708889       0.1557  GAACAAC
   161      1    -8.8740367047   0.000139976402       0.1125  GAACAAT
   162      1    -7.1789333420   0.000762480715       0.6130  GAAGAGA
   163      1    -8.8092118565   0.000149350920       0.1201  GAAGAGC
   164      2    -6.4118963670   0.001641907888       1.3201  GAAGAGG
   165      1    -8.3698009303   0.000231761686       0.1863  GAAGAGT
   166      3    -8.4877268799   0.000205980948       0.1656  GAAGGAG
   167      1    -6.3673972079   0.001716621425       1.3802  GAAGGGG
   168      1    -8.6038440942   0.000183399432       0.1475  GAATAGG
   169      1   -12.0701962117   0.000005727702       0.0046  GAATCAA
   170      1   -11.5634212024   0.000009507580       0.0076  GAATTAT
   171      1    -9.6214194713   0.000066293449       0.0533  GAGAAAG
   172      1    -7.1216205192   0.000807457190       0.6492  GAGAGGG
   173      1    -8.6352548406   0.000177728253       0.1429  GAGAGGT
   174      1    -6.1564313874   0.002119804551       1.7043  GAGGGGG
   175      1   -12.7859598172   0.000002799808       0.0023  GCCATTT
   176      1    -8.9004952342   0.000136321399       0.1096  GGAAGGC
   177      1    -6.9473886916   0.000961141717       0.7728  GGAAGGG
   178      1   -10.8189878701   0.000020015815       0.0161  GGACAGG
   179      1    -9.7332937325   0.000059276730       0.0477  GGAGAAG
   180      1    -8.1674309300   0.000283746044       0.2281  GGAGAGG
   181      1   -13.5244919804   0.000001337789       0.0011  GGAGATT
   182      1    -8.4551154861   0.000212809005       0.1711  GGAGGAG
   183      1    -6.7974921849   0.001116571795       0.8977  GGAGGGA
   184      3    -8.3983373743   0.000225241505       0.1811  GGAGGGC
   185      2    -5.9821402567   0.002523419743       2.0288  GGAGGGG
   186      1   -13.3382121767   0.000001611714       0.0013  GGATATC
   187      1   -10.2369521884   0.000035821862       0.0288  GGATGAT
   188      1    -8.2004999495   0.000274516291       0.2207  GGATGGG
   189      1    -8.6332596740   0.000178083205       0.1432  GGCAGGA
   190      1    -8.4816979447   0.000207226545       0.1666  GGGAAGC
   191      1    -6.5294294152   0.001459838574       1.1737  GGGAAGG
   192      1    -5.7498963967   0.003183110560       2.5592  GGGAGAA
   193      1    -7.5999061132   0.000500498421       0.4024  GGGAGAT
   194      1    -8.4092130248   0.000222805130       0.1791  GGGAGCG
   195      1    -9.5992706390   0.000067778153       0.0545  GGGAGCT
   196      8    -3.9974822818   0.018361810605      14.7629  GGGAGGA
   197      3    -6.0707263682   0.002309495057       1.8568  GGGAGGC
   198      3    -4.1174776630   0.016285540300      13.0936  GGGAGGG
   199      3    -5.6313154420   0.003583857868       2.8814  GGGAGGT
   200      1    -8.3145979265   0.000244915348       0.1969  GGGCAGC
   201      5    -6.1729315725   0.002085114368       1.6764  GGGCGGA
   202      6    -5.9026216463   0.002732272369       2.1967  GGGCGGC
   203      6    -5.8099108071   0.002997697434       2.4101  GGGCGGG
   204      1    -6.2272833266   0.001974809528       1.5877  GGGCGGT
   205      1    -8.5124490685   0.000200951079       0.1616  GGGGAAA
   206      3    -6.3798159838   0.001695434915       1.3631  GGGGAGA
   207      1    -7.9809852459   0.000341902399       0.2749  GGGGAGC
   208      2    -5.5649918934   0.003829611590       3.0790  GGGGAGG
   209      1    -7.3374616850   0.000650700108       0.5232  GGGGCGG
   210      3    -5.6365999536   0.003564968883       2.8662  GGGGGAG
   211     12    -3.9675331428   0.018920048672      15.2117  GGGGGGA
   212      5    -5.5683233503   0.003816874632       3.0688  GGGGGGC
   213     52    -3.1520917292   0.042762585502      34.3811  GGGGGGG
   214      8    -5.1289124241   0.005922998683       4.7621  GGGGGGT
   215      1   -10.0326544964   0.000043941362       0.0353  GGGTAAG
   216      1    -7.7830653683   0.000416732775       0.3351  GGGTAGG
   217      1    -7.7594262834   0.000426701316       0.3431  GGGTGAA
   218      1    -7.4347896313   0.000590353156       0.4746  GGGTGAT
   219      4    -5.3704998809   0.004651805380       3.7401  GGGTGGG
   220      3    -5.2344778888   0.005329606405       4.2850  GGGTGGT
   221      1    -7.3484897690   0.000643563556       0.5174  GGTGGGG
   222      1   -10.4236404131   0.000029721484       0.0239  GGTTGGC
   223      1   -12.7008691868   0.000003048475       0.0025  GTAAGGC
   224      1   -11.9698175479   0.000006332487       0.0051  GTCGTGA
   225      1   -10.1193992400   0.000040290323       0.0324  GTGTGGA
   226      1   -11.2415035069   0.000013118285       0.0105  TAAAGGG
   227      1   -12.5189994135   0.000003656517       0.0029  TAATGGG
   228      1    -9.2551218645   0.000095620640       0.0769  TATATTA
   229      1   -12.6675163487   0.000003151865       0.0025  TATCTGC
   230      1    -9.4147913679   0.000081509468       0.0655  TCCATTG
   231      1    -7.2230677278   0.000729560888       0.5866  TCCCCCT
   232      1    -8.0103595569   0.000332005323       0.2669  TCCCCTT
   233      1    -8.6480030074   0.000175476925       0.1411  TCCCTCC
   234      2    -8.2321602069   0.000265961178       0.2138  TCCCTTC
   235      1    -9.7812270570   0.000056502422       0.0454  TCCCTTG
   236      1   -10.3991905443   0.000030457127       0.0245  TCCGCGG
   237      2    -7.3946842975   0.000614510650       0.4941  TCCTCCC
   238      1    -7.1091458053   0.000817593078       0.6573  TCCTCCT
   239      1    -7.9088895337   0.000367462409       0.2954  TCCTCTC
   240      1    -8.7641150810   0.000156240342       0.1256  TCCTCTG
   241      2    -6.5679328529   0.001404698131       1.1294  TCCTCTT
   242      1    -8.8823850805   0.000138812691       0.1116  TCCTTCT
   243      1    -8.4616367560   0.000211425735       0.1700  TCTATTA
   244      1   -11.6682513865   0.000008561361       0.0069  TCTCCTA
   245      1    -9.8229001931   0.000054196177       0.0436  TCTCTCC
   246      1    -7.9792965885   0.000342480242       0.2754  TCTCTTC
   247      1    -9.5136202128   0.000073839244       0.0594  TCTCTTG
   248      1   -11.8054659101   0.000007463651       0.0060  TCTGTCA
   249      1    -9.1548492259   0.000105705966       0.0850  TCTTTCT
   250      1    -7.5897309464   0.000505617074       0.4065  TCTTTTC
   251      1   -11.9664600880   0.000006353784       0.0051  TGCTTTA
   252      1    -9.9513985311   0.000047660932       0.0383  TGGGTTT
   253      1   -12.6155473819   0.000003319995       0.0027  TGGTAGC
   254      1    -9.7684923033   0.000057226567       0.0460  TGTGTTG
   255      1   -10.8410676683   0.000019578713       0.0157  TTCACTA
   256      1    -8.2501156811   0.000261228336       0.2100  TTCATTT
   257      1   -14.5986128208   0.000000456986       0.0004  TTCCACG
   258      1    -9.4128511442   0.000081667769       0.0657  TTCCCCC
   259      1    -7.8086978075   0.000406186637       0.3266  TTCCTTC
   260      2    -7.5600666697   0.000520840518       0.4188  TTCCTTT
   261      2   -10.4166764188   0.000029929186       0.0241  TTCTCCC
   262      1   -10.1061765718   0.000040826606       0.0328  TTCTTCC
   263      1    -8.9932842350   0.000124241385       0.0999  TTCTTCT
   264      1   -11.4363068450   0.000010796302       0.0087  TTCTTGC
   265      1    -8.8358462243   0.000145425559       0.1169  TTTACTC
   266      1    -8.1180313168   0.000298114977       0.2397  TTTATAG
   267      2    -7.6739380511   0.000464783872       0.3737  TTTATCA
   268      1    -8.3493523532   0.000236549669       0.1902  TTTATCG
   269      1    -8.3549300203   0.000235233947       0.1891  TTTATGG
   270      5    -4.9323808183   0.007209318755       5.7963  TTTATTA
   271      2    -5.8889590427   0.002769858501       2.2270  TTTATTC
   272      1    -5.6062131196   0.003674959674       2.9547  TTTATTG
   273      3    -4.8916913598   0.007508711796       6.0370  TTTATTT
   274      1   -11.0177653941   0.000016407609       0.0132  TTTCCAC
   275      1   -10.9266662202   0.000017972527       0.0144  TTTCCAT
   276      1    -7.3946957131   0.000614503635       0.4941  TTTCCTC
   277      2    -7.1497826086   0.000785034723       0.6312  TTTCCTT
   278      1    -8.1314289590   0.000294147576       0.2365  TTTCTCA
   279      2    -6.4424476345   0.001592504039       1.2804  TTTCTCC
   280      2    -5.7872193743   0.003066497113       2.4655  TTTCTTA
   281      7    -4.4511696459   0.011664915168       9.3786  TTTCTTC
   282      3    -5.9848595648   0.002516567108       2.0233  TTTCTTG
   283     10    -4.2018438149   0.014967953227      12.0342  TTTCTTT
   284      1    -9.4985775141   0.000074958381       0.0603  TTTGGTA
   285      1    -8.3493523532   0.000236549669       0.1902  TTTGTCA
   286      1    -8.5165529291   0.000200128093       0.1609  TTTGTCC
   287      1    -5.6062131196   0.003674959674       2.9547  TTTGTTA
   288      2    -6.0865992332   0.002273126157       1.8276  TTTGTTC
   289      4    -5.2481210320   0.005257387587       4.2269  TTTGTTG
   290      4    -5.0893315503   0.006162137590       4.9544  TTTGTTT
   291      1    -8.4723694378   0.000209168704       0.1682  TTTTCCT
   292      1    -7.6092006431   0.000495868076       0.3987  TTTTCTA
   293      1    -7.0090000922   0.000903711765       0.7266  TTTTCTC
   294      1    -5.5910420580   0.003731137776       2.9998  TTTTCTT
   295      1    -6.8022991762   0.001111217324       0.8934  TTTTTCC
   296      1    -7.7975436213   0.000410742680       0.3302  TTTTTCG
   297      4    -5.6571123214   0.003492587822       2.8080  TTTTTCT
   298      5    -4.6598739288   0.009467655925       7.6120  TTTTTTA
   299     11    -4.0604802947   0.017240736493      13.8616  TTTTTTC
   300      5    -4.8575141193   0.007769774637       6.2469  TTTTTTG
   301     89    -2.6414492225   0.071257926103      57.2914  TTTTTTT