

TREE #  1

  0  0.0000   4560.526172  x:  0.07829   0.00000   0.06962   0.00824   0.02503   0.03064   0.03648   0.05221   0.05117   0.06611   0.03408   0.22897   0.02389   0.06847   0.04765   0.03488   0.03972   0.05651   0.04261   0.06302   0.08492   0.07902   0.06962   0.05328   2.19616  
  1 99.0000   4560.516085  x:  0.07829   0.00000   0.06962   0.00824   0.02503   0.03064   0.03648   0.05220   0.05116   0.06610   0.03408   0.22897   0.02389   0.06847   0.04765   0.03488   0.03972   0.05651   0.04261   0.06302   0.08492   0.07902   0.06962   0.05328   2.19616  
  2 1130.1649   4536.653933  x:  0.07207   0.00000   0.06703   0.03871   0.01764   0.00364   0.03286   0.03387   0.05202   0.05749   0.03302   0.24599   0.01168   0.07177   0.04776   0.02864   0.03895   0.05528   0.04154   0.06292   0.07971   0.07246   0.07072   0.04706   2.20107  
  3 1375.6087   4532.656208  x:  0.06858   0.00000   0.06544   0.04766   0.01507   0.01381   0.03318   0.02396   0.05349   0.05308   0.03021   0.25914   0.00565   0.07383   0.04852   0.02605   0.03896   0.05482   0.04105   0.06292   0.07645   0.06800   0.07189   0.04357   2.20555  
  4 529.6760   4527.948527  x:  0.06591   0.00000   0.06479   0.04648   0.02038   0.01294   0.04229   0.02720   0.05532   0.04841   0.02334   0.30124   0.01684   0.07897   0.05305   0.02855   0.04191   0.05588   0.04138   0.06333   0.07077   0.05875   0.07707   0.04090   2.22403  
  5 259.9507   4525.569818  x:  0.06907   0.00000   0.06681   0.04270   0.02415   0.01216   0.03945   0.02956   0.05453   0.05410   0.03267   0.32781   0.00831   0.07588   0.05368   0.03283   0.04160   0.05695   0.04194   0.06290   0.07253   0.06110   0.07421   0.04406   2.24524  
  6 211.9704   4523.987325  x:  0.07480   0.00000   0.06790   0.04417   0.01674   0.01291   0.03679   0.02768   0.05484   0.05837   0.03085   0.33954   0.01306   0.07091   0.04961   0.02998   0.04108   0.05664   0.04282   0.06245   0.07732   0.07030   0.07393   0.04980   2.27595  
  7 153.8098   4519.964837  x:  0.07457   0.00000   0.05756   0.04636   0.01839   0.01242   0.04242   0.03655   0.05842   0.05866   0.02137   0.34349   0.00465   0.06374   0.04504   0.02470   0.04061   0.05377   0.04215   0.06438   0.08449   0.07952   0.07784   0.04958   2.38162  
  8 225.9886   4502.566607  x:  0.06636   0.00000   0.03319   0.04049   0.02660   0.01197   0.04158   0.02458   0.05990   0.04376   0.04434   0.33685   0.01419   0.05825   0.04852   0.02334   0.03881   0.04890   0.04001   0.06877   0.09760   0.08961   0.10133   0.04142   2.91276  
  9 1114.7016   4474.527363  x:  0.07182   0.00000   0.07954   0.04040   0.01319   0.01133   0.03801   0.02647   0.04751   0.05158   0.03166   0.31133   0.00174   0.07491   0.05812   0.03697   0.04331   0.06609   0.05009   0.06484   0.07838   0.05765   0.11154   0.04698   3.81978  
 10 2570.5728   4469.495935  x:  0.07273   0.00000   0.08510   0.04205   0.02438   0.01148   0.03266   0.02437   0.05441   0.05801   0.02760   0.30715   0.00712   0.08155   0.05458   0.03112   0.03989   0.05982   0.04028   0.06008   0.06571   0.05299   0.08924   0.04790   3.97134  
 11 1129.6500   4467.882940  x:  0.07025   0.00000   0.08529   0.04301   0.01998   0.01202   0.03668   0.02665   0.05409   0.05424   0.02902   0.30625   0.00927   0.08539   0.05627   0.03295   0.04214   0.05777   0.04046   0.06150   0.06412   0.05464   0.07002   0.04543   4.01712  
 12 401.8532   4467.818447  x:  0.06958   0.00000   0.08512   0.04313   0.02099   0.01199   0.03591   0.02599   0.05371   0.05471   0.02796   0.30626   0.00966   0.08606   0.05649   0.03335   0.04194   0.05872   0.04183   0.06172   0.06589   0.05460   0.06856   0.04476   4.01899  
 13 39.9539   4467.804285  x:  0.06924   0.00000   0.08543   0.04338   0.02085   0.01214   0.03570   0.02654   0.05330   0.05470   0.02815   0.30637   0.00981   0.08660   0.05623   0.03300   0.04125   0.05890   0.04131   0.06165   0.06677   0.05434   0.06849   0.04441   4.01928  
 14  8.9190   4467.710618  x:  0.06890   0.00000   0.08734   0.04241   0.02129   0.01175   0.03762   0.02528   0.05381   0.05491   0.02859   0.30662   0.00927   0.08851   0.05447   0.03193   0.04169   0.05874   0.04071   0.06317   0.06821   0.05491   0.06873   0.04409   4.02043  
 15  3.9171   4466.443761  x:  0.06671   0.00000   0.09292   0.04086   0.02240   0.01170   0.03084   0.02864   0.05829   0.04816   0.02912   0.31007   0.00806   0.09329   0.05089   0.02924   0.04391   0.05567   0.04567   0.06466   0.06729   0.06004   0.07061   0.04216   4.03492  
 16 13.0670   4450.850461  x:  0.05468   0.00000   0.10119   0.02338   0.01836   0.00368   0.02906   0.01603   0.05187   0.03759   0.01857   0.34698   0.00000   0.08757   0.05510   0.03931   0.03033   0.04142   0.03700   0.04374   0.06746   0.07649   0.07209   0.03344   4.22219  
 17 133.5348   4450.850461  x:  0.05468   0.00000   0.10119   0.02338   0.01836   0.00368   0.02906   0.01603   0.05187   0.03759   0.01857   0.34698   0.00000   0.08757   0.05510   0.03931   0.03033   0.04142   0.03700   0.04374   0.06746   0.07649   0.07209   0.03344   4.22219  
 18 947.2520   4440.334364  x:  0.05566   0.00000   0.09217   0.00755   0.01125   0.01285   0.02472   0.02332   0.04773   0.03958   0.01590   0.34934   0.00154   0.08642   0.05142   0.02944   0.03427   0.04653   0.03747   0.05193   0.06664   0.07096   0.07130   0.03442   4.22262  
 19 702.8451   4435.780888  x:  0.05633   0.00000   0.08236   0.00388   0.00922   0.00535   0.02180   0.02383   0.04450   0.04115   0.01967   0.35198   0.00144   0.08534   0.04827   0.02063   0.03617   0.04997   0.03729   0.05765   0.06628   0.06564   0.07056   0.03509   4.22311  
 20 609.0930   4433.832695  x:  0.05694   0.00000   0.07389   0.00834   0.00929   0.00590   0.02064   0.02449   0.04255   0.04261   0.02150   0.35439   0.00165   0.08447   0.04602   0.01487   0.03739   0.05245   0.03699   0.06194   0.06627   0.06144   0.07014   0.03570   4.22357  
 21 732.9599   4432.180433  x:  0.05776   0.00000   0.05993   0.00742   0.01286   0.00683   0.02424   0.02095   0.04256   0.04381   0.02117   0.35905   0.00196   0.08341   0.04526   0.01709   0.03681   0.05357   0.03561   0.06510   0.06773   0.05664   0.07020   0.03652   4.22451  
 22 300.9670   4431.661739  x:  0.05828   0.00000   0.05424   0.00831   0.00979   0.00604   0.02414   0.02113   0.04316   0.04337   0.01985   0.36217   0.00377   0.08305   0.04598   0.01910   0.03579   0.05317   0.03521   0.06513   0.06846   0.05566   0.07090   0.03704   4.22519  
 23 211.1959   4431.409435  x:  0.05867   0.00000   0.05101   0.00801   0.00982   0.00654   0.02235   0.02238   0.04434   0.04287   0.02138   0.36659   0.00293   0.08259   0.04739   0.01907   0.03428   0.05192   0.03555   0.06338   0.06868   0.05622   0.07199   0.03743   4.22624  
 24 102.7849   4431.191243  x:  0.05939   0.00000   0.05026   0.00778   0.01012   0.00654   0.02362   0.02221   0.04441   0.04352   0.02101   0.37466   0.00416   0.08171   0.04816   0.01709   0.03436   0.05110   0.03653   0.06151   0.06838   0.05743   0.07391   0.03815   4.22833  
 25 81.6861   4430.954381  x:  0.05968   0.00000   0.05071   0.00801   0.00949   0.00640   0.02376   0.02169   0.04355   0.04416   0.02018   0.38514   0.00199   0.08037   0.04799   0.01746   0.03584   0.05128   0.03695   0.06106   0.06811   0.05811   0.07529   0.03844   4.23132  
 26 146.4749   4430.793353  x:  0.05964   0.00000   0.05194   0.00803   0.01012   0.00640   0.02272   0.02185   0.04316   0.04405   0.02097   0.39350   0.00310   0.07964   0.04722   0.01889   0.03674   0.05189   0.03634   0.06178   0.06808   0.05804   0.07576   0.03840   4.23406  
 27 163.0056   4430.711161  x:  0.05889   0.00000   0.05294   0.00802   0.00995   0.00640   0.02348   0.02219   0.04405   0.04296   0.02103   0.39806   0.00301   0.08005   0.04658   0.01857   0.03537   0.05206   0.03528   0.06258   0.06811   0.05741   0.07454   0.03765   4.23641  
 28 65.1920   4430.685127  x:  0.05863   0.00000   0.05316   0.00803   0.01016   0.00639   0.02288   0.02170   0.04414   0.04300   0.02043   0.39938   0.00314   0.08086   0.04685   0.01838   0.03485   0.05203   0.03574   0.06286   0.06823   0.05723   0.07348   0.03739   4.23801  
 29 34.2795   4430.660592  x:  0.05858   0.00000   0.05323   0.00806   0.01006   0.00636   0.02327   0.02208   0.04378   0.04333   0.02082   0.40028   0.00318   0.08206   0.04744   0.01861   0.03495   0.05192   0.03642   0.06302   0.06840   0.05712   0.07226   0.03734   4.24070  
 30 31.8017   4430.605370  x:  0.05893   0.00000   0.05315   0.00799   0.00968   0.00666   0.02313   0.02143   0.04358   0.04342   0.02119   0.40083   0.00317   0.08393   0.04760   0.01836   0.03594   0.05139   0.03498   0.06223   0.06826   0.05698   0.07147   0.03769   4.25024  
 31 29.7806   4430.481075  x:  0.05918   0.00000   0.05283   0.00809   0.01069   0.00601   0.02296   0.02290   0.04387   0.04330   0.01992   0.40131   0.00295   0.08610   0.04704   0.01838   0.03708   0.05151   0.03403   0.06110   0.06786   0.05659   0.07142   0.03794   4.27356  
 32 146.7958   4429.567829  x:  0.05844   0.00000   0.05255   0.00800   0.00988   0.00655   0.02315   0.02172   0.04588   0.04095   0.02110   0.40283   0.00256   0.09244   0.04270   0.01922   0.03787   0.05549   0.03796   0.05746   0.06599   0.05409   0.07546   0.03721   4.45010  
 33 452.2896   4426.363648  x:  0.05678   0.00000   0.05440   0.00805   0.00980   0.00627   0.02319   0.02202   0.04082   0.04756   0.02121   0.40640   0.00181   0.09095   0.04763   0.01931   0.03022   0.05388   0.03409   0.06400   0.06788   0.05681   0.08271   0.03558   5.08647  
 34 1507.6359   4424.980406  x:  0.05933   0.00000   0.05457   0.00820   0.01026   0.00591   0.02341   0.02149   0.04584   0.04296   0.02086   0.40767   0.00215   0.08235   0.05018   0.01821   0.03550   0.05033   0.03601   0.06723   0.06986   0.05884   0.07692   0.03813   5.35588  
 35 2053.9777   4424.789494  x:  0.05961   0.00000   0.05426   0.00815   0.01028   0.00606   0.02332   0.02170   0.04388   0.04298   0.02078   0.40780   0.00262   0.07885   0.04859   0.01850   0.03474   0.05080   0.03602   0.06387   0.06958   0.05873   0.07313   0.03842   5.39343  
 36 335.7950   4424.786014  x:  0.05934   0.00000   0.05420   0.00814   0.01021   0.00605   0.02331   0.02171   0.04421   0.04339   0.02083   0.40780   0.00267   0.07870   0.04863   0.01850   0.03491   0.05098   0.03594   0.06371   0.06953   0.05879   0.07299   0.03815   5.39411  
 37 12.4200   4424.785921  x:  0.05928   0.00000   0.05417   0.00814   0.01022   0.00605   0.02331   0.02171   0.04417   0.04333   0.02082   0.40780   0.00268   0.07869   0.04867   0.01850   0.03494   0.05100   0.03593   0.06370   0.06950   0.05882   0.07299   0.03809   5.39413  
 38  1.1780   4424.784903  x:  0.05933   0.00000   0.05416   0.00815   0.01022   0.00604   0.02332   0.02170   0.04421   0.04336   0.02083   0.40782   0.00269   0.07869   0.04873   0.01856   0.03489   0.05097   0.03594   0.06376   0.06902   0.05882   0.07295   0.03814   5.39470  
 39  0.2178   4424.627831  x:  0.05925   0.00000   0.05509   0.00832   0.01044   0.00538   0.02355   0.02103   0.04465   0.04289   0.02109   0.41066   0.00237   0.08079   0.05014   0.01917   0.03465   0.05175   0.03591   0.06052   0.06916   0.05738   0.07406   0.03836   5.48172  
 40  4.4258   4424.585517  x:  0.05873   0.00000   0.05476   0.00835   0.01044   0.00522   0.02360   0.02089   0.04466   0.04304   0.02124   0.41144   0.00235   0.08176   0.04843   0.01948   0.03467   0.05037   0.03627   0.06020   0.06917   0.05872   0.07417   0.03792   5.50582  
 41 176.8501   4424.584634  x:  0.05881   0.00000   0.05471   0.00835   0.01044   0.00521   0.02362   0.02087   0.04469   0.04301   0.02125   0.41145   0.00234   0.08183   0.04840   0.01948   0.03461   0.05060   0.03622   0.06023   0.06920   0.05902   0.07413   0.03800   5.50632  
 42  6.5938   4424.559827  x:  0.05871   0.00000   0.05470   0.00842   0.01042   0.00569   0.02367   0.02109   0.04482   0.04295   0.02094   0.41289   0.00234   0.08250   0.04830   0.01971   0.03472   0.05078   0.03624   0.06023   0.06889   0.05891   0.07452   0.03817   5.56061  
 43  0.0717   4424.556908  x:  0.05871   0.00000   0.05452   0.00843   0.01042   0.00559   0.02366   0.02107   0.04480   0.04296   0.02099   0.41332   0.00233   0.08232   0.04827   0.01961   0.03472   0.05089   0.03619   0.06058   0.06902   0.05873   0.07462   0.03822   5.58333  
 44  0.0233   4424.556842  x:  0.05873   0.00000   0.05457   0.00844   0.01042   0.00559   0.02365   0.02108   0.04478   0.04297   0.02099   0.41323   0.00234   0.08229   0.04829   0.01959   0.03470   0.05088   0.03619   0.06054   0.06902   0.05877   0.07459   0.03818   5.58503  
 45  0.0017   4424.556842  x:  0.05875   0.00000   0.05457   0.00844   0.01042   0.00559   0.02365   0.02108   0.04478   0.04297   0.02099   0.41322   0.00234   0.08229   0.04829   0.01959   0.03470   0.05087   0.03619   0.06054   0.06902   0.05877   0.07459   0.03817   5.58503  

TREE #  2

  0  0.0000   4617.437476  x:  0.05870   0.00000   0.03415   0.03338   0.06027   0.05264   0.07091   0.04886   0.02195   0.08449   0.06578   0.16578   0.02924   0.03069   0.05338   0.04930   0.02312   0.07280   0.06153   0.07732   0.09026   0.07787   0.04691   0.05360   5.58503  
  1 99.0000   4474.820281  x:  0.05332   0.00871   0.04968   0.00000   0.02674   0.01553   0.03925   0.01980   0.04662   0.05981   0.03688   0.21305   0.00951   0.08256   0.05024   0.02745   0.02604   0.05854   0.04461   0.07032   0.08033   0.07216   0.06853   0.04822   5.58493  
  2 1731.2163   4457.632043  x:  0.05180   0.00937   0.05244   0.01593   0.01621   0.00260   0.02994   0.01650   0.04816   0.05306   0.02965   0.22691   0.00336   0.08843   0.04875   0.02182   0.02828   0.05505   0.04033   0.06811   0.07736   0.06941   0.07123   0.04670   5.58488  
  3 1939.8550   4450.274172  x:  0.05084   0.00541   0.05274   0.01896   0.00875   0.00931   0.02456   0.02066   0.04612   0.04830   0.02344   0.23870   0.00000   0.08713   0.04768   0.01911   0.03088   0.05314   0.03795   0.06626   0.07512   0.06645   0.07099   0.04575   5.58483  
  4 909.9319   4444.975287  x:  0.05072   0.00000   0.05243   0.01701   0.00737   0.00587   0.02290   0.02470   0.04230   0.04533   0.02049   0.25080   0.00273   0.08208   0.04711   0.01887   0.03330   0.05232   0.03699   0.06454   0.07337   0.06347   0.06956   0.04562   5.58476  
  5 716.9924   4444.975287  x:  0.05072   0.00000   0.05243   0.01701   0.00737   0.00587   0.02290   0.02470   0.04230   0.04533   0.02049   0.25080   0.00273   0.08208   0.04711   0.01887   0.03330   0.05232   0.03699   0.06454   0.07337   0.06347   0.06956   0.04562   5.58476  
  6 633.1237   4440.338641  x:  0.05081   0.00025   0.05401   0.00568   0.01238   0.00570   0.02357   0.02106   0.04385   0.04440   0.02116   0.26123   0.00291   0.08252   0.04740   0.01905   0.03353   0.05168   0.03642   0.06346   0.07226   0.06205   0.07041   0.04571   5.58471  
  7 448.9958   4432.808875  x:  0.05090   0.00258   0.06187   0.01160   0.01336   0.00313   0.02501   0.01386   0.04854   0.03918   0.02434   0.31580   0.00215   0.08453   0.04833   0.01989   0.03481   0.04919   0.03451   0.05849   0.06705   0.05575   0.07454   0.04580   5.58440  
  8 423.7761   4429.679392  x:  0.05073   0.00078   0.06464   0.01238   0.01138   0.01081   0.02539   0.01815   0.04966   0.03769   0.02332   0.34705   0.00112   0.08550   0.04886   0.02031   0.03554   0.04846   0.03424   0.05640   0.06474   0.05311   0.07629   0.04563   5.58421  
  9 1426.5877   4428.947910  x:  0.05069   0.00000   0.06457   0.01213   0.01077   0.01020   0.02522   0.01911   0.04938   0.03790   0.02280   0.35036   0.00107   0.08556   0.04892   0.02032   0.03560   0.04856   0.03439   0.05640   0.06470   0.05312   0.07632   0.04559   5.58419  
 10 785.7191   4427.879993  x:  0.05086   0.00000   0.06110   0.01354   0.01322   0.01062   0.02274   0.01820   0.04533   0.04337   0.02135   0.36334   0.00356   0.08503   0.04882   0.01988   0.03518   0.05063   0.03612   0.05922   0.06728   0.05684   0.07486   0.04576   5.58409  
 11 258.6851   4427.607140  x:  0.05084   0.00000   0.05852   0.01345   0.01223   0.01088   0.02428   0.01697   0.04421   0.04348   0.02245   0.36733   0.00175   0.08407   0.04845   0.01957   0.03447   0.05109   0.03595   0.06080   0.06894   0.05871   0.07354   0.04574   5.58405  
 12 130.1103   4427.521068  x:  0.05115   0.00000   0.05723   0.01345   0.01201   0.01079   0.02479   0.01732   0.04463   0.04245   0.02363   0.36918   0.00311   0.08327   0.04803   0.01928   0.03401   0.05093   0.03541   0.06149   0.06987   0.05957   0.07310   0.04605   5.58403  
 13 73.5796   4427.484967  x:  0.05133   0.00000   0.05646   0.01367   0.01235   0.01068   0.02385   0.01736   0.04551   0.04173   0.02344   0.37050   0.00278   0.08240   0.04770   0.01934   0.03392   0.05059   0.03519   0.06162   0.07028   0.05968   0.07302   0.04623   5.58400  
 14 34.0747   4427.448574  x:  0.05160   0.00000   0.05636   0.01390   0.01203   0.01062   0.02431   0.01676   0.04611   0.04173   0.02260   0.37274   0.00307   0.08120   0.04751   0.01944   0.03416   0.05026   0.03549   0.06130   0.07031   0.05931   0.07359   0.04650   5.58393  
 15 22.4218   4427.408000  x:  0.05174   0.00000   0.05677   0.01439   0.01267   0.01022   0.02486   0.01707   0.04612   0.04204   0.02315   0.37570   0.00273   0.08020   0.04762   0.01946   0.03436   0.05010   0.03568   0.06076   0.07000   0.05879   0.07440   0.04664   5.58384  
 16 41.8713   4427.378194  x:  0.05165   0.00000   0.05742   0.01447   0.01218   0.01016   0.02421   0.01669   0.04562   0.04187   0.02380   0.37812   0.00272   0.08027   0.04798   0.01940   0.03431   0.05020   0.03539   0.06043   0.06956   0.05861   0.07491   0.04655   5.58376  
 17 37.9090   4427.359800  x:  0.05136   0.00000   0.05782   0.01478   0.01251   0.01001   0.02448   0.01661   0.04575   0.04135   0.02336   0.37980   0.00272   0.08171   0.04821   0.01953   0.03419   0.05040   0.03495   0.06062   0.06919   0.05880   0.07463   0.04627   5.58369  
 18 18.9597   4427.356187  x:  0.05138   0.00000   0.05794   0.01480   0.01244   0.00998   0.02445   0.01658   0.04600   0.04142   0.02351   0.38014   0.00271   0.08220   0.04799   0.01943   0.03428   0.05033   0.03529   0.06071   0.06920   0.05863   0.07425   0.04628   5.58366  
 19  8.9980   4427.355189  x:  0.05142   0.00000   0.05798   0.01480   0.01242   0.00998   0.02445   0.01658   0.04596   0.04153   0.02352   0.38021   0.00273   0.08229   0.04791   0.01957   0.03426   0.05019   0.03516   0.06064   0.06932   0.05847   0.07404   0.04632   5.58363  
 20  3.1973   4427.352664  x:  0.05140   0.00000   0.05802   0.01482   0.01249   0.00997   0.02446   0.01658   0.04578   0.04141   0.02341   0.38026   0.00275   0.08226   0.04794   0.01926   0.03422   0.05023   0.03512   0.06041   0.06951   0.05824   0.07376   0.04630   5.58351  
 21  1.6553   4427.337951  x:  0.05123   0.00000   0.05819   0.01480   0.01255   0.00995   0.02445   0.01660   0.04563   0.04095   0.02341   0.38042   0.00286   0.08204   0.04850   0.01976   0.03457   0.05072   0.03553   0.06009   0.07011   0.05801   0.07318   0.04613   5.58272  
 22  4.0045   4427.018869  x:  0.04961   0.00000   0.06045   0.01392   0.01140   0.00923   0.02426   0.01729   0.04882   0.04344   0.02328   0.38345   0.00287   0.08019   0.05169   0.01847   0.03461   0.05113   0.03420   0.06027   0.07130   0.05949   0.07097   0.04453   5.56540  
 23 11.3830   4425.131671  x:  0.05051   0.00000   0.06139   0.00988   0.01003   0.00555   0.02359   0.02044   0.04435   0.04167   0.02038   0.39974   0.00230   0.07837   0.04858   0.01957   0.03300   0.04838   0.03701   0.06321   0.06832   0.06141   0.07039   0.04549   5.46918  
 24 168.3347   4424.750243  x:  0.05043   0.00000   0.05591   0.00900   0.00915   0.00480   0.02346   0.02080   0.04530   0.04307   0.02090   0.40318   0.00234   0.08109   0.04796   0.01944   0.03513   0.05134   0.03563   0.06076   0.06887   0.05913   0.07330   0.04542   5.44881  
 25 169.0286   4424.738401  x:  0.05050   0.00000   0.05538   0.00899   0.00911   0.00478   0.02346   0.02079   0.04535   0.04314   0.02094   0.40329   0.00234   0.08151   0.04878   0.01947   0.03461   0.05067   0.03601   0.06047   0.06914   0.05903   0.07364   0.04550   5.44823  
 26 17.1866   4424.738190  x:  0.05054   0.00000   0.05538   0.00899   0.00912   0.00478   0.02346   0.02079   0.04533   0.04313   0.02093   0.40329   0.00234   0.08153   0.04885   0.01943   0.03471   0.05062   0.03599   0.06056   0.06917   0.05899   0.07367   0.04553   5.44828  
 27  1.9523   4424.737825  x:  0.05057   0.00000   0.05541   0.00899   0.00911   0.00478   0.02346   0.02080   0.04535   0.04313   0.02092   0.40330   0.00233   0.08153   0.04888   0.01943   0.03459   0.05072   0.03598   0.06071   0.06923   0.05885   0.07372   0.04557   5.44884  
 28  0.7772   4424.711701  x:  0.04955   0.00000   0.05502   0.00892   0.00927   0.00485   0.02347   0.02080   0.04511   0.04310   0.02095   0.40409   0.00255   0.08143   0.04863   0.01948   0.03464   0.05030   0.03610   0.06126   0.06921   0.05823   0.07397   0.04455   5.49436  
 29  5.1117   4424.629904  x:  0.05080   0.00000   0.05488   0.00863   0.00954   0.00503   0.02350   0.02094   0.04505   0.04316   0.02086   0.40656   0.00227   0.08188   0.04875   0.01948   0.03463   0.05092   0.03609   0.06069   0.06914   0.05888   0.07400   0.04582   5.63894  
 30 388.7631   4424.629706  x:  0.05078   0.00000   0.05496   0.00863   0.00954   0.00503   0.02350   0.02094   0.04505   0.04315   0.02085   0.40657   0.00225   0.08192   0.04868   0.01947   0.03464   0.05090   0.03609   0.06067   0.06930   0.05894   0.07410   0.04581   5.63924  
 31  2.5772   4424.569619  x:  0.05100   0.00000   0.05430   0.00833   0.01037   0.00566   0.02360   0.02097   0.04466   0.04308   0.02092   0.40871   0.00230   0.08239   0.04832   0.01954   0.03448   0.05124   0.03616   0.06080   0.06933   0.05859   0.07465   0.04612   5.57832  
 32  0.1316   4424.558365  x:  0.05084   0.00000   0.05451   0.00851   0.01058   0.00552   0.02366   0.02103   0.04470   0.04297   0.02100   0.41238   0.00232   0.08239   0.04822   0.01959   0.03467   0.05093   0.03621   0.06057   0.06902   0.05876   0.07466   0.04617   5.58459  
 33  0.0080   4424.556927  x:  0.05078   0.00000   0.05458   0.00841   0.01044   0.00558   0.02366   0.02105   0.04477   0.04297   0.02102   0.41311   0.00235   0.08230   0.04826   0.01959   0.03472   0.05084   0.03620   0.06054   0.06899   0.05881   0.07459   0.04613   5.58509  
 34  0.0012   4424.556854  x:  0.05079   0.00000   0.05457   0.00844   0.01042   0.00559   0.02366   0.02106   0.04479   0.04298   0.02100   0.41320   0.00234   0.08230   0.04829   0.01959   0.03471   0.05087   0.03619   0.06054   0.06902   0.05878   0.07459   0.04612   5.58521  
 35  0.0002   4424.556842  x:  0.05080   0.00000   0.05457   0.00844   0.01042   0.00559   0.02365   0.02108   0.04478   0.04298   0.02099   0.41322   0.00234   0.08229   0.04829   0.01959   0.03470   0.05088   0.03619   0.06054   0.06902   0.05877   0.07459   0.04611   5.58498  
 36  0.0002   4424.556842  x:  0.05081   0.00000   0.05457   0.00844   0.01042   0.00559   0.02365   0.02108   0.04478   0.04298   0.02099   0.41322   0.00234   0.08229   0.04829   0.01959   0.03470   0.05088   0.03619   0.06054   0.06902   0.05877   0.07459   0.04611   5.58498  