

TREE # 1

  0  0.0000    723.470923  x:  0.22372   0.21847   2.00000   1.00000  
  1 99.0000    720.217163  x:  0.15437   0.14945   2.01578   0.91331  
  2 43.4873    689.362299  x:  0.13145   0.13154   2.17299   0.00010  
  3 57.7338    675.960023  x:  0.13098   0.13552   2.31149   0.02493  
  4  5.1732    672.187084  x:  0.35545   0.05523   3.07789   0.02487  
  5  1.0500    671.110897  x:  0.21983   0.24668   3.37195   0.02484  
  6 12.9230    671.085484  x:  0.23633   0.24275   3.18151   0.02480  
  7  0.0978    671.080441  x:  0.24862   0.23555   3.28609   0.02456  
  8  0.0132    671.061765  x:  0.25178   0.23137   3.18077   0.02397  
  9  0.0132    671.012708  x:  0.26516   0.21364   2.95885   0.02055  
 10  0.1662    670.984467  x:  0.25696   0.22540   3.16497   0.01881  
 11  0.0858    670.978303  x:  0.24329   0.24340   3.15568   0.01909  
 12  0.0153    670.977859  x:  0.24370   0.24399   3.13325   0.01881  
 13  0.0242    670.977856  x:  0.24390   0.24390   3.13159   0.01882  
 14  0.0017    670.977856  x:  0.24390   0.24390   3.13158   0.01882  
 15  0.0000    670.977856  x:  0.24390   0.24390   3.13158   0.01882  
 16  0.0000    670.977856  x:  0.24390   0.24390   3.13158   0.01882  