

TREE #  1

  0  0.0000  24172.025086  x:  0.12305   0.00000   0.18086   0.02861   0.02212   0.05034   0.05827   0.04639   0.06698   0.07566   0.08878   0.32947   0.00718   0.22129   0.03928   0.03694   0.04537   0.07539   0.04770   0.09294   0.09171   0.10575   0.30904   0.19328   2.12214  
  1 99.0000  23996.458524  x:  0.14387   0.07566   0.22214   0.05174   0.04700   0.03395   0.04595   0.02639   0.08523   0.06878   0.09295   0.35321   0.08051   0.25713   0.04581   0.03304   0.03705   0.06702   0.05254   0.09608   0.08305   0.09958   0.33274   0.21411   2.13029  
  2 3433.7170  23975.398300  x:  0.14907   0.08006   0.23546   0.04706   0.03472   0.03480   0.05426   0.04763   0.08608   0.06097   0.08533   0.36414   0.08868   0.27090   0.04588   0.03500   0.03996   0.06580   0.05319   0.09806   0.08132   0.09510   0.34311   0.21930   2.13804  
  3 1300.1981  23957.624557  x:  0.15443   0.06745   0.25523   0.03879   0.02199   0.03936   0.05219   0.03565   0.08257   0.05862   0.07347   0.38389   0.08576   0.29343   0.04583   0.03637   0.04187   0.06651   0.05218   0.09938   0.08082   0.08819   0.36122   0.22466   2.15685  
  4 894.6785  23930.962071  x:  0.16443   0.02767   0.29703   0.04035   0.04305   0.04570   0.05560   0.03524   0.07864   0.06757   0.06526   0.42838   0.06905   0.34232   0.04901   0.03644   0.04175   0.06810   0.05083   0.10008   0.08141   0.07764   0.40129   0.23467   2.20525  
  5 1699.6658  23917.589406  x:  0.16835   0.00668   0.31575   0.05501   0.03739   0.03381   0.05053   0.03667   0.07966   0.06648   0.07634   0.44997   0.05777   0.36427   0.05504   0.03371   0.03774   0.06723   0.05235   0.09841   0.08254   0.08022   0.41983   0.23858   2.23651  
  6 1434.1064  23912.759768  x:  0.16829   0.00561   0.31841   0.05467   0.03795   0.03931   0.05024   0.03516   0.09320   0.05930   0.08126   0.45720   0.05176   0.36667   0.05529   0.03477   0.04139   0.06485   0.05434   0.09758   0.08265   0.08783   0.42342   0.23852   2.26817  
  7 398.1861  23897.760160  x:  0.16651   0.01688   0.31838   0.03826   0.04131   0.02539   0.05442   0.03375   0.10352   0.05685   0.08556   0.47474   0.03700   0.36408   0.03898   0.03124   0.03643   0.06394   0.05174   0.09508   0.07905   0.10071   0.42796   0.23674   2.39039  
  8 808.7211  23872.177368  x:  0.16456   0.04528   0.31425   0.03104   0.03558   0.03662   0.04709   0.03866   0.09098   0.07445   0.10337   0.50239   0.02106   0.35700   0.01731   0.03916   0.03713   0.07060   0.05247   0.09769   0.08060   0.11944   0.43382   0.23479   2.63404  
  9 2630.6536  23857.233933  x:  0.16457   0.05332   0.30447   0.03205   0.03756   0.03853   0.05720   0.03512   0.07263   0.06937   0.10221   0.50870   0.02228   0.35261   0.03523   0.03491   0.04340   0.06748   0.05170   0.09976   0.08475   0.12550   0.43404   0.23481   2.78332  
 10 2006.8542  23834.748052  x:  0.16648   0.04467   0.28053   0.04753   0.03988   0.04403   0.04479   0.03954   0.07213   0.05664   0.08409   0.50062   0.03868   0.34591   0.04886   0.02573   0.03526   0.06486   0.05369   0.09912   0.08439   0.09238   0.43009   0.23671   3.00383  
 11 1860.3824  23825.301317  x:  0.16803   0.03722   0.27009   0.05705   0.03845   0.03773   0.04829   0.03778   0.07985   0.06043   0.07539   0.49271   0.04990   0.34344   0.05549   0.03821   0.04002   0.06695   0.05450   0.10033   0.08530   0.07500   0.42764   0.23826   3.10451  
 12 2748.7030  23823.228056  x:  0.16926   0.03303   0.27071   0.05808   0.03534   0.03917   0.05176   0.03743   0.08469   0.06779   0.07375   0.48633   0.05592   0.34392   0.05800   0.03450   0.03856   0.06859   0.05224   0.09904   0.08327   0.07590   0.42658   0.23949   3.12690  
 13 535.0898  23821.428424  x:  0.17158   0.02457   0.27818   0.05409   0.03623   0.03746   0.04743   0.03892   0.08435   0.06939   0.07324   0.47161   0.06499   0.34571   0.05641   0.03448   0.04147   0.06893   0.05332   0.09885   0.08269   0.08279   0.42419   0.24181   3.14699  
 14 265.3571  23819.942563  x:  0.17367   0.01715   0.28773   0.05332   0.03655   0.03889   0.05065   0.03752   0.08203   0.06649   0.07692   0.45627   0.07219   0.34740   0.05019   0.03615   0.03905   0.06770   0.05307   0.09892   0.08330   0.08593   0.42130   0.24390   3.16391  
 15 449.2264  23819.692882  x:  0.17377   0.01792   0.29259   0.05386   0.03652   0.03866   0.05090   0.03734   0.08228   0.06617   0.07735   0.45187   0.07031   0.34765   0.04994   0.03449   0.04091   0.06901   0.05257   0.09978   0.08393   0.08422   0.41949   0.24400   3.16694  
 16 87.4971  23819.417253  x:  0.17369   0.01989   0.29944   0.05378   0.03646   0.03867   0.05031   0.03765   0.08288   0.06655   0.07641   0.44607   0.06650   0.34812   0.05240   0.03540   0.03937   0.06884   0.05223   0.10000   0.08465   0.08289   0.41680   0.24392   3.17038  
 17 145.0030  23819.386318  x:  0.17362   0.02022   0.30017   0.05397   0.03640   0.03869   0.05044   0.03759   0.08274   0.06677   0.07623   0.44525   0.06583   0.34841   0.05250   0.03541   0.03953   0.06829   0.05311   0.09948   0.08375   0.08265   0.41646   0.24385   3.17077  
 18 45.6938  23819.381546  x:  0.17356   0.02036   0.30011   0.05416   0.03641   0.03871   0.05039   0.03761   0.08268   0.06672   0.07611   0.44500   0.06564   0.34877   0.05243   0.03551   0.03966   0.06817   0.05275   0.09927   0.08346   0.08272   0.41643   0.24379   3.17084  
 19 13.4241  23819.374630  x:  0.17341   0.02071   0.29966   0.05446   0.03643   0.03871   0.05045   0.03759   0.08264   0.06658   0.07575   0.44439   0.06525   0.34990   0.05225   0.03555   0.03959   0.06857   0.05283   0.09912   0.08346   0.08304   0.41645   0.24364   3.17096  
 20 12.3861  23819.370067  x:  0.17332   0.02096   0.29925   0.05453   0.03640   0.03869   0.05045   0.03759   0.08269   0.06669   0.07565   0.44393   0.06498   0.35080   0.05208   0.03545   0.03962   0.06825   0.05287   0.09934   0.08372   0.08313   0.41650   0.24355   3.17105  
 21 15.8301  23819.366526  x:  0.17334   0.02110   0.29888   0.05411   0.03641   0.03870   0.05042   0.03760   0.08270   0.06670   0.07617   0.44360   0.06483   0.35144   0.05229   0.03548   0.03957   0.06832   0.05286   0.09952   0.08352   0.08289   0.41658   0.24357   3.17114  
 22  5.0683  23819.363839  x:  0.17343   0.02117   0.29875   0.05389   0.03640   0.03870   0.05040   0.03761   0.08271   0.06673   0.07641   0.44349   0.06479   0.35166   0.05235   0.03547   0.03963   0.06831   0.05286   0.09911   0.08374   0.08273   0.41662   0.24366   3.17123  
 23  4.0576  23819.127843  x:  0.18072   0.02182   0.29719   0.05413   0.03638   0.03858   0.05053   0.03734   0.08281   0.06656   0.07613   0.44367   0.06128   0.35155   0.05182   0.03547   0.03961   0.06823   0.05286   0.09944   0.08357   0.08367   0.41743   0.25092   3.17978  
 24  1.5730  23812.731481  x:  0.17572   0.02575   0.31309   0.04742   0.03455   0.03600   0.05278   0.03486   0.08679   0.06275   0.08091   0.47202   0.04737   0.36247   0.04910   0.03494   0.04053   0.06692   0.05278   0.09894   0.08332   0.09165   0.45298   0.24517   3.41870  
 25 33.1466  23812.424004  x:  0.17611   0.02388   0.31445   0.04654   0.03446   0.03592   0.05286   0.03474   0.08692   0.06265   0.08173   0.48005   0.04872   0.36883   0.04865   0.03495   0.04056   0.06690   0.05276   0.09892   0.08336   0.09217   0.43794   0.24553   3.42992  
 26 35.8215  23811.976120  x:  0.17813   0.02227   0.31575   0.04768   0.03427   0.03670   0.05162   0.03623   0.08507   0.06377   0.07932   0.47964   0.05358   0.37036   0.04758   0.03458   0.03969   0.06752   0.05269   0.09924   0.08329   0.09026   0.43943   0.24691   3.48321  
 27  0.0470  23811.952991  x:  0.17818   0.02385   0.31634   0.04789   0.03457   0.03684   0.05169   0.03591   0.08525   0.06374   0.07933   0.47989   0.05375   0.37102   0.04781   0.03478   0.03994   0.06751   0.05274   0.09931   0.08330   0.09011   0.43967   0.24695   3.49282  
 28  0.0058  23811.950690  x:  0.17819   0.02373   0.31645   0.04799   0.03461   0.03675   0.05166   0.03595   0.08536   0.06376   0.07934   0.47981   0.05439   0.37110   0.04790   0.03473   0.03986   0.06748   0.05275   0.09929   0.08330   0.09010   0.43963   0.24701   3.49030  
 29  0.0017  23811.950616  x:  0.17817   0.02378   0.31650   0.04799   0.03461   0.03674   0.05166   0.03594   0.08533   0.06374   0.07931   0.47981   0.05436   0.37115   0.04789   0.03471   0.03985   0.06748   0.05275   0.09929   0.08329   0.09009   0.43963   0.24701   3.49000  
 30  0.0003  23811.950615  x:  0.17816   0.02379   0.31650   0.04799   0.03461   0.03674   0.05166   0.03594   0.08533   0.06374   0.07931   0.47982   0.05436   0.37116   0.04789   0.03471   0.03986   0.06748   0.05275   0.09929   0.08329   0.09009   0.43963   0.24703   3.48998  
 31  0.0000  23811.950615  x:  0.17815   0.02378   0.31650   0.04799   0.03461   0.03674   0.05166   0.03594   0.08533   0.06374   0.07931   0.47982   0.05436   0.37116   0.04789   0.03471   0.03986   0.06748   0.05275   0.09929   0.08329   0.09009   0.43964   0.24704   3.48997  

TREE #  2

  0  0.0000  24164.242359  x:  0.15995   0.00000   0.17304   0.02697   0.03352   0.05281   0.06022   0.05225   0.09269   0.08851   0.09894   0.30983   0.02702   0.19465   0.01883   0.04334   0.03252   0.04753   0.06358   0.09430   0.07011   0.09482   0.28616   0.15245   3.48997  
  1 99.0000  23924.362740  x:  0.18395   0.09080   0.22014   0.04573   0.02729   0.03061   0.04534   0.02618   0.08444   0.07027   0.09687   0.34041   0.08935   0.24087   0.06585   0.03936   0.04671   0.07686   0.05492   0.09930   0.08362   0.10781   0.31524   0.17646   3.48812  
  2 4030.1952  23885.095069  x:  0.19346   0.09969   0.24222   0.04479   0.03825   0.04239   0.05800   0.05290   0.08604   0.06320   0.08839   0.36022   0.10039   0.26661   0.05746   0.03073   0.03852   0.07100   0.04859   0.09845   0.08217   0.09672   0.33532   0.18596   3.48693  
  3 1599.7800  23852.119913  x:  0.20250   0.08544   0.26917   0.04132   0.03827   0.03945   0.05243   0.03848   0.08501   0.05863   0.07627   0.38950   0.09877   0.30139   0.03449   0.03360   0.03507   0.05855   0.05308   0.09895   0.08085   0.07790   0.36510   0.19500   3.48522  
  4 1283.9863  23819.798397  x:  0.21254   0.03355   0.30778   0.05332   0.03576   0.03906   0.05589   0.03732   0.08620   0.07006   0.07556   0.43866   0.07675   0.35560   0.04553   0.04441   0.04567   0.06552   0.05953   0.10096   0.08483   0.09235   0.41409   0.20504   3.48232  
  5 1153.3156  23814.373779  x:  0.21378   0.02314   0.31342   0.05349   0.03223   0.03589   0.05201   0.03602   0.08548   0.06701   0.07627   0.44788   0.07007   0.36365   0.04972   0.03495   0.03953   0.06856   0.05280   0.09875   0.08309   0.09636   0.42215   0.20628   3.48185  
  6 760.9989  23813.923952  x:  0.21381   0.02319   0.31355   0.05165   0.03503   0.03697   0.05097   0.03522   0.08555   0.06431   0.07759   0.45057   0.06696   0.36342   0.05043   0.03401   0.04132   0.07024   0.05188   0.09922   0.08334   0.09572   0.42298   0.20631   3.48179  
  7 144.9553  23813.577390  x:  0.21387   0.02519   0.31326   0.04914   0.03402   0.03561   0.05164   0.03620   0.08493   0.06226   0.08020   0.45491   0.06232   0.36226   0.05139   0.03488   0.04158   0.07079   0.05205   0.09965   0.08401   0.09409   0.42385   0.20637   3.48171  
  8 129.6665  23813.273867  x:  0.21405   0.02847   0.31262   0.04744   0.03417   0.03652   0.05180   0.03549   0.08510   0.06415   0.08346   0.46024   0.05744   0.36073   0.05289   0.03481   0.04019   0.07005   0.05228   0.09947   0.08406   0.09256   0.42488   0.20655   3.48161  
  9 166.3842  23813.228027  x:  0.21409   0.02915   0.31192   0.04715   0.03386   0.03635   0.05131   0.03587   0.08536   0.06485   0.08301   0.46166   0.05673   0.36025   0.05302   0.03431   0.04106   0.06974   0.05230   0.09932   0.08355   0.09247   0.42524   0.20659   3.48158  
 10 52.9046  23813.175492  x:  0.21410   0.02986   0.30946   0.04801   0.03406   0.03621   0.05184   0.03558   0.08567   0.06465   0.08113   0.46457   0.05628   0.35911   0.05298   0.03470   0.04088   0.06983   0.05203   0.09899   0.08312   0.09299   0.42615   0.20660   3.48155  
 11 34.4930  23813.151796  x:  0.21408   0.03006   0.30798   0.04910   0.03400   0.03640   0.05140   0.03581   0.08546   0.06442   0.08085   0.46612   0.05637   0.35848   0.05263   0.03461   0.04076   0.06998   0.05233   0.09910   0.08338   0.09304   0.42674   0.20658   3.48153  
 12 48.3175  23813.145432  x:  0.21405   0.02993   0.30737   0.04910   0.03403   0.03632   0.05159   0.03573   0.08523   0.06451   0.08101   0.46665   0.05677   0.35828   0.05256   0.03441   0.04089   0.06982   0.05215   0.09933   0.08369   0.09304   0.42705   0.20655   3.48152  
 13 17.3706  23813.140407  x:  0.21399   0.02970   0.30677   0.04859   0.03396   0.03643   0.05150   0.03575   0.08529   0.06454   0.08120   0.46715   0.05744   0.35809   0.05266   0.03446   0.04079   0.06988   0.05224   0.09940   0.08376   0.09307   0.42744   0.20649   3.48151  
 14 15.0768  23813.138988  x:  0.21396   0.02961   0.30661   0.04856   0.03403   0.03632   0.05151   0.03576   0.08537   0.06453   0.08142   0.46731   0.05769   0.35801   0.05265   0.03449   0.04080   0.06990   0.05225   0.09930   0.08358   0.09302   0.42756   0.20646   3.48151  
 15  9.9414  23813.138810  x:  0.21395   0.02959   0.30661   0.04857   0.03399   0.03637   0.05152   0.03575   0.08537   0.06450   0.08145   0.46733   0.05773   0.35798   0.05266   0.03451   0.04083   0.06988   0.05222   0.09926   0.08355   0.09300   0.42758   0.20645   3.48151  
 16  2.8265  23813.138112  x:  0.21382   0.02950   0.30685   0.04858   0.03403   0.03637   0.05151   0.03576   0.08525   0.06450   0.08139   0.46747   0.05786   0.35771   0.05276   0.03451   0.04084   0.06984   0.05225   0.09913   0.08358   0.09293   0.42760   0.20632   3.48152  
 17  1.3889  23813.136943  x:  0.21366   0.02938   0.30724   0.04866   0.03400   0.03636   0.05153   0.03575   0.08538   0.06452   0.08131   0.46768   0.05803   0.35728   0.05280   0.03449   0.04082   0.06991   0.05222   0.09927   0.08359   0.09280   0.42761   0.20616   3.48154  
 18  5.0847  23813.135556  x:  0.21373   0.02933   0.30742   0.04866   0.03405   0.03634   0.05145   0.03578   0.08539   0.06445   0.08134   0.46778   0.05809   0.35706   0.05277   0.03456   0.04079   0.06972   0.05220   0.09941   0.08351   0.09298   0.42760   0.20623   3.48157  
 19  1.6954  23813.130085  x:  0.21413   0.02922   0.30789   0.04855   0.03401   0.03639   0.05161   0.03569   0.08528   0.06440   0.08144   0.46806   0.05821   0.35652   0.05237   0.03440   0.04081   0.06976   0.05245   0.09945   0.08336   0.09350   0.42754   0.20663   3.48167  
 20  6.6771  23813.121508  x:  0.21467   0.02906   0.30836   0.04841   0.03399   0.03636   0.05147   0.03575   0.08526   0.06460   0.08155   0.46837   0.05832   0.35599   0.05176   0.03460   0.04082   0.07001   0.05212   0.09920   0.08358   0.09389   0.42745   0.20717   3.48184  
 21 14.3849  23813.070594  x:  0.21594   0.02823   0.30879   0.04857   0.03401   0.03614   0.05155   0.03566   0.08648   0.06423   0.08143   0.46909   0.05834   0.35606   0.05214   0.03427   0.04092   0.06935   0.05248   0.09848   0.08463   0.09329   0.42732   0.20844   3.48288  
 22  4.6299  23812.789360  x:  0.22043   0.02458   0.31023   0.04909   0.03407   0.03637   0.05144   0.03555   0.08512   0.06440   0.08000   0.47255   0.05814   0.35855   0.05420   0.03471   0.04057   0.06920   0.05247   0.09951   0.08330   0.08855   0.42732   0.21295   3.48861  
 23 35.2113  23812.011063  x:  0.21590   0.02345   0.31605   0.04795   0.03434   0.03647   0.05140   0.03542   0.08534   0.06393   0.07954   0.48174   0.05568   0.37201   0.04756   0.03491   0.04001   0.06753   0.05292   0.09931   0.08339   0.09041   0.43411   0.20848   3.50435  
 24 33.9621  23811.977715  x:  0.21626   0.02399   0.31621   0.04809   0.03435   0.03647   0.05139   0.03540   0.08533   0.06389   0.07932   0.47927   0.05461   0.37061   0.04761   0.03491   0.03998   0.06746   0.05293   0.09932   0.08338   0.09014   0.43944   0.20883   3.50423  
 25 10.3236  23811.967619  x:  0.21614   0.02396   0.31620   0.04808   0.03436   0.03647   0.05139   0.03541   0.08532   0.06387   0.07928   0.47913   0.05461   0.37062   0.04760   0.03490   0.03996   0.06744   0.05292   0.09931   0.08337   0.09006   0.43922   0.20872   3.48910  
 26  1.2858  23811.950729  x:  0.21627   0.02386   0.31648   0.04799   0.03460   0.03673   0.05165   0.03594   0.08533   0.06372   0.07930   0.47968   0.05445   0.37109   0.04789   0.03468   0.03982   0.06747   0.05273   0.09928   0.08329   0.09007   0.43955   0.20890   3.48995  
 27  0.0017  23811.950617  x:  0.21628   0.02380   0.31650   0.04799   0.03461   0.03674   0.05166   0.03594   0.08533   0.06374   0.07931   0.47981   0.05437   0.37116   0.04789   0.03471   0.03986   0.06748   0.05275   0.09929   0.08329   0.09008   0.43963   0.20891   3.48998  
 28  0.0002  23811.950615  x:  0.21628   0.02378   0.31651   0.04799   0.03461   0.03674   0.05166   0.03594   0.08533   0.06374   0.07931   0.47982   0.05436   0.37116   0.04789   0.03471   0.03986   0.06748   0.05274   0.09929   0.08329   0.09009   0.43964   0.20891   3.48998  
 29  0.0000  23811.950615  x:  0.21628   0.02378   0.31650   0.04799   0.03461   0.03674   0.05166   0.03594   0.08533   0.06374   0.07931   0.47982   0.05436   0.37116   0.04789   0.03471   0.03986   0.06748   0.05275   0.09929   0.08329   0.09009   0.43964   0.20891   3.48997  
 30  0.0000  23811.950615  x:  0.21628   0.02378   0.31650   0.04799   0.03461   0.03674   0.05166   0.03594   0.08533   0.06374   0.07931   0.47982   0.05436   0.37116   0.04789   0.03471   0.03986   0.06748   0.05275   0.09929   0.08329   0.09009   0.43964   0.20891   3.48997  
 31  0.0000  23811.950615  x:  0.21628   0.02378   0.31650   0.04799   0.03461   0.03674   0.05166   0.03594   0.08533   0.06374   0.07931   0.47982   0.05436   0.37116   0.04789   0.03471   0.03986   0.06748   0.05275   0.09929   0.08329   0.09009   0.43964   0.20890   3.48997  
 32  0.0000  23811.950615  x:  0.21629   0.02378   0.31650   0.04799   0.03461   0.03674   0.05166   0.03594   0.08533   0.06374   0.07931   0.47982   0.05436   0.37116   0.04789   0.03471   0.03986   0.06748   0.05275   0.09929   0.08329   0.09009   0.43964   0.20889   3.48997  