     2    993    617


 1

     1     59    -3.8715740712   0.020825562694      20.6798  AAAAAAAAAAAAA
     2      2    -7.0020352070   0.000910027984       0.9037  AAAAAAAAAAAAC
     3      3    -5.8157691246   0.002980187310       2.9593  AAAAAAAAAAAAG
     4      1    -8.7868292478   0.000152731474       0.1517  AAAAAAAAAAAGC
     5      1    -6.3762394466   0.001701509558       1.6896  AAAAAAAAAAATA
     6      1    -9.3566310821   0.000086390652       0.0858  AAAAAAAAAACAC
     7      2    -8.3375099485   0.000239367639       0.2377  AAAAAAAAAACAG
     8      1   -10.8483761631   0.000019436143       0.0193  AAAAAAAAAACGC
     9      1    -9.1974606683   0.000101296300       0.1006  AAAAAAAAAACGG
    10      3    -5.3290596644   0.004848627206       4.8147  AAAAAAAAAAGAA
    11      3    -6.9968978368   0.000914715164       0.9083  AAAAAAAAAAGAG
    12      1   -10.4483016327   0.000028997480       0.0288  AAAAAAAAAAGCT
    13      1    -5.8965726129   0.002748850065       2.7296  AAAAAAAAAATAA
    14      1    -7.7933057553   0.000412487046       0.4096  AAAAAAAAAGAAA
    15      1   -10.3801578578   0.000031042359       0.0308  AAAAAACAAATAA
    16      1   -10.2113543831   0.000036750660       0.0365  AAAAAAGAAAGAG
    17      1   -13.6969056707   0.000001125925       0.0011  AAAAAAGAGATGA
    18      2    -7.2554256917   0.000706331636       0.7014  AAAAAGAAAAAAA
    19      1   -19.2639930128   0.000000004303       0.0000  AAAAATAGAGTTC
    20      1   -12.7600004199   0.000002873441       0.0029  AAAACAAAAAGAC
    21      1   -22.6067231616   0.000000000152       0.0000  AAAACAGAGGCTT
    22      1    -6.9569007238   0.000952042650       0.9454  AAAAGAAAAAAAA
    23      1    -9.1481611827   0.000106415301       0.1057  AAACACACACAAA
    24      1    -9.2146160449   0.000099573345       0.0989  AAAGAAAAAAAGA
    25      1   -11.6313876934   0.000008882854       0.0088  AAAGAAAAAAATG
    26      1   -12.5250263686   0.000003634546       0.0036  AAAGAAAGAGATT
    27      1   -16.5741196236   0.000000063380       0.0001  AAAGAGAAAATTG
    28      1    -9.9203785164   0.000049162544       0.0488  AAAGAGAGAGTGG
    29      1    -8.6545479770   0.000174332184       0.1731  AACAAAAACAAAA
    30      1   -11.3096690056   0.000012253867       0.0122  AACAAACACACAA
    31      1    -9.7886048380   0.000056087093       0.0557  AACACACACAGAA
    32      1   -13.9623823825   0.000000863405       0.0009  AACATACACACCC
    33      1   -11.7153109171   0.000008167800       0.0081  AAGAAAAAGATAT
    34      1   -11.2231629303   0.000013361102       0.0133  AAGAAAAAGATGA
    35      1   -13.7754579219   0.000001040866       0.0010  AAGAAGAAGAACA
    36      2    -6.8334126821   0.001077175779       1.0696  AAGAGAGAGAAAA
    37      1    -9.3333992511   0.000088421160       0.0878  AAGAGAGAGAATA
    38      1   -16.4253761325   0.000000073544       0.0001  AAGGAGAGAGGCC
    39      1   -17.7826228711   0.000000018928       0.0000  AATAAAAAAGTCC
    40      1   -21.2177869338   0.000000000610       0.0000  AATAAACTGAAGG
    41      1   -15.2779709125   0.000000231666       0.0002  AATACACACAAGT
    42      1   -12.4388162611   0.000003961783       0.0039  AATATGTATAGAA
    43      1   -14.2322826418   0.000000659171       0.0007  ACAAAAAAAACGC
    44      1   -10.2837967091   0.000034182501       0.0339  ACAAAAAAAATAA
    45      1   -16.0260792816   0.000000109638       0.0001  ACAAGAAAAATTC
    46      1   -11.2482049101   0.000013030668       0.0129  ACACACACACCAG
    47      2    -6.7844161017   0.001131268056       1.1233  ACACACACACCCC
    48      1    -8.0570349969   0.000316864919       0.3146  ACACACACACCTC
    49      1    -9.8855031765   0.000050907353       0.0506  ACACACACACTAC
    50      1   -10.8273069324   0.000019849992       0.0197  ACACACACACTAG
    51      1   -10.9428038242   0.000017684822       0.0176  ACACACACGCACC
    52      1   -11.8259934320   0.000007312002       0.0073  ACACACAGACAAA
    53      1   -11.3306064573   0.000011999969       0.0119  ACACACGCACTCT
    54      1   -14.9126013098   0.000000333841       0.0003  ACACACGCATTTC
    55      1   -13.2541776202   0.000001753008       0.0017  ACACACGCGCACC
    56      1   -13.7190874520   0.000001101225       0.0011  ACACATATATTTC
    57      1   -20.3985341728   0.000000001384       0.0000  ACACTTTCACGAT
    58      1   -16.4363605056   0.000000072741       0.0001  ACAGATAAAGTTT
    59      1   -14.0912173148   0.000000759035       0.0008  ACATACACATAGT
    60      1   -13.7713072991   0.000001045195       0.0010  ACATACATACATT
    61      1   -10.5689225031   0.000025702495       0.0255  ACATATATATATA
    62      1    -9.3827587855   0.000084162695       0.0836  ACATATATATATT
    63      1   -18.6560193826   0.000000007903       0.0000  ACCAAATATAAAC
    64      1    -9.9799425120   0.000046319732       0.0460  ACCCCCCCCCCCT
    65      1   -14.2609030410   0.000000640573       0.0006  ACGAAAAAGAAAT
    66      1   -19.3870043808   0.000000003805       0.0000  ACGAAGGGGGTAG
    67      1   -11.8481411934   0.000007151838       0.0071  ACGCACACGCACT
    68      1   -11.5596166713   0.000009543821       0.0095  ACGCACACGCTCT
    69      1   -11.3840152278   0.000011375880       0.0113  ACGCACGCGCGCC
    70      1   -12.9166280682   0.000002456856       0.0024  ACGCGCACACCCC
    71      1   -14.5059792214   0.000000501341       0.0005  ACGCGCCCGCGCC
    72      1    -9.1761913468   0.000103473880       0.1027  ACGCGCGCGCCCC
    73      1   -12.5118241321   0.000003682848       0.0037  ACGCGCGCGCTAT
    74      1   -13.7935355552   0.000001022218       0.0010  ACGCGCGTGCATT
    75      1   -24.5885236344   0.000000000021       0.0000  ACGCGGGGGACAT
    76      1   -20.8021317096   0.000000000924       0.0000  ACGTATGGGCATT
    77      1   -14.7574974288   0.000000389852       0.0004  ACGTGCGCGCAAG
    78      1   -16.5363645347   0.000000065819       0.0001  ACGTGTGTGCTTC
    79      1   -18.3801917287   0.000000010413       0.0000  ACTTCCTTTTCGT
    80      1   -10.0973638219   0.000041187991       0.0409  AGAAAAAAAAAAC
    81      1    -9.1287793741   0.000108497940       0.1077  AGAAAAAAAAAGG
    82      1    -9.5705752124   0.000069751250       0.0693  AGAAAAAAAACAA
    83      1   -13.8358904358   0.000000979826       0.0010  AGAAAGAGAGTAC
    84      1   -14.2150718270   0.000000670614       0.0007  AGAAATGAAAAAA
    85      1    -9.0934959727   0.000112394453       0.1116  AGAGAGAAAGAAA
    86      1    -8.4094690037   0.000222748104       0.2212  AGAGAGAAAGGGG
    87      1    -6.0870261570   0.002272155912       2.2563  AGAGAGAGAGAAA
    88      3    -5.7635226798   0.003140030770       3.1181  AGAGAGAGAGAGG
    89      1    -8.2378067033   0.000264463661       0.2626  AGAGAGAGAGATA
    90      1    -8.1586788270   0.000286240318       0.2842  AGAGAGAGAGATG
    91      2    -7.5955279918   0.000502694468       0.4992  AGAGAGAGAGCGG
    92      2    -5.4000374790   0.004516411669       4.4848  AGAGAGAGAGGGG
    93      1   -10.5624497447   0.000025869400       0.0257  AGAGAGAGAGTCA
    94      3    -7.0269613734   0.000887624847       0.8814  AGAGAGAGAGTGG
    95      1    -9.9453668287   0.000047949277       0.0476  AGAGAGAGAGTTA
    96      1   -13.9965199426   0.000000834428       0.0008  AGAGGAGGAGAGG
    97      1    -8.7963475596   0.000151284625       0.1502  AGAGGGAGAGAGG
    98      1   -14.8947780062   0.000000339844       0.0003  AGAGGGAGGGTAG
    99      1   -13.8489215582   0.000000967141       0.0010  AGAGGGGGAGCGA
   100      1   -13.2846280012   0.000001700432       0.0017  AGAGGGGGGGTGA
   101      1   -18.5878167187   0.000000008461       0.0000  AGGCGAGCGCACC
   102      1   -17.0444862173   0.000000039598       0.0000  AGGGAAAGGGTTC
   103      1    -8.9067394435   0.000135472831       0.1345  AGGGAGAGAGAGG
   104      1   -10.7386412947   0.000021690389       0.0215  AGGGAGAGAGCGG
   105      1   -15.6343474032   0.000000162214       0.0002  AGGGAGGAGAAAA
   106      1   -12.1277772347   0.000005407210       0.0054  AGGGAGGAGGAGG
   107      1   -15.3509641812   0.000000215358       0.0002  AGGGAGGGGAGCG
   108      1   -11.3491111758   0.000011779955       0.0117  AGGGGGAGAGGGG
   109      1   -11.9667939823   0.000006351662       0.0063  AGGGGGGGAGGGA
   110      1    -6.8593901010   0.001049553859       1.0422  AGGGGGGGGGGGG
   111      1   -11.2806703481   0.000012614415       0.0125  AGGGGGGGGGTTT
   112      1   -15.5826786633   0.000000170816       0.0002  AGTAAAAATAATT
   113      1   -11.4763550793   0.000010372473       0.0103  AGTGTGTGTGTAG
   114      1   -13.8921644419   0.000000926210       0.0009  ATACGTACACCTT
   115      1   -20.6256265073   0.000000001103       0.0000  ATAGGAGGAGTAT
   116      1   -12.6081421145   0.000003344671       0.0033  ATATACATATCTA
   117      1    -9.8242483188   0.000054123163       0.0537  ATATATATATACG
   118      1    -6.2883933650   0.001857742264       1.8447  ATATATATATATT
   119      1   -10.3225823534   0.000032882092       0.0327  ATATATATATCAC
   120      1    -6.7395563268   0.001183171982       1.1749  ATATATATATCTT
   121      1    -8.7520892503   0.000158130605       0.1570  ATATATATATGTC
   122      1    -7.0135490660   0.000899610140       0.8933  ATATATATATGTT
   123      1    -8.6244197109   0.000179664432       0.1784  ATATATATATTAA
   124      1    -8.2163221280   0.000270207026       0.2683  ATATATATATTTA
   125      3    -5.4994669163   0.004088950610       4.0603  ATATATATATTTT
   126      1    -9.8380200067   0.000053382904       0.0530  ATATATATTTTTT
   127      1   -18.3446210616   0.000000010790       0.0000  ATATATCTACTGA
   128      1   -11.4966423368   0.000010164164       0.0101  ATATATCTATGTT
   129      1   -14.4363935079   0.000000537470       0.0005  ATATATGTGTAAT
   130      1   -10.0584692261   0.000042821544       0.0425  ATATTTATATATT
   131      1   -11.6030181443   0.000009138465       0.0091  ATCTTTTTTTCTT
   132      1   -17.9356677667   0.000000016242       0.0000  ATGCACGTGCGTG
   133      1   -11.8233221158   0.000007331561       0.0073  ATGTATATGTAGG
   134      1   -13.1748943165   0.000001897650       0.0019  ATGTGCGTGTTTC
   135      1   -13.8314484891   0.000000984188       0.0010  ATGTGTATGTAAG
   136      1   -14.3533635960   0.000000584001       0.0006  ATGTGTGTATGTA
   137      1   -18.6854498524   0.000000007674       0.0000  ATTCTATCTCCGC
   138      1    -9.6523319423   0.000064275505       0.0638  ATTTATATTTTTT
   139      1    -7.8478812300   0.000390578638       0.3878  CAAAAAAAAAAAA
   140      1   -20.9892685167   0.000000000766       0.0000  CAATACAAATCTC
   141      1   -13.3019272844   0.000001671269       0.0017  CACACAAACATAG
   142      4    -6.4415787128   0.001593888401       1.5827  CACACACACAAAA
   143      2    -8.3305496083   0.000241039531       0.2394  CACACACACAAAG
   144      2    -7.3651091970   0.000632956286       0.6285  CACACACACACAA
   145      1    -9.0555356094   0.000116743001       0.1159  CACACACACACAG
   146      1    -7.9273542066   0.000360739594       0.3582  CACACACACACCC
   147      1    -8.6607380102   0.000173256395       0.1720  CACACACACACTT
   148      1    -7.5643629035   0.000518607666       0.5150  CACACACACAGAA
   149      1    -9.0524106999   0.000117108383       0.1163  CACACACACATAG
   150      1    -8.8468634943   0.000143832160       0.1428  CACACACACATAT
   151      1   -11.4860829002   0.000010272061       0.0102  CACACACACGGAA
   152      1   -10.0024903878   0.000045287007       0.0450  CACACATACATAA
   153      2    -8.9288765133   0.000132506811       0.1316  CACATACACAAAA
   154      1   -13.1522995162   0.000001941015       0.0019  CACATATACACTT
   155      1   -11.1565591342   0.000014281306       0.0142  CACATATATAAAA
   156      1    -9.0196395251   0.000121009739       0.1202  CACTCTCTCTTTT
   157      1   -21.7980507685   0.000000000341       0.0000  CAGAAAGAAGGCA
   158      1   -18.0842811180   0.000000013999       0.0000  CAGAGGGGGGAGT
   159      1   -21.8208826053   0.000000000334       0.0000  CAGGTAGTGGAAT
   160      1   -23.0869274051   0.000000000094       0.0000  CAGTTATACAATG
   161      1   -12.3384827487   0.000004379908       0.0043  CATACATACACAA
   162      1   -11.5908506000   0.000009250337       0.0092  CATACATATACAC
   163      1   -14.8428504498   0.000000357958       0.0004  CATACATGTACTC
   164      1   -11.0391566481   0.000016060357       0.0159  CATATATATAAAC
   165      1   -12.8769030703   0.000002556419       0.0025  CATATATATAGGC
   166      1   -15.7711927000   0.000000141468       0.0001  CATATGTATAACT
   167      1   -12.6121491356   0.000003331296       0.0033  CATCTCTCTCTCT
   168      1   -15.9909639881   0.000000113557       0.0001  CATGCATATGAAT
   169      1    -9.0870144694   0.000113125304       0.1123  CCACCCCCCCCCC
   170      1   -12.1700987975   0.000005183144       0.0051  CCACGCGCGCCCC
   171      1   -14.3498376376   0.000000586064       0.0006  CCATATATATTTA
   172      1    -9.7809079103   0.000056520457       0.0561  CCCCCCCCCCACA
   173      4    -7.1791362434   0.000762326022       0.7570  CCCCCCCCCCACC
   174      1   -10.0859972643   0.000041658828       0.0414  CCCCCCCCCCACG
   175      1    -8.9284414797   0.000132564468       0.1316  CCCCCCCCCCATT
   176     41    -4.9225071458   0.007280853783       7.2299  CCCCCCCCCCCCC
   177      1    -7.9601820702   0.000349089553       0.3466  CCCCCCCCCCCCG
   178      3    -6.2577867813   0.001915480486       1.9021  CCCCCCCCCCCCT
   179      1   -10.5042508603   0.000027419644       0.0272  CCCCCCCCCCCGA
   180      1   -10.9930696022   0.000016817852       0.0167  CCCCCCCCCCTAG
   181      1    -5.7339020111   0.003234431790       3.2118  CCCCCCCCCCTCC
   182      1    -6.9564751228   0.000952447927       0.9458  CCCCCCCCCCTTC
   183      1   -15.8315696145   0.000000133179       0.0001  CCCCCCCCCGTGG
   184      1    -7.9723768427   0.000344858337       0.3424  CCCCCCCCTCCCC
   185      1   -12.2086798049   0.000004986981       0.0050  CCCCCCTCACCCC
   186      1   -12.4064006246   0.000004092311       0.0041  CCCCCCTTCCCTT
   187      1   -18.8294156849   0.000000006645       0.0000  CCCCCTCCCAAGT
   188      1   -10.5175031071   0.000027058669       0.0269  CCCCCTCCCCCAC
   189      1   -11.5201906366   0.000009927612       0.0099  CCCCCTCTCCCTC
   190      1   -15.6261708489   0.000000163546       0.0002  CCCCGCCCCCAAG
   191      1   -15.7745445325   0.000000140995       0.0001  CCCCTCCTCCTGG
   192      1   -15.2890304816   0.000000229118       0.0002  CCCCTCTCCCAAT
   193      1   -14.1654251864   0.000000704748       0.0007  CCCCTTCTCCTTT
   194      1   -10.2453501138   0.000035522292       0.0353  CCCTCCCCCCGCC
   195      1   -12.3207786639   0.000004458141       0.0044  CCCTCCCTCCTTT
   196      1   -13.9557607794   0.000000869141       0.0009  CCCTCTCTCCATT
   197      1   -10.0611915414   0.000042705128       0.0424  CCCTCTCTCTATT
   198      1    -8.7684671162   0.000155561856       0.1545  CCCTCTCTCTTCC
   199      2   -13.7222224627   0.000001097778       0.0011  CCCTCTCTTTCAC
   200      1   -18.9248866367   0.000000006040       0.0000  CCCTTCTTTCATC
   201      1    -9.2845454449   0.000092848127       0.0922  CCGCCCCCCCCCC
   202      1   -11.3185105306   0.000012146002       0.0121  CCGCCCCCCCTTC
   203      1   -11.8727244803   0.000006978166       0.0069  CCGCCCGCGCACC
   204      1   -25.3077492970   0.000000000010       0.0000  CCTAGTGTTAAAG
   205      1   -13.4139561489   0.000001494145       0.0015  CCTATATATATTC
   206      1    -9.7518472592   0.000058187078       0.0578  CCTCCCCCCCACC
   207      1   -14.0899035185   0.000000760033       0.0008  CCTCTCCTTCTTC
   208      1   -12.7281843659   0.000002966332       0.0029  CCTCTCTCCCACC
   209      1    -8.4030361562   0.000224185627       0.2226  CCTCTCTCTCCCT
   210      1    -8.3906575577   0.000226977978       0.2254  CCTCTCTCTCCTC
   211      1   -16.3894111860   0.000000076238       0.0001  CCTCTCTCTTGAG
   212      1   -16.0912498502   0.000000102721       0.0001  CCTCTCTTTTATC
   213      1   -17.9917533492   0.000000015356       0.0000  CCTCTTACACTCC
   214      1   -14.6098102827   0.000000451898       0.0004  CCTCTTTCTCTAA
   215      1   -16.0310390699   0.000000109096       0.0001  CCTGCGCGTGAGA
   216      1   -20.1694104757   0.000000001740       0.0000  CCTGTACGTGCCA
   217      1   -15.6763939221   0.000000155535       0.0002  CCTTTTTCTTATC
   218      1   -13.7029138285   0.000001119181       0.0011  CCTTTTTCTTTTC
   219      1   -14.2201188643   0.000000667238       0.0007  CCTTTTTTCTTTC
   220      1   -10.6721132958   0.000023182490       0.0230  CCTTTTTTTTTTC
   221      1   -12.0381638868   0.000005914143       0.0059  CGAGCGAGAGAGG
   222      1   -17.2888670314   0.000000031013       0.0000  CGCAAACACAGAC
   223      1   -19.1517373252   0.000000004814       0.0000  CGCAAGTGCGTAG
   224      1   -17.8687062296   0.000000017367       0.0000  CGCACACAGAGTT
   225      1   -16.2911975684   0.000000084105       0.0001  CGCACACGCGCAC
   226      1   -12.9805842023   0.000002304644       0.0023  CGCGCACACAAAA
   227      1    -8.6204135124   0.000180385648       0.1791  CGCGCGCGCGAAA
   228      1   -10.2487269537   0.000035402541       0.0352  CGCGCGCGCGCCG
   229      2    -7.7016420349   0.000452084235       0.4489  CGCGCGCGCGCGG
   230      1    -9.9648921538   0.000047022133       0.0467  CGCGCGCGCGCTG
   231      2    -6.8485559263   0.001060986730       1.0536  CGCGCGCGCGGGG
   232      1    -9.2856462380   0.000092745976       0.0921  CGCGCGCGCGTAG
   233      1    -8.9545927121   0.000129142681       0.1282  CGCGCGCGCGTCC
   234      1    -7.6906804877   0.000457067037       0.4539  CGCGCGCGCGTGG
   235      1    -9.1623164240   0.000104919578       0.1042  CGCGCGCGCGTGT
   236      1   -11.7288207122   0.000008058197       0.0080  CGCGCGCGGGGGG
   237      1   -11.8268869050   0.000007305472       0.0073  CGCGCGTGCGAAG
   238      1   -13.1196029925   0.000002005528       0.0020  CGCGTGCGTGTGG
   239      1   -13.6820661542   0.000001142758       0.0011  CGCGTGTGTGCTT
   240      1   -19.7470080943   0.000000002655       0.0000  CGGTCCTTGTCTT
   241      1   -21.3398963186   0.000000000540       0.0000  CGTAGGGGTAAAT
   242      1   -15.6706840811   0.000000156426       0.0002  CGTAGGTATAGGG
   243      1   -10.3476254242   0.000032068849       0.0318  CGTGCGTGTGTGG
   244      1   -12.2450588027   0.000004808820       0.0048  CGTGTGTGTGCCG
   245      1   -24.3062961986   0.000000000028       0.0000  CTACGCTCCCAAG
   246      1    -8.4745535796   0.000208712348       0.2073  CTATATATATTTT
   247      1   -10.0540845653   0.000043009714       0.0427  CTCCCTCTCTCTC
   248      1   -17.2244997184   0.000000033075       0.0000  CTCCTTTCTTTTC
   249      1    -6.9892309205   0.000921755162       0.9153  CTCTCTCTCTATT
   250      3    -5.5662647728   0.003824740057       3.7980  CTCTCTCTCTCTT
   251      1    -7.7089023404   0.000448813852       0.4457  CTCTCTCTCTTAT
   252      2    -4.8453241019   0.007865067958       7.8100  CTCTCTCTCTTTT
   253      1   -12.4997091086   0.000003727737       0.0037  CTCTTTCTTTTCC
   254      1    -9.0057388889   0.000122703597       0.1218  CTCTTTTTTTTTT
   255      1   -21.8968931491   0.000000000309       0.0000  CTGATGCACAAGG
   256      1   -19.1186514859   0.000000004976       0.0000  CTGTATACATCAC
   257      1   -14.3040475358   0.000000613523       0.0006  CTGTCTTTGTTTA
   258      1   -15.3411825511   0.000000217475       0.0002  CTTCTCTCTCGGA
   259      1   -16.5919581795   0.000000062259       0.0001  CTTTCCTTTTAAC
   260      1    -8.2546792401   0.000260038922       0.2582  CTTTCTTTTTCTT
   261      1    -7.4400448290   0.000587258871       0.5831  CTTTCTTTTTTTT
   262      1   -13.3585088124   0.000001579332       0.0016  CTTTTCTTTTCAT
   263      1   -13.9207289049   0.000000900128       0.0009  CTTTTTCTTTGGG
   264      1    -8.8191880293   0.000147868376       0.1468  CTTTTTCTTTTTT
   265      1   -13.5991776696   0.000001241516       0.0012  CTTTTTTTCTACT
   266      1   -13.9005568226   0.000000918470       0.0009  CTTTTTTTTCATC
   267      1    -8.7876032254   0.000152613309       0.1515  CTTTTTTTTTCCT
   268      1    -8.5285926777   0.000197733048       0.1963  CTTTTTTTTTCTC
   269      2    -5.8605766368   0.002849600025       2.8297  CTTTTTTTTTTTT
   270      2    -6.5242264525   0.001467453853       1.4572  GAAAAAAAAAAAA
   271      1   -10.9938873310   0.000016804105       0.0167  GAAAAAAAAATTT
   272      1   -15.1964554009   0.000000251341       0.0002  GAAAAAAAAGCGG
   273      1   -14.8387082826   0.000000359444       0.0004  GAAAAAGAAACAC
   274      1   -13.5233966285   0.000001339256       0.0013  GAAAGAGATATAA
   275      1   -16.5482226968   0.000000065043       0.0001  GAAATAGAAATAC
   276      1   -14.3248380908   0.000000600900       0.0006  GAAGGAGAGGAAG
   277      1   -13.0416507418   0.000002168119       0.0022  GAAGGGGGAGAAG
   278      2    -9.3291159836   0.000088800704       0.0882  GACACACACAAAA
   279      1   -12.3919665315   0.000004151809       0.0041  GAGAAAGAGAATT
   280      1   -11.7405641551   0.000007964120       0.0079  GAGACAGAGAAGG
   281      1   -11.2892548284   0.000012506590       0.0124  GAGACAGAGATAA
   282      1    -8.8251679744   0.000146986770       0.1460  GAGAGAAAGAGAA
   283      1    -8.6661754888   0.000172316873       0.1711  GAGAGAGAAAAAA
   284      7    -5.2528213348   0.005232734258       5.1961  GAGAGAGAGAAAA
   285      2    -6.9979438796   0.000913758834       0.9074  GAGAGAGAGAAAG
   286      1    -7.7774935526   0.000419061214       0.4161  GAGAGAGAGAAAT
   287      2    -7.0800637659   0.000841719474       0.8358  GAGAGAGAGAAGA
   288      1    -9.0976782332   0.000111925372       0.1111  GAGAGAGAGAATG
   289      2    -7.5231150936   0.000540446400       0.5367  GAGAGAGAGACAA
   290      1    -8.9533800311   0.000129299385       0.1284  GAGAGAGAGACAG
   291      1    -5.8097690298   0.002998122469       2.9771  GAGAGAGAGAGAA
   292      1    -6.7931929180   0.001121382569       1.1135  GAGAGAGAGAGAG
   293      2    -6.9545484751   0.000954284727       0.9476  GAGAGAGAGATAA
   294      1    -9.3497764793   0.000086984860       0.0864  GAGAGAGAGATTA
   295      1   -12.8476903932   0.000002632200       0.0026  GAGAGAGCGATAG
   296      1   -15.5514481544   0.000000176235       0.0002  GAGAGGAAGACGA
   297      1   -11.0212558825   0.000016350438       0.0162  GAGATAGAGAGGA
   298      1   -11.8700104256   0.000006997130       0.0069  GAGGGAGAGAGTG
   299      1   -15.0310332562   0.000000296555       0.0003  GAGGGGGGAGTGT
   300      1   -12.8104473368   0.000002732080       0.0027  GAGGGGGGGGCCC
   301      1   -16.7651832610   0.000000052357       0.0001  GAGTGTGCGCGAG
   302      1    -9.3830085364   0.000084141678       0.0836  GATAGATATAAAA
   303      1   -18.7341858820   0.000000007309       0.0000  GCAAGCAAAATGT
   304      1   -19.9268109322   0.000000002218       0.0000  GCACACAGATAAC
   305      1   -19.5529644987   0.000000003223       0.0000  GCACACATTCAGC
   306      1   -14.0960261942   0.000000755394       0.0008  GCACACGCACGTC
   307      1   -16.6928133403   0.000000056286       0.0001  GCACGCGCATGGC
   308      1   -16.7864668541   0.000000051254       0.0001  GCAGACAGAGAAG
   309      1   -15.6616689583   0.000000157842       0.0002  GCATACATATTGG
   310      1   -24.6011055899   0.000000000021       0.0000  GCATCCGGACTCA
   311      1   -15.6064466600   0.000000166804       0.0002  GCATGCGTGTATC
   312      1   -16.7589324879   0.000000052685       0.0001  GCATGTATGTAGG
   313      1   -17.5589002098   0.000000023674       0.0000  GCATTCGCGCTTT
   314      1   -14.2617388200   0.000000640038       0.0006  GCCCCCCCCCAAT
   315      1    -8.8479158597   0.000143680876       0.1427  GCCCCCCCCCCCC
   316      1   -14.5133441346   0.000000497662       0.0005  GCCCCCCCCCTAG
   317      1   -16.6110591933   0.000000061081       0.0001  GCCCCCCTCTCTT
   318      1   -18.2672806086   0.000000011658       0.0000  GCCCGCACACCAA
   319      1   -23.0419085114   0.000000000098       0.0000  GCCTCCCTACTAT
   320      1   -13.5158711145   0.000001349372       0.0013  GCGAGAGAGACGA
   321      1   -13.2182254012   0.000001817179       0.0018  GCGCACGCACCCC
   322      1   -13.7040339566   0.000001117928       0.0011  GCGCGCACGCAAT
   323      1   -14.1739892898   0.000000698738       0.0007  GCGCGCGAGCACG
   324      1    -7.0485427056   0.000868673949       0.8626  GCGCGCGCGCCCC
   325      1    -7.7112874602   0.000447744652       0.4446  GCGCGCGCGCGCC
   326      1   -11.5287946197   0.000009842561       0.0098  GCGCGCGTGCCTT
   327      1   -11.2406761534   0.000013129143       0.0130  GCGCGCGTGCTTC
   328      1   -13.6375439488   0.000001194785       0.0012  GCGCGCTCGCACA
   329      1   -10.9557944053   0.000017456571       0.0173  GCGCGCTCGCCCC
   330      1   -16.2150677075   0.000000090758       0.0001  GCGCGTGAGCACT
   331      1   -22.5583111141   0.000000000160       0.0000  GCGGACTGGGAGT
   332      1   -20.6471133430   0.000000001079       0.0000  GCGTACAAATCCT
   333      1   -11.7728797396   0.000007710868       0.0077  GCGTGCGCGCGTC
   334      1   -13.9728445467   0.000000854419       0.0008  GCGTGCGTGTAAT
   335      1    -9.7579717562   0.000057831800       0.0574  GCGTGTGTGTGTT
   336      1   -10.4744021170   0.000028250423       0.0281  GCGTGTGTGTTCC
   337      1   -11.7099883817   0.000008211390       0.0082  GCGTGTGTGTTTG
   338      1   -17.1085373162   0.000000037141       0.0000  GCTAGCGCGCGTT
   339      1   -19.5350617270   0.000000003281       0.0000  GCTCGTTTTCATG
   340      1   -16.2949024013   0.000000083794       0.0001  GCTCTCTTTCATG
   341      1   -16.4123353892   0.000000074510       0.0001  GCTTATATATTCT
   342      1   -13.7359499303   0.000001082811       0.0011  GGAAAGAGAAGAA
   343      1   -14.9228836786   0.000000330426       0.0003  GGAAGAAAAGGGG
   344      1   -17.6758013267   0.000000021062       0.0000  GGAAGACAAAAAT
   345      1   -16.2109393376   0.000000091134       0.0001  GGAAGGGGAATTG
   346      1   -17.0534638558   0.000000039244       0.0000  GGACAGACACGAC
   347      1    -9.3976497186   0.000082918719       0.0823  GGAGAGAGAGAAG
   348      1   -10.3844070856   0.000030910733       0.0307  GGAGAGAGAGATG
   349      1   -11.2459706724   0.000013059814       0.0130  GGAGAGAGAGTTT
   350      1   -15.1312924804   0.000000268264       0.0003  GGAGAGATAGTTT
   351      1   -16.1230099540   0.000000099510       0.0001  GGAGAGGGAGCAC
   352      1   -12.3915161379   0.000004153679       0.0041  GGAGAGGGAGGAA
   353      1   -20.0550341449   0.000000001951       0.0000  GGAGGAAGAAGCC
   354      1   -14.8318343079   0.000000361923       0.0004  GGAGGGAAAGACG
   355      1   -16.0319007692   0.000000109002       0.0001  GGAGGGAAAGCGC
   356      1   -10.3575613667   0.000031751793       0.0315  GGAGGGAGAGAAA
   357      1   -10.2589230110   0.000035043409       0.0348  GGAGGGAGAGAGA
   358      1   -10.4402719245   0.000029231259       0.0290  GGAGGGGGAGAAG
   359      1   -10.0874410803   0.000041598723       0.0413  GGAGGGGGAGGTG
   360      1   -13.7363828717   0.000001082343       0.0011  GGAGGGGGGGACC
   361      1    -9.8892074723   0.000050719126       0.0504  GGAGGGGGGGCGG
   362      1   -18.2590977340   0.000000011754       0.0000  GGATACAGATAAA
   363      1   -18.6030298533   0.000000008333       0.0000  GGATGCATATTGA
   364      1   -16.4922459216   0.000000068787       0.0001  GGATGCGTGTGGA
   365      1    -8.7883194641   0.000152504041       0.1514  GGCGGGGGGGGGG
   366      1   -14.0602322646   0.000000782922       0.0008  GGGAGGAGGAGTG
   367      1   -16.8265535687   0.000000049240       0.0000  GGGAGGGAAAAAC
   368      1   -11.3277334655   0.000012034495       0.0120  GGGAGGGAGAGGC
   369      1   -13.2958756679   0.000001681414       0.0017  GGGAGGGAGGAAA
   370      1   -22.0443068409   0.000000000267       0.0000  GGGCGAACGTCCC
   371      1   -16.1835822962   0.000000093661       0.0001  GGGCGCACGCATG
   372      1   -15.0953380829   0.000000278085       0.0003  GGGGAGAAGGAGA
   373      1   -12.2193836361   0.000004933886       0.0049  GGGGAGAGAGAGA
   374      1   -14.4996161384   0.000000504541       0.0005  GGGGAGGAGGCAG
   375      1   -11.8283312201   0.000007294928       0.0072  GGGGAGGGAGAGG
   376      1   -13.0512265778   0.000002147456       0.0021  GGGGGAGAGGAAG
   377      1   -11.6595540064   0.000008636147       0.0086  GGGGGAGAGGAGG
   378      1   -10.3920968391   0.000030673949       0.0305  GGGGGAGGGGAAA
   379      1   -10.3098167830   0.000033304542       0.0331  GGGGGGAGGGGAA
   380      1    -7.2262317305   0.000727256204       0.7222  GGGGGGGGGGAAG
   381      3    -5.6224884211   0.003615632689       3.5903  GGGGGGGGGGAGG
   382      1    -8.6113830119   0.000182021998       0.1807  GGGGGGGGGGCAG
   383      1    -6.9488987563   0.000959691426       0.9530  GGGGGGGGGGCGG
   384      2   -10.7664707721   0.000021095079       0.0209  GGGGGGGGGGCTA
   385      1    -7.4995929945   0.000553309524       0.5494  GGGGGGGGGGGGC
   386     47    -4.3963492622   0.012322243167      12.2360  GGGGGGGGGGGGG
   387      1    -8.8004862239   0.000150659803       0.1496  GGGGGGGGGGTAA
   388      2    -6.3803321378   0.001694560036       1.6827  GGGGGGGGGGTGG
   389      1    -8.1760955011   0.000281298127       0.2793  GGGGTGGGGGGGG
   390      1   -11.6196945339   0.000008987332       0.0089  GGGTGGGGGGGGC
   391      1   -17.2843175786   0.000000031154       0.0000  GGTGCGTATGAGT
   392      1   -10.8016466669   0.000020365940       0.0202  GGTGGGGGAGGGG
   393      1   -10.7246168865   0.000021996727       0.0218  GGTGTGTGTGAGA
   394      1    -8.1754679641   0.000281474707       0.2795  GGTGTGTGTGGGG
   395      1   -14.3243936377   0.000000601167       0.0006  GTATATACATAAT
   396      1   -15.4037194484   0.000000204291       0.0002  GTATATATCTCTC
   397      1   -14.6709331252   0.000000425104       0.0004  GTATATCTATATA
   398      1   -16.5240460137   0.000000066634       0.0001  GTATGCGTATGCA
   399      1   -16.1149194000   0.000000100318       0.0001  GTATGTATGTAAC
   400      1   -12.3132582041   0.000004491795       0.0045  GTATGTGTGTACC
   401      1   -12.6515599605   0.000003202560       0.0032  GTATGTGTGTAGT
   402      1   -13.1262452810   0.000001992251       0.0020  GTATGTGTGTCAA
   403      1   -15.2789940835   0.000000231429       0.0002  GTCTGTCTCTCAC
   404      1   -13.7786005741   0.000001037600       0.0010  GTGAGGGAGAAAG
   405      1   -17.2115440459   0.000000033506       0.0000  GTGCGTATGTAGC
   406      1   -12.0405480843   0.000005900060       0.0059  GTGCGTGCGCAAA
   407      1   -14.1262793311   0.000000732883       0.0007  GTGCGTGCGCTAC
   408      1   -18.9401807768   0.000000005948       0.0000  GTGTACACATTTC
   409      1   -13.2562621592   0.000001749357       0.0017  GTGTACGTGTCTT
   410      1   -15.1278573726   0.000000269188       0.0003  GTGTATGTATATG
   411      1   -10.8167793328   0.000020060069       0.0199  GTGTATGTGTAAA
   412      1   -11.5195894370   0.000009933582       0.0099  GTGTATGTGTTTG
   413      1   -13.8489590261   0.000000967105       0.0010  GTGTGTCTGTACC
   414      1   -13.9683597632   0.000000858259       0.0009  GTGTGTGAGTAGT
   415      1    -9.7864133294   0.000056210143       0.0558  GTGTGTGTGTCAT
   416      2    -7.0036500213   0.000908559644       0.9022  GTGTGTGTGTCTT
   417      1    -6.6636519427   0.001276476230       1.2675  GTGTGTGTGTGTT
   418      1   -10.1357869282   0.000039635439       0.0394  GTGTGTGTGTTAG
   419      1    -8.5752953419   0.000188710712       0.1874  GTGTGTGTGTTTA
   420      1    -8.6582448774   0.000173688885       0.1725  GTGTGTGTGTTTG
   421      6    -5.7635860083   0.003139831923       3.1179  GTGTGTGTGTTTT
   422      1   -14.7793202408   0.000000381437       0.0004  GTTTATATTTACT
   423      1   -13.1940328331   0.000001861677       0.0018  GTTTATATTTCTT
   424      1   -14.3115904239   0.000000608913       0.0006  GTTTTTTATTTAT
   425      1   -10.4033013635   0.000030332180       0.0301  TAAAAAAAAAAAC
   426      1    -9.7822114974   0.000056446826       0.0561  TAAAAAAAAAATA
   427      1   -17.0387097041   0.000000039827       0.0000  TAAAAACAAAATC
   428      1   -23.6547657095   0.000000000053       0.0000  TAACGCAAATTCC
   429      1   -20.1348832314   0.000000001801       0.0000  TAAGTGAAAGGCA
   430      1   -15.3728758113   0.000000210690       0.0002  TAATATATATTGA
   431      1   -12.5617827315   0.000003503379       0.0035  TACACACACAACT
   432      1   -10.7799646242   0.000020812337       0.0207  TACACACACATGA
   433      1   -14.5685409844   0.000000470937       0.0005  TACACATATAAGG
   434      1   -16.8065291299   0.000000050236       0.0000  TACACATTCACTT
   435      1    -8.8033007971   0.000150236356       0.1492  TACATATATAAAA
   436      1   -12.8163888631   0.000002715895       0.0027  TACATATATAAGT
   437      1   -11.4883046960   0.000010249264       0.0102  TACATATATACCC
   438      1   -16.7548702573   0.000000052900       0.0001  TACGTACATAAAG
   439      1   -15.0586363016   0.000000288481       0.0003  TACGTGTGTGTAC
   440      1   -21.3727619693   0.000000000522       0.0000  TAGGGGAGAGACT
   441      1   -15.0754029180   0.000000283685       0.0003  TATACACATAACT
   442      1    -8.6948625709   0.000167443836       0.1663  TATACATATAAAA
   443      1   -17.4700080432   0.000000025874       0.0000  TATACATCTAACC
   444      1    -9.9200503150   0.000049178682       0.0488  TATAGATATAAAA
   445      1   -12.9651571728   0.000002340474       0.0023  TATAGATATAAAC
   446      1    -8.8693222593   0.000140637871       0.1397  TATATACATAAAA
   447      3    -5.6430837267   0.003541929206       3.5171  TATATATATAAAA
   448      1    -8.0740436771   0.000311521040       0.3093  TATATATATAAAT
   449      1    -7.1245575524   0.000805089141       0.7995  TATATATATACAA
   450      1    -6.7659717670   0.001152327157       1.1443  TATATATATAGAA
   451      1   -10.5439080636   0.000026353537       0.0262  TATATATATAGGC
   452      1   -10.4403226689   0.000029229775       0.0290  TATATATATAGTC
   453      3    -6.2048261422   0.002019659912       2.0055  TATATATATATAA
   454      1    -8.2146832633   0.000270650222       0.2688  TATATATATATTC
   455      2    -6.4616619460   0.001562197264       1.5513  TATATATATATTT
   456      1   -11.7693440513   0.000007738180       0.0077  TATATCTATACAA
   457      1   -15.7842423267   0.000000139634       0.0001  TATATGTGTATCG
   458      1   -16.0677691106   0.000000105161       0.0001  TATCTATATCAGC
   459      1   -18.5839496924   0.000000008494       0.0000  TATCTCTGTCGGC
   460      1   -20.2686254763   0.000000001576       0.0000  TATGGATGTAAGT
   461      1   -12.4830572473   0.000003790331       0.0038  TATGTATATATCA
   462      1   -15.4250391890   0.000000199982       0.0002  TATGTATGTATCA
   463      1   -14.4430469640   0.000000533906       0.0005  TATGTGTGCGCAA
   464      1   -13.0086209140   0.000002240927       0.0022  TATGTGTGTGATC
   465      1    -9.9195376937   0.000049203899       0.0489  TATGTGTGTGTAA
   466      1   -19.1105837231   0.000000005016       0.0000  TCACGCGAGCAAA
   467      1   -19.2400502065   0.000000004407       0.0000  TCATACAGACCAC
   468      1   -17.5694293193   0.000000023426       0.0000  TCATTCTCACGAA
   469      1   -11.9080847367   0.000006735727       0.0067  TCCCCCCCCCAAC
   470      1   -11.1180409941   0.000014842127       0.0147  TCCCCCTCCCTCT
   471      1   -15.4856771943   0.000000188216       0.0002  TCCCCCTTTCCTT
   472      1   -13.5985217354   0.000001242330       0.0012  TCCCTCCCCCGAA
   473      1   -12.7315062535   0.000002956495       0.0029  TCCCTCTATCCCC
   474      1    -8.8061000443   0.000149816395       0.1488  TCCCTCTCCCCCC
   475      1   -14.9854801571   0.000000310376       0.0003  TCCCTTTTCCTTC
   476      1   -27.3436064890   0.000000000001       0.0000  TCCTCGAGTGAAT
   477      1    -9.3256484126   0.000089109161       0.0885  TCCTCTCTCTTTT
   478      1   -17.2879440896   0.000000031041       0.0000  TCCTCTCTTCCTT
   479      1   -15.2903077224   0.000000228825       0.0002  TCCTCTTTCTCAC
   480      1   -16.4660911417   0.000000070610       0.0001  TCCTTCTCCTCTG
   481      1   -12.7831418635   0.000002807709       0.0028  TCCTTCTCCTTTT
   482      1   -10.1310160831   0.000039824985       0.0395  TCGCTCGCGCCCC
   483      1   -16.6403363276   0.000000059319       0.0001  TCGCTCTTGCCTG
   484      1   -17.8575511477   0.000000017562       0.0000  TCTACCTATAGAA
   485      1   -16.1108038617   0.000000100732       0.0001  TCTATCTTTTTGC
   486      1    -9.5797529445   0.000069114021       0.0686  TCTCACTCTCTCC
   487      1   -14.0830574318   0.000000765254       0.0008  TCTCACTCTTCTC
   488      1   -14.5273164961   0.000000490757       0.0005  TCTCCCCCTCAAC
   489      1   -10.9553607779   0.000017464143       0.0173  TCTCCCCCTCCTC
   490      1   -11.3768578494   0.000011457594       0.0114  TCTCCCCCTCTTC
   491      1   -13.6934105945   0.000001129867       0.0011  TCTCCTTCTCATT
   492      1   -13.9681328863   0.000000858454       0.0009  TCTCCTTCTCTAC
   493      1   -14.1735415318   0.000000699051       0.0007  TCTCTCCCCCGTC
   494      1    -8.5573856728   0.000192120905       0.1908  TCTCTCCCTCCCC
   495      1    -9.8022540873   0.000055326747       0.0549  TCTCTCCCTCCTC
   496      1   -12.5932442832   0.000003394873       0.0034  TCTCTCTCACATT
   497      1   -11.7767690146   0.000007680937       0.0076  TCTCTCTCCCACT
   498      1    -9.5395293981   0.000071950700       0.0714  TCTCTCTCTCACA
   499      1    -7.2379191865   0.000718805906       0.7138  TCTCTCTCTCACC
   500      2    -9.9849642953   0.000046087707       0.0458  TCTCTCTCTCATA
   501      1   -10.0532965061   0.000043043621       0.0427  TCTCTCTCTCCAA
   502      5    -5.3437891537   0.004777732804       4.7443  TCTCTCTCTCCCC
   503      1    -9.0476699645   0.000117664881       0.1168  TCTCTCTCTCCTA
   504      2    -6.5877857111   0.001377085856       1.3674  TCTCTCTCTCCTC
   505      1    -6.8133264134   0.001099030981       1.0913  TCTCTCTCTCCTT
   506      1   -10.1323873510   0.000039770412       0.0395  TCTCTCTCTCTAG
   507      3    -5.4396557761   0.004340977282       4.3106  TCTCTCTCTCTCC
   508      1    -8.3368541297   0.000239524673       0.2378  TCTCTCTCTCTGC
   509      2    -8.2822513193   0.000252967049       0.2512  TCTCTCTCTCTGT
   510      1    -6.4480492012   0.001583608459       1.5725  TCTCTCTCTCTTC
   511      2    -5.5595416923   0.003850540726       3.8236  TCTCTCTCTCTTT
   512      1    -9.8100684312   0.000054896090       0.0545  TCTCTCTCTTTTC
   513      1    -9.4542851258   0.000078353092       0.0778  TCTCTCTTTCCTT
   514      1    -9.9555932162   0.000047461428       0.0471  TCTCTGTCTCCCC
   515      1   -11.8394255499   0.000007214443       0.0072  TCTCTTTTTCCTC
   516      1   -10.1921394868   0.000037463648       0.0372  TCTCTTTTTCTTT
   517      1   -12.3980780539   0.000004126512       0.0041  TCTGTGTGTGTAA
   518      1   -12.9256321629   0.000002434834       0.0024  TCTTCCTCTTTCT
   519      1   -13.6182742541   0.000001218032       0.0012  TCTTCTTTTTCAT
   520      1   -13.5249025075   0.000001337240       0.0013  TCTTTCTCTCAAG
   521      2    -9.3166756281   0.000089912316       0.0893  TCTTTCTCTCTTC
   522      1    -8.4280501935   0.000218647395       0.2171  TCTTTCTCTCTTT
   523      1   -13.3278706072   0.000001628468       0.0016  TCTTTCTTCTTTC
   524      1   -13.3236335332   0.000001635383       0.0016  TCTTTCTTTTAAT
   525      1    -9.5680468045   0.000069927833       0.0694  TCTTTTCTTTTTT
   526      2    -6.3385357539   0.001766887502       1.7545  TCTTTTTTTTTTT
   527      1   -12.9417711481   0.000002395853       0.0024  TGAATATATAAAA
   528      1   -13.5044072734   0.000001364930       0.0014  TGCATATATAAGG
   529      1   -17.1245097199   0.000000036553       0.0000  TGCATGTGTGCCA
   530      1   -12.1536292972   0.000005269214       0.0052  TGCGCGTGCGCGG
   531      1   -12.2527545711   0.000004771955       0.0047  TGCGTGCGCGTGC
   532      1   -16.2839572638   0.000000084716       0.0001  TGCGTGTGCAGCG
   533      1   -10.9805843165   0.000017029144       0.0169  TGGGGAGGGGGGG
   534      1   -10.9314302723   0.000017887109       0.0178  TGGGTGTGTGTGG
   535      1   -18.2237535263   0.000000012177       0.0000  TGTATAAGTGAAA
   536      1   -10.4863526292   0.000027914826       0.0277  TGTATATATAAAG
   537      1   -10.6922133117   0.000022721174       0.0226  TGTATATATAGAG
   538      1   -13.0077720162   0.000002242830       0.0022  TGTATATGTAGAA
   539      1   -15.6108204871   0.000000166076       0.0002  TGTATATGTGCTC
   540      1   -11.6132177507   0.000009045730       0.0090  TGTATGTGTGAAG
   541      1   -11.3431529758   0.000011850352       0.0118  TGTATGTGTGAGA
   542      1   -19.0133949437   0.000000005528       0.0000  TGTGCATGTTTAA
   543      1   -12.3092212883   0.000004509964       0.0045  TGTGCGTGTGCGC
   544      1    -9.1018170367   0.000111463092       0.1107  TGTGCGTGTGGGG
   545      1   -15.3849076491   0.000000208171       0.0002  TGTGTATATGCAT
   546      1   -15.9536865838   0.000000117870       0.0001  TGTGTGCATGTAC
   547      1   -10.1450609594   0.000039269557       0.0390  TGTGTGTGCGTGG
   548      1   -13.4957298181   0.000001376826       0.0014  TGTGTGTGTAATA
   549      1    -8.3796436079   0.000229491720       0.2279  TGTGTGTGTGAAG
   550      1    -8.1095637631   0.000300649999       0.2985  TGTGTGTGTGAGA
   551      1    -6.9056692116   0.001002088245       0.9951  TGTGTGTGTGAGG
   552      1   -10.2121988081   0.000036719640       0.0365  TGTGTGTGTGCAC
   553      1    -9.8740586346   0.000051493311       0.0511  TGTGTGTGTGCAT
   554      1    -8.9346749159   0.000131740706       0.1308  TGTGTGTGTGCGA
   555      1    -7.4607243322   0.000575239356       0.5712  TGTGTGTGTGCGG
   556      5    -6.0500527710   0.002357737583       2.3412  TGTGTGTGTGGGG
   557      1    -6.5412463875   0.001442689228       1.4326  TGTGTGTGTGTGG
   558      1    -8.6518793991   0.000174798024       0.1736  TGTGTGTGTGTTG
   559      3    -6.7060020677   0.001223546013       1.2150  TGTGTGTGTGTTT
   560      1   -19.5093983007   0.000000003366       0.0000  TTACTCACGCTAA
   561      1    -9.7080410406   0.000060792688       0.0604  TTATTTTTATTCT
   562      1   -10.3028310711   0.000033538012       0.0333  TTATTTTTTTTAT
   563      1    -7.4215240782   0.000598236691       0.5940  TTATTTTTTTTTT
   564      1   -17.1320423749   0.000000036278       0.0000  TTCCCTTTTTACT
   565      1   -10.5038294947   0.000027431200       0.0272  TTCCTTTCTCTTT
   566      1   -17.8769031046   0.000000017225       0.0000  TTCTATCTTTAGT
   567      1    -7.3235888229   0.000659790087       0.6552  TTCTCTCTCTCTT
   568      1    -8.7040122185   0.000165918771       0.1648  TTCTCTCTCTGTT
   569      1   -12.5317585441   0.000003610160       0.0036  TTCTCTTTTTTTG
   570      1   -14.1283712299   0.000000731352       0.0007  TTCTGCTTTTTTT
   571      1   -15.7377449552   0.000000146280       0.0001  TTCTTCCTCCTCT
   572      1    -8.1829391477   0.000279379594       0.2774  TTCTTTCTCTCTT
   573      2    -6.7153370425   0.001212177388       1.2037  TTCTTTTTCTTTT
   574      1    -8.3285929822   0.000241511617       0.2398  TTCTTTTTTTTCT
   575      1    -6.3892309704   0.001679547326       1.6678  TTCTTTTTTTTTT
   576      1   -16.1833349542   0.000000093684       0.0001  TTGAGAGAGAGGC
   577      1   -20.4008774759   0.000000001380       0.0000  TTGCGAGTGTAGT
   578      1   -13.3603538894   0.000001576420       0.0016  TTGTACGTGTTTT
   579      1   -15.9933349967   0.000000113288       0.0001  TTTCCCTTTTTAT
   580      1   -13.8483914768   0.000000967654       0.0010  TTTCTCCCTCGCT
   581      1   -12.0134932708   0.000006061864       0.0060  TTTCTCTCCCCTT
   582      1    -8.4100297137   0.000222623242       0.2211  TTTCTCTCTCCTT
   583      1   -12.7410801026   0.000002928325       0.0029  TTTCTCTTTTTCC
   584      1    -9.5616201363   0.000070378683       0.0699  TTTCTTTCTTTTT
   585      1   -12.2543283278   0.000004764451       0.0047  TTTCTTTTCTTTC
   586      1   -12.0139787352   0.000006058922       0.0060  TTTCTTTTTCCTA
   587      1   -11.7123140229   0.000008192315       0.0081  TTTCTTTTTTATA
   588      1   -11.2629064798   0.000012840498       0.0128  TTTCTTTTTTCTG
   589      1    -6.6848582066   0.001249691939       1.2409  TTTCTTTTTTTTT
   590      1   -20.1316951225   0.000000001807       0.0000  TTTGTCACTCCTG
   591      1    -9.7373049818   0.000059039433       0.0586  TTTTCTTTCTTTT
   592      1   -14.5546337616   0.000000477532       0.0005  TTTTTCTTTCACT
   593      1   -11.0327767727   0.000016163147       0.0161  TTTTTTCTTTCTG
   594      1    -9.0581737215   0.000116435426       0.1156  TTTTTTCTTTGTT
   595      1    -6.4583999041   0.001567301538       1.5563  TTTTTTCTTTTTT
   596      1   -10.1038561046   0.000040921453       0.0406  TTTTTTGTTTATT
   597      1    -6.4662266961   0.001555082475       1.5442  TTTTTTTCTTTTT
   598      1   -12.2618041416   0.000004728965       0.0047  TTTTTTTGTTCTG
   599      1   -12.6074808327   0.000003346884       0.0033  TTTTTTTTCTCGC
   600      1    -8.7983839021   0.000150976871       0.1499  TTTTTTTTCTTTC
   601      1    -8.3937343416   0.000226280689       0.2247  TTTTTTTTTTAAA
   602      1    -7.5354754651   0.000533807396       0.5301  TTTTTTTTTTACT
   603      1    -8.6665121737   0.000172258867       0.1711  TTTTTTTTTTAGT
   604      2    -5.6318265346   0.003582026653       3.5570  TTTTTTTTTTATT
   605      1    -9.4499206536   0.000078695809       0.0781  TTTTTTTTTTCAA
   606      1    -7.5912650030   0.000504842023       0.5013  TTTTTTTTTTCAT
   607      1    -7.8069458820   0.000406898869       0.4041  TTTTTTTTTTCTG
   608      9    -4.7351248369   0.008781352526       8.7199  TTTTTTTTTTCTT
   609      1    -9.4011175194   0.000082631671       0.0821  TTTTTTTTTTGAA
   610      1    -5.8293575100   0.002939965272       2.9194  TTTTTTTTTTGTT
   611      2    -6.3879769253   0.001681654876       1.6699  TTTTTTTTTTTCC
   612      5    -5.1682258945   0.005694662795       5.6548  TTTTTTTTTTTCT
   613      1    -6.3076884789   0.001822240522       1.8095  TTTTTTTTTTTGT
   614      1    -6.1626151813   0.002106736563       2.0920  TTTTTTTTTTTTA
   615      3    -5.1944579272   0.005547222498       5.5084  TTTTTTTTTTTTC
   616      1    -6.3601461568   0.001729113972       1.7170  TTTTTTTTTTTTG
   617    134    -3.2288503260   0.039603003168      39.3258  TTTTTTTTTTTTT

 2

     1     59    -3.8715724550   0.020825596352      20.6798  AAAAAAAAAAAAA
     2      2    -7.0020341862   0.000910028913       0.9037  AAAAAAAAAAAAC
     3      3    -5.8157660590   0.002980196447       2.9593  AAAAAAAAAAAAG
     4      1    -8.7868259067   0.000152731985       0.1517  AAAAAAAAAAAGC
     5      1    -6.3762365949   0.001701514410       1.6896  AAAAAAAAAAATA
     6      1    -9.3566268506   0.000086391018       0.0858  AAAAAAAAAACAC
     7      2    -8.3375067492   0.000239368405       0.2377  AAAAAAAAAACAG
     8      1   -10.8483717634   0.000019436229       0.0193  AAAAAAAAAACGC
     9      1    -9.1974615423   0.000101296212       0.1006  AAAAAAAAAACGG
    10      3    -5.3290580033   0.004848635260       4.8147  AAAAAAAAAAGAA
    11      3    -6.9968916795   0.000914720797       0.9083  AAAAAAAAAAGAG
    12      1   -10.4483005105   0.000028997512       0.0288  AAAAAAAAAAGCT
    13      1    -5.8965717552   0.002748852423       2.7296  AAAAAAAAAATAA
    14      1    -7.7933074140   0.000412486362       0.4096  AAAAAAAAAGAAA
    15      1   -10.3801546725   0.000031042458       0.0308  AAAAAACAAATAA
    16      1   -10.2113444517   0.000036751025       0.0365  AAAAAAGAAAGAG
    17      1   -13.6968993913   0.000001125932       0.0011  AAAAAAGAGATGA
    18      2    -7.2554233891   0.000706333262       0.7014  AAAAAGAAAAAAA
    19      1   -19.2639920117   0.000000004303       0.0000  AAAAATAGAGTTC
    20      1   -12.7599979294   0.000002873448       0.0029  AAAACAAAAAGAC
    21      1   -22.6067262235   0.000000000152       0.0000  AAAACAGAGGCTT
    22      1    -6.9568972769   0.000952045932       0.9454  AAAAGAAAAAAAA
    23      1    -9.1481723346   0.000106414115       0.1057  AAACACACACAAA
    24      1    -9.2146094057   0.000099574007       0.0989  AAAGAAAAAAAGA
    25      1   -11.6313812645   0.000008882911       0.0088  AAAGAAAAAAATG
    26      1   -12.5250110365   0.000003634602       0.0036  AAAGAAAGAGATT
    27      1   -16.5741161103   0.000000063380       0.0001  AAAGAGAAAATTG
    28      1    -9.9203850666   0.000049162222       0.0488  AAAGAGAGAGTGG
    29      1    -8.6545431669   0.000174333022       0.1731  AACAAAAACAAAA
    30      1   -11.3096630585   0.000012253940       0.0122  AACAAACACACAA
    31      1    -9.7886143040   0.000056086562       0.0557  AACACACACAGAA
    32      1   -13.9623770464   0.000000863409       0.0009  AACATACACACCC
    33      1   -11.7153030351   0.000008167865       0.0081  AAGAAAAAGATAT
    34      1   -11.2231553407   0.000013361203       0.0133  AAGAAAAAGATGA
    35      1   -13.7754499952   0.000001040874       0.0010  AAGAAGAAGAACA
    36      2    -6.8334185452   0.001077169464       1.0696  AAGAGAGAGAAAA
    37      1    -9.3334037980   0.000088420758       0.0878  AAGAGAGAGAATA
    38      1   -16.4253835126   0.000000073544       0.0001  AAGGAGAGAGGCC
    39      1   -17.7826335319   0.000000018928       0.0000  AATAAAAAAGTCC
    40      1   -21.2177820791   0.000000000610       0.0000  AATAAACTGAAGG
    41      1   -15.2779769847   0.000000231664       0.0002  AATACACACAAGT
    42      1   -12.4388246096   0.000003961750       0.0039  AATATGTATAGAA
    43      1   -14.2322970105   0.000000659162       0.0007  ACAAAAAAAACGC
    44      1   -10.2837983787   0.000034182444       0.0339  ACAAAAAAAATAA
    45      1   -16.0260950394   0.000000109637       0.0001  ACAAGAAAAATTC
    46      1   -11.2482056983   0.000013030658       0.0129  ACACACACACCAG
    47      2    -6.7844279796   0.001131254619       1.1233  ACACACACACCCC
    48      1    -8.0570439849   0.000316862071       0.3146  ACACACACACCTC
    49      1    -9.8855109200   0.000050906959       0.0506  ACACACACACTAC
    50      1   -10.8273055948   0.000019850019       0.0197  ACACACACACTAG
    51      1   -10.9428125513   0.000017684667       0.0176  ACACACACGCACC
    52      1   -11.8259911070   0.000007312019       0.0073  ACACACAGACAAA
    53      1   -11.3306032968   0.000012000007       0.0119  ACACACGCACTCT
    54      1   -14.9126082443   0.000000333839       0.0003  ACACACGCATTTC
    55      1   -13.2541769001   0.000001753009       0.0017  ACACACGCGCACC
    56      1   -13.7190959096   0.000001101216       0.0011  ACACATATATTTC
    57      1   -20.3985294199   0.000000001384       0.0000  ACACTTTCACGAT
    58      1   -16.4363665638   0.000000072741       0.0001  ACAGATAAAGTTT
    59      1   -14.0912332102   0.000000759023       0.0008  ACATACACATAGT
    60      1   -13.7713010492   0.000001045201       0.0010  ACATACATACATT
    61      1   -10.5689021995   0.000025703016       0.0255  ACATATATATATA
    62      1    -9.3827614500   0.000084162471       0.0836  ACATATATATATT
    63      1   -18.6560151573   0.000000007903       0.0000  ACCAAATATAAAC
    64      1    -9.9799376363   0.000046319958       0.0460  ACCCCCCCCCCCT
    65      1   -14.2609002745   0.000000640575       0.0006  ACGAAAAAGAAAT
    66      1   -19.3869995399   0.000000003805       0.0000  ACGAAGGGGGTAG
    67      1   -11.8481317778   0.000007151905       0.0071  ACGCACACGCACT
    68      1   -11.5596128520   0.000009543857       0.0095  ACGCACACGCTCT
    69      1   -11.3840149757   0.000011375883       0.0113  ACGCACGCGCGCC
    70      1   -12.9166369340   0.000002456834       0.0024  ACGCGCACACCCC
    71      1   -14.5059784724   0.000000501341       0.0005  ACGCGCCCGCGCC
    72      1    -9.1762037060   0.000103472601       0.1027  ACGCGCGCGCCCC
    73      1   -12.5118273487   0.000003682836       0.0037  ACGCGCGCGCTAT
    74      1   -13.7935371812   0.000001022217       0.0010  ACGCGCGTGCATT
    75      1   -24.5885389145   0.000000000021       0.0000  ACGCGGGGGACAT
    76      1   -20.8021284822   0.000000000924       0.0000  ACGTATGGGCATT
    77      1   -14.7574936004   0.000000389854       0.0004  ACGTGCGCGCAAG
    78      1   -16.5363782518   0.000000065818       0.0001  ACGTGTGTGCTTC
    79      1   -18.3801701958   0.000000010413       0.0000  ACTTCCTTTTCGT
    80      1   -10.0973642326   0.000041187974       0.0409  AGAAAAAAAAAAC
    81      1    -9.1287866955   0.000108497145       0.1077  AGAAAAAAAAAGG
    82      1    -9.5705757066   0.000069751216       0.0693  AGAAAAAAAACAA
    83      1   -13.8358850814   0.000000979832       0.0010  AGAAAGAGAGTAC
    84      1   -14.2150675235   0.000000670617       0.0007  AGAAATGAAAAAA
    85      1    -9.0934906165   0.000112395055       0.1116  AGAGAGAAAGAAA
    86      1    -8.4094750281   0.000222746762       0.2212  AGAGAGAAAGGGG
    87      1    -6.0870216022   0.002272166262       2.2563  AGAGAGAGAGAAA
    88      3    -5.7635231277   0.003140029363       3.1180  AGAGAGAGAGAGG
    89      1    -8.2377965196   0.000264466354       0.2626  AGAGAGAGAGATA
    90      1    -8.1586776530   0.000286240654       0.2842  AGAGAGAGAGATG
    91      2    -7.5955332562   0.000502691822       0.4992  AGAGAGAGAGCGG
    92      2    -5.4000443856   0.004516380476       4.4848  AGAGAGAGAGGGG
    93      1   -10.5624443754   0.000025869539       0.0257  AGAGAGAGAGTCA
    94      3    -7.0269666377   0.000887620175       0.8814  AGAGAGAGAGTGG
    95      1    -9.9453624166   0.000047949489       0.0476  AGAGAGAGAGTTA
    96      1   -13.9965133472   0.000000834433       0.0008  AGAGGAGGAGAGG
    97      1    -8.7963453937   0.000151284953       0.1502  AGAGGGAGAGAGG
    98      1   -14.8947798802   0.000000339844       0.0003  AGAGGGAGGGTAG
    99      1   -13.8489110889   0.000000967151       0.0010  AGAGGGGGAGCGA
   100      1   -13.2846213100   0.000001700444       0.0017  AGAGGGGGGGTGA
   101      1   -18.5878232271   0.000000008461       0.0000  AGGCGAGCGCACC
   102      1   -17.0444858895   0.000000039598       0.0000  AGGGAAAGGGTTC
   103      1    -8.9067386709   0.000135472936       0.1345  AGGGAGAGAGAGG
   104      1   -10.7386453370   0.000021690301       0.0215  AGGGAGAGAGCGG
   105      1   -15.6343330329   0.000000162217       0.0002  AGGGAGGAGAAAA
   106      1   -12.1277704639   0.000005407247       0.0054  AGGGAGGAGGAGG
   107      1   -15.3509645191   0.000000215358       0.0002  AGGGAGGGGAGCG
   108      1   -11.3491122659   0.000011779942       0.0117  AGGGGGAGAGGGG
   109      1   -11.9667953977   0.000006351653       0.0063  AGGGGGGGAGGGA
   110      1    -6.8593866833   0.001049557446       1.0422  AGGGGGGGGGGGG
   111      1   -11.2806788691   0.000012614308       0.0125  AGGGGGGGGGTTT
   112      1   -15.5826776457   0.000000170816       0.0002  AGTAAAAATAATT
   113      1   -11.4763576353   0.000010372447       0.0103  AGTGTGTGTGTAG
   114      1   -13.8921568387   0.000000926217       0.0009  ATACGTACACCTT
   115      1   -20.6256215555   0.000000001103       0.0000  ATAGGAGGAGTAT
   116      1   -12.6081375860   0.000003344687       0.0033  ATATACATATCTA
   117      1    -9.8242336051   0.000054123959       0.0537  ATATATATATACG
   118      1    -6.2883945308   0.001857740099       1.8447  ATATATATATATT
   119      1   -10.3225846577   0.000032882017       0.0327  ATATATATATCAC
   120      1    -6.7395651305   0.001183161566       1.1749  ATATATATATCTT
   121      1    -8.7520885827   0.000158130711       0.1570  ATATATATATGTC
   122      1    -7.0135544686   0.000899605280       0.8933  ATATATATATGTT
   123      1    -8.6244186945   0.000179664615       0.1784  ATATATATATTAA
   124      1    -8.2163250467   0.000270206238       0.2683  ATATATATATTTA
   125      3    -5.4994774196   0.004088907663       4.0603  ATATATATATTTT
   126      1    -9.8380390534   0.000053381888       0.0530  ATATATATTTTTT
   127      1   -18.3446188548   0.000000010790       0.0000  ATATATCTACTGA
   128      1   -11.4966454052   0.000010164133       0.0101  ATATATCTATGTT
   129      1   -14.4363898723   0.000000537472       0.0005  ATATATGTGTAAT
   130      1   -10.0584696118   0.000042821527       0.0425  ATATTTATATATT
   131      1   -11.6030149716   0.000009138494       0.0091  ATCTTTTTTTCTT
   132      1   -17.9356532732   0.000000016242       0.0000  ATGCACGTGCGTG
   133      1   -11.8233166480   0.000007331601       0.0073  ATGTATATGTAGG
   134      1   -13.1749009128   0.000001897637       0.0019  ATGTGCGTGTTTC
   135      1   -13.8314420867   0.000000984195       0.0010  ATGTGTATGTAAG
   136      1   -14.3533521158   0.000000584007       0.0006  ATGTGTGTATGTA
   137      1   -18.6854542131   0.000000007674       0.0000  ATTCTATCTCCGC
   138      1    -9.6523393866   0.000064275027       0.0638  ATTTATATTTTTT
   139      1    -7.8478776016   0.000390580056       0.3878  CAAAAAAAAAAAA
   140      1   -20.9892795462   0.000000000766       0.0000  CAATACAAATCTC
   141      1   -13.3019242438   0.000001671274       0.0017  CACACAAACATAG
   142      4    -6.4415898450   0.001593870658       1.5827  CACACACACAAAA
   143      2    -8.3305577624   0.000241037566       0.2394  CACACACACAAAG
   144      2    -7.3651105174   0.000632955450       0.6285  CACACACACACAA
   145      1    -9.0555301074   0.000116743644       0.1159  CACACACACACAG
   146      1    -7.9273517051   0.000360740496       0.3582  CACACACACACCC
   147      1    -8.6607354785   0.000173256833       0.1720  CACACACACACTT
   148      1    -7.5643722308   0.000518602828       0.5150  CACACACACAGAA
   149      1    -9.0524100803   0.000117108456       0.1163  CACACACACATAG
   150      1    -8.8468492892   0.000143834203       0.1428  CACACACACATAT
   151      1   -11.4860955024   0.000010271931       0.0102  CACACACACGGAA
   152      1   -10.0024926486   0.000045286905       0.0450  CACACATACATAA
   153      2    -8.9288853619   0.000132505638       0.1316  CACATACACAAAA
   154      1   -13.1522924000   0.000001941029       0.0019  CACATATACACTT
   155      1   -11.1565691742   0.000014281163       0.0142  CACATATATAAAA
   156      1    -9.0196480470   0.000121008708       0.1202  CACTCTCTCTTTT
   157      1   -21.7980497795   0.000000000341       0.0000  CAGAAAGAAGGCA
   158      1   -18.0842773252   0.000000013999       0.0000  CAGAGGGGGGAGT
   159      1   -21.8208856399   0.000000000334       0.0000  CAGGTAGTGGAAT
   160      1   -23.0869314100   0.000000000094       0.0000  CAGTTATACAATG
   161      1   -12.3384804309   0.000004379919       0.0043  CATACATACACAA
   162      1   -11.5908187910   0.000009250631       0.0092  CATACATATACAC
   163      1   -14.8428334789   0.000000357964       0.0004  CATACATGTACTC
   164      1   -11.0391641548   0.000016060236       0.0159  CATATATATAAAC
   165      1   -12.8769065743   0.000002556410       0.0025  CATATATATAGGC
   166      1   -15.7711920170   0.000000141468       0.0001  CATATGTATAACT
   167      1   -12.6121433252   0.000003331315       0.0033  CATCTCTCTCTCT
   168      1   -15.9909863505   0.000000113554       0.0001  CATGCATATGAAT
   169      1    -9.0870131691   0.000113125451       0.1123  CCACCCCCCCCCC
   170      1   -12.1701079975   0.000005183096       0.0051  CCACGCGCGCCCC
   171      1   -14.3498481509   0.000000586057       0.0006  CCATATATATTTA
   172      1    -9.7809038216   0.000056520688       0.0561  CCCCCCCCCCACA
   173      4    -7.1791356791   0.000762326452       0.7570  CCCCCCCCCCACC
   174      1   -10.0859948348   0.000041658929       0.0414  CCCCCCCCCCACG
   175      1    -8.9284413001   0.000132564492       0.1316  CCCCCCCCCCATT
   176     41    -4.9225058263   0.007280863390       7.2299  CCCCCCCCCCCCC
   177      1    -7.9601812496   0.000349089839       0.3466  CCCCCCCCCCCCG
   178      3    -6.2577840559   0.001915485706       1.9021  CCCCCCCCCCCCT
   179      1   -10.5042484749   0.000027419710       0.0272  CCCCCCCCCCCGA
   180      1   -10.9930685420   0.000016817870       0.0167  CCCCCCCCCCTAG
   181      1    -5.7339006600   0.003234436160       3.2118  CCCCCCCCCCTCC
   182      1    -6.9564717122   0.000952451175       0.9458  CCCCCCCCCCTTC
   183      1   -15.8315767538   0.000000133178       0.0001  CCCCCCCCCGTGG
   184      1    -7.9723821283   0.000344856514       0.3424  CCCCCCCCTCCCC
   185      1   -12.2086831113   0.000004986965       0.0050  CCCCCCTCACCCC
   186      1   -12.4063922621   0.000004092346       0.0041  CCCCCCTTCCCTT
   187      1   -18.8294174001   0.000000006645       0.0000  CCCCCTCCCAAGT
   188      1   -10.5174996286   0.000027058764       0.0269  CCCCCTCCCCCAC
   189      1   -11.5201886273   0.000009927632       0.0099  CCCCCTCTCCCTC
   190      1   -15.6261744068   0.000000163546       0.0002  CCCCGCCCCCAAG
   191      1   -15.7745438446   0.000000140995       0.0001  CCCCTCCTCCTGG
   192      1   -15.2890247645   0.000000229119       0.0002  CCCCTCTCCCAAT
   193      1   -14.1654361303   0.000000704741       0.0007  CCCCTTCTCCTTT
   194      1   -10.2453471122   0.000035522399       0.0353  CCCTCCCCCCGCC
   195      1   -12.3207757738   0.000004458154       0.0044  CCCTCCCTCCTTT
   196      1   -13.9557699026   0.000000869133       0.0009  CCCTCTCTCCATT
   197      1   -10.0611977877   0.000042704862       0.0424  CCCTCTCTCTATT
   198      1    -8.7684740358   0.000155560780       0.1545  CCCTCTCTCTTCC
   199      2   -13.7222322690   0.000001097767       0.0011  CCCTCTCTTTCAC
   200      1   -18.9248828474   0.000000006040       0.0000  CCCTTCTTTCATC
   201      1    -9.2845441446   0.000092848248       0.0922  CCGCCCCCCCCCC
   202      1   -11.3185071392   0.000012146043       0.0121  CCGCCCCCCCTTC
   203      1   -11.8727185203   0.000006978207       0.0069  CCGCCCGCGCACC
   204      1   -25.3077673535   0.000000000010       0.0000  CCTAGTGTTAAAG
   205      1   -13.4139659644   0.000001494131       0.0015  CCTATATATATTC
   206      1    -9.7518454345   0.000058187184       0.0578  CCTCCCCCCCACC
   207      1   -14.0898960463   0.000000760039       0.0008  CCTCTCCTTCTTC
   208      1   -12.7281937996   0.000002966304       0.0029  CCTCTCTCCCACC
   209      1    -8.4030390524   0.000224184978       0.2226  CCTCTCTCTCCCT
   210      1    -8.3906605977   0.000226977288       0.2254  CCTCTCTCTCCTC
   211      1   -16.3894173792   0.000000076237       0.0001  CCTCTCTCTTGAG
   212      1   -16.0912481678   0.000000102721       0.0001  CCTCTCTTTTATC
   213      1   -17.9917524572   0.000000015356       0.0000  CCTCTTACACTCC
   214      1   -14.6098097326   0.000000451898       0.0004  CCTCTTTCTCTAA
   215      1   -16.0310378154   0.000000109096       0.0001  CCTGCGCGTGAGA
   216      1   -20.1694116735   0.000000001740       0.0000  CCTGTACGTGCCA
   217      1   -15.6764009110   0.000000155534       0.0002  CCTTTTTCTTATC
   218      1   -13.7029170306   0.000001119177       0.0011  CCTTTTTCTTTTC
   219      1   -14.2201243370   0.000000667234       0.0007  CCTTTTTTCTTTC
   220      1   -10.6721133209   0.000023182490       0.0230  CCTTTTTTTTTTC
   221      1   -12.0381669506   0.000005914125       0.0059  CGAGCGAGAGAGG
   222      1   -17.2888662737   0.000000031013       0.0000  CGCAAACACAGAC
   223      1   -19.1517333924   0.000000004814       0.0000  CGCAAGTGCGTAG
   224      1   -17.8687235062   0.000000017366       0.0000  CGCACACAGAGTT
   225      1   -16.2911730164   0.000000084107       0.0001  CGCACACGCGCAC
   226      1   -12.9805942790   0.000002304621       0.0023  CGCGCACACAAAA
   227      1    -8.6204215161   0.000180384204       0.1791  CGCGCGCGCGAAA
   228      1   -10.2487266904   0.000035402551       0.0352  CGCGCGCGCGCCG
   229      2    -7.7016436987   0.000452083483       0.4489  CGCGCGCGCGCGG
   230      1    -9.9648917819   0.000047022150       0.0467  CGCGCGCGCGCTG
   231      2    -6.8485674634   0.001060974490       1.0535  CGCGCGCGCGGGG
   232      1    -9.2856498149   0.000092745645       0.0921  CGCGCGCGCGTAG
   233      1    -8.9545903155   0.000129142990       0.1282  CGCGCGCGCGTCC
   234      1    -7.6906868535   0.000457064128       0.4539  CGCGCGCGCGTGG
   235      1    -9.1623019550   0.000104921096       0.1042  CGCGCGCGCGTGT
   236      1   -11.7288409223   0.000008058034       0.0080  CGCGCGCGGGGGG
   237      1   -11.8268905973   0.000007305445       0.0073  CGCGCGTGCGAAG
   238      1   -13.1196122947   0.000002005510       0.0020  CGCGTGCGTGTGG
   239      1   -13.6820632337   0.000001142761       0.0011  CGCGTGTGTGCTT
   240      1   -19.7469983250   0.000000002655       0.0000  CGGTCCTTGTCTT
   241      1   -21.3399125664   0.000000000540       0.0000  CGTAGGGGTAAAT
   242      1   -15.6706690080   0.000000156428       0.0002  CGTAGGTATAGGG
   243      1   -10.3476250795   0.000032068860       0.0318  CGTGCGTGTGTGG
   244      1   -12.2450636937   0.000004808797       0.0048  CGTGTGTGTGCCG
   245      1   -24.3063006707   0.000000000028       0.0000  CTACGCTCCCAAG
   246      1    -8.4745661093   0.000208709733       0.2072  CTATATATATTTT
   247      1   -10.0540672367   0.000043010459       0.0427  CTCCCTCTCTCTC
   248      1   -17.2244888411   0.000000033075       0.0000  CTCCTTTCTTTTC
   249      1    -6.9892357182   0.000921750740       0.9153  CTCTCTCTCTATT
   250      3    -5.5662640688   0.003824742750       3.7980  CTCTCTCTCTCTT
   251      1    -7.7089067783   0.000448811860       0.4457  CTCTCTCTCTTAT
   252      2    -4.8453300646   0.007865021062       7.8100  CTCTCTCTCTTTT
   253      1   -12.4997101241   0.000003727734       0.0037  CTCTTTCTTTTCC
   254      1    -9.0057361703   0.000122703931       0.1218  CTCTTTTTTTTTT
   255      1   -21.8968913593   0.000000000309       0.0000  CTGATGCACAAGG
   256      1   -19.1186505813   0.000000004976       0.0000  CTGTATACATCAC
   257      1   -14.3040441139   0.000000613525       0.0006  CTGTCTTTGTTTA
   258      1   -15.3411933605   0.000000217473       0.0002  CTTCTCTCTCGGA
   259      1   -16.5919464324   0.000000062260       0.0001  CTTTCCTTTTAAC
   260      1    -8.2546722040   0.000260040751       0.2582  CTTTCTTTTTCTT
   261      1    -7.4400432742   0.000587259784       0.5831  CTTTCTTTTTTTT
   262      1   -13.3585060827   0.000001579336       0.0016  CTTTTCTTTTCAT
   263      1   -13.9207346842   0.000000900123       0.0009  CTTTTTCTTTGGG
   264      1    -8.8191839510   0.000147868979       0.1468  CTTTTTCTTTTTT
   265      1   -13.5991808832   0.000001241512       0.0012  CTTTTTTTCTACT
   266      1   -13.9005557200   0.000000918471       0.0009  CTTTTTTTTCATC
   267      1    -8.7876020095   0.000152613495       0.1515  CTTTTTTTTTCCT
   268      1    -8.5285845201   0.000197734661       0.1964  CTTTTTTTTTCTC
   269      2    -5.8605749307   0.002849604886       2.8297  CTTTTTTTTTTTT
   270      2    -6.5242234786   0.001467458217       1.4572  GAAAAAAAAAAAA
   271      1   -10.9938958858   0.000016803962       0.0167  GAAAAAAAAATTT
   272      1   -15.1964600285   0.000000251340       0.0002  GAAAAAAAAGCGG
   273      1   -14.8386986154   0.000000359447       0.0004  GAAAAAGAAACAC
   274      1   -13.5234060954   0.000001339243       0.0013  GAAAGAGATATAA
   275      1   -16.5482150098   0.000000065043       0.0001  GAAATAGAAATAC
   276      1   -14.3248561373   0.000000600889       0.0006  GAAGGAGAGGAAG
   277      1   -13.0416477486   0.000002168125       0.0022  GAAGGGGGAGAAG
   278      2    -9.3291293453   0.000088799517       0.0882  GACACACACAAAA
   279      1   -12.3919679118   0.000004151803       0.0041  GAGAAAGAGAATT
   280      1   -11.7405603190   0.000007964150       0.0079  GAGACAGAGAAGG
   281      1   -11.2892590422   0.000012506538       0.0124  GAGACAGAGATAA
   282      1    -8.8251638867   0.000146987371       0.1460  GAGAGAAAGAGAA
   283      1    -8.6661885357   0.000172314625       0.1711  GAGAGAGAAAAAA
   284      7    -5.2528278255   0.005232700294       5.1961  GAGAGAGAGAAAA
   285      2    -6.9979428471   0.000913759777       0.9074  GAGAGAGAGAAAG
   286      1    -7.7774993602   0.000419058781       0.4161  GAGAGAGAGAAAT
   287      2    -7.0800668244   0.000841716899       0.8358  GAGAGAGAGAAGA
   288      1    -9.0976749091   0.000111925744       0.1111  GAGAGAGAGAATG
   289      2    -7.5231200930   0.000540443698       0.5367  GAGAGAGAGACAA
   290      1    -8.9533718901   0.000129300437       0.1284  GAGAGAGAGACAG
   291      1    -5.8097686632   0.002998123568       2.9771  GAGAGAGAGAGAA
   292      1    -6.7931763396   0.001121401160       1.1136  GAGAGAGAGAGAG
   293      2    -6.9545534746   0.000954279956       0.9476  GAGAGAGAGATAA
   294      1    -9.3497804492   0.000086984515       0.0864  GAGAGAGAGATTA
   295      1   -12.8476827093   0.000002632221       0.0026  GAGAGAGCGATAG
   296      1   -15.5514439603   0.000000176236       0.0002  GAGAGGAAGACGA
   297      1   -11.0212520775   0.000016350500       0.0162  GAGATAGAGAGGA
   298      1   -11.8699972850   0.000006997222       0.0069  GAGGGAGAGAGTG
   299      1   -15.0310381631   0.000000296554       0.0003  GAGGGGGGAGTGT
   300      1   -12.8104619016   0.000002732040       0.0027  GAGGGGGGGGCCC
   301      1   -16.7651722737   0.000000052357       0.0001  GAGTGTGCGCGAG
   302      1    -9.3830095714   0.000084141591       0.0836  GATAGATATAAAA
   303      1   -18.7341669590   0.000000007309       0.0000  GCAAGCAAAATGT
   304      1   -19.9268135064   0.000000002218       0.0000  GCACACAGATAAC
   305      1   -19.5529721484   0.000000003223       0.0000  GCACACATTCAGC
   306      1   -14.0960236299   0.000000755396       0.0008  GCACACGCACGTC
   307      1   -16.6928119819   0.000000056286       0.0001  GCACGCGCATGGC
   308      1   -16.7864503904   0.000000051255       0.0001  GCAGACAGAGAAG
   309      1   -15.6616598846   0.000000157844       0.0002  GCATACATATTGG
   310      1   -24.6010985390   0.000000000021       0.0000  GCATCCGGACTCA
   311      1   -15.6064352513   0.000000166806       0.0002  GCATGCGTGTATC
   312      1   -16.7589309283   0.000000052685       0.0001  GCATGTATGTAGG
   313      1   -17.5589016220   0.000000023674       0.0000  GCATTCGCGCTTT
   314      1   -14.2617412218   0.000000640036       0.0006  GCCCCCCCCCAAT
   315      1    -8.8479124380   0.000143681367       0.1427  GCCCCCCCCCCCC
   316      1   -14.5133433997   0.000000497663       0.0005  GCCCCCCCCCTAG
   317      1   -16.6110505160   0.000000061082       0.0001  GCCCCCCTCTCTT
   318      1   -18.2672786591   0.000000011658       0.0000  GCCCGCACACCAA
   319      1   -23.0419088041   0.000000000098       0.0000  GCCTCCCTACTAT
   320      1   -13.5158754972   0.000001349366       0.0013  GCGAGAGAGACGA
   321      1   -13.2182408459   0.000001817151       0.0018  GCGCACGCACCCC
   322      1   -13.7040327962   0.000001117929       0.0011  GCGCGCACGCAAT
   323      1   -14.1739697501   0.000000698752       0.0007  GCGCGCGAGCACG
   324      1    -7.0485546651   0.000868663560       0.8626  GCGCGCGCGCCCC
   325      1    -7.7112893658   0.000447743799       0.4446  GCGCGCGCGCGCC
   326      1   -11.5288009069   0.000009842499       0.0098  GCGCGCGTGCCTT
   327      1   -11.2406827561   0.000013129056       0.0130  GCGCGCGTGCTTC
   328      1   -13.6375259103   0.000001194807       0.0012  GCGCGCTCGCACA
   329      1   -10.9558040049   0.000017456404       0.0173  GCGCGCTCGCCCC
   330      1   -16.2150672571   0.000000090758       0.0001  GCGCGTGAGCACT
   331      1   -22.5582944240   0.000000000160       0.0000  GCGGACTGGGAGT
   332      1   -20.6471220665   0.000000001079       0.0000  GCGTACAAATCCT
   333      1   -11.7728762308   0.000007710895       0.0077  GCGTGCGCGCGTC
   334      1   -13.9728346662   0.000000854427       0.0008  GCGTGCGTGTAAT
   335      1    -9.7579739988   0.000057831671       0.0574  GCGTGTGTGTGTT
   336      1   -10.4744197610   0.000028249925       0.0281  GCGTGTGTGTTCC
   337      1   -11.7099922382   0.000008211358       0.0082  GCGTGTGTGTTTG
   338      1   -17.1085334914   0.000000037141       0.0000  GCTAGCGCGCGTT
   339      1   -19.5350467050   0.000000003281       0.0000  GCTCGTTTTCATG
   340      1   -16.2948958256   0.000000083795       0.0001  GCTCTCTTTCATG
   341      1   -16.4123452875   0.000000074509       0.0001  GCTTATATATTCT
   342      1   -13.7359686264   0.000001082791       0.0011  GGAAAGAGAAGAA
   343      1   -14.9228860153   0.000000330425       0.0003  GGAAGAAAAGGGG
   344      1   -17.6758002117   0.000000021062       0.0000  GGAAGACAAAAAT
   345      1   -16.2109539177   0.000000091132       0.0001  GGAAGGGGAATTG
   346      1   -17.0534506808   0.000000039245       0.0000  GGACAGACACGAC
   347      1    -9.3976475312   0.000082918900       0.0823  GGAGAGAGAGAAG
   348      1   -10.3844067256   0.000030910744       0.0307  GGAGAGAGAGATG
   349      1   -11.2459796155   0.000013059697       0.0130  GGAGAGAGAGTTT
   350      1   -15.1313018855   0.000000268262       0.0003  GGAGAGATAGTTT
   351      1   -16.1230017103   0.000000099511       0.0001  GGAGAGGGAGCAC
   352      1   -12.3915093958   0.000004153707       0.0041  GGAGAGGGAGGAA
   353      1   -20.0550297457   0.000000001951       0.0000  GGAGGAAGAAGCC
   354      1   -14.8318243755   0.000000361927       0.0004  GGAGGGAAAGACG
   355      1   -16.0318895748   0.000000109003       0.0001  GGAGGGAAAGCGC
   356      1   -10.3575560442   0.000031751962       0.0315  GGAGGGAGAGAAA
   357      1   -10.2589099965   0.000035043865       0.0348  GGAGGGAGAGAGA
   358      1   -10.4402640540   0.000029231489       0.0290  GGAGGGGGAGAAG
   359      1   -10.0874338854   0.000041599023       0.0413  GGAGGGGGAGGTG
   360      1   -13.7363839143   0.000001082341       0.0011  GGAGGGGGGGACC
   361      1    -9.8892052008   0.000050719242       0.0504  GGAGGGGGGGCGG
   362      1   -18.2591146848   0.000000011754       0.0000  GGATACAGATAAA
   363      1   -18.6030248770   0.000000008333       0.0000  GGATGCATATTGA
   364      1   -16.4922460830   0.000000068787       0.0001  GGATGCGTGTGGA
   365      1    -8.7883178037   0.000152504294       0.1514  GGCGGGGGGGGGG
   366      1   -14.0602463038   0.000000782911       0.0008  GGGAGGAGGAGTG
   367      1   -16.8265496052   0.000000049240       0.0000  GGGAGGGAAAAAC
   368      1   -11.3277175048   0.000012034687       0.0120  GGGAGGGAGAGGC
   369      1   -13.2958739803   0.000001681416       0.0017  GGGAGGGAGGAAA
   370      1   -22.0443191939   0.000000000267       0.0000  GGGCGAACGTCCC
   371      1   -16.1835842630   0.000000093661       0.0001  GGGCGCACGCATG
   372      1   -15.0953222231   0.000000278090       0.0003  GGGGAGAAGGAGA
   373      1   -12.2193698298   0.000004933954       0.0049  GGGGAGAGAGAGA
   374      1   -14.4996098770   0.000000504544       0.0005  GGGGAGGAGGCAG
   375      1   -11.8283334640   0.000007294912       0.0072  GGGGAGGGAGAGG
   376      1   -13.0512303123   0.000002147448       0.0021  GGGGGAGAGGAAG
   377      1   -11.6595554803   0.000008636134       0.0086  GGGGGAGAGGAGG
   378      1   -10.3920972180   0.000030673937       0.0305  GGGGGAGGGGAAA
   379      1   -10.3098094482   0.000033304786       0.0331  GGGGGGAGGGGAA
   380      1    -7.2262280957   0.000727258847       0.7222  GGGGGGGGGGAAG
   381      3    -5.6224865979   0.003615639281       3.5903  GGGGGGGGGGAGG
   382      1    -8.6113795629   0.000182022625       0.1807  GGGGGGGGGGCAG
   383      1    -6.9488977303   0.000959692411       0.9530  GGGGGGGGGGCGG
   384      2   -10.7664685241   0.000021095126       0.0209  GGGGGGGGGGCTA
   385      1    -7.4995919249   0.000553310116       0.5494  GGGGGGGGGGGGC
   386     47    -4.3963475553   0.012322264200      12.2360  GGGGGGGGGGGGG
   387      1    -8.8004864550   0.000150659768       0.1496  GGGGGGGGGGTAA
   388      2    -6.3803311118   0.001694561774       1.6827  GGGGGGGGGGTGG
   389      1    -8.1760931782   0.000281298780       0.2793  GGGGTGGGGGGGG
   390      1   -11.6196922247   0.000008987353       0.0089  GGGTGGGGGGGGC
   391      1   -17.2843181160   0.000000031154       0.0000  GGTGCGTATGAGT
   392      1   -10.8016460983   0.000020365951       0.0202  GGTGGGGGAGGGG
   393      1   -10.7246193760   0.000021996672       0.0218  GGTGTGTGTGAGA
   394      1    -8.1754778065   0.000281471937       0.2795  GGTGTGTGTGGGG
   395      1   -14.3243915618   0.000000601168       0.0006  GTATATACATAAT
   396      1   -15.4037281414   0.000000204289       0.0002  GTATATATCTCTC
   397      1   -14.6709064768   0.000000425115       0.0004  GTATATCTATATA
   398      1   -16.5240245667   0.000000066636       0.0001  GTATGCGTATGCA
   399      1   -16.1149187216   0.000000100318       0.0001  GTATGTATGTAAC
   400      1   -12.3132604754   0.000004491785       0.0045  GTATGTGTGTACC
   401      1   -12.6515610596   0.000003202557       0.0032  GTATGTGTGTAGT
   402      1   -13.1262479181   0.000001992246       0.0020  GTATGTGTGTCAA
   403      1   -15.2789893567   0.000000231430       0.0002  GTCTGTCTCTCAC
   404      1   -13.7785956693   0.000001037605       0.0010  GTGAGGGAGAAAG
   405      1   -17.2115373671   0.000000033506       0.0000  GTGCGTATGTAGC
   406      1   -12.0405405613   0.000005900104       0.0059  GTGCGTGCGCAAA
   407      1   -14.1262742914   0.000000732887       0.0007  GTGCGTGCGCTAC
   408      1   -18.9401976809   0.000000005948       0.0000  GTGTACACATTTC
   409      1   -13.2562680012   0.000001749347       0.0017  GTGTACGTGTCTT
   410      1   -15.1278418871   0.000000269192       0.0003  GTGTATGTATATG
   411      1   -10.8167808274   0.000020060039       0.0199  GTGTATGTGTAAA
   412      1   -11.5195896693   0.000009933580       0.0099  GTGTATGTGTTTG
   413      1   -13.8489601847   0.000000967104       0.0010  GTGTGTCTGTACC
   414      1   -13.9683625781   0.000000858257       0.0009  GTGTGTGAGTAGT
   415      1    -9.7864205663   0.000056209737       0.0558  GTGTGTGTGTCAT
   416      2    -7.0036589063   0.000908551571       0.9022  GTGTGTGTGTCTT
   417      1    -6.6636526866   0.001276475280       1.2675  GTGTGTGTGTGTT
   418      1   -10.1357830565   0.000039635592       0.0394  GTGTGTGTGTTAG
   419      1    -8.5753020573   0.000188709444       0.1874  GTGTGTGTGTTTA
   420      1    -8.6582471486   0.000173688490       0.1725  GTGTGTGTGTTTG
   421      6    -5.7635965931   0.003139798689       3.1178  GTGTGTGTGTTTT
   422      1   -14.7793154979   0.000000381439       0.0004  GTTTATATTTACT
   423      1   -13.1940386173   0.000001861666       0.0018  GTTTATATTTCTT
   424      1   -14.3115870904   0.000000608915       0.0006  GTTTTTTATTTAT
   425      1   -10.4032982410   0.000030332275       0.0301  TAAAAAAAAAAAC
   426      1    -9.7822066598   0.000056447099       0.0561  TAAAAAAAAAATA
   427      1   -17.0387041676   0.000000039828       0.0000  TAAAAACAAAATC
   428      1   -23.6547776346   0.000000000053       0.0000  TAACGCAAATTCC
   429      1   -20.1348909956   0.000000001801       0.0000  TAAGTGAAAGGCA
   430      1   -15.3728852731   0.000000210688       0.0002  TAATATATATTGA
   431      1   -12.5617835428   0.000003503376       0.0035  TACACACACAACT
   432      1   -10.7799681565   0.000020812263       0.0207  TACACACACATGA
   433      1   -14.5685455363   0.000000470935       0.0005  TACACATATAAGG
   434      1   -16.8065234347   0.000000050237       0.0000  TACACATTCACTT
   435      1    -8.8033104727   0.000150234902       0.1492  TACATATATAAAA
   436      1   -12.8163898306   0.000002715893       0.0027  TACATATATAAGT
   437      1   -11.4883093855   0.000010249216       0.0102  TACATATATACCC
   438      1   -16.7548738560   0.000000052899       0.0001  TACGTACATAAAG
   439      1   -15.0586270303   0.000000288484       0.0003  TACGTGTGTGTAC
   440      1   -21.3727624239   0.000000000522       0.0000  TAGGGGAGAGACT
   441      1   -15.0753989203   0.000000283686       0.0003  TATACACATAACT
   442      1    -8.6948710649   0.000167442414       0.1663  TATACATATAAAA
   443      1   -17.4700099498   0.000000025874       0.0000  TATACATCTAACC
   444      1    -9.9200596231   0.000049178225       0.0488  TATAGATATAAAA
   445      1   -12.9651639336   0.000002340458       0.0023  TATAGATATAAAC
   446      1    -8.8693293640   0.000140636872       0.1397  TATATACATAAAA
   447      3    -5.6430945759   0.003541890779       3.5171  TATATATATAAAA
   448      1    -8.0740499324   0.000311519092       0.3093  TATATATATAAAT
   449      1    -7.1245632999   0.000805084514       0.7994  TATATATATACAA
   450      1    -6.7659808124   0.001152316733       1.1443  TATATATATAGAA
   451      1   -10.5439123692   0.000026353423       0.0262  TATATATATAGGC
   452      1   -10.4403218897   0.000029229798       0.0290  TATATATATAGTC
   453      3    -6.2048286247   0.002019654898       2.0055  TATATATATATAA
   454      1    -8.2146794897   0.000270651244       0.2688  TATATATATATTC
   455      2    -6.4616595282   0.001562201041       1.5513  TATATATATATTT
   456      1   -11.7693505545   0.000007738130       0.0077  TATATCTATACAA
   457      1   -15.7842538036   0.000000139632       0.0001  TATATGTGTATCG
   458      1   -16.0677984648   0.000000105158       0.0001  TATCTATATCAGC
   459      1   -18.5839604429   0.000000008494       0.0000  TATCTCTGTCGGC
   460      1   -20.2686211118   0.000000001576       0.0000  TATGGATGTAAGT
   461      1   -12.4830553840   0.000003790338       0.0038  TATGTATATATCA
   462      1   -15.4250342199   0.000000199983       0.0002  TATGTATGTATCA
   463      1   -14.4430665536   0.000000533895       0.0005  TATGTGTGCGCAA
   464      1   -13.0086255930   0.000002240917       0.0022  TATGTGTGTGATC
   465      1    -9.9195479816   0.000049203393       0.0489  TATGTGTGTGTAA
   466      1   -19.1105873917   0.000000005016       0.0000  TCACGCGAGCAAA
   467      1   -19.2400603776   0.000000004407       0.0000  TCATACAGACCAC
   468      1   -17.5694309921   0.000000023426       0.0000  TCATTCTCACGAA
   469      1   -11.9080828059   0.000006735741       0.0067  TCCCCCCCCCAAC
   470      1   -11.1180287617   0.000014842309       0.0147  TCCCCCTCCCTCT
   471      1   -15.4856712207   0.000000188217       0.0002  TCCCCCTTTCCTT
   472      1   -13.5985233531   0.000001242328       0.0012  TCCCTCCCCCGAA
   473      1   -12.7315128236   0.000002956475       0.0029  TCCCTCTATCCCC
   474      1    -8.8061025279   0.000149816023       0.1488  TCCCTCTCCCCCC
   475      1   -14.9854804177   0.000000310376       0.0003  TCCCTTTTCCTTC
   476      1   -27.3436141232   0.000000000001       0.0000  TCCTCGAGTGAAT
   477      1    -9.3256553086   0.000089108546       0.0885  TCCTCTCTCTTTT
   478      1   -17.2879548387   0.000000031041       0.0000  TCCTCTCTTCCTT
   479      1   -15.2903062691   0.000000228825       0.0002  TCCTCTTTCTCAC
   480      1   -16.4661084280   0.000000070609       0.0001  TCCTTCTCCTCTG
   481      1   -12.7831530319   0.000002807677       0.0028  TCCTTCTCCTTTT
   482      1   -10.1310182335   0.000039824899       0.0395  TCGCTCGCGCCCC
   483      1   -16.6403341143   0.000000059319       0.0001  TCGCTCTTGCCTG
   484      1   -17.8575479538   0.000000017562       0.0000  TCTACCTATAGAA
   485      1   -16.1107899042   0.000000100733       0.0001  TCTATCTTTTTGC
   486      1    -9.5797540276   0.000069113946       0.0686  TCTCACTCTCTCC
   487      1   -14.0830639560   0.000000765249       0.0008  TCTCACTCTTCTC
   488      1   -14.5273113696   0.000000490760       0.0005  TCTCCCCCTCAAC
   489      1   -10.9553522311   0.000017464292       0.0173  TCTCCCCCTCCTC
   490      1   -11.3768506766   0.000011457676       0.0114  TCTCCCCCTCTTC
   491      1   -13.6934040339   0.000001129874       0.0011  TCTCCTTCTCATT
   492      1   -13.9681290356   0.000000858457       0.0009  TCTCCTTCTCTAC
   493      1   -14.1735385081   0.000000699054       0.0007  TCTCTCCCCCGTC
   494      1    -8.5573890077   0.000192120264       0.1908  TCTCTCCCTCCCC
   495      1    -9.8022541669   0.000055326743       0.0549  TCTCTCCCTCCTC
   496      1   -12.5932499437   0.000003394854       0.0034  TCTCTCTCACATT
   497      1   -11.7767697222   0.000007680932       0.0076  TCTCTCTCCCACT
   498      1    -9.5395244686   0.000071951055       0.0714  TCTCTCTCTCACA
   499      1    -7.2379248602   0.000718801828       0.7138  TCTCTCTCTCACC
   500      2    -9.9849599468   0.000046087908       0.0458  TCTCTCTCTCATA
   501      1   -10.0533013388   0.000043043413       0.0427  TCTCTCTCTCCAA
   502      5    -5.3437964824   0.004777697790       4.7443  TCTCTCTCTCCCC
   503      1    -9.0476718506   0.000117664659       0.1168  TCTCTCTCTCCTA
   504      2    -6.5877897620   0.001377080278       1.3674  TCTCTCTCTCCTC
   505      1    -6.8133246294   0.001099032942       1.0913  TCTCTCTCTCCTT
   506      1   -10.1323840822   0.000039770542       0.0395  TCTCTCTCTCTAG
   507      3    -5.4396574911   0.004340969837       4.3106  TCTCTCTCTCTCC
   508      1    -8.3368540123   0.000239524701       0.2378  TCTCTCTCTCTGC
   509      2    -8.2822426416   0.000252969244       0.2512  TCTCTCTCTCTGT
   510      1    -6.4480477054   0.001583610828       1.5725  TCTCTCTCTCTTC
   511      2    -5.5595374064   0.003850557229       3.8236  TCTCTCTCTCTTT
   512      1    -9.8100701805   0.000054895994       0.0545  TCTCTCTCTTTTC
   513      1    -9.4542824889   0.000078353299       0.0778  TCTCTCTTTCCTT
   514      1    -9.9556012870   0.000047461045       0.0471  TCTCTGTCTCCCC
   515      1   -11.8394322097   0.000007214395       0.0072  TCTCTTTTTCCTC
   516      1   -10.1921482798   0.000037463318       0.0372  TCTCTTTTTCTTT
   517      1   -12.3980827332   0.000004126493       0.0041  TCTGTGTGTGTAA
   518      1   -12.9256383896   0.000002434818       0.0024  TCTTCCTCTTTCT
   519      1   -13.6182725782   0.000001218034       0.0012  TCTTCTTTTTCAT
   520      1   -13.5249057750   0.000001337236       0.0013  TCTTTCTCTCAAG
   521      2    -9.3166716952   0.000089912670       0.0893  TCTTTCTCTCTTC
   522      1    -8.4280434719   0.000218648865       0.2171  TCTTTCTCTCTTT
   523      1   -13.3278623078   0.000001628482       0.0016  TCTTTCTTCTTTC
   524      1   -13.3236197723   0.000001635405       0.0016  TCTTTCTTTTAAT
   525      1    -9.5680434241   0.000069928069       0.0694  TCTTTTCTTTTTT
   526      2    -6.3385360782   0.001766886929       1.7545  TCTTTTTTTTTTT
   527      1   -12.9417833853   0.000002395824       0.0024  TGAATATATAAAA
   528      1   -13.5044234146   0.000001364908       0.0014  TGCATATATAAGG
   529      1   -17.1245088135   0.000000036553       0.0000  TGCATGTGTGCCA
   530      1   -12.1536274444   0.000005269224       0.0052  TGCGCGTGCGCGG
   531      1   -12.2527326702   0.000004772059       0.0047  TGCGTGCGCGTGC
   532      1   -16.2839658463   0.000000084716       0.0001  TGCGTGTGCAGCG
   533      1   -10.9805797014   0.000017029223       0.0169  TGGGGAGGGGGGG
   534      1   -10.9314331764   0.000017887057       0.0178  TGGGTGTGTGTGG
   535      1   -18.2237558581   0.000000012177       0.0000  TGTATAAGTGAAA
   536      1   -10.4863632583   0.000027914529       0.0277  TGTATATATAAAG
   537      1   -10.6922221457   0.000022720973       0.0226  TGTATATATAGAG
   538      1   -13.0077827795   0.000002242806       0.0022  TGTATATGTAGAA
   539      1   -15.6108149496   0.000000166077       0.0002  TGTATATGTGCTC
   540      1   -11.6132224998   0.000009045687       0.0090  TGTATGTGTGAAG
   541      1   -11.3431495759   0.000011850392       0.0118  TGTATGTGTGAGA
   542      1   -19.0133948621   0.000000005528       0.0000  TGTGCATGTTTAA
   543      1   -12.3092006253   0.000004510058       0.0045  TGTGCGTGTGCGC
   544      1    -9.1018259351   0.000111462100       0.1107  TGTGCGTGTGGGG
   545      1   -15.3849030391   0.000000208172       0.0002  TGTGTATATGCAT
   546      1   -15.9536680453   0.000000117872       0.0001  TGTGTGCATGTAC
   547      1   -10.1450698232   0.000039269209       0.0390  TGTGTGTGCGTGG
   548      1   -13.4957351608   0.000001376818       0.0014  TGTGTGTGTAATA
   549      1    -8.3796507730   0.000229490076       0.2279  TGTGTGTGTGAAG
   550      1    -8.1095627788   0.000300650295       0.2985  TGTGTGTGTGAGA
   551      1    -6.9056785882   0.001002078849       0.9951  TGTGTGTGTGAGG
   552      1   -10.2121869126   0.000036720076       0.0365  TGTGTGTGTGCAC
   553      1    -9.8740442468   0.000051494052       0.0511  TGTGTGTGTGCAT
   554      1    -8.9346740048   0.000131740826       0.1308  TGTGTGTGTGCGA
   555      1    -7.4607304134   0.000575235858       0.5712  TGTGTGTGTGCGG
   556      5    -6.0500640249   0.002357711049       2.3412  TGTGTGTGTGGGG
   557      1    -6.5412492107   0.001442685155       1.4326  TGTGTGTGTGTGG
   558      1    -8.6518801995   0.000174797884       0.1736  TGTGTGTGTGTTG
   559      3    -6.7059996065   0.001223549025       1.2150  TGTGTGTGTGTTT
   560      1   -19.5094039730   0.000000003366       0.0000  TTACTCACGCTAA
   561      1    -9.7080341002   0.000060793110       0.0604  TTATTTTTATTCT
   562      1   -10.3028287579   0.000033538090       0.0333  TTATTTTTTTTAT
   563      1    -7.4215230702   0.000598237294       0.5940  TTATTTTTTTTTT
   564      1   -17.1320354046   0.000000036279       0.0000  TTCCCTTTTTACT
   565      1   -10.5038128707   0.000027431656       0.0272  TTCCTTTCTCTTT
   566      1   -17.8769057003   0.000000017225       0.0000  TTCTATCTTTAGT
   567      1    -7.3235887200   0.000659790155       0.6552  TTCTCTCTCTCTT
   568      1    -8.7040171539   0.000165917952       0.1648  TTCTCTCTCTGTT
   569      1   -12.5317557698   0.000003610170       0.0036  TTCTCTTTTTTTG
   570      1   -14.1283677166   0.000000731354       0.0007  TTCTGCTTTTTTT
   571      1   -15.7377367628   0.000000146281       0.0001  TTCTTCCTCCTCT
   572      1    -8.1829325336   0.000279381442       0.2774  TTCTTTCTCTCTT
   573      2    -6.7153315217   0.001212184080       1.2037  TTCTTTTTCTTTT
   574      1    -8.3285880243   0.000241512814       0.2398  TTCTTTTTTTTCT
   575      1    -6.3892287089   0.001679551125       1.6678  TTCTTTTTTTTTT
   576      1   -16.1833348722   0.000000093684       0.0001  TTGAGAGAGAGGC
   577      1   -20.4008798798   0.000000001380       0.0000  TTGCGAGTGTAGT
   578      1   -13.3603581013   0.000001576414       0.0016  TTGTACGTGTTTT
   579      1   -15.9933282801   0.000000113288       0.0001  TTTCCCTTTTTAT
   580      1   -13.8483871773   0.000000967658       0.0010  TTTCTCCCTCGCT
   581      1   -12.0135056376   0.000006061789       0.0060  TTTCTCTCCCCTT
   582      1    -8.4100360499   0.000222621831       0.2211  TTTCTCTCTCCTT
   583      1   -12.7410770928   0.000002928333       0.0029  TTTCTCTTTTTCC
   584      1    -9.5616131389   0.000070379176       0.0699  TTTCTTTCTTTTT
   585      1   -12.2543291981   0.000004764446       0.0047  TTTCTTTTCTTTC
   586      1   -12.0139967134   0.000006058813       0.0060  TTTCTTTTTCCTA
   587      1   -11.7123073597   0.000008192370       0.0081  TTTCTTTTTTATA
   588      1   -11.2629028601   0.000012840544       0.0128  TTTCTTTTTTCTG
   589      1    -6.6848548691   0.001249696110       1.2409  TTTCTTTTTTTTT
   590      1   -20.1316978027   0.000000001807       0.0000  TTTGTCACTCCTG
   591      1    -9.7373077686   0.000059039268       0.0586  TTTTCTTTCTTTT
   592      1   -14.5546325284   0.000000477533       0.0005  TTTTTCTTTCACT
   593      1   -11.0327716325   0.000016163230       0.0161  TTTTTTCTTTCTG
   594      1    -9.0581698502   0.000116435877       0.1156  TTTTTTCTTTGTT
   595      1    -6.4583951105   0.001567309051       1.5563  TTTTTTCTTTTTT
   596      1   -10.1038536113   0.000040921555       0.0406  TTTTTTGTTTATT
   597      1    -6.4662247737   0.001555085465       1.5442  TTTTTTTCTTTTT
   598      1   -12.2618032326   0.000004728970       0.0047  TTTTTTTGTTCTG
   599      1   -12.6074838405   0.000003346874       0.0033  TTTTTTTTCTCGC
   600      1    -8.7983870204   0.000150976401       0.1499  TTTTTTTTCTTTC
   601      1    -8.3937436759   0.000226278577       0.2247  TTTTTTTTTTAAA
   602      1    -7.5354729719   0.000533808727       0.5301  TTTTTTTTTTACT
   603      1    -8.6665111384   0.000172259045       0.1711  TTTTTTTTTTAGT
   604      2    -5.6318263745   0.003582027226       3.5570  TTTTTTTTTTATT
   605      1    -9.4499233101   0.000078695600       0.0781  TTTTTTTTTTCAA
   606      1    -7.5912628822   0.000504843094       0.5013  TTTTTTTTTTCAT
   607      1    -7.8069445102   0.000406899427       0.4041  TTTTTTTTTTCTG
   608      9    -4.7351238342   0.008781361331       8.7199  TTTTTTTTTTCTT
   609      1    -9.4011245986   0.000082631086       0.0821  TTTTTTTTTTGAA
   610      1    -5.8293573500   0.002939965742       2.9194  TTTTTTTTTTGTT
   611      2    -6.3879750999   0.001681657946       1.6699  TTTTTTTTTTTCC
   612      5    -5.1682221092   0.005694684351       5.6548  TTTTTTTTTTTCT
   613      1    -6.3076860847   0.001822244885       1.8095  TTTTTTTTTTTGT
   614      1    -6.1626144732   0.002106738055       2.0920  TTTTTTTTTTTTA
   615      3    -5.1944550044   0.005547238712       5.5084  TTTTTTTTTTTTC
   616      1    -6.3601454487   0.001729115196       1.7170  TTTTTTTTTTTTG
   617    134    -3.2288492369   0.039603046299      39.3258  TTTTTTTTTTTTT