

TREE #  1

  0  0.0000   2752.480237  x:  0.08118   0.03809   0.00752   0.01574   0.02336   0.04078   0.02486   0.04908   0.04311   0.04948   0.08901   0.04795   1.75147  
  1 99.0000   2746.902842  x:  0.08057   0.04609   0.02282   0.02545   0.02807   0.04294   0.02105   0.04869   0.04208   0.04913   0.08911   0.04734   1.75371  
  2 694.7191   2745.226483  x:  0.07875   0.05605   0.01903   0.02709   0.03001   0.04694   0.01524   0.04684   0.03784   0.04437   0.08867   0.04552   1.75942  
  3 225.9675   2744.689215  x:  0.07720   0.06087   0.01864   0.02668   0.03005   0.04892   0.02003   0.04574   0.03731   0.04292   0.08774   0.04398   1.76678  
  4 146.3850   2742.861765  x:  0.07248   0.06848   0.02106   0.02046   0.02509   0.04627   0.01870   0.04467   0.04365   0.04428   0.08275   0.03925   1.80950  
  5 169.3294   2734.833928  x:  0.06719   0.07369   0.01228   0.03093   0.03294   0.03404   0.01999   0.05336   0.05534   0.04624   0.06822   0.03396   2.02725  
  6 664.6943   2689.960526  x:  0.10022   0.05538   0.01862   0.02038   0.03542   0.08087   0.01388   0.06034   0.04121   0.05636   0.05099   0.06700   3.56234  
  7 2698.2527   2672.728283  x:  0.09886   0.04987   0.02051   0.02934   0.01909   0.06405   0.01585   0.04410   0.02895   0.04740   0.09664   0.06564   4.05841  
  8 3640.8146   2670.636091  x:  0.09626   0.04799   0.02229   0.02258   0.02960   0.06193   0.01565   0.04199   0.03021   0.04455   0.10727   0.06305   4.12020  
  9 1064.4234   2670.410173  x:  0.09439   0.04680   0.02212   0.02312   0.02936   0.06516   0.01527   0.04447   0.03291   0.04338   0.11020   0.06118   4.12656  
 10 105.6717   2670.379632  x:  0.09311   0.04616   0.02223   0.02310   0.02937   0.06565   0.01516   0.04519   0.03182   0.04417   0.11034   0.05990   4.12745  
 11 28.2723   2670.376688  x:  0.09293   0.04598   0.02213   0.02327   0.02944   0.06587   0.01511   0.04472   0.03192   0.04445   0.11030   0.05971   4.12757  
 12  6.4659   2669.593618  x:  0.09358   0.05234   0.01950   0.02356   0.03013   0.06497   0.01551   0.04719   0.03327   0.05384   0.11488   0.06043   4.18875  
 13  0.7812   2654.960319  x:  0.06841   0.06627   0.01986   0.02860   0.02777   0.03956   0.01873   0.04470   0.03643   0.04259   0.10563   0.03628   5.21577  
 14 546.7586   2645.423523  x:  0.08662   0.07073   0.01447   0.03015   0.02873   0.05527   0.01698   0.04787   0.04468   0.04364   0.08064   0.05640   6.85928  
 15  0.6064   2641.061467  x:  0.07461   0.06553   0.01922   0.02339   0.03094   0.04677   0.01624   0.05106   0.04376   0.04984   0.09225   0.04593   8.39087  
 16  0.6911   2639.883482  x:  0.07804   0.06241   0.01756   0.02691   0.03043   0.04824   0.01793   0.04847   0.04048   0.04380   0.08769   0.05031   9.38680  
 17  0.5015   2639.710519  x:  0.07743   0.06284   0.01710   0.02624   0.03012   0.04979   0.01696   0.04840   0.03974   0.04675   0.09141   0.04991   9.82035  
 18  0.2979   2639.694850  x:  0.07782   0.06344   0.01743   0.02616   0.02978   0.04878   0.01699   0.04845   0.03977   0.04636   0.09101   0.05034   9.94285  
 19  0.1083   2639.692695  x:  0.07762   0.06373   0.01752   0.02623   0.02971   0.04909   0.01704   0.04848   0.03986   0.04611   0.09083   0.05012   9.97520  
 20  0.0327   2639.692537  x:  0.07771   0.06378   0.01754   0.02627   0.02975   0.04910   0.01705   0.04850   0.03993   0.04615   0.09089   0.05014   9.97720  
 21  0.0016   2639.692529  x:  0.07773   0.06378   0.01756   0.02628   0.02977   0.04910   0.01704   0.04849   0.03993   0.04615   0.09089   0.05010   9.97728  
 22  0.0001   2639.692529  x:  0.07776   0.06378   0.01756   0.02628   0.02977   0.04910   0.01704   0.04849   0.03993   0.04614   0.09089   0.05007   9.97733  

TREE #  2

  0  0.0000   2647.701251  x:  0.10577   0.03809   0.00752   0.01574   0.02336   0.04078   0.02486   0.04908   0.04311   0.04948   0.08901   0.02335   9.97733  
  1 99.0000   2641.285699  x:  0.10626   0.04971   0.02301   0.02762   0.02921   0.04426   0.02037   0.04955   0.04273   0.04993   0.09027   0.02385   9.97733  
  2 673.0644   2639.865808  x:  0.10616   0.05998   0.01881   0.02749   0.03024   0.04874   0.01471   0.04869   0.03928   0.04624   0.09135   0.02375   9.97732  
  3 213.6033   2639.727365  x:  0.10589   0.06244   0.01827   0.02723   0.03039   0.04978   0.01717   0.04851   0.03910   0.04582   0.09146   0.02347   9.97732  
  4 90.9081   2639.703832  x:  0.10540   0.06360   0.01847   0.02654   0.02973   0.04925   0.01719   0.04842   0.04001   0.04621   0.09127   0.02298   9.97732  
  5 25.7117   2639.701743  x:  0.10519   0.06374   0.01829   0.02671   0.02990   0.04895   0.01721   0.04855   0.04011   0.04619   0.09109   0.02278   9.97732  
  6  7.9211   2639.701553  x:  0.10512   0.06373   0.01833   0.02668   0.02990   0.04896   0.01720   0.04855   0.04001   0.04621   0.09095   0.02270   9.97732  
  7  2.0140   2639.701533  x:  0.10512   0.06373   0.01832   0.02670   0.02988   0.04899   0.01720   0.04854   0.04003   0.04620   0.09090   0.02271   9.97732  
  8  0.6406   2639.701528  x:  0.10513   0.06373   0.01832   0.02669   0.02989   0.04899   0.01720   0.04855   0.04004   0.04621   0.09087   0.02272   9.97732  
  9  0.3061   2639.701524  x:  0.10514   0.06374   0.01832   0.02669   0.02989   0.04898   0.01720   0.04855   0.04003   0.04621   0.09086   0.02273   9.97733  
 10  0.1256   2639.697224  x:  0.10515   0.06386   0.01817   0.02635   0.02984   0.04897   0.01711   0.04866   0.04000   0.04558   0.09092   0.02268   9.97782  
 11  0.0043   2639.693255  x:  0.10516   0.06406   0.01766   0.02629   0.02988   0.04908   0.01699   0.04850   0.03983   0.04610   0.09108   0.02265   9.97827  
 12  4.7136   2639.693254  x:  0.10516   0.06406   0.01766   0.02629   0.02987   0.04909   0.01699   0.04852   0.03983   0.04611   0.09108   0.02265   9.97827  
 13  0.1179   2639.692598  x:  0.10784   0.06384   0.01756   0.02631   0.02979   0.04911   0.01704   0.04842   0.03994   0.04611   0.09088   0.02001   9.97841  
 14  0.0034   2639.692560  x:  0.10925   0.06382   0.01756   0.02631   0.02977   0.04913   0.01705   0.04848   0.03995   0.04614   0.09088   0.01860   9.97838  
 15  0.0069   2639.692533  x:  0.11015   0.06378   0.01757   0.02628   0.02978   0.04910   0.01705   0.04849   0.03993   0.04615   0.09089   0.01768   9.97782  
 16  0.0014   2639.692529  x:  0.11144   0.06378   0.01756   0.02628   0.02977   0.04910   0.01704   0.04850   0.03993   0.04614   0.09089   0.01639   9.97729  
 17  0.0010   2639.692529  x:  0.11152   0.06378   0.01756   0.02628   0.02977   0.04910   0.01704   0.04849   0.03993   0.04615   0.09089   0.01631   9.97729  
 18  0.0001   2639.692529  x:  0.11194   0.06378   0.01756   0.02628   0.02977   0.04910   0.01704   0.04850   0.03993   0.04614   0.09089   0.01589   9.97726  