     2    744    253


 1

     1    155    -2.1359396441   0.118133534726      87.8913  AAAAAAAAAAAAA
     2      5    -4.4858960866   0.011266786979       8.3825  AAAAAAAAAAAAG
     3      1    -6.9378824320   0.000970322146       0.7219  AAAAAAAAAAACA
     4      1    -6.9679346928   0.000941595583       0.7005  AAAAAAAAAACAA
     5      1   -11.2865693270   0.000012540222       0.0093  AAAAAAAAAACAC
     6      1   -11.8069793423   0.000007452363       0.0055  AAAAAAAAAACCC
     7      1    -4.8989021300   0.007454762940       5.5463  AAAAAAAAAAGAA
     8      1   -10.9513847336   0.000017533719       0.0130  AAAAAAAAAGGAG
     9      1   -11.0776809206   0.000015453409       0.0115  AAAAAAAAGAATA
    10      1    -5.2515224155   0.005239535574       3.8982  AAAAAAAGAAAAA
    11      1   -14.5457231266   0.000000481807       0.0004  AAAAAAGAAATAC
    12      1   -11.4877664303   0.000010254782       0.0076  AAAAAGAGAGAAG
    13      1   -11.9921901445   0.000006192386       0.0046  AAAACAAAAAAAT
    14      1    -5.6893857792   0.003381669423       2.5160  AAAAGAAAAAAAA
    15      1    -8.4483872567   0.000214245660       0.1594  AAAAGAAAAAGAA
    16      1    -9.9231666504   0.000049025664       0.0365  AAAAGAAAGAAAA
    17      1   -22.5105467767   0.000000000167       0.0000  AAAAGAAAGGTAT
    18      1    -6.7133994988   0.001214528311       0.9036  AAAGAAAAAGAAA
    19      1   -10.0400175809   0.000043619006       0.0325  AAAGAAAAGAAAA
    20      2    -5.9888342519   0.002506584394       1.8649  AAAGAGAGAGAAA
    21      1   -14.2673994886   0.000000636425       0.0005  AAAGAGGAAGGGG
    22      1   -18.2925225341   0.000000011367       0.0000  AAAGAGGGAGATC
    23      1   -12.6542249118   0.000003194037       0.0024  AAAGAGGGGGAAA
    24      1    -8.3288799248   0.000241442327       0.1796  AAGAAAAAGAAAG
    25      1   -15.0368581748   0.000000294833       0.0002  AAGAAAGGGGAAG
    26      1   -16.6197355218   0.000000060554       0.0000  AAGGAAGAGAAGT
    27      1   -20.0857217770   0.000000001892       0.0000  AATAAACATATTA
    28      1   -14.2581393457   0.000000642346       0.0005  AATATATATATTC
    29      1    -6.8139444206   0.001098351982       0.8172  ACACACACACAAA
    30      1   -11.6346233125   0.000008854159       0.0066  ACACACACACCAA
    31      1    -9.5782240490   0.000069219770       0.0515  ACACACACACCCT
    32      1   -15.0797832026   0.000000282445       0.0002  ACATACATATAAC
    33      1   -14.0538600429   0.000000787927       0.0006  ACATATATATATG
    34      1   -11.0639510726   0.000015667045       0.0117  ACATATATATCCC
    35      1   -27.4474880700   0.000000000001       0.0000  ACGTAGCTGTTCT
    36      3    -5.1692014628   0.005689109972       4.2327  AGAAAAAAAAAAA
    37      1   -12.4871787616   0.000003774741       0.0028  AGAAAAAAAAGTA
    38      1    -8.9875986054   0.000124949787       0.0930  AGAAAAAAAGAAA
    39      1    -8.2705338513   0.000255948616       0.1904  AGAAAAAGAAAAA
    40      1   -14.5051009290   0.000000501782       0.0004  AGAAAAGAGAAGA
    41      1   -12.6005955377   0.000003370008       0.0025  AGAAAGAGAGTAA
    42      1   -14.6310558757   0.000000442398       0.0003  AGAAAGGGGGAAA
    43      1   -16.7747215149   0.000000051860       0.0000  AGAAGAAAGGAAA
    44      1   -12.5965838293   0.000003383554       0.0025  AGAGAAAGAGATA
    45      2    -7.4977015576   0.000554357065       0.4124  AGAGAGAAAGAAA
    46      1    -9.7485064400   0.000058381795       0.0434  AGAGAGAAAGAAG
    47      1    -8.2217225659   0.000268751723       0.2000  AGAGAGAGAAAAA
    48      1    -7.0230976802   0.000891060991       0.6629  AGAGAGAGAGAAG
    49      1    -6.6207839721   0.001332385983       0.9913  AGAGAGAGAGAGA
    50      1    -7.7275737557   0.000440511610       0.3277  AGAGAGAGAGGAG
    51      1    -7.3295051463   0.000655898080       0.4880  AGAGAGAGAGGGA
    52      1   -10.0254525984   0.000044258965       0.0329  AGAGAGGGAGAGA
    53      1   -11.1131489672   0.000014914913       0.0111  AGAGAGGGAGGAG
    54      1   -10.5536024362   0.000026099290       0.0194  AGAGGGAGAGAAG
    55      1   -10.9365610472   0.000017795569       0.0132  AGAGGGAGAGGAA
    56      1   -12.1345450528   0.000005370739       0.0040  AGAGGGGAAGGGG
    57      1   -11.5937740112   0.000009223334       0.0069  AGGAAGAAAAAAA
    58      1   -11.5022835085   0.000010106988       0.0075  AGGAGAGAGAAAG
    59      1   -11.8074337591   0.000007448978       0.0055  AGGAGGGAGGGGG
    60      2   -11.4587598987   0.000010556594       0.0079  AGGGAAAGAGAAA
    61      1   -13.7928700032   0.000001022899       0.0008  AGGGAAAGAGAGG
    62      1   -21.0836095280   0.000000000697       0.0000  AGGGAGAGGACAC
    63      1    -8.6154629543   0.000181280871       0.1349  AGGGAGAGGGAAA
    64      1   -12.2403864995   0.000004831341       0.0036  AGGGAGGGGAAAA
    65      1    -9.0323655297   0.000119479526       0.0889  AGGGGGAGGGGGG
    66      1   -23.8949200962   0.000000000042       0.0000  ATACAAATAATTC
    67      1   -12.7400351073   0.000002931386       0.0022  ATACACACATAAA
    68      1   -14.1441510187   0.000000719902       0.0005  ATCTCTCTCCTTT
    69      1   -13.1344246337   0.000001976022       0.0015  ATGTATATATCCC
    70      1   -14.1328087590   0.000000728114       0.0005  CACACACACAAGC
    71      1   -16.7236874344   0.000000054575       0.0000  CCACCCTTTCCTC
    72      1    -7.2049438507   0.000742903908       0.5527  CCCCCCCCCCACC
    73     94    -2.6559630392   0.070231170717      52.2520  CCCCCCCCCCCCC
    74      2    -7.1059825552   0.000820183424       0.6102  CCCCCCCCCCCCG
    75      1    -7.5747370453   0.000513255367       0.3819  CCCCCCCCCCGCC
    76      1   -12.4511406879   0.000003913256       0.0029  CCCCCCCCCCGGC
    77      1    -5.0990995443   0.006102238888       4.5401  CCCCCCCCCCTCC
    78      1    -7.0480460269   0.000869105508       0.6466  CCCCCCCCCCTCT
    79      2    -7.6761367074   0.000463763095       0.3450  CCCCCCCCCCTTT
    80      1    -9.8015319345   0.000055366716       0.0412  CCCCCCCTCCCTT
    81      1   -11.1615982927   0.000014209521       0.0106  CCCCCCCTCTTCC
    82      1   -11.9445427708   0.000006494579       0.0048  CCCCCCCTTCTCC
    83      2    -7.7715629052   0.000421553903       0.3136  CCCCCCTCCCCCT
    84      1   -10.7650850772   0.000021124331       0.0157  CCCCCCTCCCTTT
    85      1   -14.5653912394   0.000000472423       0.0004  CCCCCCTCTTCCT
    86      1   -14.2253380002   0.000000663765       0.0005  CCCCCCTTCTCTC
    87      2    -8.6820871359   0.000169596727       0.1262  CCCCCTCCCCTCC
    88      1   -11.5707536962   0.000009438121       0.0070  CCCCCTCTCTCCT
    89      1    -5.9035754040   0.002729667686       2.0309  CCCCTCCCCCCCC
    90      1   -13.5381588935   0.000001319630       0.0010  CCCCTCTTCCCCT
    91      1   -14.5283558322   0.000000490247       0.0004  CCCTCATTCTCCC
    92      1   -20.9772652696   0.000000000776       0.0000  CCCTCCATCTAAC
    93      1    -5.9217580298   0.002680483662       1.9943  CCCTCCCCCCCCC
    94      1   -15.0234279900   0.000000298819       0.0002  CCCTCCCTCTTAT
    95      1   -11.0373576496   0.000016089275       0.0120  CCCTCCTCCCCCT
    96      1   -11.8077803524   0.000007446396       0.0055  CCCTTCCTCCCCC
    97      1   -12.2846523604   0.000004622142       0.0034  CCCTTTTTCTTTT
    98      1   -10.2638469765   0.000034871280       0.0259  CCTCCCCCCCCAC
    99      1    -8.1885480405   0.000277816971       0.2067  CCTCCCCCCCTCC
   100      1    -8.5739432254   0.000188966043       0.1406  CCTCCCCCTCCTC
   101      1   -12.2124634381   0.000004968148       0.0037  CCTCCCTCCTCCC
   102      1   -11.0221412307   0.000016335968       0.0122  CCTCCCTCTCTTC
   103      1   -17.0611458546   0.000000038944       0.0000  CCTCCCTTTTTTC
   104      1   -13.1700842812   0.000001906800       0.0014  CCTCTCTTCCCCC
   105      1   -15.3918811498   0.000000206724       0.0002  CCTCTCTTTCTAT
   106      1   -14.8087921023   0.000000370359       0.0003  CCTCTTCCTCTCC
   107      1   -12.2267413389   0.000004897717       0.0036  CCTCTTTCTCTCC
   108      1   -16.3830235666   0.000000076726       0.0001  CCTTCTCCTTTTC
   109      1   -13.2375064774   0.000001782477       0.0013  CCTTCTTTTTTTC
   110      1   -20.0637745180   0.000000001934       0.0000  CCTTTCTCCCTAT
   111      1   -12.2359699888   0.000004852726       0.0036  CCTTTCTTTCCCC
   112      1   -17.0862250204   0.000000037979       0.0000  CCTTTTCCTTCCT
   113      1   -11.6497804634   0.000008720967       0.0065  CCTTTTTCTTTTT
   114      1   -10.8631078892   0.000019151914       0.0142  CCTTTTTTTTTTC
   115      1    -8.0574207540   0.000316742710       0.2357  CGCGCGCGCGGGG
   116      1   -11.0416803515   0.000016019876       0.0119  CGTGTGTGTGCCC
   117      1   -10.8080265855   0.000020236420       0.0151  CGTGTGTGTGGGG
   118      1   -17.3374694097   0.000000029542       0.0000  CTACCCCCTCTTT
   119      1    -9.9248222078   0.000048944566       0.0364  CTCCCCCCCCTTC
   120      1   -16.3446827070   0.000000079725       0.0001  CTCCCCCCTCGCT
   121      1   -17.3817785447   0.000000028261       0.0000  CTCCTCTTTCTCC
   122      1   -23.2952871619   0.000000000076       0.0000  CTCTTCTTCGTTA
   123      1   -10.4520170838   0.000028889941       0.0215  CTCTTTCTCTTCC
   124      1   -12.3661167227   0.000004260531       0.0032  CTCTTTTCCTTTT
   125      1    -9.0229204125   0.000120613371       0.0897  CTCTTTTTTTTTT
   126      1   -17.9136218518   0.000000016604       0.0000  CTTCCCTCCCTCA
   127      1   -11.3327798962   0.000011973917       0.0089  CTTCTCTCTCTCC
   128      1   -25.2319956346   0.000000000011       0.0000  CTTCTGTGTCTGC
   129      1   -13.7379634562   0.000001080633       0.0008  CTTTCCTTTTCTC
   130      1   -12.0572701064   0.000005802219       0.0043  CTTTTTTTTCTCT
   131      1    -8.3434120356   0.000237959032       0.1770  CTTTTTTTTTTCT
   132      2    -5.6933495100   0.003368291926       2.5060  GAAAAAAAAAAAA
   133      1   -15.5765358124   0.000000171869       0.0001  GAAGGAAGGGAAA
   134      1   -15.4335554689   0.000000198286       0.0001  GAAGGGGGGGATG
   135      1    -7.9181047355   0.000364091723       0.2709  GAGAGAAAGAGGG
   136      1    -4.8920569826   0.007505966942       5.5844  GAGAGAGAGAGGG
   137      1    -5.4932691496   0.004114371668       3.0611  GAGGGGGGGGGGG
   138      1   -14.8151416656   0.000000368015       0.0003  GCAGAGAGAGAGA
   139      1   -28.8887777000   0.000000000000       0.0000  GCATACGGACCGT
   140      1    -7.9705100917   0.000345502703       0.2571  GCGGGGGGGGGGG
   141      1   -14.1054232013   0.000000748329       0.0006  GGAAGGGGAGAAG
   142      1    -8.3218836117   0.000243137456       0.1809  GGAGAGAGAGAAA
   143      1    -8.7442350102   0.000159377491       0.1186  GGAGAGAGAGGAG
   144      1   -10.1048135343   0.000040882293       0.0304  GGAGGGGGGGAGA
   145      1    -8.1917949481   0.000276916387       0.2060  GGAGGGGGGGGAG
   146      1   -13.1179270041   0.000002008892       0.0015  GGGAGAAAGAAGA
   147      1   -13.8417050794   0.000000974146       0.0007  GGGAGAAAGAGTG
   148      1   -20.3815079482   0.000000001407       0.0000  GGGGAGAGAGTCA
   149      1   -12.7038166377   0.000003039503       0.0023  GGGGAGGGGGAGC
   150      1    -6.0160533263   0.002439277656       1.8148  GGGGAGGGGGGGG
   151      1    -8.6854139667   0.000169033444       0.1258  GGGGGAGGGGGAG
   152      1    -7.6436414824   0.000479080708       0.3564  GGGGGGGGGGCGG
   153      1    -7.0421116410   0.000874278449       0.6505  GGGGGGGGGGGAA
   154      2    -4.7773408963   0.008418354510       6.2633  GGGGGGGGGGGGA
   155      1    -7.1713331517   0.000768297791       0.5716  GGGGGGGGGGGGC
   156    107    -2.8398858736   0.058432334258      43.4737  GGGGGGGGGGGGG
   157      1    -6.9799412379   0.000930357871       0.6922  GGGGGGGGGGGGT
   158      1   -11.7460159650   0.000007920819       0.0059  GGGTGAGAGAGGG
   159      1   -14.7976973918   0.000000374491       0.0003  GGGTGGAGGTGAG
   160      1    -8.1409996611   0.000291345806       0.2168  GGTGGGGGGGGGG
   161      1   -32.1323516488   0.000000000000       0.0000  GTCAACGGCAAAC
   162      1   -12.5616113178   0.000003503979       0.0026  TAAAAAAAAATTT
   163      1    -9.8923133730   0.000050561842       0.0376  TACATATATATTT
   164      1   -23.7695827792   0.000000000048       0.0000  TATACACGCGCAT
   165      1    -9.2223032662   0.000098810838       0.0735  TATATATATATAA
   166      1    -6.6053721851   0.001353079484       1.0067  TATATATATATTT
   167      1   -13.7495457188   0.000001068189       0.0008  TATATGTATAGAA
   168      1   -17.6714516392   0.000000021154       0.0000  TATCTGTCTCTCC
   169      1   -15.0719694926   0.000000284660       0.0002  TATGTGTGTATTC
   170      1    -9.4042950535   0.000082369523       0.0613  TATTTTTTTTTTC
   171      1   -13.9127672166   0.000000907323       0.0007  TCACTTTTTTTTT
   172      1    -9.9912110870   0.000045800704       0.0341  TCCCCCCCCCCTT
   173      1   -12.2014640168   0.000005023096       0.0037  TCCCCCCCCTTTT
   174      2    -8.6517431421   0.000174821843       0.1301  TCCCTCCCCCTTT
   175      1    -8.4888429266   0.000205751192       0.1531  TCCCTCTCCCTTT
   176      1   -10.2002792415   0.000037159941       0.0276  TCCCTCTCTCTTC
   177      1   -15.5644459452   0.000000173959       0.0001  TCCTCCCCCCTCA
   178      2   -13.3968074240   0.000001519989       0.0011  TCCTCCCCCCTTC
   179      1   -13.4656826136   0.000001418823       0.0011  TCCTTCTCTCTTC
   180      1   -15.9977318836   0.000000112791       0.0001  TCCTTCTTTCTTC
   181      1   -11.0657178920   0.000015639389       0.0116  TCCTTTTTTTTCT
   182      1   -18.8565153538   0.000000006467       0.0000  TCTATCATTATTT
   183      1   -19.1892763588   0.000000004637       0.0000  TCTATCTTTGCCT
   184      1   -16.0123760710   0.000000111151       0.0001  TCTCCCCTCCTTC
   185      1   -10.3401924969   0.000032308103       0.0240  TCTCCCTCTCTTC
   186      1   -10.5942952264   0.000025058556       0.0186  TCTCTCCCTCCCT
   187      1   -10.8593116323   0.000019224758       0.0143  TCTCTCCTTCTTT
   188      1    -8.9920684212   0.000124392531       0.0925  TCTCTCTCCCTTT
   189      1    -9.8472388371   0.000052893038       0.0394  TCTCTCTCTCACC
   190      1    -7.3348202064   0.000652421191       0.4854  TCTCTCTCTCCTT
   191      2    -6.9133533676   0.000994417552       0.7398  TCTCTCTCTCTTC
   192      3    -4.7659062618   0.008515167773       6.3353  TCTCTCTCTCTTT
   193      1   -18.1154888566   0.000000013569       0.0000  TCTCTCTGTCTAA
   194      1    -9.6488342906   0.000064500712       0.0480  TCTCTCTTTCTCC
   195      1    -9.7124271551   0.000060526628       0.0450  TCTCTCTTTCTTC
   196      1    -7.5647827050   0.000518389999       0.3857  TCTCTCTTTCTTT
   197      1   -11.5044607921   0.000010085006       0.0075  TCTCTCTTTTCCC
   198      1   -13.5499575873   0.000001304152       0.0010  TCTCTTCCTCTTC
   199      1   -18.4391566521   0.000000009817       0.0000  TCTCTTTATCCAC
   200      1    -8.0897059084   0.000306679936       0.2282  TCTCTTTCTCTTT
   201      1   -15.1382360265   0.000000266408       0.0002  TCTGTCTTTCTCT
   202      1   -15.9476481515   0.000000118584       0.0001  TCTTCCCCCTTTT
   203      1   -21.5151737856   0.000000000453       0.0000  TCTTCCCGTCTTC
   204      1   -18.6121189488   0.000000008258       0.0000  TCTTCCTCCTTTC
   205      1   -13.6761137806   0.000001149580       0.0009  TCTTCCTCTCCCT
   206      1   -12.4012580468   0.000004113411       0.0031  TCTTCCTCTTTTT
   207      1   -13.1317243610   0.000001981365       0.0015  TCTTCTTTTTCTC
   208      1   -11.3461432432   0.000011814969       0.0088  TCTTTCTTTCCCC
   209      1    -9.4584952864   0.000078023906       0.0580  TCTTTCTTTTCCC
   210      1   -11.2839431996   0.000012573197       0.0094  TCTTTCTTTTCCT
   211      1   -10.3993272087   0.000030452965       0.0227  TCTTTCTTTTTTC
   212      1   -10.4291104782   0.000029559349       0.0220  TCTTTTTCTTTTC
   213      1   -13.1744624362   0.000001898470       0.0014  TCTTTTTTTTCAC
   214      1    -9.9714371887   0.000046715376       0.0348  TCTTTTTTTTCCT
   215      2    -7.7787783178   0.000418523165       0.3114  TCTTTTTTTTTCT
   216      2    -7.4389552110   0.000587899107       0.4374  TCTTTTTTTTTTC
   217      1    -5.2108768693   0.005456886613       4.0599  TCTTTTTTTTTTT
   218      1   -21.9870765016   0.000000000283       0.0000  TGATTCTCCTTTT
   219      1   -17.5487129279   0.000000023916       0.0000  TGTGCGTGTGACC
   220      1   -15.6465545524   0.000000160246       0.0001  TGTTCTTTTTCCC
   221      1   -17.3007075884   0.000000030648       0.0000  TTATTTTTATTGG
   222      1   -12.1784274533   0.000005140154       0.0038  TTCCCTTTCTTTT
   223      1   -25.2923476150   0.000000000010       0.0000  TTCCGTTTCCAAT
   224      1   -19.8914854088   0.000000002297       0.0000  TTCCTCCCCCAAC
   225      1    -8.7898281776   0.000152274130       0.1133  TTCTTTCTCTTCT
   226      1    -6.1753883498   0.002079997994       1.5475  TTCTTTCTCTTTT
   227      1   -11.1562970313   0.000014285050       0.0106  TTCTTTTTCTCCT
   228      1   -12.3319920842   0.000004408429       0.0033  TTCTTTTTTTTAC
   229      1    -5.5759110945   0.003788022763       2.8183  TTCTTTTTTTTTT
   230      1   -11.8131676223   0.000007406388       0.0055  TTGTCTTTGTTTT
   231      1   -15.0332812268   0.000000295889       0.0002  TTTCTCTATCTTA
   232      1    -6.0137454121   0.002444913800       1.8190  TTTCTCTCTCTTT
   233      1   -12.5992593964   0.000003374513       0.0025  TTTCTCTTTCCCT
   234      1   -12.4447446189   0.000003938366       0.0029  TTTCTTCCTCTCT
   235      1   -11.6768833536   0.000008487778       0.0063  TTTTCTTTTCTTC
   236      1    -7.9629966679   0.000348108388       0.2590  TTTTCTTTTTTTC
   237      1    -5.7319045780   0.003240898807       2.4112  TTTTCTTTTTTTT
   238      1    -9.2510161005   0.000096014043       0.0714  TTTTTCTCTCTTT
   239      1   -10.7307140331   0.000021863018       0.0163  TTTTTTCTTTCCT
   240      1   -10.4403013650   0.000029230398       0.0217  TTTTTTTCTTCCT
   241      1    -5.2914913920   0.005034246623       3.7455  TTTTTTTCTTTTT
   242      1    -7.5972495012   0.000501829819       0.3734  TTTTTTTGTTTTT
   243      1   -14.1744014830   0.000000698451       0.0005  TTTTTTTTTTAGG
   244      1    -6.8527898070   0.001056504135       0.7860  TTTTTTTTTTATT
   245      4    -7.5099677655   0.000547598740       0.4074  TTTTTTTTTTCCC
   246      1    -7.4382749527   0.000588299167       0.4377  TTTTTTTTTTCCT
   247      1    -4.9371740147   0.007174845758       5.3381  TTTTTTTTTTCTT
   248      1    -7.0148713282   0.000898421406       0.6684  TTTTTTTTTTTCC
   249      1    -4.9042621611   0.007414912076       5.5167  TTTTTTTTTTTCT
   250      2    -6.3920378724   0.001674839612       1.2461  TTTTTTTTTTTTA
   251      2    -4.5203822730   0.010884861884       8.0983  TTTTTTTTTTTTC
   252      1    -6.7618310670   0.001157108490       0.8609  TTTTTTTTTTTTG
   253    112    -2.2889698874   0.101370831454      75.4199  TTTTTTTTTTTTT

 2

     1    155    -2.1359412118   0.118133349530      87.8912  AAAAAAAAAAAAA
     2      5    -4.4858943250   0.011266806826       8.3825  AAAAAAAAAAAAG
     3      1    -6.9378715280   0.000970332727       0.7219  AAAAAAAAAAACA
     4      1    -6.9679196413   0.000941609756       0.7006  AAAAAAAAAACAA
     5      1   -11.2865449780   0.000012540527       0.0093  AAAAAAAAAACAC
     6      1   -11.8069870375   0.000007452306       0.0055  AAAAAAAAAACCC
     7      1    -4.8988926298   0.007454833763       5.5464  AAAAAAAAAAGAA
     8      1   -10.9513537808   0.000017534262       0.0130  AAAAAAAAAGGAG
     9      1   -11.0776717746   0.000015453551       0.0115  AAAAAAAAGAATA
    10      1    -5.2515316031   0.005239487435       3.8982  AAAAAAAGAAAAA
    11      1   -14.5457006080   0.000000481817       0.0004  AAAAAAGAAATAC
    12      1   -11.4877584717   0.000010254864       0.0076  AAAAAGAGAGAAG
    13      1   -11.9922004957   0.000006192322       0.0046  AAAACAAAAAAAT
    14      1    -5.6894077723   0.003381595051       2.5159  AAAAGAAAAAAAA
    15      1    -8.4483983168   0.000214243291       0.1594  AAAAGAAAAAGAA
    16      1    -9.9231873641   0.000049024648       0.0365  AAAAGAAAGAAAA
    17      1   -22.5105232864   0.000000000167       0.0000  AAAAGAAAGGTAT
    18      1    -6.7134085076   0.001214517370       0.9036  AAAGAAAAAGAAA
    19      1   -10.0400265497   0.000043618615       0.0325  AAAGAAAAGAAAA
    20      2    -5.9888227695   0.002506613175       1.8649  AAAGAGAGAGAAA
    21      1   -14.2674034230   0.000000636422       0.0005  AAAGAGGAAGGGG
    22      1   -18.2924948825   0.000000011368       0.0000  AAAGAGGGAGATC
    23      1   -12.6542246869   0.000003194038       0.0024  AAAGAGGGGGAAA
    24      1    -8.3288850290   0.000241441095       0.1796  AAGAAAAAGAAAG
    25      1   -15.0368784667   0.000000294827       0.0002  AAGAAAGGGGAAG
    26      1   -16.6197503507   0.000000060553       0.0000  AAGGAAGAGAAGT
    27      1   -20.0857153165   0.000000001892       0.0000  AATAAACATATTA
    28      1   -14.2581109091   0.000000642364       0.0005  AATATATATATTC
    29      1    -6.8139504806   0.001098345326       0.8172  ACACACACACAAA
    30      1   -11.6346126802   0.000008854253       0.0066  ACACACACACCAA
    31      1    -9.5782240027   0.000069219773       0.0515  ACACACACACCCT
    32      1   -15.0797954275   0.000000282441       0.0002  ACATACATATAAC
    33      1   -14.0538090151   0.000000787967       0.0006  ACATATATATATG
    34      1   -11.0639418391   0.000015667190       0.0117  ACATATATATCCC
    35      1   -27.4474923226   0.000000000001       0.0000  ACGTAGCTGTTCT
    36      3    -5.1691909646   0.005689169697       4.2327  AGAAAAAAAAAAA
    37      1   -12.4871452056   0.000003774868       0.0028  AGAAAAAAAAGTA
    38      1    -8.9875707297   0.000124953270       0.0930  AGAAAAAAAGAAA
    39      1    -8.2705314496   0.000255949231       0.1904  AGAAAAAGAAAAA
    40      1   -14.5050921126   0.000000501786       0.0004  AGAAAAGAGAAGA
    41      1   -12.6005935627   0.000003370014       0.0025  AGAAAGAGAGTAA
    42      1   -14.6310818224   0.000000442387       0.0003  AGAAAGGGGGAAA
    43      1   -16.7747127782   0.000000051860       0.0000  AGAAGAAAGGAAA
    44      1   -12.5965883648   0.000003383539       0.0025  AGAGAAAGAGATA
    45      2    -7.4977182642   0.000554347803       0.4124  AGAGAGAAAGAAA
    46      1    -9.7485224987   0.000058380858       0.0434  AGAGAGAAAGAAG
    47      1    -8.2217134460   0.000268754174       0.2000  AGAGAGAGAAAAA
    48      1    -7.0231059906   0.000891053586       0.6629  AGAGAGAGAGAAG
    49      1    -6.6207641920   0.001332412338       0.9913  AGAGAGAGAGAGA
    50      1    -7.7275729497   0.000440511965       0.3277  AGAGAGAGAGGAG
    51      1    -7.3295046695   0.000655898393       0.4880  AGAGAGAGAGGGA
    52      1   -10.0254337017   0.000044259802       0.0329  AGAGAGGGAGAGA
    53      1   -11.1131489175   0.000014914914       0.0111  AGAGAGGGAGGAG
    54      1   -10.5536300283   0.000026098570       0.0194  AGAGGGAGAGAAG
    55      1   -10.9365777307   0.000017795272       0.0132  AGAGGGAGAGGAA
    56      1   -12.1345374550   0.000005370780       0.0040  AGAGGGGAAGGGG
    57      1   -11.5937812182   0.000009223267       0.0069  AGGAAGAAAAAAA
    58      1   -11.5022642666   0.000010107182       0.0075  AGGAGAGAGAAAG
    59      1   -11.8074208682   0.000007449074       0.0055  AGGAGGGAGGGGG
    60      2   -11.4587721846   0.000010556464       0.0079  AGGGAAAGAGAAA
    61      1   -13.7929109155   0.000001022857       0.0008  AGGGAAAGAGAGG
    62      1   -21.0835803946   0.000000000697       0.0000  AGGGAGAGGACAC
    63      1    -8.6154787752   0.000181278003       0.1349  AGGGAGAGGGAAA
    64      1   -12.2404002561   0.000004831274       0.0036  AGGGAGGGGAAAA
    65      1    -9.0323435309   0.000119482155       0.0889  AGGGGGAGGGGGG
    66      1   -23.8949137344   0.000000000042       0.0000  ATACAAATAATTC
    67      1   -12.7400104707   0.000002931459       0.0022  ATACACACATAAA
    68      1   -14.1441088578   0.000000719932       0.0005  ATCTCTCTCCTTT
    69      1   -13.1344281101   0.000001976016       0.0015  ATGTATATATCCC
    70      1   -14.1327864781   0.000000728130       0.0005  CACACACACAAGC
    71      1   -16.7236990372   0.000000054575       0.0000  CCACCCTTTCCTC
    72      1    -7.2049287564   0.000742915122       0.5527  CCCCCCCCCCACC
    73     94    -2.6559648277   0.070231045108      52.2519  CCCCCCCCCCCCC
    74      2    -7.1059761797   0.000820188653       0.6102  CCCCCCCCCCCCG
    75      1    -7.5747219511   0.000513263114       0.3819  CCCCCCCCCCGCC
    76      1   -12.4511132776   0.000003913364       0.0029  CCCCCCCCCCGGC
    77      1    -5.0990899262   0.006102297581       4.5401  CCCCCCCCCCTCC
    78      1    -7.0480325493   0.000869117222       0.6466  CCCCCCCCCCTCT
    79      2    -7.6761460498   0.000463758762       0.3450  CCCCCCCCCCTTT
    80      1    -9.8015351968   0.000055366536       0.0412  CCCCCCCTCCCTT
    81      1   -11.1615848479   0.000014209713       0.0106  CCCCCCCTCTTCC
    82      1   -11.9445426790   0.000006494579       0.0048  CCCCCCCTTCTCC
    83      2    -7.7715620233   0.000421554275       0.3136  CCCCCCTCCCCCT
    84      1   -10.7650951941   0.000021124117       0.0157  CCCCCCTCCCTTT
    85      1   -14.5653813571   0.000000472428       0.0004  CCCCCCTCTTCCT
    86      1   -14.2253287903   0.000000663771       0.0005  CCCCCCTTCTCTC
    87      2    -8.6820928649   0.000169595755       0.1262  CCCCCTCCCCTCC
    88      1   -11.5707458016   0.000009438195       0.0070  CCCCCTCTCTCCT
    89      1    -5.9035978292   0.002729606473       2.0308  CCCCTCCCCCCCC
    90      1   -13.5381818953   0.000001319600       0.0010  CCCCTCTTCCCCT
    91      1   -14.5283654593   0.000000490243       0.0004  CCCTCATTCTCCC
    92      1   -20.9772461302   0.000000000776       0.0000  CCCTCCATCTAAC
    93      1    -5.9217655533   0.002680463496       1.9943  CCCTCCCCCCCCC
    94      1   -15.0234232690   0.000000298820       0.0002  CCCTCCCTCTTAT
    95      1   -11.0373625028   0.000016089197       0.0120  CCCTCCTCCCCCT
    96      1   -11.8078132736   0.000007446151       0.0055  CCCTTCCTCCCCC
    97      1   -12.2846276445   0.000004622256       0.0034  CCCTTTTTCTTTT
    98      1   -10.2638285110   0.000034871924       0.0259  CCTCCCCCCCCAC
    99      1    -8.1885308042   0.000277821759       0.2067  CCTCCCCCCCTCC
   100      1    -8.5739436384   0.000188965965       0.1406  CCTCCCCCTCCTC
   101      1   -12.2124449613   0.000004968240       0.0037  CCTCCCTCCTCCC
   102      1   -11.0221483220   0.000016335853       0.0122  CCTCCCTCTCTTC
   103      1   -17.0611494472   0.000000038944       0.0000  CCTCCCTTTTTTC
   104      1   -13.1700972458   0.000001906775       0.0014  CCTCTCTTCCCCC
   105      1   -15.3918567722   0.000000206729       0.0002  CCTCTCTTTCTAT
   106      1   -14.8088137713   0.000000370351       0.0003  CCTCTTCCTCTCC
   107      1   -12.2267510804   0.000004897669       0.0036  CCTCTTTCTCTCC
   108      1   -16.3830191382   0.000000076726       0.0001  CCTTCTCCTTTTC
   109      1   -13.2375021235   0.000001782485       0.0013  CCTTCTTTTTTTC
   110      1   -20.0637504428   0.000000001934       0.0000  CCTTTCTCCCTAT
   111      1   -12.2359819116   0.000004852668       0.0036  CCTTTCTTTCCCC
   112      1   -17.0862355689   0.000000037979       0.0000  CCTTTTCCTTCCT
   113      1   -11.6497528130   0.000008721208       0.0065  CCTTTTTCTTTTT
   114      1   -10.8630690169   0.000019152659       0.0142  CCTTTTTTTTTTC
   115      1    -8.0574245312   0.000316741514       0.2357  CGCGCGCGCGGGG
   116      1   -11.0416864204   0.000016019779       0.0119  CGTGTGTGTGCCC
   117      1   -10.8080139212   0.000020236677       0.0151  CGTGTGTGTGGGG
   118      1   -17.3374554822   0.000000029542       0.0000  CTACCCCCTCTTT
   119      1    -9.9247964999   0.000048945824       0.0364  CTCCCCCCCCTTC
   120      1   -16.3446536264   0.000000079727       0.0001  CTCCCCCCTCGCT
   121      1   -17.3817606253   0.000000028262       0.0000  CTCCTCTTTCTCC
   122      1   -23.2952585803   0.000000000076       0.0000  CTCTTCTTCGTTA
   123      1   -10.4520350137   0.000028889423       0.0215  CTCTTTCTCTTCC
   124      1   -12.3661117941   0.000004260552       0.0032  CTCTTTTCCTTTT
   125      1    -9.0228894007   0.000120617111       0.0897  CTCTTTTTTTTTT
   126      1   -17.9135895377   0.000000016605       0.0000  CTTCCCTCCCTCA
   127      1   -11.3327608890   0.000011974144       0.0089  CTTCTCTCTCTCC
   128      1   -25.2319413394   0.000000000011       0.0000  CTTCTGTGTCTGC
   129      1   -13.7379822010   0.000001080613       0.0008  CTTTCCTTTTCTC
   130      1   -12.0572211650   0.000005802503       0.0043  CTTTTTTTTCTCT
   131      1    -8.3433809010   0.000237966440       0.1770  CTTTTTTTTTTCT
   132      2    -5.6933260505   0.003368370945       2.5061  GAAAAAAAAAAAA
   133      1   -15.5765514994   0.000000171866       0.0001  GAAGGAAGGGAAA
   134      1   -15.4335132479   0.000000198294       0.0001  GAAGGGGGGGATG
   135      1    -7.9181148164   0.000364088053       0.2709  GAGAGAAAGAGGG
   136      1    -4.8920663164   0.007505896882       5.5844  GAGAGAGAGAGGG
   137      1    -5.4932586253   0.004114414969       3.0611  GAGGGGGGGGGGG
   138      1   -14.8150901557   0.000000368034       0.0003  GCAGAGAGAGAGA
   139      1   -28.8887753215   0.000000000000       0.0000  GCATACGGACCGT
   140      1    -7.9704944165   0.000345508119       0.2571  GCGGGGGGGGGGG
   141      1   -14.1054194094   0.000000748332       0.0006  GGAAGGGGAGAAG
   142      1    -8.3218675092   0.000243141371       0.1809  GGAGAGAGAGAAA
   143      1    -8.7442287737   0.000159378485       0.1186  GGAGAGAGAGGAG
   144      1   -10.1047923232   0.000040883160       0.0304  GGAGGGGGGGAGA
   145      1    -8.1917811944   0.000276920196       0.2060  GGAGGGGGGGGAG
   146      1   -13.1179059851   0.000002008935       0.0015  GGGAGAAAGAAGA
   147      1   -13.8416814198   0.000000974169       0.0007  GGGAGAAAGAGTG
   148      1   -20.3814613551   0.000000001407       0.0000  GGGGAGAGAGTCA
   149      1   -12.7038193785   0.000003039494       0.0023  GGGGAGGGGGAGC
   150      1    -6.0160758928   0.002439222610       1.8148  GGGGAGGGGGGGG
   151      1    -8.6854231727   0.000169031888       0.1258  GGGGGAGGGGGAG
   152      1    -7.6436263824   0.000479087942       0.3564  GGGGGGGGGGCGG
   153      1    -7.0421064772   0.000874282964       0.6505  GGGGGGGGGGGAA
   154      2    -4.7773392672   0.008418368223       6.2633  GGGGGGGGGGGGA
   155      1    -7.1713268156   0.000768302659       0.5716  GGGGGGGGGGGGC
   156    107    -2.8398877376   0.058432225337      43.4736  GGGGGGGGGGGGG
   157      1    -6.9799349018   0.000930363766       0.6922  GGGGGGGGGGGGT
   158      1   -11.7460066222   0.000007920893       0.0059  GGGTGAGAGAGGG
   159      1   -14.7976952024   0.000000374492       0.0003  GGGTGGAGGTGAG
   160      1    -8.1409891363   0.000291348872       0.2168  GGTGGGGGGGGGG
   161      1   -32.1323571332   0.000000000000       0.0000  GTCAACGGCAAAC
   162      1   -12.5616122572   0.000003503976       0.0026  TAAAAAAAAATTT
   163      1    -9.8923119378   0.000050561915       0.0376  TACATATATATTT
   164      1   -23.7695116052   0.000000000048       0.0000  TATACACGCGCAT
   165      1    -9.2223651198   0.000098804726       0.0735  TATATATATATAA
   166      1    -6.6053782778   0.001353071240       1.0067  TATATATATATTT
   167      1   -13.7495591874   0.000001068175       0.0008  TATATGTATAGAA
   168      1   -17.6714777763   0.000000021153       0.0000  TATCTGTCTCTCC
   169      1   -15.0719414608   0.000000284668       0.0002  TATGTGTGTATTC
   170      1    -9.4042759827   0.000082371094       0.0613  TATTTTTTTTTTC
   171      1   -13.9127501276   0.000000907339       0.0007  TCACTTTTTTTTT
   172      1    -9.9911875694   0.000045801782       0.0341  TCCCCCCCCCCTT
   173      1   -12.2014528816   0.000005023152       0.0037  TCCCCCCCCTTTT
   174      2    -8.6517750357   0.000174816267       0.1301  TCCCTCCCCCTTT
   175      1    -8.4888587219   0.000205747942       0.1531  TCCCTCTCCCTTT
   176      1   -10.2002797507   0.000037159922       0.0276  TCCCTCTCTCTTC
   177      1   -15.5644132268   0.000000173965       0.0001  TCCTCCCCCCTCA
   178      2   -13.3967937500   0.000001520010       0.0011  TCCTCCCCCCTTC
   179      1   -13.4656888488   0.000001418815       0.0011  TCCTTCTCTCTTC
   180      1   -15.9977393321   0.000000112790       0.0001  TCCTTCTTTCTTC
   181      1   -11.0656905566   0.000015639816       0.0116  TCCTTTTTTTTCT
   182      1   -18.8565305516   0.000000006467       0.0000  TCTATCATTATTT
   183      1   -19.1892798639   0.000000004637       0.0000  TCTATCTTTGCCT
   184      1   -16.0123572795   0.000000111153       0.0001  TCTCCCCTCCTTC
   185      1   -10.3402202259   0.000032307207       0.0240  TCTCCCTCTCTTC
   186      1   -10.5942948040   0.000025058567       0.0186  TCTCTCCCTCCCT
   187      1   -10.8593292250   0.000019224420       0.0143  TCTCTCCTTCTTT
   188      1    -8.9920792179   0.000124391188       0.0925  TCTCTCTCCCTTT
   189      1    -9.8472361839   0.000052893178       0.0394  TCTCTCTCTCACC
   190      1    -7.3348179305   0.000652422676       0.4854  TCTCTCTCTCCTT
   191      2    -6.9133614050   0.000994409559       0.7398  TCTCTCTCTCTTC
   192      3    -4.7659152897   0.008515090900       6.3352  TCTCTCTCTCTTT
   193      1   -18.1155074059   0.000000013569       0.0000  TCTCTCTGTCTAA
   194      1    -9.6488756081   0.000064498047       0.0480  TCTCTCTTTCTCC
   195      1    -9.7124429024   0.000060525675       0.0450  TCTCTCTTTCTTC
   196      1    -7.5647994469   0.000518381320       0.3857  TCTCTCTTTCTTT
   197      1   -11.5044646078   0.000010084968       0.0075  TCTCTCTTTTCCC
   198      1   -13.5499764374   0.000001304127       0.0010  TCTCTTCCTCTTC
   199      1   -18.4391700768   0.000000009817       0.0000  TCTCTTTATCCAC
   200      1    -8.0897250925   0.000306674053       0.2282  TCTCTTTCTCTTT
   201      1   -15.1382261139   0.000000266411       0.0002  TCTGTCTTTCTCT
   202      1   -15.9476545594   0.000000118583       0.0001  TCTTCCCCCTTTT
   203      1   -21.5151906732   0.000000000453       0.0000  TCTTCCCGTCTTC
   204      1   -18.6121470081   0.000000008257       0.0000  TCTTCCTCCTTTC
   205      1   -13.6761315611   0.000001149560       0.0009  TCTTCCTCTCCCT
   206      1   -12.4012941457   0.000004113262       0.0031  TCTTCCTCTTTTT
   207      1   -13.1317184733   0.000001981377       0.0015  TCTTCTTTTTCTC
   208      1   -11.3461613792   0.000011814755       0.0088  TCTTTCTTTCCCC
   209      1    -9.4585151170   0.000078022359       0.0580  TCTTTCTTTTCCC
   210      1   -11.2839529713   0.000012573075       0.0094  TCTTTCTTTTCCT
   211      1   -10.3993396378   0.000030452586       0.0227  TCTTTCTTTTTTC
   212      1   -10.4291048165   0.000029559517       0.0220  TCTTTTTCTTTTC
   213      1   -13.1744393375   0.000001898514       0.0014  TCTTTTTTTTCAC
   214      1    -9.9714142792   0.000046716447       0.0348  TCTTTTTTTTCCT
   215      2    -7.7787585104   0.000418531455       0.3114  TCTTTTTTTTTCT
   216      2    -7.4389414520   0.000587907196       0.4374  TCTTTTTTTTTTC
   217      1    -5.2108663628   0.005456943946       4.0600  TCTTTTTTTTTTT
   218      1   -21.9870694138   0.000000000283       0.0000  TGATTCTCCTTTT
   219      1   -17.5487233862   0.000000023916       0.0000  TGTGCGTGTGACC
   220      1   -15.6465580211   0.000000160246       0.0001  TGTTCTTTTTCCC
   221      1   -17.3006977935   0.000000030648       0.0000  TTATTTTTATTGG
   222      1   -12.1784464939   0.000005140056       0.0038  TTCCCTTTCTTTT
   223      1   -25.2923508720   0.000000000010       0.0000  TTCCGTTTCCAAT
   224      1   -19.8914635652   0.000000002297       0.0000  TTCCTCCCCCAAC
   225      1    -8.7898448616   0.000152271589       0.1133  TTCTTTCTCTTCT
   226      1    -6.1754128827   0.002079946966       1.5475  TTCTTTCTCTTTT
   227      1   -11.1562896381   0.000014285155       0.0106  TTCTTTTTCTCCT
   228      1   -12.3319707689   0.000004408523       0.0033  TTCTTTTTTTTAC
   229      1    -5.5759051994   0.003788045094       2.8183  TTCTTTTTTTTTT
   230      1   -11.8131914271   0.000007406212       0.0055  TTGTCTTTGTTTT
   231      1   -15.0332659837   0.000000295894       0.0002  TTTCTCTATCTTA
   232      1    -6.0137340516   0.002444941576       1.8190  TTTCTCTCTCTTT
   233      1   -12.5992508482   0.000003374542       0.0025  TTTCTCTTTCCCT
   234      1   -12.4447508037   0.000003938342       0.0029  TTTCTTCCTCTCT
   235      1   -11.6768842855   0.000008487770       0.0063  TTTTCTTTTCTTC
   236      1    -7.9630154074   0.000348101864       0.2590  TTTTCTTTTTTTC
   237      1    -5.7319267018   0.003240827107       2.4112  TTTTCTTTTTTTT
   238      1    -9.2510108132   0.000096014550       0.0714  TTTTTCTCTCTTT
   239      1   -10.7307007184   0.000021863309       0.0163  TTTTTTCTTTCCT
   240      1   -10.4402948150   0.000029230589       0.0217  TTTTTTTCTTCCT
   241      1    -5.2915006782   0.005034199874       3.7454  TTTTTTTCTTTTT
   242      1    -7.5972548617   0.000501827129       0.3734  TTTTTTTGTTTTT
   243      1   -14.1743994498   0.000000698452       0.0005  TTTTTTTTTTAGG
   244      1    -6.8527747382   0.001056520055       0.7861  TTTTTTTTTTATT
   245      4    -7.5099792482   0.000547592452       0.4074  TTTTTTTTTTCCC
   246      1    -7.4382607420   0.000588307527       0.4377  TTTTTTTTTTCCT
   247      1    -4.9371644784   0.007174914180       5.3381  TTTTTTTTTTCTT
   248      1    -7.0148686499   0.000898423812       0.6684  TTTTTTTTTTTCC
   249      1    -4.9042559689   0.007414957990       5.5167  TTTTTTTTTTTCT
   250      2    -6.3920314203   0.001674850418       1.2461  TTTTTTTTTTTTA
   251      2    -4.5203805396   0.010884880752       8.0984  TTTTTTTTTTTTC
   252      1    -6.7618246149   0.001157115956       0.8609  TTTTTTTTTTTTG
   253    112    -2.2889715203   0.101370665935      75.4198  TTTTTTTTTTTTT