     2    399     76


 1

     1    108    -1.6864561427   0.185174594908      73.8847  AAAAAAAAAAAAA
     2      1    -6.9453810018   0.000963073330       0.3843  AAAAAAAAAAAAC
     3      2    -4.2853169366   0.013769256849       5.4939  AAAAAAAAAAAAG
     4      1    -6.7348402524   0.001188765087       0.4743  AAAAAAAAAAAAT
     5      1    -7.0095468977   0.000903217746       0.3604  AAAAAAAAAAGAG
     6      1    -9.3139892632   0.000090154178       0.0360  AAAAAAAAAAGGG
     7      1    -7.4351224166   0.000590156727       0.2355  AAAAACAAAAAAA
     8      1   -19.9417270529   0.000000002185       0.0000  AAAAAGAAAATTC
     9      1   -22.6888791583   0.000000000140       0.0000  AAAAGAAAGGGGG
    10      1    -7.9332466791   0.000358620196       0.1431  AAAATAAAAAAAA
    11      1   -24.6330523792   0.000000000020       0.0000  AAGGAAGGAAGGG
    12      1   -20.0499654540   0.000000001961       0.0000  AAGGGGGGGGTTG
    13      1    -6.7829084301   0.001132974923       0.4521  CCCCCCCCCCCAC
    14     53    -2.1273570361   0.119151791945      47.5416  CCCCCCCCCCCCC
    15      3    -4.6689064942   0.009382523763       3.7436  CCCCCCCCCCCCT
    16      3    -4.4906388561   0.011213477723       4.4742  CCCCCCCCCCCTC
    17      1    -7.1624081834   0.000775185515       0.3093  CCCCCCCCCCTTC
    18      2    -9.6228167848   0.000066200881       0.0264  CCCCCCCCCCTTT
    19      1   -11.8100946619   0.000007429183       0.0030  CCCCCCCCCTTTC
    20      1    -5.8000504128   0.003027402122       1.2079  CCCCCCCTCCCCC
    21      2    -5.1352058021   0.005885840062       2.3485  CCCCCTCCCCCCC
    22      1    -7.6767552552   0.000463476324       0.1849  CCCCCTCCCCCCT
    23      1   -17.1756695954   0.000000034730       0.0000  CCCCCTCCCTTTT
    24      1   -10.8588166448   0.000019234276       0.0077  CCCCTCCCCCTTC
    25      1    -8.8316159843   0.000146042047       0.0583  CCCCTTCCCCCCC
    26      1   -11.1948974665   0.000013744147       0.0055  CCCCTTCCCCCTC
    27      1   -13.7361243907   0.000001082622       0.0004  CCCCTTCCCCCTT
    28      1    -8.1963337458   0.000275662368       0.1100  CCCTCCCCCCCTC
    29      1    -8.5052317297   0.000202406657       0.0808  CCCTCCCCCCTCC
    30      1    -6.2899995192   0.001854760839       0.7400  CCTCCCCCCCCCC
    31      1    -9.9956944701   0.000045595822       0.0182  CCTTCCCCCCCCC
    32      1   -19.8299476382   0.000000002443       0.0000  CCTTCCTTCCCTC
    33      2   -13.4202810926   0.000001484725       0.0006  CCTTTTTTTTTTC
    34      1    -9.8414508870   0.000053200068       0.0212  CTCTCCCTCTCCC
    35      1    -7.4157026999   0.000601729409       0.2401  CTCTCTCTCTTTT
    36      1   -10.1696627076   0.000038315245       0.0153  GGAAAAAAAAAAA
    37      1   -23.2542379160   0.000000000080       0.0000  GGAAGGGGAATTG
    38      1    -8.3600297222   0.000234037378       0.0934  GGGAGAGGGGGGG
    39      1    -9.0245086730   0.000120421957       0.0480  GGGAGGGAGGGGG
    40      1   -10.1903547788   0.000037530569       0.0150  GGGAGGGGGGAAG
    41      1    -7.7151348383   0.000446025319       0.1780  GGGAGGGGGGGAG
    42      1    -8.3512665116   0.000236097309       0.0942  GGGGAAGGGGGGG
    43      1    -7.7060673617   0.000450088035       0.1796  GGGGAGGGGGGAG
    44      1    -5.5395707018   0.003928212851       1.5674  GGGGAGGGGGGGG
    45      2    -4.8504709937   0.007824691301       3.1221  GGGGGAGGGGGGG
    46      1    -9.1196931447   0.000109488269       0.0437  GGGGGGAAGGGGG
    47      2    -8.9589660583   0.000128579128       0.0513  GGGGGGGGGGAAA
    48      2    -6.6804920679   0.001255160197       0.5008  GGGGGGGGGGAAG
    49      2    -4.5144734150   0.010949369383       4.3688  GGGGGGGGGGAGG
    50      1   -12.4636140245   0.000003864748       0.0015  GGGGGGGGGGCCG
    51      4    -4.3837188431   0.012478865282       4.9791  GGGGGGGGGGGGA
    52     73    -2.0387751839   0.130188069707      51.9450  GGGGGGGGGGGGG
    53      2    -7.0673501227   0.000852489110       0.3401  GGGGGGGGGGGGT
    54      1    -9.3045033172   0.000091013445       0.0363  TCTCTCTCTCTTC
    55      1   -11.1104700215   0.000014954923       0.0060  TCTCTTTCTCTCT
    56      1   -11.8163005789   0.000007383221       0.0029  TCTTTCTCTTTTT
    57      1    -9.3461887245   0.000087297501       0.0348  TCTTTCTTTTTTT
    58      1    -9.0158311890   0.000121471464       0.0485  TCTTTTTTTTCTT
    59      1   -17.9941197966   0.000000015320       0.0000  TTCCCCTTCCCCC
    60      1   -25.0821617328   0.000000000013       0.0000  TTCCTTAATTTTC
    61      1   -17.0541469518   0.000000039217       0.0000  TTCTTCTTTCTTC
    62      1   -17.5556974561   0.000000023750       0.0000  TTTTATTTTTAAT
    63      1   -11.7345946811   0.000008011803       0.0032  TTTTCCTTTTTTC
    64      1   -13.3088998252   0.000001659657       0.0007  TTTTCTTTTTCAT
    65      1   -12.9504865024   0.000002375063       0.0009  TTTTTCCCTTTTT
    66      1   -11.8363967770   0.000007236327       0.0029  TTTTTCTCTCTTT
    67      1   -10.5425260305   0.000026389984       0.0105  TTTTTCTTTTCCT
    68      1    -7.8229442118   0.000400440963       0.1598  TTTTTCTTTTTTC
    69      3    -9.7305302601   0.000059440767       0.0237  TTTTTTCCTTTTT
    70      2   -11.5008862640   0.000010121120       0.0040  TTTTTTTTTTAAT
    71      1    -9.9410885695   0.000048154856       0.0192  TTTTTTTTTTCCC
    72      1    -4.7240452400   0.008879187357       3.5428  TTTTTTTTTTCTT
    73      1   -11.9691071921   0.000006336987       0.0025  TTTTTTTTTTGGT
    74      5    -4.4197929604   0.012036724105       4.8027  TTTTTTTTTTTCT
    75      2    -4.5952215260   0.010099983125       4.0299  TTTTTTTTTTTTC
    76     69    -1.8282960191   0.160687142449      64.1142  TTTTTTTTTTTTT

 2

     1    108    -1.6864785452   0.185170446572      73.8830  AAAAAAAAAAAAA
     2      1    -6.9453804162   0.000963073894       0.3843  AAAAAAAAAAAAC
     3      2    -4.2853485112   0.013768822096       5.4938  AAAAAAAAAAAAG
     4      1    -6.7348396668   0.001188765783       0.4743  AAAAAAAAAAAAT
     5      1    -7.0096114599   0.000903159434       0.3604  AAAAAAAAAAGAG
     6      1    -9.3139560539   0.000090157172       0.0360  AAAAAAAAAAGGG
     7      1    -7.4350451947   0.000590202302       0.2355  AAAAACAAAAAAA
     8      1   -19.9415391571   0.000000002185       0.0000  AAAAAGAAAATTC
     9      1   -22.6889401933   0.000000000140       0.0000  AAAAGAAAGGGGG
    10      1    -7.9331169048   0.000358666739       0.1431  AAAATAAAAAAAA
    11      1   -24.6323801992   0.000000000020       0.0000  AAGGAAGGAAGGG
    12      1   -20.0499775358   0.000000001961       0.0000  AAGGGGGGGGTTG
    13      1    -6.7828538673   0.001133036743       0.4521  CCCCCCCCCCCAC
    14     53    -2.1273814071   0.119148888134      47.5404  CCCCCCCCCCCCC
    15      3    -4.6689402007   0.009382207517       3.7435  CCCCCCCCCCCCT
    16      3    -4.4906210489   0.011213677405       4.4743  CCCCCCCCCCCTC
    17      1    -7.1624218344   0.000775174933       0.3093  CCCCCCCCCCTTC
    18      2    -9.6228028759   0.000066201802       0.0264  CCCCCCCCCCTTT
    19      1   -11.8098952702   0.000007430664       0.0030  CCCCCCCCCTTTC
    20      1    -5.7996687653   0.003028557743       1.2084  CCCCCCCTCCCCC
    21      2    -5.1351660392   0.005886074105       2.3485  CCCCCTCCCCCCC
    22      1    -7.6767248277   0.000463490427       0.1849  CCCCCTCCCCCCT
    23      1   -17.1752891414   0.000000034743       0.0000  CCCCCTCCCTTTT
    24      1   -10.8587134646   0.000019236261       0.0077  CCCCTCCCCCTTC
    25      1    -8.8314593902   0.000146064918       0.0583  CCCCTTCCCCCCC
    26      1   -11.1946986950   0.000013746880       0.0055  CCCCTTCCCCCTC
    27      1   -13.7359348167   0.000001082828       0.0004  CCCCTTCCCCCTT
    28      1    -8.1961744810   0.000275706275       0.1100  CCCTCCCCCCCTC
    29      1    -8.5051462988   0.000202423950       0.0808  CCCTCCCCCCTCC
    30      1    -6.2899423942   0.001854866795       0.7401  CCTCCCCCCCCCC
    31      1    -9.9954958875   0.000045604877       0.0182  CCTTCCCCCCCCC
    32      1   -19.8293523078   0.000000002445       0.0000  CCTTCCTTCCCTC
    33      2   -13.4203738149   0.000001484587       0.0006  CCTTTTTTTTTTC
    34      1    -9.8414909205   0.000053197938       0.0212  CTCTCCCTCTCCC
    35      1    -7.4151677075   0.000602051416       0.2402  CTCTCTCTCTTTT
    36      1   -10.1697480501   0.000038311975       0.0153  GGAAAAAAAAAAA
    37      1   -23.2543302088   0.000000000080       0.0000  GGAAGGGGAATTG
    38      1    -8.3598513538   0.000234079126       0.0934  GGGAGAGGGGGGG
    39      1    -9.0239889014   0.000120484565       0.0481  GGGAGGGAGGGGG
    40      1   -10.1902299669   0.000037535254       0.0150  GGGAGGGGGGAAG
    41      1    -7.7149785627   0.000446095027       0.1780  GGGAGGGGGGGAG
    42      1    -8.3511126931   0.000236133628       0.0942  GGGGAAGGGGGGG
    43      1    -7.7059355914   0.000450147347       0.1796  GGGGAGGGGGGAG
    44      1    -5.5394810730   0.003928564948       1.5675  GGGGAGGGGGGGG
    45      2    -4.8504340766   0.007824980171       3.1222  GGGGGAGGGGGGG
    46      1    -9.1193648200   0.000109524223       0.0437  GGGGGGAAGGGGG
    47      2    -8.9589619191   0.000128579661       0.0513  GGGGGGGGGGAAA
    48      2    -6.6805086630   0.001255139367       0.5008  GGGGGGGGGGAAG
    49      2    -4.5145323817   0.010948723754       4.3685  GGGGGGGGGGAGG
    50      1   -12.4635628610   0.000003864946       0.0015  GGGGGGGGGGCCG
    51      4    -4.3837554675   0.012478408259       4.9789  GGGGGGGGGGGGA
    52     73    -2.0388024564   0.130184519198      51.9436  GGGGGGGGGGGGG
    53      2    -7.0673545903   0.000852485302       0.3401  GGGGGGGGGGGGT
    54      1    -9.3045965597   0.000091004959       0.0363  TCTCTCTCTCTTC
    55      1   -11.1118229227   0.000014934704       0.0060  TCTCTTTCTCTCT
    56      1   -11.8167175176   0.000007380143       0.0029  TCTTTCTCTTTTT
    57      1    -9.3460065492   0.000087313406       0.0348  TCTTTCTTTTTTT
    58      1    -9.0157429374   0.000121482184       0.0485  TCTTTTTTTTCTT
    59      1   -17.9938546542   0.000000015324       0.0000  TTCCCCTTCCCCC
    60      1   -25.0815418915   0.000000000013       0.0000  TTCCTTAATTTTC
    61      1   -17.0538207751   0.000000039230       0.0000  TTCTTCTTTCTTC
    62      1   -17.5554883101   0.000000023755       0.0000  TTTTATTTTTAAT
    63      1   -11.7344447835   0.000008013004       0.0032  TTTTCCTTTTTTC
    64      1   -13.3087573043   0.000001659893       0.0007  TTTTCTTTTTCAT
    65      1   -12.9501006458   0.000002375980       0.0009  TTTTTCCCTTTTT
    66      1   -11.8364381111   0.000007236028       0.0029  TTTTTCTCTCTTT
    67      1   -10.5424727481   0.000026391390       0.0105  TTTTTCTTTTCCT
    68      1    -7.8229105975   0.000400454423       0.1598  TTTTTCTTTTTTC
    69      3    -9.7301973442   0.000059460559       0.0237  TTTTTTCCTTTTT
    70      2   -11.5008289872   0.000010121699       0.0040  TTTTTTTTTTAAT
    71      1    -9.9410452274   0.000048156943       0.0192  TTTTTTTTTTCCC
    72      1    -4.7240972113   0.008878725907       3.5426  TTTTTTTTTTCTT
    73      1   -11.9690499113   0.000006337350       0.0025  TTTTTTTTTTGGT
    74      5    -4.4197723205   0.012036972545       4.8028  TTTTTTTTTTTCT
    75      2    -4.5952514489   0.010099680908       4.0298  TTTTTTTTTTTTC
    76     69    -1.8283167415   0.160683812654      64.1128  TTTTTTTTTTTTT