

TREE #  1

  0  0.0000   2397.496057  x:  0.05756   0.00000   0.01647   0.00681   0.01180   0.01431   0.01574   0.00873   0.03228   0.03792   0.03075   0.07321   0.00022   0.03403   0.00000   0.01533   0.02481   0.03617   0.01982   0.04563   0.04025   0.03216   0.08139   0.02036   2.41464  
  1 99.0000   2397.494231  x:  0.05756   0.00000   0.01647   0.00681   0.01180   0.01431   0.01574   0.00873   0.03228   0.03792   0.03075   0.07321   0.00022   0.03403   0.00001   0.01533   0.02481   0.03617   0.01982   0.04563   0.04025   0.03216   0.08139   0.02036   2.41464  
  2 847.0051   2397.492121  x:  0.05756   0.00000   0.01647   0.00680   0.01180   0.01431   0.01574   0.00873   0.03228   0.03792   0.03074   0.07321   0.00022   0.03403   0.00000   0.01533   0.02481   0.03617   0.01982   0.04563   0.04025   0.03216   0.08138   0.02036   2.41464  
  3 2366.3145   2397.492121  x:  0.05756   0.00000   0.01647   0.00680   0.01180   0.01431   0.01574   0.00873   0.03228   0.03792   0.03074   0.07321   0.00022   0.03403   0.00000   0.01533   0.02481   0.03617   0.01982   0.04563   0.04025   0.03216   0.08138   0.02036   2.41464  
  4 336.4641   2389.713220  x:  0.05690   0.00000   0.01776   0.00000   0.00767   0.01150   0.01291   0.00223   0.03228   0.03486   0.02691   0.07156   0.00021   0.03486   0.00257   0.01252   0.02101   0.03419   0.01546   0.04310   0.04033   0.02900   0.07938   0.01970   2.41528  
  5 786.4603   2386.664830  x:  0.05616   0.00000   0.01900   0.00000   0.00586   0.01124   0.01114   0.00358   0.03184   0.03239   0.02315   0.06984   0.00022   0.03575   0.00000   0.01020   0.01742   0.03234   0.01173   0.04063   0.04042   0.02566   0.07717   0.01896   2.41601  
  6 812.1266   2385.316901  x:  0.05517   0.00000   0.02049   0.00000   0.01091   0.01314   0.01223   0.00269   0.03121   0.02975   0.01962   0.06678   0.00027   0.03753   0.00033   0.01019   0.01482   0.03039   0.01068   0.03715   0.04108   0.02199   0.07346   0.01797   2.41740  
  7 399.4370   2384.967483  x:  0.05473   0.00000   0.02118   0.00000   0.01108   0.01345   0.01254   0.00384   0.03091   0.02887   0.01865   0.06530   0.00026   0.03841   0.00210   0.01057   0.01464   0.02982   0.01120   0.03582   0.04143   0.02088   0.07161   0.01753   2.41815  
  8 374.2390   2384.381803  x:  0.05364   0.00000   0.02268   0.00000   0.00954   0.01416   0.01311   0.00329   0.02998   0.02809   0.01777   0.06179   0.00027   0.04054   0.00130   0.01186   0.01606   0.02933   0.01404   0.03367   0.04220   0.01922   0.06684   0.01644   2.42031  
  9 274.2375   2383.987777  x:  0.05279   0.00000   0.02384   0.00000   0.01002   0.01363   0.01260   0.00335   0.02954   0.02934   0.01979   0.05774   0.00044   0.04288   0.00120   0.01053   0.01694   0.02960   0.01305   0.03337   0.04292   0.02053   0.06100   0.01559   2.42391  
 10 141.3144   2383.933399  x:  0.05289   0.00000   0.02383   0.00000   0.00993   0.01360   0.01278   0.00335   0.02979   0.02952   0.01962   0.05727   0.00000   0.04298   0.00118   0.01095   0.01653   0.02978   0.01290   0.03388   0.04291   0.02074   0.06025   0.01570   2.42517  
 11 73.0007   2383.854656  x:  0.05317   0.00000   0.02377   0.00000   0.00973   0.01358   0.01310   0.00334   0.03033   0.02981   0.01920   0.05649   0.00056   0.04313   0.00116   0.01176   0.01574   0.03012   0.01269   0.03493   0.04284   0.02109   0.05901   0.01597   2.42785  
 12 288.4888   2383.513779  x:  0.05449   0.00000   0.02374   0.00000   0.01023   0.01450   0.01168   0.00335   0.03156   0.02925   0.01776   0.05552   0.00062   0.04172   0.00147   0.00992   0.01663   0.03116   0.01389   0.03742   0.04147   0.02021   0.05696   0.01729   2.44648  
 13 85.6593   2381.528391  x:  0.05657   0.00000   0.02512   0.00000   0.01001   0.01152   0.01732   0.00360   0.03036   0.02604   0.02073   0.05542   0.00092   0.03640   0.00111   0.00857   0.01854   0.02920   0.01281   0.04016   0.03737   0.01663   0.05371   0.01938   2.56753  
 14 413.7144   2371.505895  x:  0.05726   0.00000   0.02700   0.00000   0.00912   0.01870   0.00935   0.00285   0.02353   0.02233   0.02532   0.05873   0.00119   0.02791   0.00147   0.01590   0.01650   0.02012   0.01137   0.03700   0.03242   0.02448   0.05106   0.02009   3.18495  
 15 2824.5104   2352.422653  x:  0.05214   0.00000   0.02262   0.00000   0.00959   0.01206   0.01358   0.00335   0.02926   0.03237   0.01580   0.06461   0.00000   0.03845   0.00033   0.01057   0.01306   0.03524   0.01497   0.02380   0.03887   0.02950   0.05983   0.01500   4.32724  
 16 9494.1423   2352.422653  x:  0.05214   0.00000   0.02262   0.00000   0.00959   0.01206   0.01358   0.00335   0.02926   0.03237   0.01580   0.06461   0.00000   0.03845   0.00033   0.01057   0.01306   0.03524   0.01497   0.02380   0.03887   0.02950   0.05983   0.01500   4.32724  
 17 4115.2180   2349.788710  x:  0.05303   0.00000   0.02325   0.00000   0.00693   0.01314   0.01114   0.00385   0.03012   0.03034   0.01961   0.06296   0.00134   0.03992   0.00060   0.01189   0.01679   0.03256   0.01046   0.03225   0.04044   0.02443   0.06060   0.01588   4.32755  
 18 396.4400   2349.477498  x:  0.05318   0.00000   0.02330   0.00000   0.00733   0.01312   0.01127   0.00339   0.03028   0.02999   0.01984   0.06250   0.00000   0.04017   0.00018   0.01172   0.01681   0.03202   0.01038   0.03331   0.04076   0.02338   0.06074   0.01604   4.32766  
 19 270.2772   2349.251918  x:  0.05356   0.00000   0.02338   0.00000   0.00846   0.01257   0.01214   0.00365   0.03064   0.02928   0.01973   0.06123   0.00001   0.04102   0.00121   0.01087   0.01602   0.03088   0.01147   0.03460   0.04151   0.02150   0.06124   0.01642   4.32799  
 20 173.1825   2349.185604  x:  0.05367   0.00000   0.02343   0.00000   0.00846   0.01253   0.01226   0.00360   0.03071   0.02908   0.01942   0.06065   0.00043   0.04144   0.00062   0.01047   0.01558   0.03043   0.01192   0.03487   0.04181   0.02085   0.06146   0.01653   4.32818  
 21 149.5131   2349.148270  x:  0.05373   0.00000   0.02354   0.00000   0.00773   0.01260   0.01193   0.00365   0.03072   0.02897   0.01897   0.05988   0.00020   0.04198   0.00075   0.01020   0.01528   0.03000   0.01222   0.03477   0.04216   0.02067   0.06169   0.01659   4.32851  
 22 67.4761   2349.129151  x:  0.05372   0.00000   0.02369   0.00000   0.00797   0.01282   0.01173   0.00343   0.03065   0.02907   0.01883   0.05899   0.00024   0.04263   0.00080   0.01033   0.01542   0.02969   0.01207   0.03447   0.04249   0.02087   0.06192   0.01658   4.32905  
 23 36.8059   2349.121159  x:  0.05370   0.00000   0.02377   0.00000   0.00808   0.01286   0.01176   0.00368   0.03061   0.02913   0.01883   0.05855   0.00017   0.04293   0.00070   0.01040   0.01552   0.02961   0.01198   0.03433   0.04262   0.02096   0.06201   0.01656   4.32939  
 24 66.0500   2349.113039  x:  0.05363   0.00000   0.02392   0.00000   0.00790   0.01259   0.01209   0.00362   0.03056   0.02918   0.01908   0.05802   0.00016   0.04322   0.00063   0.01044   0.01563   0.02978   0.01193   0.03421   0.04267   0.02105   0.06205   0.01649   4.33013  
 25 26.8676   2349.100900  x:  0.05353   0.00000   0.02407   0.00000   0.00799   0.01248   0.01172   0.00363   0.03068   0.02910   0.01948   0.05742   0.00015   0.04335   0.00059   0.01033   0.01548   0.03035   0.01208   0.03423   0.04249   0.02106   0.06193   0.01639   4.33217  
 26 22.6078   2349.044764  x:  0.05343   0.00000   0.02419   0.00000   0.00794   0.01333   0.01221   0.00361   0.03129   0.02858   0.01888   0.05613   0.00019   0.04310   0.00071   0.01062   0.01517   0.03123   0.01180   0.03460   0.04162   0.02107   0.06116   0.01629   4.34383  
 27 50.6317   2348.803644  x:  0.05346   0.00000   0.02444   0.00000   0.00828   0.01146   0.01157   0.00365   0.03145   0.02841   0.01704   0.05427   0.00036   0.04205   0.00066   0.01085   0.01608   0.03072   0.01143   0.03505   0.04004   0.02107   0.05878   0.01632   4.39421  
 28 254.0538   2347.570209  x:  0.05399   0.00000   0.02590   0.00000   0.00786   0.01332   0.01207   0.00359   0.02952   0.02958   0.02013   0.05156   0.00068   0.03932   0.00068   0.00945   0.01679   0.02557   0.01355   0.03460   0.03824   0.02198   0.05134   0.01688   4.65833  
 29 1274.9542   2342.871054  x:  0.05425   0.00000   0.02549   0.00000   0.00792   0.01174   0.01154   0.00365   0.02830   0.03138   0.02047   0.05674   0.00039   0.04372   0.00085   0.01380   0.00941   0.02856   0.00944   0.03383   0.04676   0.01941   0.04889   0.01724   5.66801  
 30 3667.0729   2339.975364  x:  0.05402   0.00000   0.02489   0.00000   0.00789   0.01269   0.01172   0.00361   0.02940   0.03085   0.01906   0.05958   0.00000   0.04599   0.00070   0.01261   0.01372   0.03182   0.01177   0.03384   0.04947   0.01867   0.05183   0.01706   6.12801  
 31 16386.9926   2338.877404  x:  0.05352   0.00000   0.02463   0.00000   0.00815   0.01225   0.01210   0.00363   0.03073   0.02935   0.01934   0.06030   0.00000   0.04568   0.00051   0.00839   0.01346   0.03073   0.00928   0.03447   0.04665   0.02138   0.05852   0.01658   6.35554  
 32 4706.1040   2338.301196  x:  0.05328   0.00000   0.02427   0.00000   0.00804   0.01166   0.01191   0.00362   0.03145   0.02826   0.02024   0.06012   0.00000   0.04454   0.00000   0.01127   0.01272   0.02879   0.01087   0.03521   0.04290   0.02302   0.06508   0.01636   6.48990  
 33 3061.0354   2338.238552  x:  0.05377   0.00000   0.02379   0.00000   0.00795   0.01188   0.01184   0.00363   0.03075   0.02908   0.02035   0.05952   0.00000   0.04353   0.00000   0.01135   0.01283   0.02902   0.01052   0.03437   0.04215   0.02167   0.06638   0.01685   6.50282  
 34 214.6658   2338.234888  x:  0.05399   0.00000   0.02362   0.00000   0.00794   0.01185   0.01186   0.00363   0.03066   0.02911   0.02034   0.05930   0.00000   0.04311   0.00000   0.01135   0.01281   0.02914   0.01055   0.03451   0.04247   0.02190   0.06653   0.01707   6.50369  
 35 15.0255   2338.234549  x:  0.05396   0.00000   0.02366   0.00000   0.00794   0.01185   0.01185   0.00363   0.03075   0.02905   0.02037   0.05928   0.00000   0.04300   0.00000   0.01137   0.01283   0.02911   0.01053   0.03443   0.04256   0.02187   0.06655   0.01704   6.50382  
 36  2.1857   2338.225361  x:  0.05332   0.00000   0.02349   0.00000   0.00795   0.01191   0.01186   0.00362   0.03042   0.02921   0.02026   0.05915   0.00000   0.04274   0.00000   0.01132   0.01281   0.02910   0.01058   0.03466   0.04276   0.02179   0.06661   0.01641   6.50968  
 37  1.5864   2338.191456  x:  0.05294   0.00000   0.02358   0.00000   0.00796   0.01198   0.01187   0.00362   0.03026   0.02941   0.02014   0.05909   0.00000   0.04258   0.00086   0.01125   0.01285   0.02915   0.01066   0.03485   0.04291   0.02173   0.06664   0.01606   6.54062  
 38 104.7252   2336.874502  x:  0.05317   0.00000   0.03043   0.00000   0.00817   0.01288   0.01210   0.00341   0.03155   0.03257   0.01803   0.05956   0.00000   0.04255   0.00029   0.01008   0.01478   0.03125   0.01242   0.03679   0.04359   0.02121   0.06645   0.01738   7.50067  
 39 2953.6613   2336.037795  x:  0.05326   0.00000   0.02622   0.00000   0.00814   0.01288   0.01200   0.00335   0.03165   0.02948   0.01862   0.05930   0.00000   0.04375   0.00000   0.00979   0.01605   0.03147   0.01274   0.03549   0.04351   0.02079   0.06524   0.01791   7.90678  
 40 5944.0460   2336.037795  x:  0.05326   0.00000   0.02622   0.00000   0.00814   0.01288   0.01200   0.00335   0.03165   0.02948   0.01862   0.05930   0.00000   0.04375   0.00000   0.00979   0.01605   0.03147   0.01274   0.03549   0.04351   0.02079   0.06524   0.01791   7.90678  
 41 44.1114   2335.968842  x:  0.05324   0.00000   0.02543   0.00000   0.00806   0.01250   0.01192   0.00373   0.03146   0.02923   0.01911   0.05910   0.00000   0.04373   0.00054   0.01035   0.01579   0.03086   0.01209   0.03535   0.04340   0.02093   0.06475   0.01790   7.90680  
 42 82.8443   2335.911717  x:  0.05321   0.00000   0.02453   0.00000   0.00802   0.01229   0.01185   0.00350   0.03121   0.02900   0.01954   0.05888   0.00000   0.04367   0.00000   0.01079   0.01550   0.03020   0.01150   0.03519   0.04323   0.02098   0.06412   0.01787   7.90682  
 43 133.1793   2335.895197  x:  0.05325   0.00000   0.02398   0.00000   0.00805   0.01243   0.01196   0.00343   0.03115   0.02884   0.01968   0.05862   0.00000   0.04354   0.00000   0.01047   0.01569   0.02993   0.01203   0.03496   0.04306   0.02124   0.06343   0.01790   7.90685  
 44 29.8435   2335.893298  x:  0.05327   0.00000   0.02396   0.00000   0.00802   0.01243   0.01191   0.00355   0.03115   0.02885   0.01962   0.05853   0.00000   0.04347   0.00000   0.01042   0.01570   0.02989   0.01197   0.03493   0.04300   0.02121   0.06313   0.01793   7.90688  
 45 13.9395   2335.891186  x:  0.05331   0.00000   0.02416   0.00000   0.00800   0.01242   0.01187   0.00347   0.03121   0.02891   0.01946   0.05841   0.00000   0.04340   0.00000   0.01037   0.01575   0.02996   0.01193   0.03494   0.04295   0.02115   0.06276   0.01797   7.90692  
 46 18.2774   2335.890542  x:  0.05332   0.00000   0.02424   0.00000   0.00806   0.01243   0.01193   0.00349   0.03122   0.02893   0.01950   0.05835   0.00000   0.04340   0.00000   0.01047   0.01572   0.02999   0.01196   0.03495   0.04295   0.02116   0.06258   0.01797   7.90696  
 47  7.8101   2335.890406  x:  0.05330   0.00000   0.02427   0.00000   0.00802   0.01243   0.01192   0.00348   0.03121   0.02891   0.01954   0.05832   0.00000   0.04344   0.00000   0.01047   0.01570   0.03001   0.01196   0.03496   0.04297   0.02118   0.06252   0.01796   7.90699  
 48  3.0453   2335.890346  x:  0.05329   0.00000   0.02428   0.00000   0.00805   0.01243   0.01191   0.00348   0.03120   0.02891   0.01955   0.05830   0.00000   0.04349   0.00000   0.01045   0.01570   0.03002   0.01195   0.03497   0.04298   0.02119   0.06250   0.01794   7.90704  
 49  1.9981   2335.890283  x:  0.05326   0.00000   0.02428   0.00000   0.00804   0.01242   0.01193   0.00348   0.03120   0.02890   0.01952   0.05827   0.00000   0.04355   0.00000   0.01045   0.01572   0.03001   0.01195   0.03498   0.04301   0.02117   0.06249   0.01792   7.90714  
 50  1.7546   2335.890176  x:  0.05327   0.00000   0.02429   0.00000   0.00804   0.01245   0.01189   0.00349   0.03121   0.02892   0.01951   0.05825   0.00000   0.04359   0.00000   0.01046   0.01569   0.02999   0.01198   0.03496   0.04301   0.02115   0.06250   0.01793   7.90742  
 51  1.8513   2335.889532  x:  0.05332   0.00000   0.02435   0.00000   0.00803   0.01242   0.01196   0.00348   0.03124   0.02899   0.01955   0.05814   0.00000   0.04366   0.00000   0.01040   0.01564   0.02988   0.01198   0.03490   0.04300   0.02111   0.06254   0.01798   7.90927  
 52  8.6360   2335.885573  x:  0.05346   0.00000   0.02437   0.00000   0.00804   0.01229   0.01184   0.00348   0.03127   0.02902   0.01968   0.05777   0.00000   0.04373   0.00000   0.01053   0.01592   0.02974   0.01192   0.03483   0.04293   0.02122   0.06263   0.01814   7.92081  
 53 43.9074   2335.857486  x:  0.05366   0.00000   0.02426   0.00000   0.00801   0.01288   0.01201   0.00345   0.03123   0.02859   0.01948   0.05649   0.00000   0.04358   0.00000   0.01060   0.01577   0.03019   0.01158   0.03498   0.04265   0.02153   0.06313   0.01843   8.00287  
 54 276.8024   2335.799051  x:  0.05333   0.00000   0.02396   0.00000   0.00816   0.01186   0.01182   0.00346   0.03096   0.02834   0.01932   0.05566   0.00000   0.04315   0.00000   0.01056   0.01514   0.03069   0.01202   0.03517   0.04241   0.02125   0.06337   0.01832   8.17143  
 55 1468.3196   2335.644691  x:  0.05204   0.00000   0.02438   0.00000   0.00796   0.01257   0.01194   0.00347   0.03096   0.02916   0.02010   0.05712   0.00000   0.04273   0.00000   0.01037   0.01605   0.03011   0.01199   0.03532   0.04275   0.02026   0.06300   0.01761   8.63181  
 56 3037.9953   2335.594844  x:  0.05237   0.00000   0.02436   0.00000   0.00802   0.01247   0.01191   0.00345   0.03125   0.02921   0.01948   0.05843   0.00000   0.04334   0.00000   0.01052   0.01568   0.02963   0.01187   0.03503   0.04312   0.02141   0.06250   0.01812   8.77845  
 57 2300.7243   2335.589318  x:  0.05274   0.00000   0.02426   0.00000   0.00802   0.01246   0.01191   0.00345   0.03123   0.02897   0.01959   0.05875   0.00000   0.04365   0.00000   0.01049   0.01570   0.02986   0.01188   0.03497   0.04312   0.02112   0.06238   0.01852   8.79457  
 58 257.6180   2335.589298  x:  0.05274   0.00000   0.02425   0.00000   0.00802   0.01246   0.01191   0.00345   0.03121   0.02900   0.01959   0.05875   0.00000   0.04366   0.00000   0.01049   0.01571   0.02987   0.01188   0.03498   0.04310   0.02112   0.06238   0.01852   8.79463  
 59  1.1317   2335.589298  x:  0.05274   0.00000   0.02425   0.00000   0.00802   0.01246   0.01191   0.00345   0.03121   0.02899   0.01959   0.05875   0.00000   0.04366   0.00000   0.01049   0.01571   0.02987   0.01188   0.03499   0.04309   0.02112   0.06238   0.01852   8.79464  
 60  0.1179   2335.589297  x:  0.05274   0.00000   0.02425   0.00000   0.00802   0.01246   0.01191   0.00345   0.03122   0.02900   0.01959   0.05875   0.00000   0.04366   0.00000   0.01049   0.01571   0.02987   0.01188   0.03499   0.04309   0.02112   0.06238   0.01852   8.79465  
 61  0.0912   2335.589150  x:  0.05276   0.00000   0.02428   0.00000   0.00803   0.01246   0.01191   0.00345   0.03120   0.02895   0.01958   0.05873   0.00000   0.04365   0.00000   0.01048   0.01570   0.02982   0.01190   0.03509   0.04310   0.02112   0.06239   0.01855   8.79842  
 62  0.2648   2335.588277  x:  0.05267   0.00000   0.02434   0.00000   0.00804   0.01244   0.01192   0.00346   0.03124   0.02887   0.01957   0.05862   0.00000   0.04371   0.00000   0.01049   0.01570   0.02988   0.01191   0.03504   0.04283   0.02115   0.06248   0.01856   8.82071  
 63 47.4094   2335.587125  x:  0.05187   0.00000   0.02429   0.00000   0.00803   0.01241   0.01191   0.00346   0.03122   0.02892   0.01956   0.05836   0.00000   0.04362   0.00000   0.01047   0.01568   0.03000   0.01192   0.03501   0.04302   0.02116   0.06257   0.01948   8.85113  
 64  0.5480   2335.587115  x:  0.05100   0.00000   0.02429   0.00000   0.00803   0.01242   0.01191   0.00346   0.03122   0.02892   0.01956   0.05837   0.00000   0.04362   0.00000   0.01047   0.01569   0.02999   0.01192   0.03502   0.04302   0.02115   0.06255   0.02034   8.85434  
 65  0.0029   2335.587109  x:  0.04665   0.00000   0.02429   0.00000   0.00803   0.01242   0.01191   0.00346   0.03122   0.02893   0.01956   0.05838   0.00000   0.04362   0.00000   0.01048   0.01569   0.02998   0.01192   0.03502   0.04303   0.02115   0.06255   0.02468   8.85688  
 66  0.0016   2335.587101  x:  0.03913   0.00000   0.02429   0.00000   0.00804   0.01242   0.01192   0.00347   0.03122   0.02893   0.01957   0.05838   0.00000   0.04362   0.00000   0.01048   0.01569   0.02998   0.01192   0.03502   0.04303   0.02115   0.06255   0.03220   8.85751  
 67  0.0113   2335.587099  x:  0.03519   0.00000   0.02429   0.00000   0.00804   0.01243   0.01192   0.00347   0.03122   0.02893   0.01957   0.05838   0.00000   0.04363   0.00000   0.01048   0.01569   0.02999   0.01192   0.03502   0.04303   0.02115   0.06255   0.03614   8.85683  
 68  0.0149   2335.587098  x:  0.03387   0.00000   0.02429   0.00000   0.00804   0.01243   0.01192   0.00348   0.03122   0.02893   0.01957   0.05838   0.00000   0.04363   0.00000   0.01048   0.01569   0.02999   0.01193   0.03502   0.04303   0.02115   0.06255   0.03747   8.85642  
 69  0.0108   2335.587098  x:  0.03349   0.00000   0.02429   0.00000   0.00804   0.01243   0.01192   0.00348   0.03122   0.02893   0.01957   0.05838   0.00000   0.04363   0.00000   0.01048   0.01569   0.02999   0.01193   0.03502   0.04304   0.02115   0.06255   0.03785   8.85628  
 70  0.0087   2335.587098  x:  0.03339   0.00000   0.02429   0.00000   0.00804   0.01243   0.01192   0.00348   0.03122   0.02893   0.01957   0.05838   0.00000   0.04363   0.00000   0.01048   0.01569   0.02999   0.01193   0.03502   0.04304   0.02115   0.06255   0.03795   8.85624  
 71  0.0081   2335.587098  x:  0.03337   0.00000   0.02429   0.00000   0.00804   0.01243   0.01192   0.00348   0.03122   0.02893   0.01957   0.05838   0.00000   0.04363   0.00000   0.01048   0.01569   0.02999   0.01193   0.03502   0.04304   0.02115   0.06255   0.03797   8.85624  
 72  0.0080   2335.587098  x:  0.03336   0.00000   0.02429   0.00000   0.00804   0.01243   0.01192   0.00348   0.03122   0.02893   0.01957   0.05838   0.00000   0.04363   0.00000   0.01048   0.01569   0.02999   0.01193   0.03502   0.04304   0.02115   0.06255   0.03798   8.85623  
 73  0.0080   2335.587098  x:  0.03336   0.00000   0.02429   0.00000   0.00804   0.01243   0.01192   0.00348   0.03122   0.02893   0.01957   0.05838   0.00000   0.04363   0.00000   0.01048   0.01569   0.02999   0.01193   0.03502   0.04304   0.02115   0.06255   0.03798   8.85623  
 74  0.0080   2335.587096  x:  0.03337   0.00000   0.02429   0.00000   0.00804   0.01242   0.01192   0.00348   0.03122   0.02893   0.01956   0.05837   0.00000   0.04363   0.00000   0.01048   0.01569   0.03000   0.01193   0.03502   0.04304   0.02116   0.06256   0.03797   8.85423  
 75  0.0030   2335.587096  x:  0.03337   0.00000   0.02429   0.00000   0.00804   0.01242   0.01192   0.00348   0.03122   0.02893   0.01956   0.05837   0.00000   0.04363   0.00000   0.01048   0.01569   0.03000   0.01193   0.03502   0.04304   0.02116   0.06256   0.03797   8.85423  
 76  0.0003   2335.587096  x:  0.03337   0.00000   0.02429   0.00000   0.00804   0.01242   0.01192   0.00348   0.03122   0.02893   0.01956   0.05837   0.00000   0.04363   0.00000   0.01048   0.01569   0.03000   0.01193   0.03502   0.04304   0.02116   0.06256   0.03797   8.85423  
check convergence!


TREE #  2

  0  0.0000   2354.453728  x:  0.04063   0.00166   0.02266   0.00773   0.00562   0.02116   0.01207   0.01412   0.03737   0.03956   0.02638   0.06493   0.00504   0.02772   0.00000   0.02050   0.02883   0.03326   0.02111   0.04430   0.04316   0.03039   0.07544   0.04648   8.85423  
  1 99.0000   2350.518605  x:  0.04030   0.00000   0.02242   0.00633   0.00577   0.02014   0.01198   0.01244   0.03709   0.03894   0.02581   0.06482   0.00372   0.02838   0.00083   0.01964   0.02787   0.03304   0.02015   0.04384   0.04305   0.02985   0.07515   0.04615   8.85423  
  2 1004.5005   2348.600778  x:  0.04012   0.00000   0.02250   0.00733   0.00615   0.01953   0.01220   0.01042   0.03654   0.03836   0.02452   0.06454   0.00322   0.02905   0.00000   0.01856   0.02669   0.03286   0.01918   0.04333   0.04273   0.02849   0.07443   0.04597   8.85423  
  3 874.1460   2347.068839  x:  0.03994   0.00000   0.02420   0.00983   0.00346   0.01872   0.01273   0.00758   0.03576   0.03679   0.02332   0.06361   0.00626   0.03059   0.00377   0.01722   0.02459   0.03294   0.01858   0.04228   0.04253   0.02642   0.07220   0.04579   8.85423  
  4 371.5182   2346.746098  x:  0.03959   0.00000   0.02573   0.01001   0.00563   0.01769   0.01227   0.00761   0.03609   0.03539   0.02373   0.06264   0.00831   0.03153   0.00486   0.01684   0.02334   0.03312   0.01899   0.04167   0.04297   0.02560   0.06996   0.04544   8.85424  
  5 188.1020   2346.302119  x:  0.03867   0.00000   0.02825   0.00876   0.00497   0.01544   0.01142   0.00876   0.03709   0.03261   0.02453   0.06066   0.01071   0.03298   0.00333   0.01638   0.02139   0.03333   0.01985   0.04081   0.04400   0.02450   0.06556   0.04452   8.85425  
  6 235.0724   2346.208987  x:  0.03795   0.00000   0.02886   0.00883   0.00498   0.01563   0.01298   0.00877   0.03769   0.03210   0.02466   0.05927   0.01022   0.03326   0.00338   0.01646   0.02192   0.03311   0.01997   0.04086   0.04463   0.02490   0.06311   0.04380   8.85425  
  7 67.6175   2346.159534  x:  0.03748   0.00000   0.02920   0.00925   0.00488   0.01601   0.01210   0.00854   0.03800   0.03220   0.02460   0.05815   0.00953   0.03340   0.00361   0.01657   0.02258   0.03293   0.01995   0.04103   0.04497   0.02533   0.06132   0.04333   8.85426  
  8 63.1748   2346.152530  x:  0.03766   0.00000   0.02946   0.00914   0.00489   0.01580   0.01214   0.00871   0.03775   0.03285   0.02449   0.05774   0.00943   0.03362   0.00365   0.01664   0.02258   0.03306   0.01986   0.04117   0.04468   0.02532   0.06096   0.04351   8.85427  
  9 10.2487   2346.145031  x:  0.03786   0.00000   0.02973   0.00879   0.00491   0.01641   0.01215   0.00842   0.03749   0.03294   0.02470   0.05741   0.00947   0.03364   0.00352   0.01670   0.02238   0.03315   0.01989   0.04123   0.04436   0.02535   0.06084   0.04372   8.85430  
 10  4.6908   2346.081857  x:  0.03778   0.00000   0.02971   0.00855   0.00496   0.01738   0.01207   0.00978   0.03613   0.03219   0.02399   0.05653   0.00902   0.03316   0.00386   0.01637   0.02195   0.03267   0.01959   0.04083   0.04390   0.02495   0.06088   0.04363   8.85466  
 11  3.6316   2344.624071  x:  0.03509   0.00000   0.02850   0.00622   0.00564   0.01495   0.01213   0.00615   0.02902   0.03103   0.02029   0.05190   0.00983   0.03430   0.00284   0.01840   0.02502   0.03061   0.02166   0.03829   0.04490   0.02487   0.06323   0.04094   8.86247  
 12 11.5449   2337.576629  x:  0.03100   0.00000   0.02857   0.00620   0.00558   0.01426   0.01236   0.00263   0.03290   0.03272   0.01995   0.04842   0.00000   0.04102   0.00332   0.01117   0.01984   0.03077   0.01442   0.03377   0.04489   0.02014   0.06578   0.03686   8.89244  
 13 131.8171   2336.517036  x:  0.03244   0.00000   0.02467   0.00448   0.00599   0.01532   0.01224   0.00248   0.03315   0.03097   0.01613   0.05216   0.00000   0.04376   0.00322   0.01218   0.01914   0.02984   0.01104   0.03712   0.04416   0.02104   0.06151   0.03831   8.89711  
 14 182.8244   2336.337048  x:  0.03260   0.00000   0.02311   0.00467   0.00595   0.01501   0.01227   0.00217   0.03190   0.03073   0.01686   0.05408   0.00000   0.04420   0.00342   0.01073   0.01863   0.02970   0.01253   0.03760   0.04321   0.02077   0.05947   0.03847   8.89951  
 15 92.1648   2336.315822  x:  0.03241   0.00000   0.02361   0.00475   0.00594   0.01502   0.01228   0.00213   0.03145   0.03067   0.01720   0.05496   0.00000   0.04452   0.00347   0.01119   0.01870   0.02956   0.01224   0.03732   0.04308   0.02028   0.05914   0.03827   8.90032  
 16 30.7527   2336.312625  x:  0.03236   0.00000   0.02387   0.00470   0.00595   0.01514   0.01228   0.00214   0.03144   0.03070   0.01696   0.05523   0.00000   0.04472   0.00347   0.01111   0.01874   0.02968   0.01237   0.03711   0.04309   0.02032   0.05910   0.03823   8.90052  
 17 12.7819   2336.311770  x:  0.03244   0.00000   0.02385   0.00476   0.00595   0.01513   0.01228   0.00215   0.03138   0.03065   0.01700   0.05522   0.00000   0.04485   0.00346   0.01111   0.01868   0.02974   0.01232   0.03697   0.04321   0.02044   0.05911   0.03831   8.90063  
 18  1.9802   2336.306927  x:  0.03276   0.00000   0.02381   0.00478   0.00594   0.01506   0.01229   0.00209   0.03153   0.03053   0.01691   0.05508   0.00000   0.04486   0.00354   0.01123   0.01866   0.02983   0.01241   0.03676   0.04345   0.02013   0.05909   0.03862   8.90108  
 19  2.4181   2336.236075  x:  0.03342   0.00000   0.02421   0.00468   0.00597   0.01482   0.01227   0.00231   0.03145   0.02976   0.01725   0.05498   0.00000   0.04584   0.00357   0.01016   0.01964   0.02945   0.01228   0.03730   0.04375   0.01916   0.05935   0.03928   8.90280  
 20  3.1236   2335.799066  x:  0.03347   0.00000   0.02553   0.00547   0.00609   0.01262   0.01233   0.00281   0.03219   0.02808   0.01663   0.05509   0.00000   0.04668   0.00420   0.01049   0.01527   0.02780   0.01329   0.03889   0.04310   0.01820   0.05985   0.03934   8.91390  
 21 41.3398   2335.523050  x:  0.03355   0.00000   0.02495   0.00501   0.00625   0.01117   0.01232   0.00315   0.03203   0.02749   0.01659   0.05615   0.00000   0.04319   0.00424   0.01044   0.01499   0.03052   0.01209   0.03676   0.04165   0.01796   0.05804   0.03942   8.91828  
 22 64.5565   2335.505444  x:  0.03359   0.00000   0.02448   0.00479   0.00624   0.01142   0.01231   0.00328   0.03213   0.02807   0.01668   0.05635   0.00000   0.04316   0.00418   0.01052   0.01496   0.02989   0.01221   0.03597   0.04176   0.01772   0.05771   0.03946   8.91812  
 23 21.5590   2335.504985  x:  0.03363   0.00000   0.02455   0.00477   0.00624   0.01140   0.01231   0.00326   0.03209   0.02812   0.01667   0.05639   0.00000   0.04305   0.00417   0.01047   0.01494   0.02979   0.01219   0.03598   0.04186   0.01777   0.05768   0.03950   8.91810  
 24  3.9647   2335.504930  x:  0.03361   0.00000   0.02454   0.00476   0.00624   0.01142   0.01231   0.00327   0.03207   0.02814   0.01667   0.05639   0.00000   0.04305   0.00417   0.01046   0.01493   0.02982   0.01219   0.03601   0.04191   0.01774   0.05767   0.03949   8.91810  
 25  0.6508   2335.364751  x:  0.03302   0.00000   0.02443   0.00348   0.00696   0.01109   0.01207   0.00328   0.03237   0.02759   0.01735   0.05729   0.00000   0.04418   0.00330   0.01028   0.01496   0.02990   0.01218   0.03552   0.04270   0.01830   0.06009   0.03892   8.93458  
 26  0.0564   2335.336649  x:  0.03281   0.00000   0.02434   0.00411   0.00738   0.01106   0.01187   0.00340   0.03267   0.02747   0.01716   0.05794   0.00000   0.04399   0.00330   0.01006   0.01526   0.02984   0.01204   0.03542   0.04294   0.01825   0.06067   0.03874   8.93181  
 27  0.0035   2335.329712  x:  0.03296   0.00000   0.02460   0.00396   0.00769   0.01126   0.01188   0.00349   0.03250   0.02743   0.01711   0.05770   0.00000   0.04394   0.00326   0.01015   0.01519   0.02986   0.01208   0.03562   0.04272   0.01830   0.06020   0.03893   8.93715  
 28  0.0053   2335.329055  x:  0.03294   0.00000   0.02459   0.00398   0.00774   0.01113   0.01192   0.00349   0.03249   0.02749   0.01707   0.05760   0.00000   0.04401   0.00325   0.01013   0.01516   0.02984   0.01208   0.03560   0.04272   0.01823   0.06018   0.03894   8.94049  
 29  0.0045   2335.329000  x:  0.03291   0.00000   0.02458   0.00398   0.00775   0.01115   0.01193   0.00348   0.03251   0.02747   0.01707   0.05758   0.00000   0.04400   0.00325   0.01012   0.01515   0.02985   0.01207   0.03557   0.04272   0.01822   0.06020   0.03895   8.94333  
 30  0.0027   2335.328990  x:  0.03290   0.00000   0.02458   0.00398   0.00775   0.01114   0.01192   0.00348   0.03251   0.02747   0.01707   0.05758   0.00000   0.04399   0.00325   0.01013   0.01516   0.02985   0.01208   0.03557   0.04273   0.01822   0.06019   0.03897   8.94447  
 31  0.0012   2335.328985  x:  0.03287   0.00000   0.02458   0.00398   0.00775   0.01114   0.01192   0.00348   0.03250   0.02748   0.01707   0.05758   0.00000   0.04400   0.00325   0.01013   0.01516   0.02985   0.01208   0.03558   0.04272   0.01822   0.06019   0.03901   8.94523  
 32  0.0004   2335.328985  x:  0.03287   0.00000   0.02458   0.00398   0.00775   0.01114   0.01192   0.00348   0.03250   0.02748   0.01707   0.05758   0.00000   0.04400   0.00325   0.01013   0.01516   0.02985   0.01208   0.03558   0.04273   0.01822   0.06019   0.03901   8.94512  
 33  0.0002   2335.328985  x:  0.03287   0.00000   0.02458   0.00398   0.00775   0.01114   0.01192   0.00348   0.03250   0.02748   0.01707   0.05758   0.00000   0.04400   0.00325   0.01013   0.01516   0.02985   0.01208   0.03558   0.04273   0.01822   0.06019   0.03901   8.94512  
 34  0.0001   2335.328985  x:  0.03287   0.00000   0.02458   0.00398   0.00775   0.01114   0.01192   0.00348   0.03250   0.02748   0.01707   0.05758   0.00000   0.04400   0.00325   0.01013   0.01516   0.02985   0.01208   0.03558   0.04273   0.01822   0.06019   0.03901   8.94512  