     2    324    145


 1

     1     69    -2.2935512027   0.100907481902      32.6940  AAAAAAAAAAAAA
     2      1    -6.4289526868   0.001614140460       0.5230  AAAAAAAAAAAAC
     3      2    -4.7992323344   0.008236067168       2.6685  AAAAAAAAAAAAG
     4      3    -4.5788270355   0.010266931983       3.3265  AAAAAAAAAAAGA
     5      1   -10.3735005355   0.000031249708       0.0101  AAAAAAAAAACCA
     6      1   -10.1033665319   0.000040941492       0.0133  AAAAAAAAAACCC
     7      1   -15.5479225457   0.000000176857       0.0001  AAAAAAGAAATTC
     8      1    -5.0968937096   0.006115714275       1.9815  AAAAAGAAAAAAA
     9      1    -7.6573695856   0.000472548777       0.1531  AAAAAGAAAAGAA
    10      1   -12.6845418464   0.000003098657       0.0010  AAAAAGAAAATTT
    11      1   -10.3206512029   0.000032945654       0.0107  AAAAGAAAAAAGG
    12      1   -11.9491342411   0.000006464827       0.0021  AAAAGAAAAAGTA
    13      1   -17.2366599412   0.000000032675       0.0000  AAAAGGGAAGAAG
    14      1    -9.9360240728   0.000048399355       0.0157  AAAAGTAAAAAAA
    15      1   -10.9206851346   0.000018080345       0.0059  AAAGAAAAAGAAC
    16      1   -14.5818842060   0.000000464695       0.0002  AAAGAAAAAGCCC
    17      1    -6.9003316944   0.001007451208       0.3264  AAAGAAAGAGAAA
    18      1   -12.8961188088   0.000002507765       0.0008  AAAGAGAAAAAGG
    19      1   -12.5154384738   0.000003669561       0.0012  AAAGAGAAAGAAC
    20      1   -11.3335348590   0.000011964880       0.0039  AAAGGAAAAAAAG
    21      1   -10.9124332692   0.000018230159       0.0059  AAGAGAAAGAAAG
    22      1   -11.0892146268   0.000015276198       0.0049  AATAAGTATAAAA
    23      1   -10.2532811921   0.000035241676       0.0114  ACACACACACAAT
    24      1   -15.7875797853   0.000000139169       0.0000  ACATAAACACATA
    25      1    -5.6218816706   0.003617827141       1.1722  AGAAAAAAAAAAA
    26      1    -9.6354892542   0.000065367246       0.0212  AGAAAAAAAAGAG
    27      2    -4.7208707064   0.008907419424       2.8860  AGAGAGAGAGAAA
    28      1    -7.1633413143   0.000774462503       0.2509  AGAGAGAGAGGAA
    29      1   -10.2397730772   0.000035720955       0.0116  AGAGAGGGAGGGA
    30      1   -14.3402988821   0.000000591681       0.0002  AGGAAAAGAGAGA
    31      1   -11.1706805107   0.000014081052       0.0046  ATAAAAAAAAAAT
    32      1    -8.6752934737   0.000170752832       0.0553  ATATATATATACA
    33      1   -16.5568192095   0.000000064486       0.0000  ATTATATATAAAC
    34      1   -19.7199716707   0.000000002727       0.0000  CACACAAAAATCT
    35      1    -9.1448203315   0.000106771413       0.0346  CACACACACAAAG
    36      1    -6.3415812427   0.001761514651       0.5707  CACACACACACCC
    37      1   -20.3877354063   0.000000001399       0.0000  CACATTTACATTC
    38      1   -23.2698043047   0.000000000078       0.0000  CACCCCTTCTTGC
    39      1   -17.4991576584   0.000000025131       0.0000  CAGAAAGAGATAC
    40      1   -14.0863263028   0.000000762757       0.0002  CATTCTCTTTTTT
    41      1   -22.1810727449   0.000000000233       0.0000  CCACCCGCCATTT
    42      1   -14.4096652416   0.000000552029       0.0002  CCCCACCCCCACA
    43      1    -9.9332960023   0.000048531572       0.0157  CCCCCCCCCCAAC
    44      1    -6.3270227691   0.001787347201       0.5791  CCCCCCCCCCCAC
    45      2    -6.5362909412   0.001449856140       0.4698  CCCCCCCCCCCCA
    46     24    -2.9834093952   0.050619955895      16.4009  CCCCCCCCCCCCC
    47      1   -10.6642409731   0.000023365711       0.0076  CCCCCCCCCCGGC
    48      1    -8.0913052973   0.000306189827       0.0992  CCCCCCCCCCTTT
    49      1    -6.8323706498   0.001078298816       0.3494  CCCCCCCCTCCCC
    50      1    -8.7437849152   0.000159449243       0.0517  CCCCCCCTCCTCC
    51      1   -14.8559799187   0.000000353289       0.0001  CCCCCCCTTCTTC
    52      1   -11.0817038285   0.000015391366       0.0050  CCCCCCTCCCTTC
    53      1   -12.0014943620   0.000006135038       0.0020  CCCCCCTTCCTCC
    54      1   -15.1947270082   0.000000251776       0.0001  CCCCCTTTCTCTC
    55      1   -22.5367157552   0.000000000163       0.0000  CCCCTCTATTTTC
    56      1   -19.6496317930   0.000000002926       0.0000  CCCGCCGCCCAGC
    57      1   -12.3818958643   0.000004193831       0.0014  CCCTCCCTCTTTC
    58      1   -11.7986228778   0.000007514900       0.0024  CCCTCCCTCTTTT
    59      2    -9.1870330720   0.000102358104       0.0332  CCCTCTCTCTTCC
    60      1   -18.9364022428   0.000000005971       0.0000  CCCTTTTCTCCCT
    61      1   -17.6572406189   0.000000021456       0.0000  CCTACACACAAGA
    62      1   -12.2740806151   0.000004671265       0.0015  CCTCCCTCCCTCC
    63      1   -14.7777685677   0.000000382029       0.0001  CCTGCGCGTGTCC
    64      1   -12.8266778515   0.000002688095       0.0009  CCTTCTCTCTTCC
    65      1   -13.9618712736   0.000000863846       0.0003  CGCCCCCCCCAAA
    66      1   -20.4671166193   0.000000001292       0.0000  CGTTTATGTGTGC
    67      1   -15.8895929166   0.000000125672       0.0000  CTCTCCCCCTGTC
    68      1   -11.1707577221   0.000014079965       0.0046  CTCTCTCCCTTCC
    69      1   -12.7316049021   0.000002956203       0.0010  CTCTCTCTATTTC
    70      1    -9.0502735575   0.000117358928       0.0380  CTCTCTCTCCCCC
    71      1    -5.2910313991   0.005036562874       1.6318  CTCTCTCTCTCCC
    72      1    -6.0499166520   0.002358058538       0.7640  CTCTCTCTCTCTC
    73      1    -8.8862116174   0.000138282534       0.0448  CTCTCTTTCTTTT
    74      1   -19.6869003382   0.000000002819       0.0000  CTCTTTCCCACAC
    75      1    -8.9114308730   0.000134838759       0.0437  CTCTTTCTCTTTT
    76      1   -18.2600563124   0.000000011742       0.0000  CTTACCCTTATTT
    77      1   -14.4331884088   0.000000539195       0.0002  CTTCCCCCCCTTC
    78      1   -24.2411942607   0.000000000030       0.0000  CTTGCTCCTCCAA
    79      1   -12.9271292182   0.000002431191       0.0008  CTTTCTCCTTTTT
    80      1   -13.4498602241   0.000001441451       0.0005  CTTTCTCTCCCTC
    81      1    -9.6895615834   0.000061926548       0.0201  CTTTCTCTCTCTC
    82      1   -24.9013455362   0.000000000015       0.0000  CTTTCTTATCGGT
    83      1   -15.1228174707   0.000000270548       0.0001  CTTTCTTCTTCTT
    84      1   -12.4714700189   0.000003834506       0.0012  CTTTTTCTTTTTC
    85      1   -12.4879229027   0.000003771933       0.0012  CTTTTTTTTTACT
    86      1   -15.2207891798   0.000000245299       0.0001  CTTTTTTTTTAGA
    87      1    -8.9326974472   0.000132001477       0.0428  CTTTTTTTTTTCT
    88      1    -6.4515421303   0.001578086676       0.5113  CTTTTTTTTTTTT
    89      1    -9.0178593177   0.000121225354       0.0393  GAAGAAAAAAAAA
    90      1   -16.4197828918   0.000000073957       0.0000  GAAGCAAAAAAAG
    91      1   -14.4539511352   0.000000528115       0.0002  GAAGGGAAAAGGG
    92      1   -12.4029110863   0.000004106617       0.0013  GAGAGAGAGACCG
    93      1    -5.5015432690   0.004080469315       1.3221  GAGAGAGAGAGAG
    94      1    -4.8705001449   0.007669528453       2.4849  GAGAGAGAGAGGG
    95      1   -10.5103544509   0.000027252796       0.0088  GAGAGAGAGGAAG
    96      1   -10.7623853087   0.000021181438       0.0069  GAGCGCGCGCGAG
    97      1    -8.7763728855   0.000154336869       0.0500  GAGGGGGAGGGGG
    98      1    -7.8567761836   0.000387119865       0.1254  GCGCGCGCGCGCG
    99      1    -6.9124599149   0.000995306414       0.3225  GCGCGCGCGCGGG
   100      1   -12.9804355301   0.000002304987       0.0007  GCGCGCGCGCTAC
   101      1   -19.9889337648   0.000000002084       0.0000  GCGCGGGCGGCCA
   102      1   -12.7153301682   0.000003004708       0.0010  GCGTGCGCGCTTT
   103      1   -14.0287725600   0.000000807944       0.0003  GGAAAGAGACGGG
   104      1   -13.8003855092   0.000001015240       0.0003  GGAAGGGGTGGGG
   105      1   -12.7219706351   0.000002984821       0.0010  GGAGAGAAGGGGG
   106      1    -9.0766182719   0.000114307512       0.0370  GGGAGGGAGAGAG
   107      1    -7.9660030138   0.000347063425       0.1124  GGGAGGGGGGGGA
   108      1   -17.4760302410   0.000000025719       0.0000  GGGGGAAAAAAAA
   109      1   -10.5129160645   0.000027183074       0.0088  GGGGGAGGGAGAG
   110      2    -5.9092986735   0.002714089683       0.8794  GGGGGGAGGGGGG
   111      1    -7.7207030411   0.000443548661       0.1437  GGGGGGGAGGGAG
   112      1    -5.8349749644   0.002923496451       0.9472  GGGGGGGAGGGGG
   113      1    -8.8748487775   0.000139862777       0.0453  GGGGGGGGGGGAT
   114      1    -7.1611648044   0.000776149964       0.2515  GGGGGGGGGGGGC
   115     48    -3.0620929443   0.046789664506      15.1599  GGGGGGGGGGGGG
   116      1    -7.3230137695   0.000660169611       0.2139  GGGGGTGGGGGGG
   117      1   -17.1693992410   0.000000034948       0.0000  GGGGTGGGAGGAT
   118      1   -17.5680462214   0.000000023458       0.0000  GGTGTATGTGATA
   119      1   -10.5258525885   0.000026833684       0.0087  GTTTTTTTTTCTT
   120      1   -16.1460627262   0.000000097242       0.0000  TAAATAAAAACCT
   121      1   -10.2072021696   0.000036903573       0.0120  TATATATATAATA
   122      1    -6.0892621428   0.002267081080       0.7345  TATATATATATTT
   123      1   -11.6229007486   0.000008958563       0.0029  TATGTGTATGTTT
   124      1    -9.0857476829   0.000113268700       0.0367  TCCCCCCCCCCCT
   125      1   -12.1829888746   0.000005116761       0.0017  TCCTCTCTCTCTC
   126      1   -20.2803350094   0.000000001557       0.0000  TCGTTATTATTCT
   127      1    -9.1139528399   0.000110118573       0.0357  TCTCTATCTCTTT
   128      1   -16.2445339013   0.000000088123       0.0000  TCTCTTTACCTTT
   129      1   -13.7351905846   0.000001083634       0.0004  TCTTCTCTCTTTT
   130      1    -8.4495765294   0.000213991015       0.0693  TCTTTCTCTCTTT
   131      1   -18.4293128738   0.000000009914       0.0000  TGGGCGCGGGTTC
   132      1   -12.9233399617   0.000002440421       0.0008  TGTACGTGTGTTT
   133      1   -14.4907764874   0.000000509021       0.0002  TGTATTTGTATTT
   134      1    -8.6035900309   0.000183446033       0.0594  TGTGTGTGTGTAT
   135      1   -13.4694881869   0.000001413434       0.0005  TTCTCGCTCTTTC
   136      1   -10.8628647867   0.000019156571       0.0062  TTTCTCACTCTTT
   137      1    -9.5963138335   0.000067978857       0.0220  TTTTCTTCTTTTT
   138      1    -8.7264640849   0.000162235093       0.0526  TTTTCTTTTTTCT
   139      1    -6.2400321254   0.001949792884       0.6317  TTTTCTTTTTTTT
   140      1   -12.8478760514   0.000002631712       0.0009  TTTTTCTTTATCT
   141      1   -13.2377368651   0.000001782067       0.0006  TTTTTCTTTTAAA
   142      1   -18.9787257780   0.000000005723       0.0000  TTTTTTCTGTAAA
   143      1    -6.0376630448   0.002387131019       0.7734  TTTTTTTCTTTTT
   144      1    -9.6539865062   0.000064169245       0.0208  TTTTTTTTTTAAT
   145     35    -2.6813813341   0.068468510914      22.1838  TTTTTTTTTTTTT

 2

     1     69    -2.2935513776   0.100907464255      32.6940  AAAAAAAAAAAAA
     2      1    -6.4289541544   0.001614138091       0.5230  AAAAAAAAAAAAC
     3      2    -4.7992373137   0.008236026159       2.6685  AAAAAAAAAAAAG
     4      3    -4.5788217869   0.010266985870       3.3265  AAAAAAAAAAAGA
     5      1   -10.3734907680   0.000031250013       0.0101  AAAAAAAAAACCA
     6      1   -10.1033674416   0.000040941455       0.0133  AAAAAAAAAACCC
     7      1   -15.5479278092   0.000000176856       0.0001  AAAAAAGAAATTC
     8      1    -5.0968972652   0.006115692530       1.9815  AAAAAGAAAAAAA
     9      1    -7.6573768679   0.000472545335       0.1531  AAAAAGAAAAGAA
    10      1   -12.6845461359   0.000003098643       0.0010  AAAAAGAAAATTT
    11      1   -10.3206529943   0.000032945595       0.0107  AAAAGAAAAAAGG
    12      1   -11.9491286163   0.000006464864       0.0021  AAAAGAAAAAGTA
    13      1   -17.2366667903   0.000000032675       0.0000  AAAAGGGAAGAAG
    14      1    -9.9360247502   0.000048399322       0.0157  AAAAGTAAAAAAA
    15      1   -10.9206557887   0.000018080875       0.0059  AAAGAAAAAGAAC
    16      1   -14.5818547341   0.000000464709       0.0002  AAAGAAAAAGCCC
    17      1    -6.9003364727   0.001007446394       0.3264  AAAGAAAGAGAAA
    18      1   -12.8961226288   0.000002507755       0.0008  AAAGAGAAAAAGG
    19      1   -12.5154302781   0.000003669591       0.0012  AAAGAGAAAGAAC
    20      1   -11.3335402382   0.000011964816       0.0039  AAAGGAAAAAAAG
    21      1   -10.9124393297   0.000018230048       0.0059  AAGAGAAAGAAAG
    22      1   -11.0892298333   0.000015275966       0.0049  AATAAGTATAAAA
    23      1   -10.2532811270   0.000035241679       0.0114  ACACACACACAAT
    24      1   -15.7875772572   0.000000139169       0.0000  ACATAAACACATA
    25      1    -5.6218812460   0.003617828677       1.1722  AGAAAAAAAAAAA
    26      1    -9.6354928133   0.000065367013       0.0212  AGAAAAAAAAGAG
    27      2    -4.7208729507   0.008907399433       2.8860  AGAGAGAGAGAAA
    28      1    -7.1633470870   0.000774458032       0.2509  AGAGAGAGAGGAA
    29      1   -10.2397850103   0.000035720528       0.0116  AGAGAGGGAGGGA
    30      1   -14.3403051387   0.000000591677       0.0002  AGGAAAAGAGAGA
    31      1   -11.1706773053   0.000014081097       0.0046  ATAAAAAAAAAAT
    32      1    -8.6752915423   0.000170753162       0.0553  ATATATATATACA
    33      1   -16.5568143693   0.000000064486       0.0000  ATTATATATAAAC
    34      1   -19.7199775411   0.000000002727       0.0000  CACACAAAAATCT
    35      1    -9.1448278874   0.000106770607       0.0346  CACACACACAAAG
    36      1    -6.3415799657   0.001761516901       0.5707  CACACACACACCC
    37      1   -20.3877334567   0.000000001399       0.0000  CACATTTACATTC
    38      1   -23.2697980522   0.000000000078       0.0000  CACCCCTTCTTGC
    39      1   -17.4991663180   0.000000025131       0.0000  CAGAAAGAGATAC
    40      1   -14.0863218131   0.000000762760       0.0002  CATTCTCTTTTTT
    41      1   -22.1810689554   0.000000000233       0.0000  CCACCCGCCATTT
    42      1   -14.4096646263   0.000000552029       0.0002  CCCCACCCCCACA
    43      1    -9.9332859918   0.000048532058       0.0157  CCCCCCCCCCAAC
    44      1    -6.3270125884   0.001787365397       0.5791  CCCCCCCCCCCAC
    45      2    -6.5362928101   0.001449853430       0.4698  CCCCCCCCCCCCA
    46     24    -2.9834099583   0.050619927388      16.4009  CCCCCCCCCCCCC
    47      1   -10.6642309922   0.000023365944       0.0076  CCCCCCCCCCGGC
    48      1    -8.0913133924   0.000306187349       0.0992  CCCCCCCCCCTTT
    49      1    -6.8323774242   0.001078291512       0.3494  CCCCCCCCTCCCC
    50      1    -8.7437891126   0.000159448573       0.0517  CCCCCCCTCCTCC
    51      1   -14.8559850460   0.000000353287       0.0001  CCCCCCCTTCTTC
    52      1   -11.0817049060   0.000015391350       0.0050  CCCCCCTCCCTTC
    53      1   -12.0015005802   0.000006134999       0.0020  CCCCCCTTCCTCC
    54      1   -15.1947251946   0.000000251776       0.0001  CCCCCTTTCTCTC
    55      1   -22.5367120516   0.000000000163       0.0000  CCCCTCTATTTTC
    56      1   -19.6496157540   0.000000002926       0.0000  CCCGCCGCCCAGC
    57      1   -12.3819009787   0.000004193810       0.0014  CCCTCCCTCTTTC
    58      1   -11.7986335864   0.000007514819       0.0024  CCCTCCCTCTTTT
    59      2    -9.1870352837   0.000102357877       0.0332  CCCTCTCTCTTCC
    60      1   -18.9364119802   0.000000005971       0.0000  CCCTTTTCTCCCT
    61      1   -17.6572317972   0.000000021457       0.0000  CCTACACACAAGA
    62      1   -12.2740889096   0.000004671226       0.0015  CCTCCCTCCCTCC
    63      1   -14.7777597274   0.000000382033       0.0001  CCTGCGCGTGTCC
    64      1   -12.8266783935   0.000002688093       0.0009  CCTTCTCTCTTCC
    65      1   -13.9618684151   0.000000863849       0.0003  CGCCCCCCCCAAA
    66      1   -20.4671229150   0.000000001292       0.0000  CGTTTATGTGTGC
    67      1   -15.8895869098   0.000000125672       0.0000  CTCTCCCCCTGTC
    68      1   -11.1707637052   0.000014079880       0.0046  CTCTCTCCCTTCC
    69      1   -12.7316178551   0.000002956165       0.0010  CTCTCTCTATTTC
    70      1    -9.0502751004   0.000117358747       0.0380  CTCTCTCTCCCCC
    71      1    -5.2910339936   0.005036549806       1.6318  CTCTCTCTCTCCC
    72      1    -6.0499219460   0.002358046054       0.7640  CTCTCTCTCTCTC
    73      1    -8.8862201591   0.000138281353       0.0448  CTCTCTTTCTTTT
    74      1   -19.6868897677   0.000000002819       0.0000  CTCTTTCCCACAC
    75      1    -8.9114387111   0.000134837702       0.0437  CTCTTTCTCTTTT
    76      1   -18.2600203598   0.000000011743       0.0000  CTTACCCTTATTT
    77      1   -14.4331887878   0.000000539195       0.0002  CTTCCCCCCCTTC
    78      1   -24.2411801050   0.000000000030       0.0000  CTTGCTCCTCCAA
    79      1   -12.9271292391   0.000002431191       0.0008  CTTTCTCCTTTTT
    80      1   -13.4498627925   0.000001441447       0.0005  CTTTCTCTCCCTC
    81      1    -9.6895652077   0.000061926324       0.0201  CTTTCTCTCTCTC
    82      1   -24.9013420500   0.000000000015       0.0000  CTTTCTTATCGGT
    83      1   -15.1228338803   0.000000270543       0.0001  CTTTCTTCTTCTT
    84      1   -12.4714751122   0.000003834486       0.0012  CTTTTTCTTTTTC
    85      1   -12.4879164186   0.000003771958       0.0012  CTTTTTTTTTACT
    86      1   -15.2207860622   0.000000245299       0.0001  CTTTTTTTTTAGA
    87      1    -8.9326897528   0.000132002493       0.0428  CTTTTTTTTTTCT
    88      1    -6.4515401092   0.001578089866       0.5113  CTTTTTTTTTTTT
    89      1    -9.0178566668   0.000121225675       0.0393  GAAGAAAAAAAAA
    90      1   -16.4197837104   0.000000073957       0.0000  GAAGCAAAAAAAG
    91      1   -14.4539678930   0.000000528106       0.0002  GAAGGGAAAAGGG
    92      1   -12.4029054660   0.000004106640       0.0013  GAGAGAGAGACCG
    93      1    -5.5015469323   0.004080454367       1.3221  GAGAGAGAGAGAG
    94      1    -4.8705018892   0.007669515075       2.4849  GAGAGAGAGAGGG
    95      1   -10.5103622239   0.000027252584       0.0088  GAGAGAGAGGAAG
    96      1   -10.7623809623   0.000021181530       0.0069  GAGCGCGCGCGAG
    97      1    -8.7763710581   0.000154337151       0.0500  GAGGGGGAGGGGG
    98      1    -7.8567785717   0.000387118941       0.1254  GCGCGCGCGCGCG
    99      1    -6.9124581917   0.000995308129       0.3225  GCGCGCGCGCGGG
   100      1   -12.9804320124   0.000002304995       0.0007  GCGCGCGCGCTAC
   101      1   -19.9889331190   0.000000002084       0.0000  GCGCGGGCGGCCA
   102      1   -12.7153347786   0.000003004694       0.0010  GCGTGCGCGCTTT
   103      1   -14.0287613895   0.000000807953       0.0003  GGAAAGAGACGGG
   104      1   -13.8003822490   0.000001015243       0.0003  GGAAGGGGTGGGG
   105      1   -12.7219780646   0.000002984799       0.0010  GGAGAGAAGGGGG
   106      1    -9.0766165480   0.000114307709       0.0370  GGGAGGGAGAGAG
   107      1    -7.9660074184   0.000347061896       0.1124  GGGAGGGGGGGGA
   108      1   -17.4760416164   0.000000025719       0.0000  GGGGGAAAAAAAA
   109      1   -10.5129123352   0.000027183175       0.0088  GGGGGAGGGAGAG
   110      2    -5.9093004841   0.002714084769       0.8794  GGGGGGAGGGGGG
   111      1    -7.7206967890   0.000443551434       0.1437  GGGGGGGAGGGAG
   112      1    -5.8349745870   0.002923497554       0.9472  GGGGGGGAGGGGG
   113      1    -8.8748442247   0.000139863414       0.0453  GGGGGGGGGGGAT
   114      1    -7.1611660410   0.000776149004       0.2515  GGGGGGGGGGGGC
   115     48    -3.0620927127   0.046789675346      15.1599  GGGGGGGGGGGGG
   116      1    -7.3230133316   0.000660169900       0.2139  GGGGGTGGGGGGG
   117      1   -17.1693975850   0.000000034948       0.0000  GGGGTGGGAGGAT
   118      1   -17.5680444884   0.000000023458       0.0000  GGTGTATGTGATA
   119      1   -10.5258497750   0.000026833760       0.0087  GTTTTTTTTTCTT
   120      1   -16.1460773255   0.000000097241       0.0000  TAAATAAAAACCT
   121      1   -10.2071947416   0.000036903848       0.0120  TATATATATAATA
   122      1    -6.0892609945   0.002267083683       0.7345  TATATATATATTT
   123      1   -11.6228934056   0.000008958629       0.0029  TATGTGTATGTTT
   124      1    -9.0857505500   0.000113268376       0.0367  TCCCCCCCCCCCT
   125      1   -12.1829830038   0.000005116791       0.0017  TCCTCTCTCTCTC
   126      1   -20.2803240165   0.000000001557       0.0000  TCGTTATTATTCT
   127      1    -9.1139553011   0.000110118302       0.0357  TCTCTATCTCTTT
   128      1   -16.2445402415   0.000000088122       0.0000  TCTCTTTACCTTT
   129      1   -13.7351916452   0.000001083633       0.0004  TCTTCTCTCTTTT
   130      1    -8.4495790084   0.000213990485       0.0693  TCTTTCTCTCTTT
   131      1   -18.4293066776   0.000000009914       0.0000  TGGGCGCGGGTTC
   132      1   -12.9233393174   0.000002440423       0.0008  TGTACGTGTGTTT
   133      1   -14.4907517097   0.000000509034       0.0002  TGTATTTGTATTT
   134      1    -8.6035881822   0.000183446372       0.0594  TGTGTGTGTGTAT
   135      1   -13.4694956990   0.000001413424       0.0005  TTCTCGCTCTTTC
   136      1   -10.8628615376   0.000019156633       0.0062  TTTCTCACTCTTT
   137      1    -9.5963151189   0.000067978769       0.0220  TTTTCTTCTTTTT
   138      1    -8.7264597296   0.000162235799       0.0526  TTTTCTTTTTTCT
   139      1    -6.2400335568   0.001949790093       0.6317  TTTTCTTTTTTTT
   140      1   -12.8478697359   0.000002631728       0.0009  TTTTTCTTTATCT
   141      1   -13.2377409404   0.000001782059       0.0006  TTTTTCTTTTAAA
   142      1   -18.9787310597   0.000000005723       0.0000  TTTTTTCTGTAAA
   143      1    -6.0376635974   0.002387129699       0.7734  TTTTTTTCTTTTT
   144      1    -9.6539767239   0.000064169873       0.0208  TTTTTTTTTTAAT
   145     35    -2.6813820328   0.068468463078      22.1838  TTTTTTTTTTTTT