     2    354     68


 1

     1    104    -1.4103190735   0.244065395918      86.3992  AAAAAAA
     2      3    -4.8304103400   0.007983244749       2.8261  AAAAAAG
     3      1    -7.2369657235   0.000719491588       0.2547  AAAAAAT
     4      1    -5.2996949877   0.004993116637       1.7676  AAAAAGA
     5      1    -7.3878919661   0.000618698818       0.2190  AAAACAA
     6      2    -5.0720315118   0.006269670285       2.2195  AAAAGAA
     7      1    -5.0442839418   0.006446074476       2.2819  AAAGAAA
     8      1    -4.9341832755   0.007196335970       2.5475  AAGAAAG
     9      1    -7.4112025825   0.000604443364       0.2140  AAGAGAA
    10      1   -10.9336903992   0.000017846728       0.0063  AAGGGAA
    11      1    -7.2964842056   0.000677918011       0.2400  AATAAAT
    12      1   -13.8119734958   0.000001003543       0.0004  AATATCC
    13      1    -7.9939665162   0.000337492754       0.1195  AATATTT
    14      1   -13.0867820394   0.000002072444       0.0007  AATCTCT
    15      1    -7.2479085568   0.000711661233       0.2519  CCACCCA
    16      2   -10.5535277783   0.000026101239       0.0092  CCACTTT
    17     56    -1.8304998302   0.160333408265      56.7580  CCCCCCC
    18      1    -5.3079489182   0.004952073416       1.7530  CCCCCCT
    19      1    -5.7562557468   0.003162932274       1.1197  CCCCCTC
    20      1    -8.8175395483   0.000148112336       0.0524  CCCCTTC
    21      1    -5.4947545884   0.004108264558       1.4543  CCCTCCC
    22      1    -8.9719589023   0.000126919326       0.0449  CCCTCCT
    23      1    -9.6305608062   0.000065690200       0.0233  CCCTTTT
    24      1    -7.7209442851   0.000443441671       0.1570  CCGCCCG
    25      1    -9.5852885659   0.000068732489       0.0243  CCGCCCT
    26      2    -4.5047292518   0.011056583332       3.9140  CCTCCCC
    27      1    -5.3449748948   0.004772071007       1.6893  CCTCCCT
    28      1   -11.4172713221   0.000011003784       0.0039  CTCCTTT
    29      1    -8.9763445759   0.000126363918       0.0447  CTCTCCC
    30      2    -9.4786955568   0.000076463615       0.0271  CTCTCTC
    31      1    -8.8660009048   0.000141105756       0.0500  CTCTTTC
    32      1    -9.5952355402   0.000068052197       0.0241  CTTCCCT
    33      2    -5.4032162454   0.004502077845       1.5937  CTTTTTT
    34      1    -7.9701674814   0.000345621096       0.1223  GAAGGGG
    35      1    -8.4667921798   0.000210338551       0.0745  GAGAAAG
    36      1    -8.4109602191   0.000222416186       0.0787  GAGAGGG
    37      3    -4.1756025528   0.015365930080       5.4395  GGAGGGG
    38      1   -11.7700049913   0.000007733067       0.0027  GGCGCGT
    39      1    -8.5384816066   0.000195787317       0.0693  GGGAGAG
    40      1    -5.1774097937   0.005642603008       1.9975  GGGAGGG
    41      1    -7.5677395281   0.000516859475       0.1830  GGGGAGA
    42      1    -4.9878048553   0.006820620320       2.4145  GGGGGGA
    43     68    -1.9728702016   0.139057160806      49.2262  GGGGGGG
    44      1   -11.3144676934   0.000012195205       0.0043  TACCCCC
    45      1   -11.6615773447   0.000008618691       0.0031  TATTCTT
    46      2    -5.3931098760   0.004547808202       1.6099  TCCCCCC
    47      1   -12.7093017296   0.000003022876       0.0011  TCCCCTT
    48      1   -12.0131757509   0.000006063789       0.0021  TCCCTTC
    49      1    -8.7240710219   0.000162623796       0.0576  TCCTTTT
    50      1    -8.0673363830   0.000313617526       0.1110  TCTCCCC
    51      1    -7.2944214399   0.000679317840       0.2405  TTATTTA
    52      1    -6.3671710010   0.001717009780       0.6078  TTATTTT
    53      1   -11.5220636012   0.000009909035       0.0035  TTCCCTT
    54      1    -8.1363457309   0.000292704869       0.1036  TTCCTTT
    55      1   -11.0983673283   0.000015137017       0.0054  TTCTCAC
    56      2    -7.9525638480   0.000351759151       0.1245  TTCTCTT
    57      1    -8.3914731712   0.000226792927       0.0803  TTCTTCT
    58      1    -5.3450871043   0.004771535566       1.6891  TTCTTTC
    59      6    -4.5135019331   0.010960011666       3.8798  TTCTTTT
    60      1    -9.5915454149   0.000068303782       0.0242  TTGTTTC
    61      1    -6.7846410552   0.001131013602       0.4004  TTGTTTT
    62      1    -8.9428439650   0.000130668893       0.0463  TTTCTTC
    63      1    -5.5049931771   0.004066416325       1.4395  TTTCTTT
    64      1    -7.4472595577   0.000583037205       0.2064  TTTTATT
    65      1    -8.1423651427   0.000290948250       0.1030  TTTTCTC
    66      1    -7.6708140874   0.000466238111       0.1650  TTTTTAT
    67      1    -5.7670834827   0.003128869622       1.1076  TTTTTCT
    68     46    -1.8821096513   0.152268533160      53.9031  TTTTTTT

 2

     1    104    -1.4103137032   0.244066706625      86.3996  AAAAAAA
     2      3    -4.8306724704   0.007981152372       2.8253  AAAAAAG
     3      1    -7.2376399052   0.000719006683       0.2545  AAAAAAT
     4      1    -5.2994898730   0.004994140903       1.7679  AAAAAGA
     5      1    -7.3880043859   0.000618629268       0.2190  AAAACAA
     6      2    -5.0717938693   0.006271160402       2.2200  AAAAGAA
     7      1    -5.0441948025   0.006446649100       2.2821  AAAGAAA
     8      1    -4.9341707008   0.007196426463       2.5475  AAGAAAG
     9      1    -7.4110363649   0.000604543842       0.2140  AAGAGAA
    10      1   -10.9335613522   0.000017849031       0.0063  AAGGGAA
    11      1    -7.2968263443   0.000677686108       0.2399  AATAAAT
    12      1   -13.8122466503   0.000001003269       0.0004  AATATCC
    13      1    -7.9943696000   0.000337356744       0.1194  AATATTT
    14      1   -13.0880384735   0.000002069842       0.0007  AATCTCT
    15      1    -7.2482528612   0.000711416247       0.2518  CCACCCA
    16      2   -10.5538184360   0.000026093653       0.0092  CCACTTT
    17     56    -1.8304896024   0.160335048135      56.7586  CCCCCCC
    18      1    -5.3082206961   0.004950727735       1.7526  CCCCCCT
    19      1    -5.7560433797   0.003163604048       1.1199  CCCCCTC
    20      1    -8.8173230725   0.000148144402       0.0524  CCCCTTC
    21      1    -5.4946585270   0.004108659222       1.4545  CCCTCCC
    22      1    -8.9721448755   0.000126895725       0.0449  CCCTCCT
    23      1    -9.6312562216   0.000065644534       0.0232  CCCTTTT
    24      1    -7.7212854936   0.000443290391       0.1569  CCGCCCG
    25      1    -9.5856909775   0.000068704835       0.0243  CCGCCCT
    26      2    -4.5046205072   0.011057785741       3.9145  CCTCCCC
    27      1    -5.3449590284   0.004772146724       1.6893  CCTCCCT
    28      1   -11.4169598277   0.000011007212       0.0039  CTCCTTT
    29      1    -8.9761558080   0.000126387774       0.0447  CTCTCCC
    30      2    -9.4785211022   0.000076476955       0.0271  CTCTCTC
    31      1    -8.8658602996   0.000141125598       0.0500  CTCTTTC
    32      1    -9.5950211977   0.000068066785       0.0241  CTTCCCT
    33      2    -5.4030806366   0.004502688408       1.5940  CTTTTTT
    34      1    -7.9698694139   0.000345724130       0.1224  GAAGGGG
    35      1    -8.4666554934   0.000210367303       0.0745  GAGAAAG
    36      1    -8.4107604038   0.000222460633       0.0788  GAGAGGG
    37      3    -4.1755033244   0.015367454893       5.4401  GGAGGGG
    38      1   -11.7705907290   0.000007728539       0.0027  GGCGCGT
    39      1    -8.5383060509   0.000195821691       0.0693  GGGAGAG
    40      1    -5.1773244240   0.005643084736       1.9977  GGGAGGG
    41      1    -7.5677024994   0.000516878614       0.1830  GGGGAGA
    42      1    -4.9880896353   0.006818678220       2.4138  GGGGGGA
    43     68    -1.9728713204   0.139057005230      49.2262  GGGGGGG
    44      1   -11.3146822101   0.000012192589       0.0043  TACCCCC
    45      1   -11.6614833806   0.000008619501       0.0031  TATTCTT
    46      2    -5.3929740004   0.004548426180       1.6101  TCCCCCC
    47      1   -12.7092105811   0.000003023152       0.0011  TCCCCTT
    48      1   -12.0128427809   0.000006065808       0.0021  TCCCTTC
    49      1    -8.7237637349   0.000162673776       0.0576  TCCTTTT
    50      1    -8.0671019900   0.000313691045       0.1110  TCTCCCC
    51      1    -7.2947662974   0.000679083612       0.2404  TTATTTA
    52      1    -6.3674143904   0.001716591929       0.6077  TTATTTT
    53      1   -11.5218204575   0.000009911445       0.0035  TTCCCTT
    54      1    -8.1361510229   0.000292761866       0.1036  TTCCTTT
    55      1   -11.0985405766   0.000015134395       0.0054  TTCTCAC
    56      2    -7.9523421874   0.000351837130       0.1246  TTCTCTT
    57      1    -8.3911650279   0.000226862823       0.0803  TTCTTCT
    58      1    -5.3450724977   0.004771605262       1.6891  TTCTTTC
    59      6    -4.5133932333   0.010961203081       3.8803  TTCTTTT
    60      1    -9.5919484884   0.000068276256       0.0242  TTGTTTC
    61      1    -6.7848844446   0.001130738359       0.4003  TTGTTTT
    62      1    -8.9430315220   0.000130644388       0.0462  TTTCTTC
    63      1    -5.5048974042   0.004066805797       1.4396  TTTCTTT
    64      1    -7.4473670904   0.000582974513       0.2064  TTTTATT
    65      1    -8.1423035257   0.000290966178       0.1030  TTTTCTC
    66      1    -7.6709586138   0.000466170732       0.1650  TTTTTAT
    67      1    -5.7668713441   0.003129533447       1.1079  TTTTTCT
    68     46    -1.8820999231   0.152270014474      53.9036  TTTTTTT