number of sites to be analyzed:  255
Now calculate MLE for pair ['YDR099W', 'YER177W']
log likelihood =  -4071.57935359
Edge derivatives =  [50.69848860762701, 26.444059648810516, 14.32370999429, 4.268598170087204, 86.96465334686718, 26.797573540031188, 57.43674747730877, 14.186169323745375, 20.070250233008718, 31.589185046684396, 16.56943940819485, -57.680555640021396]
other derivatives: [-142.88698367  -21.03770385   57.9130301   225.6085736    20.88222573
  -16.50482773]
Current x array =  [-0.64353555 -0.48264002 -0.93307917  1.76977596 -2.44028574  1.19617746
 -3.90910406 -3.87159909 -4.30005794 -6.28014701 -2.83555499 -3.29056063
 -2.92359461 -3.49891453 -3.97438916 -3.10701318 -4.59465356 -2.01786889]
log likelihood =  -3993.65153244
Edge derivatives =  [28.162280247048635, 4.2695405142215765, 1.0885697269939227, 2.4309795172409148, 38.960882031384386, -2.511666532274985, 18.671321663597467, -9.3507150946989, 2.2107270646682933, 15.728289711406733, 5.587182514983626, -79.18422630883869]
other derivatives: [ 294.33149393   57.43327165   33.57731657  -30.63250915  -41.91711014
  -28.40015441]
Current x array =  [-1.11272602 -0.55172042 -0.93017945  2.51059495 -2.37171587  1.14198143
 -3.7426281  -3.78476612 -4.25302393 -6.26613044 -2.54999374 -3.20256685
 -2.73499259 -3.45233215 -3.90848554 -3.00328544 -4.54024536 -2.20727149]
log likelihood =  -3913.34050252
Edge derivatives =  [26.67532190649737, 5.310438661927301, 1.5139082183014472, 2.4236981330635956, 35.90917363553255, -1.862438512127265, 17.60899386978772, -7.932713029998563, 2.259279332906491, 15.06241135105807, 6.473899347289603, -70.04539106850045]
other derivatives: [ 104.19676073   23.882194     -2.89096533  -24.00988706  -40.2979822
  -22.76537998]
Current x array =  [-0.81517187 -0.49230157 -0.86593382  2.52140316 -2.41398627  1.1072653
 -3.70139687 -3.77479674 -4.24897918 -6.2625927  -2.48961713 -3.20003545
 -2.70293384 -3.4598729  -3.90205917 -2.97960913 -4.53077463 -2.30637761]
log likelihood =  -3890.42363995
Edge derivatives =  [24.241008137108953, 6.751546117127919, 1.9390196024901556, 2.868362859969804, 29.80596707854466, -0.7255735222682724, 15.408964518211844, -5.857271247904462, 2.5073116646275913, 13.968577436416592, 7.351590616987088, -45.099632649676046]
other derivatives: [-166.76513042  -22.6935299    -4.00532372  -11.39769665  -33.98727131
  -11.56217877]
Current x array =  [-0.60113592 -0.43761434 -0.85715245  2.55567364 -2.51518477  1.03778455
 -3.60588016 -3.74848755 -4.23847124 -6.25405789 -2.35280261 -3.19325762
 -2.62927966 -3.47528714 -3.88698152 -2.92435672 -4.50565063 -2.5235764 ]
log likelihood =  -3874.00274582
Edge derivatives =  [21.439006312001872, 4.87252472253931, 0.8126415477106951, 2.9258597899191954, 22.607122838473195, -2.764572354319995, 11.091772694171732, -7.180213919794267, 1.0951134508963496, 12.337732225524494, 6.336190933102672, -37.74957036065246]
other derivatives: [-57.69088602 -21.20150384  -4.39063115 -32.1655989  -33.74793778
 -10.28115548]
Current x array =  [-0.66598286 -0.4392937  -0.8625518   2.59986469 -2.56034175  1.00829933
 -3.5548474  -3.73211851 -4.2317226  -6.24907494 -2.28018653 -3.18687391
 -2.58861743 -3.48063388 -3.87750648 -2.89445468 -4.49108563 -2.62202796]
log likelihood =  -3852.02850914
Edge derivatives =  [16.890356966142974, 4.286852290667329, 0.194228116588256, 3.7085901349105783, 9.83111619882781, -2.5549916949296434, 5.503631687455595, -5.731518862149218, 1.043414701999743, 10.356356218863423, 5.961450415735521, -8.486646880230765]
other derivatives: [ 13.24569894 -12.96207301   3.86157808 -37.51906661 -22.00454219
  -2.21762093]
Current x array =  [-0.71759654 -0.44479383 -0.87784859  2.63363605 -2.7340668   0.91094377
 -3.39405714 -3.68602734 -4.21476391 -6.23247918 -2.06343649 -3.1780037
 -2.47121078 -3.50805799 -3.85356802 -2.80094988 -4.44602755 -2.94384955]
log likelihood =  -3842.98321973
Edge derivatives =  [16.833333256766153, 7.614391796498966, 2.097664989348415, 4.725128605304529, 7.932042112041597, 3.4476637187242365, 7.250129816791011, 0.19021253748460773, 5.038223262119068, 11.237581984269777, 8.079696998880914, 11.879020451608323]
other derivatives: [ 25.15139386  21.99290066 -11.40469976   1.79566086  -2.53521648
   3.01411092]
Current x array =  [-0.73385546 -0.47751365 -0.84943408  2.53062044 -2.90101878  0.85456273
 -3.24314454 -3.64292149 -4.20398725 -6.20864398 -1.91111497 -3.17998264
 -2.38619449 -3.54163344 -3.83464077 -2.71047455 -4.39799103 -3.13394512]
log likelihood =  -3839.26321478
Edge derivatives =  [13.77398617969668, 7.3902176854529, 2.2131758782955098, 5.192395916563249, 1.1266605157979344, 4.364883650159469, 3.7723187331013293, 2.1871876612903094, 4.722983664048834, 9.684975999890517, 8.180693160759528, 21.640642964479866]
other derivatives: [ 23.28411028 -62.08001651   7.08701009   2.17414708   2.54158294
   3.70700945]
Current x array =  [-0.7282657  -0.413269   -0.87838409  2.52208778 -3.03818594  0.8127738
 -3.05162305 -3.57520893 -4.18403421 -6.17262064 -1.73658192 -3.16169531
 -2.27714357 -3.56321701 -3.79623399 -2.59157871 -4.32744928 -3.26849169]
log likelihood =  -3835.44396945
Edge derivatives =  [11.756809834665079, 5.760955576630945, 1.9048837343869662, 5.071837295524255, -3.0259971290222736, 3.871603439670178, 1.443578728859102, 2.647855507435365, 4.3558232858090475, 8.518116735783629, 7.851013186808231, 23.29895666735286]
other derivatives: [ 0.08094503  0.38162398  9.57206794 -4.88776095  2.88769115  2.71920726]
Current x array =  [-0.7102137  -0.45411851 -0.8821697   2.51681015 -3.09895521  0.80230455
 -2.93962139 -3.53172442 -4.17150755 -6.14734226 -1.65401299 -3.14703844
 -2.22036015 -3.57080403 -3.77092026 -2.52017566 -4.2814079  -3.29119096]
log likelihood =  -3831.16098726
Edge derivatives =  [10.380718154983516, 4.612855223329528, 2.1062793487229277, 4.831505381867278, -4.5517115358662075, 4.458933600111798, 0.3158662290852237, 3.837716027708835, 4.261866814718928, 7.669907890286979, 7.8469658147606385, 21.890667862026152]
other derivatives: [-20.64816726  22.72163329  10.98360372  -3.92055881   4.96615939
  -0.59244485]
Current x array =  [-0.69496035 -0.47063222 -0.88409075  2.47265517 -3.15130219  0.81235983
 -2.80451314 -3.47574904 -4.1566071  -6.10985068 -1.59109901 -3.12703569
 -2.16690692 -3.5753123  -3.73710863 -2.43116651 -4.21819562 -3.22886887]
log likelihood =  -3820.47045576
Edge derivatives =  [5.392735359008315, 0.3799470424743773, 2.8223888387698217, 3.800952648486168, -6.656946673171676, 6.3547058241871435, -2.5370935300726787, 7.065452032214652, 3.352598756200281, 5.0065099027261635, 7.337246862657508, 10.140095447245304]
other derivatives: [-57.21785783  51.56789484   5.73227226   0.0723503   10.24495759
 -17.4356046 ]
Current x array =  [-0.67190069 -0.49472182 -0.87605326  2.29864452 -3.28328651  0.85833526
 -2.35376784 -3.28550566 -4.10440356 -5.97477662 -1.43151629 -3.05053502
 -2.00956099 -3.57620433 -3.61786636 -2.13002106 -3.99374776 -2.90668202]
log likelihood =  -3813.55979214
Edge derivatives =  [1.3104993332124106, -1.1126243880658484, 3.2445476904303887, 3.3112942731206925, -6.833721052585549, 7.674821725178262, -4.605906275304712, 8.533876118014854, 3.079555066406284, 3.2065615284921973, 6.76174408618042, 1.9429146940277593]
other derivatives: [-42.85102477  42.84902388  -3.33238859  -2.05718607  10.15323505
 -22.64250725]
Current x array =  [-0.68657849 -0.4883429  -0.86390139  2.18626334 -3.32342635  0.79512523
 -2.06252289 -3.17186983 -4.06145078 -5.87865959 -1.35788128 -2.97878312
 -1.92546251 -3.54929797 -3.53491332 -1.92896701 -3.83007189 -2.69273925]
log likelihood =  -3802.5975388
Edge derivatives =  [-8.096589384300316, 0.9122010551788563, 4.364119642117817, 2.7651548879657675, -3.661646457923866, 11.242006656656239, -7.338888222229253, 11.194680129114776, 4.843924661500458, -0.4788615079381897, 5.985923062516016, -10.221535202230092]
other derivatives: [ -1.72317414  11.68850758  35.68616194  -0.19526851   6.11394171
 -18.12345545]
Current x array =  [-0.73611274 -0.46715543 -0.92473631  1.90920841 -3.32380743  0.48183011
 -1.49553769 -2.95438664 -3.94649071 -5.65826457 -1.27589332 -2.76274662
 -1.81243179 -3.41756567 -3.34325177 -1.50960675 -3.44875094 -2.26291187]
log likelihood =  -3797.95310282
Edge derivatives =  [-12.361530638443831, 2.5516958604199917, 3.9553511523999023, 2.6770934711688676, -3.0245946593745687, 10.88932415874315, -8.635844408336943, 10.461896832868726, 5.124862748326252, -1.919204411468768, 4.8849986102997685, -12.749361053856463]
other derivatives: [ 25.03138603 -32.38260433 -54.30761121 -10.66341611  -1.67638063
  -5.88192961]
Current x array =  [-0.76542963 -0.43686953 -0.80212979  1.80232583 -3.25161208  0.20146455
 -1.31321937 -2.86988777 -3.8712706  -5.54902459 -1.29123    -2.60081171
 -1.82086257 -3.28485488 -3.23736172 -1.34101035 -3.25232314 -2.12508155]
log likelihood =  -3793.44502118
Edge derivatives =  [-7.646272283769818, 4.724324771432497, 3.7417756272788787, 2.90395656296257, 0.27671111803440873, 9.834291801249007, -7.518093673769302, 9.583944764205654, 5.980888755926824, -0.6019358309851939, 5.282120960776229, -8.737323584412879]
other derivatives: [ 29.44739208 -26.24938134 -10.70093276  -3.44894033  -2.02639967
  -1.95714165]
Current x array =  [-0.76912203 -0.44218651 -0.85551545  1.81124496 -3.18790738  0.15106616
 -1.44165171 -2.90951323 -3.86975559 -5.56613514 -1.3670261  -2.58127937
 -1.89093327 -3.2453767  -3.24803772 -1.40900068 -3.27991088 -2.16937506]
log likelihood =  -3789.77999918
Edge derivatives =  [-5.088478838804196, 6.463661099246683, 3.1428238142372376, 3.0338430956311955, 3.363022830069972, 7.316681183743018, -7.0877748510699154, 7.82610828323287, 6.368456305752945, -0.15516073179241596, 4.588865543665324, -4.227892900524138]
other derivatives: [ 11.82575033 -20.93211151   9.88870852   1.60380296  -4.83496478
   3.46067281]
Current x array =  [-0.75564253 -0.44666137 -0.88264834  1.76871076 -3.12211073 -0.00569871
 -1.47343542 -2.88955614 -3.8274277  -5.52546736 -1.42137279 -2.4746324
 -1.96170805 -3.13725556 -3.19524445 -1.38752441 -3.20371698 -2.17474028]
log likelihood =  -3786.77950065
Edge derivatives =  [-4.341362435205572, 5.767556097900341, 1.7830054323598652, 3.045910726806766, 4.154064112320527, 1.6488363234110657, -7.097056792810867, 4.199374703466744, 5.256214746001142, -0.5145288515150936, 1.9287954846252913, 2.9818433157386672]
other derivatives: [ 21.28213055  10.36219146  17.35870683  -2.76031642  -6.98105396
   6.4462256 ]
Current x array =  [-0.76993733 -0.47201879 -0.8920929   1.70587931 -3.10665336 -0.21587208
 -1.43091161 -2.80099062 -3.74831811 -5.43548775 -1.41152094 -2.29453677
 -2.03295317 -2.97156851 -3.0782962  -1.29306406 -3.04228082 -2.20455439]
log likelihood =  -3785.2929274
Edge derivatives =  [-3.6129693570701926, 5.009751555755449, 1.1553553646232795, 2.787505716174903, 6.3245979160171855, -2.6108377681964337, -6.267896710350507, 1.5450018980556086, 3.9618020983738913, -0.7445500883456513, -0.49161868432978495, 3.1819562142187703]
other derivatives: [-39.2633865    1.7770617   12.43593033   3.46972229  -7.94248081
   6.12722033]
Current x array =  [-0.72427962 -0.4648057  -0.88175146  1.58875099 -3.10616169 -0.39012612
 -1.34001831 -2.6768416  -3.66232488 -5.31773141 -1.39959184 -2.11255765
 -2.11068593 -2.80115476 -2.93666776 -1.1616802  -2.84956535 -2.10508246]
log likelihood =  -3784.03162345
Edge derivatives =  [-3.5505989032263794, 3.7736321617142035, 1.0451112947787722, 2.747552242236523, 5.258969816208828, -2.6821379079312955, -5.94097739392125, 1.2827321867705752, 3.337545214989991, -0.652782389934218, -0.7691152783886193, 3.548423885395382]
other derivatives: [-14.06610863  11.05936462   1.42135832  -0.54160409  -5.44796421
   4.83596523]
Current x array =  [-0.74423461 -0.47287277 -0.86644012  1.59800524 -3.14091623 -0.35837432
 -1.34423906 -2.66324379 -3.66180708 -5.31537423 -1.37011163 -2.12047622
 -2.1136001  -2.80502178 -2.92953404 -1.16316318 -2.85382642 -2.12248166]
log likelihood =  -3783.00202047
Edge derivatives =  [-2.8382606133020993, 1.742545659408001, 0.9676721500151995, 2.61881434113126, 4.486701050027435, -2.861532102907604, -4.950200923166123, 0.7528635743533704, 2.0971457110593086, -0.3533197168379987, -1.3465980880064021, 3.2576462248466194]
other derivatives: [ 1.43127181  9.5442374  -8.79485924 -2.10375219 -0.95405994  2.02917363]
Current x array =  [-0.75713674 -0.47216172 -0.85294338  1.58761213 -3.20141754 -0.31631579
 -1.33877956 -2.61839794 -3.64855985 -5.29105208 -1.31805431 -2.11232771
 -2.13536993 -2.78795964 -2.89449408 -1.14611805 -2.83399289 -2.11617367]
log likelihood =  -3782.35128672
Edge derivatives =  [-1.0906076070935085, 0.037364189403286924, 0.9041409124381844, 2.50105090206675, 4.501457629777085, -3.4043244413132046, -3.7326805617967933, -0.18429970226046055, 0.7579369244015601, 0.16692054669384193, -1.9641645571589177, 2.9827712005341946]
other derivatives: [ 7.92838364 -3.18932507 -6.63135324 -0.93446033  2.41257112 -0.66183929]
Current x array =  [-0.76261568 -0.46241016 -0.85662899  1.56809867 -3.24310764 -0.29663617
 -1.34964561 -2.57008314 -3.6265273  -5.25559876 -1.27171413 -2.09161907
 -2.18241498 -2.7499767  -2.84812164 -1.12966525 -2.80632613 -2.09971102]
log likelihood =  -3782.03226123
Edge derivatives =  [-0.9314725147106916, -2.059395406989581, 1.0528570539380344, 2.2281961987620234, 3.2562815951499138, -2.695502567185622, -2.943145571197926, -0.39637349381990983, -0.5369798710727092, -0.014130381873361353, -2.4619567424046656, -0.716717026414238]
other derivatives: [ 1.54427653  9.79634933 -3.77626748 -1.47761057  4.29868123 -4.15361683]
Current x array =  [-0.75926122 -0.47278903 -0.8618313   1.53372152 -3.28069473 -0.27179968
 -1.32254918 -2.51248559 -3.60202951 -5.20457543 -1.20565386 -2.08704314
 -2.22469108 -2.72252911 -2.7971445  -1.09004105 -2.77346396 -2.02628255]
log likelihood =  -3781.5914588
Edge derivatives =  [1.5025432242423713, -1.8962812207325659, 1.0992039421354824, 2.295606842121507, 3.334061861178837, -2.8594592721123915, -2.1402801274475616, -1.2570642275513837, -1.011488343869783, 0.686105762573398, -2.3120231001998346, 0.10011475277560539]
other derivatives: [ 0.11223165 -5.16420187  4.83887561  1.34377842  3.54443728 -3.66076165]
Current x array =  [-0.75704692 -0.46096015 -0.87461463  1.53226822 -3.25818219 -0.29400919
 -1.37935014 -2.50959756 -3.58542122 -5.18204651 -1.18857022 -2.08532225
 -2.28991987 -2.69109575 -2.77874325 -1.10743845 -2.78275294 -2.03427793]
log likelihood =  -3781.26928133
Edge derivatives =  [2.1868808581324726, -1.4175395596261802, 1.2385378389087456, 2.3549573608809773, 2.4382960615449925, -2.204667776058348, -1.9596661219114482, -1.3381312582050076, -0.9774803290794007, 0.83041723365117, -1.9210254921834748, -0.16209030742567163]
other derivatives: [-2.76745595 -5.50244295  5.81749191  1.85091267  1.55187081 -2.50652192]
Current x array =  [-0.75446121 -0.46061052 -0.87644113  1.53465208 -3.22934206 -0.31621935
 -1.40633149 -2.5195182  -3.57659963 -5.16654586 -1.17398273 -2.10046345
 -2.32812973 -2.68420076 -2.77740918 -1.11766373 -2.80052721 -2.03173961]
log likelihood =  -3780.68003107
Edge derivatives =  [1.4651788776640968, -0.8000155806328143, 1.5832938427424064, 2.4883925390516692, -1.8597875186724782, -0.16454023276418955, -1.885420470250685, -1.0172590280216616, -1.1056785046433384, 0.22181391965902808, -1.2240637420499105, -0.9596635318793687]
other derivatives: [-1.95727807 -6.38415258  5.71553755  0.34601726 -2.4424935  -0.22705535]
Current x array =  [-0.75688507 -0.45962081 -0.87811433  1.52208316 -3.19646583 -0.3850932
 -1.39410816 -2.51651961 -3.52871606 -5.08037849 -1.09155942 -2.13009681
 -2.42766491 -2.66694296 -2.75424011 -1.09034323 -2.81903488 -2.00787365]
log likelihood =  -3780.60569324
Edge derivatives =  [4.477758194589393, 1.1961454685799295, 2.180907122455077, 2.995463730423404, -2.7927220255549097, 2.3723144406471, -0.6162287512033273, 0.0806946274675033, 0.06242714055597842, 1.877161804429986, 0.7192652201854133, 1.7428623698497134]
other derivatives: [-11.71729309   4.12856025 -11.96594894  11.93880053   0.34815457
   2.25472832]
Current x array =  [-0.74872689 -0.46907123 -0.8509778   1.51870758 -3.19983595 -0.41838891
 -1.44617679 -2.551424   -3.47209504 -4.98552688 -1.06645372 -2.18034979
 -2.57211778 -2.67307911 -2.76799106 -1.1161558  -2.8981317  -2.04582988]
log likelihood =  -3780.13967443
Edge derivatives =  [2.1560842732225654, 0.34084661380918213, 1.8272719558108506, 2.8332099796066723, -3.7723583530626006, 1.276331277079829, -1.2320071253659914, -0.44875265480729015, -0.6027017797681165, 0.5950779066201815, -0.12451797665769405, 0.41302352427604355]
other derivatives: [-3.62347237  3.73561306 -4.48139872  4.33351488 -1.37929419  1.86660145]
Current x array =  [-0.75678272 -0.46814631 -0.86306899  1.51290252 -3.20518082 -0.44655281
 -1.38953697 -2.52627145 -3.4550131  -4.95767363 -1.05178579 -2.15364093
 -2.56782829 -2.6564698  -2.74600504 -1.0739007  -2.86044131 -2.01826396]
log likelihood =  -3779.76938558
Edge derivatives =  [0.5833795079928218, 0.017261011271226506, 1.5646333061360231, 2.834366726890433, -4.156281473836069, 0.6314410528594498, -1.39888419488025, -0.5886566744093329, -0.9030392005363441, -0.12720583711500577, -0.3918607843453137, -0.35399008293753]
other derivatives: [ 1.41517376  2.43844624 -1.6699687  -0.0091859  -1.18775461  1.85541467]
Current x array =  [-0.76171554 -0.46673779 -0.8678925   1.5121974  -3.22316319 -0.47493504
 -1.34296114 -2.51461388 -3.41345059 -4.88868707 -1.0462422  -2.142636
 -2.61503841 -2.64839908 -2.73479781 -1.040349   -2.85356565 -2.00337401]
log likelihood =  -3778.96359325
Edge derivatives =  [-1.7833346254874045, 0.15614618974457511, 0.9570805964873463, 3.048991057921096, -4.182000840281835, -0.37182242040661434, -1.1263626152457766, -0.5426645201611446, -1.042965356917909, -1.016239463483511, -0.19804246758125593, -1.3790010685220249]
other derivatives: [ 11.17109605   3.00638021   3.81560312  -5.9143531    0.8029474
   2.44654075]
Current x array =  [-0.77095536 -0.46681461 -0.87678695  1.51958528 -3.26629775 -0.54779153
 -1.2632747  -2.51245495 -3.27527368 -4.65768955 -1.05236359 -2.14376058
 -2.81786956 -2.63890195 -2.72658117 -0.98148124 -2.89004115 -1.98862196]
log likelihood =  -3778.19782038
Edge derivatives =  [-4.120280176909393, 0.24826683118719456, -0.02021763006206531, 3.157124435687152, -3.7552330669213996, -1.5410280268152645, -0.62204895312963, -0.4657562573540138, -1.2931902319815, -1.816881978669865, 0.12666453895524837, -3.0912785496697017]
other derivatives: [  5.10717655  -6.65027073   2.32334969 -11.70728865   2.84562702
   2.7207534 ]
Current x array =  [-0.76439955 -0.45799649 -0.87514596  1.53675469 -3.30759736 -0.61091316
 -1.1958296  -2.51968401 -3.09779552 -4.35336862 -1.07683252 -2.16548635
 -3.0975021  -2.63708786 -2.72952191 -0.93066404 -2.96216007 -1.97876332]
log likelihood =  -3777.9818896
Edge derivatives =  [-1.3855688446232417, 1.6960470825861025, -2.847939482112803, 2.3833072693203468, -0.46344533587532766, -2.957180635911989, 0.5630890641437213, -0.5675162922852846, -0.6557649846867657, -0.5063608284317322, 1.020892116229328, -1.8112452291719134]
other derivatives: [ 36.33831511  11.549173     9.05542947 -13.47589205   6.8141162
   3.00919965]
Current x array =  [-0.79099001 -0.47393424 -0.88436163  1.57241731 -3.33087442 -0.70248856
 -1.22483599 -2.58225099 -2.77143998 -3.78601748 -1.15732736 -2.25513253
 -3.69846971 -2.63871708 -2.76973556 -0.92966906 -3.17773394 -2.0390225 ]
log likelihood =  -3776.82757876
Edge derivatives =  [-0.855013237216171, 1.6691486141676541, -1.2703529732478671, 3.005907208045421, -0.571622363892214, -1.428943025601546, 0.512978538796204, 0.15801889045133968, -0.2995600160500691, -0.3249227562518908, 1.343038024007687, -1.7196427225128046]
other derivatives: [ 3.77499418  0.45438355  6.31130206 -4.61664058  5.73427315  2.88800948]
Current x array =  [-0.76139661 -0.46430155 -0.87930995  1.55335786 -3.30484725 -0.64453347
 -1.23623446 -2.56811607 -2.86604882 -3.93036531 -1.14484208 -2.2533626
 -3.54272894 -2.65087498 -2.77066927 -0.94523402 -3.13537969 -2.02746211]
log likelihood =  -3776.5292666
Edge derivatives =  [0.49458148724772905, 1.917588663417471, -1.0899368787046504, 2.9623166113403054, -0.2995029285896573, -0.6576453719225386, 0.6931861141832423, 0.4614512133299209, -0.015110810464826097, 0.15935747047104631, 1.6638865453543943, -1.3934521279312593]
other derivatives: [-4.54151632 -4.13933776  1.52872417 -0.31718628  4.76184141  2.90410753]
Current x array =  [-0.75368555 -0.46083116 -0.87170802  1.55045861 -3.27783519 -0.63075738
 -1.26221181 -2.57631127 -2.84749604 -3.87965422 -1.1501956  -2.28206326
 -3.59851922 -2.65783235 -2.78168788 -0.9604464  -3.16632381 -2.03803017]
log likelihood =  -3776.27795382
Edge derivatives =  [1.1307940746119671, 1.6859105029835337, -1.189813975241589, 2.6391441446656185, -0.10462541402796321, -0.25914217060026207, 0.8147255924460951, 0.5223417778118821, 0.12256408701221089, 0.3012868974951004, 1.7252465630109866, -1.3206603699599697]
other derivatives: [-10.18802323   1.53681867  -2.44508556   1.45191734   2.74194463
   2.5999725 ]
Current x array =  [-0.74912404 -0.46540445 -0.86528034  1.54500865 -3.24282504 -0.61777083
 -1.27417661 -2.57627241 -2.81492704 -3.79316305 -1.16064845 -2.30871558
 -3.6740593  -2.66057806 -2.78999533 -0.96558632 -3.19239355 -2.04652683]
log likelihood =  -3776.07966668
Edge derivatives =  [1.8970480159364462, 1.2750583016820718, -1.078478045337791, 2.1976142414554496, 1.064405339793669, 0.31709269279346697, 0.979974678814494, 0.6067822638319047, 0.3124334659336818, 0.6260748059980461, 1.689623443215934, -0.721932205402496]
other derivatives: [-0.59599188 -8.58663043 -6.90170054  5.34578248  0.24133442  1.89811544]
Current x array =  [-0.75745609 -0.45875135 -0.85796372  1.5269368  -3.19666252 -0.5939682
 -1.27561601 -2.56469772 -2.7877558  -3.69440796 -1.1791434  -2.33080579
 -3.73911223 -2.65963727 -2.79632283 -0.96481723 -3.20233323 -2.05758921]
log likelihood =  -3775.90470966
Edge derivatives =  [0.2744395365915875, 0.3855352703755309, -1.3051415434600762, 1.7110512306545975, 1.1749917227647657, -0.09649496846993855, 0.8946014276200461, 0.3300414005139245, 0.0993825076211734, -0.10332815672262319, 1.2613714550578738, -1.0771838352135257]
other derivatives: [-4.40227268  1.76678441 -2.78546395  2.72998477 -1.59270712  1.1542852 ]
Current x array =  [-0.75543813 -0.46659161 -0.8636359   1.51717524 -3.18330198 -0.58486244
 -1.24211627 -2.54400971 -2.77478498 -3.63932864 -1.18778533 -2.3250045
 -3.75114903 -2.65353977 -2.79076367 -0.94337842 -3.18138343 -2.05117153]
log likelihood =  -3775.82977966
Edge derivatives =  [-0.5622848146238658, -0.15373777668451954, -1.0497427966396367, 1.8648250985992747, 1.0313227999257732, -0.2005803552351793, 0.8192963236664609, 0.12653726363821868, -0.09181700314789154, -0.4117308034981706, 0.9521067440431477, -1.1441348070829176]
other derivatives: [-0.6224127   2.72025318 -0.35324774  1.43040779 -1.80125426  0.7509243 ]
Current x array =  [-0.75909698 -0.46741389 -0.86734646  1.51345835 -3.18654723 -0.57206111
 -1.22644381 -2.530365   -2.80787846 -3.68226123 -1.18403306 -2.3089744
 -3.68563732 -2.64996872 -2.78443345 -0.93630737 -3.14686058 -2.0468393 ]
log likelihood =  -3775.76012705
Edge derivatives =  [-1.0633164298711113, -0.6000654187585789, -1.1305291953788896, 1.6103508376873754, 1.1070906203104551, -0.4481849091912862, 0.8024845532608954, -0.18519488738515666, -0.33284254941921043, -0.6165821593721108, 0.610165761826533, -1.015561908530649]
other derivatives: [ 1.17611307 -0.61645551  2.63335096 -0.37821337 -1.62717697  0.30413503]
Current x array =  [-0.76034743 -0.46442615 -0.87196225  1.51640627 -3.19353164 -0.56302757
 -1.21724412 -2.52357193 -2.81148017 -3.65764501 -1.18481676 -2.30586491
 -3.68025235 -2.64728655 -2.78356541 -0.93155096 -3.13254354 -2.05252119]
log likelihood =  -3775.665501
Edge derivatives =  [-1.131308164642105, -1.232597787794377, -0.9488313964598796, 1.4081178311492364, 0.9145664982390886, -0.42429120975864004, 0.7983763732896572, -0.6095680538532149, -0.6205453054582022, -0.6464906934527483, 0.11760907542389676, -0.6285266378991663]
other derivatives: [ 3.59423211 -2.11784936  2.45540832 -1.78170012 -1.20985533 -0.35270205]
Current x array =  [-0.76191137 -0.46295085 -0.87191475  1.52117662 -3.20106299 -0.53894539
 -1.21931465 -2.51681461 -2.84027605 -3.65042437 -1.17941736 -2.30440563
 -3.64233431 -2.64589307 -2.78486131 -0.93567418 -3.1066475  -2.06596124]
log likelihood =  -3775.54552476
Edge derivatives =  [-0.22804061892639726, -1.4251005628870554, -0.5527133706336246, 0.9899801077515563, 0.8362740336859248, 0.057360421695487385, 0.8899401109648711, -0.8994236980048058, -0.6476544772059643, -0.2558486914044822, -0.37916624777735597, 0.54541534234097]
other derivatives: [ 2.74394552 -2.78801053  4.5145498  -0.44383341  0.25056579 -0.99862518]
Current x array =  [-0.76043355 -0.46209588 -0.87489914  1.52720379 -3.21386336 -0.50574011
 -1.23816032 -2.52114064 -2.87449987 -3.60252645 -1.16863836 -2.31518083
 -3.61582283 -2.64983497 -2.79541022 -0.95157396 -3.08540748 -2.09515843]
log likelihood =  -3775.62124457
Edge derivatives =  [-1.1633114629375478, -1.8546850056266126, -0.4743278817238355, 0.17425808876574628, -1.1836640866467454, -0.04082276952822267, 0.752651333132306, -1.4070852354658903, -1.0150336476388755, -0.5611207910953007, -1.4000463083897483, -0.016136581178329723]
other derivatives: [  2.53999133   1.7419552  -12.21646926  -7.16063369   0.42318788
  -1.59484443]
Current x array =  [-0.75875362 -0.46436558 -0.85177008  1.54833575 -3.23080578 -0.47712721
 -1.24337834 -2.53504083 -2.92591093 -3.54742021 -1.14437104 -2.31612265
 -3.55440558 -2.66249001 -2.8098561  -0.9633182  -3.05226768 -2.11390732]
log likelihood =  -3775.49634734
Edge derivatives =  [-0.5895583450099572, -1.589950705242023, -0.5189047052775027, 0.6847696988521281, 0.054509429152768796, 0.02259878959604822, 0.838284935186042, -1.0956699178998954, -0.7894263731922815, -0.37290546288896853, -0.7658940541731987, 0.3330340030225126]
other derivatives: [ 2.65267772 -1.03732418 -1.81498763 -3.01602086  0.32364369 -1.22781785]
Current x array =  [-0.75978476 -0.46297244 -0.86596668  1.53536497 -3.22040654 -0.49468978
 -1.24017552 -2.52650891 -2.89435486 -3.58124438 -1.1592663  -2.31554456
 -3.59210344 -2.65472236 -2.80098923 -0.95610959 -3.07260886 -2.10239927]
log likelihood =  -3775.44913232
Edge derivatives =  [0.0020736517075277683, -1.1001791309894842, -0.2695255002186465, 0.6395774568955881, -0.10734168177120074, 0.4274723652739673, 0.8823380809500291, -0.8547181020361976, -0.5186023701123736, -0.09679102406190632, -0.6986567921857625, 0.653555286914497]
other derivatives: [ 0.10127224 -0.20272637 -1.56692295 -0.97038537  0.79489837 -1.0473741 ]
Current x array =  [-0.75751163 -0.46363557 -0.86617364  1.53586043 -3.22127078 -0.48882162
 -1.25261896 -2.53760214 -2.90741741 -3.56875699 -1.1524236  -2.32193606
 -3.58261125 -2.66209858 -2.80870245 -0.96594799 -3.07482477 -2.10896152]
log likelihood =  -3775.4062911
Edge derivatives =  [0.3321257235482421, -0.38298998307721976, -0.02340991678840687, 0.6103819480742652, -0.4348718611991673, 0.7879577206981826, 0.8925354930381557, -0.4532019934059171, -0.14095426412964085, 0.09398932553771155, -0.5848037778998734, 0.6769489073181152]
other derivatives: [-1.69684427  1.2181772  -1.45323611  0.77834557  0.87379703 -0.68525878]
Current x array =  [-0.75609107 -0.4648144  -0.86626625  1.53564978 -3.21867644 -0.48782936
 -1.2617938  -2.55270243 -2.9227623  -3.5573048  -1.14468077 -2.32474787
 -3.56476178 -2.67333236 -2.81787259 -0.97454145 -3.07822417 -2.10977432]
log likelihood =  -3775.36537672
Edge derivatives =  [0.17756033827300816, 0.23668287211097377, 0.1621267038147846, 0.5357255748257596, -0.8235982728070279, 0.9286705879739142, 0.8502466731908971, -0.07455379272328802, 0.1694220750793285, 0.0906147517365985, -0.5861622823911408, 0.40753410217790403]
other derivatives: [-2.8546765   1.08493623 -0.89926289  1.35123628  0.51409188 -0.39690349]
Current x array =  [-0.75523388 -0.46464625 -0.86712591  1.53563841 -3.21425559 -0.48777147
 -1.2637975  -2.5658554  -2.94360947 -3.54590736 -1.13840093 -2.31994426
 -3.53027885 -2.68566204 -2.82610869 -0.97941746 -3.07531117 -2.10625144]
log likelihood =  -3775.35408604
Edge derivatives =  [0.29626531119230226, 1.2017318335955836, 0.24571327707503204, 0.23220986614011507, -1.064859062633215, 0.8332969854649583, 0.8029551336033035, 0.500882461162783, 0.6492464384993735, 0.25999310473216375, -0.5493824764096013, -0.03301404925311152]
other derivatives: [ 6.62303137  5.65778464  0.71318027  1.00426405  0.5408765   0.07198651]
Current x array =  [-0.76367258 -0.46872758 -0.86979223  1.54028778 -3.21309006 -0.49468989
 -1.27419144 -2.59043998 -2.97178303 -3.50817812 -1.13634528 -2.30731976
 -3.47698917 -2.70768059 -2.84062158 -0.99066898 -3.08219574 -2.1034216 ]
log likelihood =  -3775.2979074
Edge derivatives =  [-0.48545950696662277, 1.0299571892871797, 0.27593898144866985, 0.30324696470154383, -1.1830168344376233, 0.6347687262602828, 0.703740397032388, 0.49518262786984646, 0.5516394984321387, -0.06089212746426553, -0.7197298567270446, -0.36700374140106373]
other derivatives: [ 0.53282747  1.80393727  0.90030881  0.31327545 -0.15720616 -0.04765752]
Current x array =  [-0.7584185  -0.46520638 -0.86998951  1.53761158 -3.20953587 -0.49208464
 -1.26149842 -2.58406213 -2.98674354 -3.52186777 -1.13666916 -2.29537721
 -3.44107792 -2.7079914  -2.837658   -0.98427306 -3.06640609 -2.09636991]
log likelihood =  -3775.27775528
Edge derivatives =  [-0.7245067345278373, 0.8572309275867762, 0.2420477339304658, 0.31352583251411187, -1.018529872365749, 0.42098538760005827, 0.6632120206457306, 0.46252309942152614, 0.4534628617328156, -0.15219122857186385, -0.7953629278969345, -0.48597013493847846]
other derivatives: [ 0.3470177  -0.81427061  0.74187483 -0.19722393 -0.28271643 -0.14711077]
Current x array =  [-0.75817527 -0.46307265 -0.86972914  1.5371433  -3.20958736 -0.49192596
 -1.25748267 -2.57957328 -2.99453869 -3.52587978 -1.14067549 -2.28630882
 -3.41867593 -2.70779723 -2.83541934 -0.98197114 -3.06073652 -2.09416721]
log likelihood =  -3775.24432195
Edge derivatives =  [-1.08008606323431, 0.5143141488722709, 0.1207990526879294, 0.24651880714771712, -0.5916454688901991, -0.1517082710153423, 0.5719783154452485, 0.42130543622614225, 0.2725059516893067, -0.2924431159892027, -0.9249894373124127, -0.7064402875738829]
other derivatives: [ 0.12823875 -2.02917363  1.0984877  -1.47588253 -0.36270649 -0.30877345]
Current x array =  [-0.75791854 -0.46200021 -0.87014274  1.53787106 -3.21116143 -0.49362483
 -1.25322453 -2.57224819 -3.01187374 -3.52397502 -1.1520157  -2.26501568
 -3.36691712 -2.70938545 -2.83203274 -0.97954987 -3.05387973 -2.09129754]
log likelihood =  -3775.21271387
Edge derivatives =  [-0.49391766756079636, 0.7374969123459614, 0.1507103697162448, 0.1883539366010527, 0.4740654136983148, -0.5546418511917934, 0.5236998593019907, 0.8690509738706103, 0.4350604563806868, 0.02470906793146166, -0.6391337162069167, -0.5836397523586057]
other derivatives: [ 1.8630999  -7.14417183 -1.78124537  0.5709353   0.18362698  0.02064553]
Current x array =  [-0.75936584 -0.45852261 -0.86532978  1.5338286  -3.21061621 -0.50456128
 -1.26345703 -2.57260755 -3.03827701 -3.50206513 -1.17141493 -2.2364511
 -3.28589517 -2.71872887 -2.83280746 -0.9852877  -3.06511781 -2.09048717]
log likelihood =  -3775.1790755
Edge derivatives =  [-0.4911521627650064, 0.2892697431849357, 0.04685452818102101, 0.11193480712806765, 0.7952184457934127, -0.9392110368376331, 0.4663708231668265, 0.7456339106644359, 0.26048477136575143, -0.048103068516450964, -0.6538301047238559, -0.473490829969625]
other derivatives: [-1.26337909 -0.64032974 -0.76270226 -0.12000783  0.16539161 -0.09044925]
Current x array =  [-0.7569073  -0.46346441 -0.8665381   1.53432269 -3.21068464 -0.50601862
 -1.2657668  -2.56426282 -3.04517134 -3.49623363 -1.18127081 -2.22548304
 -3.25691391 -2.71600529 -2.82875914 -0.98502349 -3.06760995 -2.09290806]
log likelihood =  -3775.16656119
Edge derivatives =  [-0.1290082991069509, 0.25714578310370084, 0.07826190226827229, 0.05738842964450848, 0.7877134492349724, -0.7822684915261835, 0.5108236178909101, 0.69501606228767, 0.2527278203713976, 0.06523746610424475, -0.5961493550735413, -0.21775632974527584]
other derivatives: [-0.77320692  0.89471541 -0.50176823  0.28253453  0.39262886 -0.06903065]
Current x array =  [-0.75725428 -0.46472378 -0.86691228  1.53576425 -3.21127111 -0.50483107
 -1.27322708 -2.56524151 -3.04270251 -3.48866001 -1.18006101 -2.23154731
 -3.2644634  -2.71453895 -2.82955743 -0.98876035 -3.07429564 -2.09840369]
log likelihood =  -3775.14916866
Edge derivatives =  [0.31276510764809556, 0.14766782012101595, 0.14547438926788206, -0.07545885536925137, 0.7223810827188916, -0.6465559957506792, 0.5183958807068216, 0.6068874841987274, 0.19062803263934747, 0.1669417237678137, -0.5416247806278329, 0.11424985168458718]
other derivatives: [-0.16916601  1.23900463  0.27266651  0.43646651  0.50536073 -0.01823537]
Current x array =  [-0.75755252 -0.46493706 -0.86810247  1.53903412 -3.21054026 -0.50244581
 -1.28600261 -2.56617847 -3.05092177 -3.47365972 -1.17853266 -2.23529141
 -3.24687273 -2.71347866 -2.83090104 -0.99581239 -3.08388915 -2.10709533]
log likelihood =  -3775.13656663
Edge derivatives =  [0.47572572307465794, -0.48068087269331383, 0.28675257103293916, -0.19755499085356854, 0.12100000069454975, -0.3118946953868476, 0.42066712654027594, 0.21598862603663294, -0.11118241318056299, 0.08432734675206643, -0.5112151626727874, 0.437117123784924]
other derivatives: [ 0.85437932  2.92434379 -4.01050784 -0.73259798 -0.1036824  -0.04033609]
Current x array =  [-0.75821356 -0.466102   -0.86208511  1.54222001 -3.2041798  -0.49539583
 -1.29900234 -2.55886368 -3.0694507  -3.46493923 -1.17157902 -2.24274874
 -3.19624507 -2.70310658 -2.82773159 -1.00263331 -3.09648022 -2.11828001]
log likelihood =  -3775.11359834
Edge derivatives =  [0.4871659301906534, -0.44052713714619685, 0.3761045308558647, -0.21002821975627772, 0.19962468700975022, -0.26981255774784874, 0.35653077948829653, 0.23728410070444264, -0.09277863943703757, 0.05705577081528923, -0.4535538879325287, 0.5678561730139868]
other derivatives: [ 0.60276761  0.36379788 -0.27766873 -0.24056135 -0.22846507  0.04433787]
Current x array =  [-0.75807729 -0.46401526 -0.86752019  1.54124283 -3.20231085 -0.49484885
 -1.30132238 -2.55834235 -3.08276063 -3.45996058 -1.17123049 -2.23868613
 -3.15917552 -2.70241832 -2.82759748 -1.00466512 -3.09957746 -2.11899847]
log likelihood =  -3775.10601444
Edge derivatives =  [0.27533758218341503, -0.3565902554970811, 0.434750215609812, -0.1522046867187551, 0.12615558955294226, -0.20376064968003632, 0.2938690776427665, 0.2736485055537003, -0.04414493660151342, -0.013395173765600399, -0.4193062094773413, 0.47110894663476804]
other derivatives: [-0.09345058 -0.72886905  0.30672709 -0.02805791 -0.45597517  0.10950316]
Current x array =  [-0.75765459 -0.46314176 -0.86837626  1.53890229 -3.20048807 -0.49487891
 -1.29756674 -2.55820084 -3.0889961  -3.46367332 -1.16953134 -2.23643195
 -3.13841658 -2.701381   -2.82705655 -1.0034362  -3.09916537 -2.11540239]
log likelihood =  -3775.09837745
Edge derivatives =  [0.01710259829870886, -0.2954686098150818, 0.49186365966593204, -0.08926095619884816, -0.0075097548294909, -0.10428726800935917, 0.2129701361228281, 0.24752085071560553, -0.013677617524991525, -0.09116770252044115, -0.3668654977608309, 0.2991688832628317]
other derivatives: [-0.3216428  -1.10362635  0.3727564  -0.0385171  -0.67916517  0.15811565]
Current x array =  [-0.75766753 -0.46284587 -0.86852715  1.53660405 -3.19927643 -0.49414199
 -1.29323763 -2.55802254 -3.09443286 -3.46844787 -1.1669988  -2.2355436
 -3.11329395 -2.69800776 -2.82593278 -1.00228027 -3.10133533 -2.11069831]
log likelihood =  -3775.08519279
Edge derivatives =  [-0.020043938883094636, -0.01728095137386018, 0.5560759152240019, -0.04996825333395812, -0.12948599399462757, 0.13667238000502624, 0.14358925332455033, 0.0950116023015195, 0.054187911487658, -0.011705500903800514, -0.18401652967584686, 0.01751960633848265]
other derivatives: [-3.06135917 -1.28520696 -0.00591172  0.4426056  -0.21154847  0.19931576]
Current x array =  [-0.75536192 -0.46258203 -0.86806211  1.53570493 -3.20563099 -0.48956473
 -1.29308767 -2.56364536 -3.09307751 -3.46862601 -1.16208646 -2.24114637
 -3.08074688 -2.68916182 -2.82568231 -1.00542418 -3.1166828  -2.10463744]
log likelihood =  -3775.0785888
Edge derivatives =  [-0.29693976008575035, 0.1533567098842412, 0.5100720897529055, -0.013667023328797157, -0.11785794762712798, 0.07871243426609337, 0.015159040061783285, -0.10443369601657916, 0.06866304463738282, -0.00618501048762643, -0.08333632541946995, -0.5068176942787261]
other derivatives: [ 1.43509169  0.01732587  0.34006007 -0.39217412  0.16561899  0.10195436]
Current x array =  [-0.75946659 -0.46376998 -0.86885187  1.5350449  -3.21294826 -0.48560264
 -1.28798475 -2.56764205 -3.09324296 -3.47227482 -1.1608691  -2.23928767
 -3.03504841 -2.68069844 -2.82414384 -1.00608563 -3.12890984 -2.09472694]
log likelihood =  -3775.07346486
Edge derivatives =  [-0.08700920782706587, 0.05907211839114829, 0.4830927075996754, -0.04619026510565201, -0.09053649968140043, 0.0786470061239753, 0.09555281933821681, -0.11818639093810332, 0.02363926066139732, 0.042454675983191636, -0.10838861225117556, -0.2895137918666314]
other derivatives: [-0.13124009  0.23374014 -0.04256435 -0.19749677  0.26302587  0.05998118]
Current x array =  [-0.75792512 -0.46386496 -0.86821244  1.53652377 -3.21283954 -0.48533473
 -1.2915324  -2.56671247 -3.08650387 -3.46987362 -1.16149559 -2.24289056
 -3.05973383 -2.68174226 -2.82444618 -1.00672447 -3.12797383 -2.09964818]
log likelihood =  -3775.07136185
Edge derivatives =  [-0.003035261615148166, 0.0016027181878989494, 0.4473501306136033, -0.04799469128276903, -0.017539339505328266, 0.0383624606971239, 0.11731082035907678, -0.15460268937883992, -0.011194919713675588, 0.06650351783859021, -0.09039719030289609, -0.19332614845179003]
other derivatives: [-0.37907739  0.25320332 -0.21300366 -0.11386874  0.34197001  0.01473381]
Current x array =  [-0.7576579  -0.46388226 -0.86791478  1.53668854 -3.21321598 -0.48464793
 -1.29262022 -2.56575265 -3.08157111 -3.46931793 -1.1627195  -2.24375744
 -3.06455094 -2.68066253 -2.82378476 -1.0067804  -3.13000834 -2.10139464]
log likelihood =  -3775.06566211
Edge derivatives =  [0.08475355195206463, -0.0673154937747624, 0.32847552932086865, -0.014311400710185634, 0.0860256320133077, -0.07078535193655272, 0.14290813672090114, -0.23656711008189185, -0.07809791386537501, 0.07862377917742691, 0.0013053122867813516, -0.004241107334971295]
other derivatives: [-0.3389232  -0.46934474 -0.57098077  0.04170033  0.34515324 -0.08058123]
Current x array =  [-0.75762607 -0.4633425  -0.86731716  1.53619401 -3.21241249 -0.48269186
 -1.29321201 -2.56437069 -3.06419672 -3.47036573 -1.16452003 -2.24686397
 -3.07119994 -2.67722006 -2.82192412 -1.00588886 -3.13810521 -2.10415717]
log likelihood =  -3775.07853309
Edge derivatives =  [0.040670507665436895, -0.19839059872020476, 0.02481764510865775, 0.05809518818599267, 0.2351124546866067, -0.4367100118093683, 0.12532745132272777, -0.3239856568510552, -0.15566307114053934, -0.027255760889801417, 0.17820305792533572, 0.35174090637031874]
other derivatives: [-2.38896973  5.41890586  1.63813638  0.04724825  0.07316885 -0.23173925]
Current x array =  [-0.75626479 -0.46802834 -0.87030621  1.53413264 -3.20861104 -0.48006915
 -1.29190512 -2.56142696 -3.02943068 -3.47336716 -1.16929294 -2.24948292
 -3.07214413 -2.6726178  -2.81827036 -1.00261144 -3.15326277 -2.10798731]
log likelihood =  -3775.06376952
Edge derivatives =  [0.07312828391207177, -0.10186914905175389, 0.25058677586155487, 0.0049008774597080335, 0.1254171200885007, -0.16677247561345565, 0.1382625878958973, -0.25964751727314356, -0.09842291940590564, 0.050823368555133364, 0.04860989342509758, 0.08978713363931895]
other derivatives: [-0.87825356  1.09475877  0.01327862  0.04602043  0.27407623 -0.12000783]
Current x array =  [-0.75726717 -0.46457791 -0.86810521  1.53565054 -3.21141025 -0.48200039
 -1.29286746 -2.56359459 -3.05503078 -3.47115704 -1.16577839 -2.24755444
 -3.07144887 -2.67600669 -2.82096082 -1.00502478 -3.14210144 -2.10516697]
log likelihood =  -3775.06071232
Edge derivatives =  [0.015935520043171947, -0.06708853032579024, 0.16436008580434733, 0.05479786848951461, 0.13287674891677814, -0.23107682553641468, 0.12298951294987417, -0.28294303747219385, -0.10882583975515092, 0.020661558980749728, 0.1355450379638473, 0.12950543598235625]
other derivatives: [-0.30704541  0.18058017 -0.07689778  0.11168595  0.14251782 -0.14711077]
Current x array =  [-0.75779707 -0.46389839 -0.86796884  1.53448671 -3.20987405 -0.4809231
 -1.29129787 -2.56373621 -3.0422995  -3.47365414 -1.16592223 -2.24956361
 -3.0681238  -2.67380527 -2.81985345 -1.00372281 -3.14869357 -2.10483494]
log likelihood =  -3775.0591211
Edge derivatives =  [-0.062157901388970815, -0.006027021035928143, 0.133649340418756, 0.07966896061003619, 0.06989784763620199, -0.23076094601626396, 0.09768797099867471, -0.2548572860911282, -0.08740965126988942, -0.017954584275488017, 0.17896563591568723, 0.09452018314825295]
other derivatives: [ 0.05638867 -0.15320438  0.05711627  0.09063115 -0.00241016 -0.11600605]
Current x array =  [-0.75816644 -0.46364411 -0.86820419  1.5338918  -3.20850796 -0.4809193
 -1.29023151 -2.56464085 -3.03660767 -3.47485458 -1.16500125 -2.25108231
 -3.06285946 -2.67389912 -2.8199102  -1.00309789 -3.15158202 -2.10371133]
log likelihood =  -3775.05736955
Edge derivatives =  [-0.13513012215746026, 0.061741959665128215, 0.10778569878754979, 0.08854795931577128, -0.037805777520586004, -0.19740059108899316, 0.07006746994444245, -0.18344605982776224, -0.05183572121460034, -0.061373163537268294, 0.2072643762868786, 0.02092267734208214]
other derivatives: [ 0.32414391 -0.11050361 -0.02737579 -0.0091859  -0.15702426 -0.05047696]
Current x array =  [-0.75843665 -0.46366443 -0.86815087  1.53381099 -3.20713249 -0.48156381
 -1.28985154 -2.5659895  -3.03041842 -3.47508646 -1.16364901 -2.25384274
 -3.05848558 -2.67586216 -2.8207427  -1.00279401 -3.15326132 -2.1024183 ]
log likelihood =  -3775.05717014
Edge derivatives =  [-0.07946571919535952, 0.18502964620850754, 0.08405180251393793, 0.07573962964802403, -0.06543987622448566, -0.08375565545718044, 0.0637654316420461, 0.0001897171400072617, 0.026974226310693794, -0.06813077767856401, 0.22994142675780607, -0.03390189523800902]
other derivatives: [ 0.11659722 -1.17911441  1.67760845  0.23305802 -0.13651515  0.07244125]
Current x array =  [-0.75820193 -0.4627546  -0.87077393  1.5345682  -3.2070217  -0.48312934
 -1.29178116 -2.56814862 -3.0183476  -3.47253969 -1.16245472 -2.2607584
 -3.05801185 -2.68185623 -2.82324482 -1.00353126 -3.1533559  -2.1013434 ]
log likelihood =  -3775.05622141
Edge derivatives =  [-0.10597094042451999, 0.12632301480410119, 0.09561206279674858, 0.08186629268099781, -0.05221647960473064, -0.1374018887966394, 0.06677458514007682, -0.08707251759025364, -0.010524317015947249, -0.06488752401933029, 0.21917149272394892, -0.007757563730049821]
other derivatives: [ 0.21477717 -0.67007022  0.8664756   0.11823431 -0.1463377   0.01373337]
Current x array =  [-0.75831374 -0.463188   -0.86952445  1.53420751 -3.20707447 -0.48238361
 -1.29086199 -2.56712013 -3.02409749 -3.47375283 -1.16302362 -2.25746416
 -3.05823751 -2.67900098 -2.82205294 -1.00318007 -3.15331085 -2.10185542]
log likelihood =  -3775.05441985
Edge derivatives =  [-0.10307472282363314, 0.1469737434149557, 0.07034881953459365, 0.061174555219087615, -0.1258100885713218, -0.08262842770264661, 0.05515540123723181, 0.005465143785918947, 0.017568717210773244, -0.07771927133020173, 0.21458772492043277, -0.08540526377703633]
other derivatives: [ 0.33037395 -0.16625563  0.36948222 -0.02410161 -0.17448656  0.07735252]
Current x array =  [-0.75838351 -0.46355478 -0.86886627  1.53495071 -3.20689036 -0.48337184
 -1.29197146 -2.56799116 -3.01747359 -3.47225664 -1.16242739 -2.26135416
 -3.057781   -2.68257828 -2.82343265 -1.00357422 -3.15283881 -2.10125405]
log likelihood =  -3775.05322879
Edge derivatives =  [-0.044003249264917166, 0.12476011746746823, 0.054515550242225236, 0.03060886216915744, -0.11063628241775736, -0.036039619368069986, 0.05738310857095988, 0.06571710470727601, 0.026485203656778866, -0.05633075340353444, 0.19210953596307342, -0.1267190641577908]
other derivatives: [ 0.07835297  0.14711077  0.01937224 -0.0689397  -0.06634764  0.10345502]
Current x array =  [-0.75809313 -0.46376434 -0.8683871   1.53581539 -3.20797828 -0.48386326
 -1.29356747 -2.56795092 -3.01275613 -3.47017512 -1.16294442 -2.26445965
 -3.05827173 -2.68537218 -2.82447125 -1.00439456 -3.15125815 -2.10130351]
log likelihood =  -3775.05249201
Edge derivatives =  [0.01016553725636482, 0.08510936759501717, 0.04611561985621482, 0.008753667648859972, -0.04576312738280097, -0.010612734587938932, 0.05903468029393988, 0.08699175341124832, 0.02393386312255763, -0.025895196144613886, 0.1682948796336289, -0.12714846229748827]
other derivatives: [-0.13251338  0.22400855 -0.11073098 -0.03228706  0.05684342  0.09799805]
Current x array =  [-0.75786063 -0.46380806 -0.86819426  1.53616359 -3.20912397 -0.48372238
 -1.29459869 -2.56723645 -3.01020643 -3.46866245 -1.16400003 -2.26604036
 -3.05646643 -2.68662405 -2.82488365 -1.00513411 -3.14950582 -2.10164054]
log likelihood =  -3775.05171363
Edge derivatives =  [0.056720590220408595, 0.002973405685337299, 0.029870760112302386, -0.024074019870910165, 0.039580257136223596, -0.0009871526075767578, 0.05683099785694443, 0.08175201740671456, 0.0055030174598182935, 0.006681258852728744, 0.1154598449093725, -0.09776761611081061]
other derivatives: [ 0.23887878  0.30991032 -0.06562004 -0.09781616  0.15375008  0.06289156]
Current x array =  [-0.75812819 -0.46387375 -0.86826686  1.53655928 -3.20998497 -0.48304544
 -1.29562545 -2.56577878 -3.00780086 -3.46680084 -1.16549951 -2.26746186
 -3.05264772 -2.68760696 -2.82518538 -1.00610262 -3.14608813 -2.10268764]
log likelihood =  -3775.05227256
Edge derivatives =  [0.03582639230739221, -0.1066275904879726, -0.01958727738849725, -0.04665444998690354, 0.16908137772322918, 0.0003286647869953363, 0.021885142841113578, 0.05409555217616402, -0.02015057431540468, 0.03136305128215788, 0.05377258411691366, 0.004410704143526789]
other derivatives: [-1.60171112 -0.55656528 -0.41172825  0.0768523   0.16007107  0.00682121]
Current x array =  [-0.75648004 -0.46309188 -0.86766775  1.53566391 -3.20970652 -0.48070703
 -1.29562297 -2.56287056 -2.99975385 -3.46526793 -1.16797886 -2.26995504
 -3.0374375  -2.68750277 -2.82504205 -1.00719603 -3.14109029 -2.10441549]
log likelihood =  -3775.05117736
Edge derivatives =  [0.048149380487138516, -0.04211463516493355, 0.009647685008269513, -0.033369682431273896, 0.09293575941790944, -0.0003399353804766081, 0.04254807204630037, 0.07038345930852716, -0.005050334762984221, 0.0169125700320647, 0.09012990810530216, -0.05565754459838468]
other derivatives: [-0.51791176 -0.04656613 -0.20854714 -0.0259206   0.15643309  0.03974492]
Current x array =  [-0.75744954 -0.46355181 -0.86802017  1.5361906  -3.20987032 -0.48208257
 -1.29562443 -2.56458129 -3.00448741 -3.46616964 -1.16652042 -2.26848846
 -3.04638473 -2.68756406 -2.82512636 -1.00655284 -3.14403021 -2.1033991 ]
log likelihood =  -3775.05064802
Edge derivatives =  [0.025726926611531087, -0.06679152318333023, 0.004871387123199372, -0.03691032218128212, 0.1078072352973416, -0.003563095641658076, 0.03159641956158345, 0.04998248927295407, -0.009729380961189804, 0.01746908186777274, 0.06640315760779547, -0.01959588014096858]
other derivatives: [-0.19476829 -0.11164047 -0.1065473  -0.04001777  0.10813892  0.01869012]
Current x array =  [-0.75774953 -0.46351463 -0.8681613   1.53580109 -3.20928428 -0.48138868
 -1.2953111  -2.56391989 -3.00416148 -3.46609008 -1.16677889 -2.26847605
 -3.04194748 -2.6871558  -2.82502583 -1.00674715 -3.14226444 -2.10393437]
log likelihood =  -3775.0502077
Edge derivatives =  [-0.033836163133913494, -0.06705983946439792, -0.00025932399654468585, -0.029571988287553808, 0.08984433471401854, -0.0056913792510896455, 0.00918442980029931, 0.023691411492648112, -0.00265097173622153, 0.003393698126454403, 0.0451902478506008, 0.031944694990162226]
other derivatives: [ 0.05761649 -0.00750333  0.06139089 -0.01464286 -0.02241904  0.00195541]
Current x array =  [-0.75804546 -0.46361805 -0.8683879   1.53482469 -3.20782725 -0.48039565
 -1.29442142 -2.56348541 -3.00358218 -3.46665236 -1.166456   -2.26831882
 -3.03455143 -2.68624301 -2.82484465 -1.00674405 -3.14029617 -2.10437818]
log likelihood =  -3775.05013065
Edge derivatives =  [-0.03905856974877911, -0.04132527738727049, 0.0018111139748953897, -0.024919459902690982, 0.06262881409477061, 0.002184678742493007, 0.004806500848182519, 0.019423528399616502, 0.0049789286395616195, -0.0006414989471832389, 0.03960632370926173, 0.031388620345842166]
other derivatives: [ 0.19927029 -0.26607268 -0.04602043  0.00991349 -0.05247784  0.00559339]
Current x array =  [-0.75817632 -0.46342147 -0.86823815  1.53454279 -3.20753213 -0.48022476
 -1.29439476 -2.56386176 -3.00348045 -3.46697941 -1.16576783 -2.26836812
 -3.03291875 -2.68602533 -2.82487145 -1.00670553 -3.13963973 -2.10424248]
log likelihood =  -3775.05001642
Edge derivatives =  [-0.042190896919598486, -0.018492417952398005, 0.002663550063006781, -0.021921575462561405, 0.03493883699780964, 0.006338984069353515, 0.00017183053317680955, 0.011305287165127548, 0.01240906120913543, -0.0059417342729410905, 0.031550210770515175, 0.03146651058808947]
other derivatives: [ 0.10677468 -0.10509211 -0.01318767  0.02710294 -0.07062226  0.00686668]
Current x array =  [-0.75812209 -0.4635458  -0.86828658  1.534297   -3.20740257 -0.48001157
 -1.29445704 -2.564227   -3.00342959 -3.46728014 -1.16509587 -2.26838116
 -3.03130998 -2.68574028 -2.8248707  -1.00670095 -3.13889005 -2.10410825]
log likelihood =  -3775.04991218
Edge derivatives =  [-0.025374206167150554, 0.010391050295761206, 0.0038488464572142833, -0.022579676550958938, 0.0006524434975043736, 0.012149663783146636, -0.0015882002179863908, -0.00041986736479865394, 0.017854571310156553, -0.0075582276224703815, 0.015403934809172348, 0.0165861329390814]
other derivatives: [-0.0131422   0.03860805 -0.01955414  0.02523848 -0.05238689  0.00641194]
Current x array =  [-0.75802707 -0.46364798 -0.8682897   1.53423006 -3.20774741 -0.47981223
 -1.29494156 -2.5648104  -3.00348459 -3.46751718 -1.16414218 -2.26847194
 -3.03013045 -2.68551803 -2.82489759 -1.00680168 -3.13767779 -2.10383863]
log likelihood =  -3775.04988073
Edge derivatives =  [-0.010322888446409162, 0.015424143246498961, 0.004104271301677842, -0.024642835971289245, -0.006977601550718582, 0.010655370019477362, -0.0005904479299668683, -0.009553993902396807, 0.014473438321079612, -0.005130291516937113, 0.00473480171919155, 0.006390817877951371]
other derivatives: [-0.03237801  0.03860805 -0.01255103  0.00550244 -0.02492015  0.0005457 ]
Current x array =  [-0.75800235 -0.46364126 -0.86830951  1.53431284 -3.20814526 -0.47970133
 -1.29527852 -2.56496292 -3.00376617 -3.46762601 -1.16380383 -2.2683824
 -3.0298328  -2.68539709 -2.8248357  -1.00690129 -3.13699686 -2.10372516]
log likelihood =  -3775.04985797
Edge derivatives =  [0.00417982270050915, 0.013901649698138036, 0.004642910065480316, -0.01930429288820036, 0.000391442257348551, 0.007203089703184451, 0.0008899756212439186, -0.009051385232856313, 0.009009695329504464, 0.001450481008898441, 0.0033350520531529593, 0.006967911598722343]
other derivatives: [-0.01068656 -0.00386535  0.02055458  0.03142304  0.0048658  -0.00541149]
Current x array =  [-0.75802274 -0.46361276 -0.86835814  1.53422137 -3.20847619 -0.47962775
 -1.29543088 -2.56483407 -3.00397182 -3.46816302 -1.16367667 -2.26808446
 -3.02936622 -2.68536143 -2.82457912 -1.00696374 -3.13665356 -2.1036077 ]
log likelihood =  -3775.04984961
Edge derivatives =  [0.004520826636318309, -0.0035495990132553, -0.0009463942104473988, -0.015243279698639423, -0.0017852166568184114, -0.00759170424326594, -0.0007079972497221303, -0.013469733576326082, -0.006357395951336553, 0.0021553255386055348, -0.001337898033562268, -0.0034475035581603697]
other derivatives: [ 0.0347427   0.02560228 -0.06039045 -0.02710294  0.0176442  -0.01468834]
Current x array =  [-0.75805575 -0.46363212 -0.86824745  1.53428495 -3.20874815 -0.47955451
 -1.29549749 -2.56452227 -3.00410461 -3.46891529 -1.16361185 -2.26768111
 -3.02868461 -2.68534278 -2.82420658 -1.00700839 -3.13631546 -2.10346765]
  status: 0
 success: True
    nfev: 83
     fun: 3775.0498496117807
       x: array([-0.75805575, -0.46363212, -0.86824745,  1.53428495, -3.20874815,
       -0.47955451, -1.29549749, -2.56452227, -3.00410461, -3.46891529,
       -1.16361185, -2.26768111, -3.02868461, -2.68534278, -2.82420658,
       -1.00700839, -3.13631546, -2.10346765])
 message: 'CONVERGENCE: REL_REDUCTION_OF_F_<=_FACTR*EPSMCH'
     jac: array([-0.0347427 , -0.02560228,  0.06039045,  0.02710294, -0.0176442 ,
        0.01468834, -0.00452083,  0.0035496 ,  0.00094639,  0.01524328,
        0.00178522,  0.0075917 ,  0.000708  ,  0.01346973,  0.0063574 ,
       -0.00215533,  0.0013379 ,  0.0034475 ])
     nit: 78
Lr rates:  [ 0.12113056  0.85801449  0.79292689  0.53210498  0.775371    0.81358928
  0.79214495]
Process rates:  [ 0.52502868  0.61491389  0.39120505  5.85872721  0.08624044  3.4499598 ]
log likelihood =  4014.6391012
Lr derivatives =  [-333.3551731742217, -287.4417585044207, -155.37026877327108, -86.849937458075232, -78.980918075338877, -40.462012929194394, 9.2048219074349333]
other derivatives =  [ 153.23257685   16.90095814  -71.54167179 -250.62372515  -27.04614417
    6.59547368]
Current x_clock array =  [-0.64430238 -0.48627304 -0.93852343  1.76793238 -2.45061608  1.23836258
 -2.11088631 -0.15313429 -0.23202426 -0.63091448 -0.25441366 -0.20629961
 -0.23301088]
Lr rates:  [ 0.25594501  0.8583094   0.79333987  0.5328589   0.77581381  0.81396603
  0.77594958]
Process rates:  [  0.37225476   0.59202817   0.39198588  10.28169976   0.09163693
   3.39927255]
log likelihood =  3963.2149829
Lr derivatives =  [264.84095794116729, 216.18176147520865, 243.02568711615407, 230.26730645801933, 127.00833686773667, 62.885023513964427, 49.418359109117873]
other derivatives =  [-210.19609449  -74.85627975  -44.50089364  183.82843336  115.74388736
  121.76883502]
Current x_clock array =  [-0.98817681 -0.52420105 -0.93652946  2.33036559 -2.38992091  1.22356145
 -1.36279265 -0.15279064 -0.23150357 -0.62949862 -0.25384272 -0.20583665
 -0.25366773]
Lr rates:  [ 0.19015568  0.86701063  0.76349316  0.50456115  0.75982954  0.80588331
  0.7671324 ]
Process rates:  [ 0.43999623  0.61392705  0.40625475  8.26701968  0.08658355  3.27228148]
log likelihood =  3867.73355767
Lr derivatives =  [-47.94001383421876, -59.956312613812898, 0.098303714655933128, 29.704711495160133, -8.0005173003611265, -10.61315030026114, 17.771132788496686]
other derivatives =  [-91.56701708 -12.91891749 -37.23416739 -42.16776688  30.59399205
  60.03397175]
Current x_clock array =  [-0.82098912 -0.48787916 -0.90077485  2.11227407 -2.44664549  1.18548744
 -1.65991217 -0.14270405 -0.26985112 -0.68406624 -0.27466117 -0.21581633
 -0.26509588]
Lr rates:  [ 0.19464456  0.88718989  0.75611873  0.49224965  0.75909002  0.80824344
  0.75833316]
Process rates:  [ 0.46309065  0.61969774  0.41506848  8.44534143  0.08488118  3.15590726]
log likelihood =  3856.80867447
Lr derivatives =  [-36.566420030000842, -50.812372210846014, 1.7347192899934942, 27.776810637965117, -7.7134384410625643, -9.9282258287820362, 16.072839064479737]
other derivatives =  [-41.89546416  -9.21481842 -24.01957317 -30.58780749  33.65316843
  56.62013791]
Current x_clock array =  [-0.76983246 -0.47852344 -0.87931177  2.13361498 -2.46650283  1.14927602
 -1.63658017 -0.11969624 -0.27955687 -0.70876928 -0.27563491 -0.21289198
 -0.27663246]
Lr rates:  [ 0.22153954  0.97423565  0.70977455  0.42998318  0.75464627  0.82065736
  0.71357622]
Process rates:  [ 0.50080252  0.64253919  0.44421461  9.39698791  0.07488842  2.58708231]
log likelihood =  3833.9749532
Lr derivatives =  [5.8937788282541774, -18.657816709512048, -0.017677177662594801, 12.156306863767645, -12.068237188978072, -10.867385125310243, 6.9533258391722654]
other derivatives =  [ 40.6149411   17.07057891  27.78574526  23.68742571  43.48512448
  35.19048732]
Current x_clock array =  [-0.69154343 -0.44232748 -0.81144748  2.2403892  -2.59175606  0.95053072
 -1.50715417 -0.02610206 -0.34280789 -0.84400919 -0.28150616 -0.19764961
 -0.33746602]
Lr rates:  [ 0.22929264  1.          0.69860436  0.39737762  0.77719588  0.84891887
  0.68492918]
Process rates:  [ 0.50779143  0.63008148  0.43624714  9.29976085  0.06476304  2.19963189]
log likelihood =  3822.84225977
Lr derivatives =  [-25.639155184790493, -45.671812693531962, -32.480688556011074, -17.560317657600741, -21.672048540046411, -10.86254901108649, 0.02028229536638726]
other derivatives =  [ 62.46136763  -8.97903192  15.57950782  10.12981556  28.37932698
  18.2426902 ]
Current x_clock array =  [-0.67768449 -0.46190613 -0.82954636  2.22998868 -2.73702019  0.78829003
 -1.47275618  0.         -0.3586707  -0.92286827 -0.25206286 -0.16379166
 -0.37843984]
Lr rates:  [ 0.25768141  1.          0.7073823   0.35992259  0.82719361  0.89724948
  0.64400988]
Process rates:  [ 0.48360835  0.63902599  0.42205987  9.15990066  0.05033578  1.68650135]
log likelihood =  3810.1218524
Lr derivatives =  [-33.084921875337166, -50.311488157052707, -43.435119166308837, -28.628394145500806, -11.842208937648, 3.0942237496750664, -4.2360902614948772]
other derivatives =  [  1.03796083  10.16242095  -1.96673682  14.55164238  11.191878
   5.67947609]
Current x_clock array =  [-0.72647989 -0.44781015 -0.86260811  2.21483533 -2.98903906  0.52265617
 -1.35603131  0.         -0.34618402 -1.02186631 -0.18971649 -0.10842133
 -0.44004122]
Lr rates:  [ 0.291813    1.          0.78490341  0.34608431  0.88623166  0.92267954
  0.61296417]
Process rates:  [ 0.48932457  0.61779153  0.41485799  8.20054965  0.03821402  1.28233287]
log likelihood =  3801.90966764
Lr derivatives =  [-11.076662538082275, -21.692366906395605, -12.119240040783048, -4.6497088266381947, 21.090839879296531, 23.254200239993764, -3.0714085476796051]
other derivatives =  [ 20.63602551 -36.58460628 -10.13718247  26.1821242   -4.86888894
   6.0725597 ]
Current x_clock array =  [-0.71472926 -0.4816042  -0.879819    2.10420118 -3.26455273  0.24868098
 -1.23164209  0.         -0.24219462 -1.06107286 -0.1207769  -0.0804733
 -0.48944879]
Lr rates:  [ 0.31581361  1.          0.8462126   0.34261224  0.88106455  0.89562085
  0.60182168]
Process rates:  [ 0.48266468  0.64010108  0.4177928   7.37733854  0.0337411   1.10729505]
log likelihood =  3797.06444711
Lr derivatives =  [-6.8018995263159123, -13.386512382898136, 1.780868587756868, 1.932922546429455, 20.522883241604145, 12.889803509509582, -6.1605674540709616]
other derivatives =  [  6.16419129  10.95745574  -4.36752998  22.70412551 -12.51610229
   7.06568244]
Current x_clock array =  [-0.7284331  -0.44612918 -0.87276966  1.99841294 -3.38903857  0.10192015
 -1.15260309  0.         -0.16698466 -1.07115597 -0.12662439 -0.11023812
 -0.5077941 ]
Lr rates:  [ 0.34181872  1.          0.90395074  0.34431726  0.84328186  0.85329444
  0.6052272 ]
Process rates:  [ 0.47247529  0.63315847  0.42359559  6.48566434  0.03195664  0.99119277]
log likelihood =  3793.70648839
Lr derivatives =  [-5.7480785234669245, -9.6497923281162823, 15.124539230743423, 3.4628470410771568, 6.50206504386008, -3.3763786714754715, -9.556705270499684]
other derivatives =  [-10.93344508  -0.09445102   4.49913387  15.54449227 -15.84207894
   8.37499101]
Current x_clock array =  [-0.74976984 -0.45703455 -0.85897608  1.86959426 -3.44337543 -0.00884625
 -1.07347473  0.         -0.10098041 -1.06619179 -0.17045402 -0.15865061
 -0.50215136]
Lr rates:  [ 0.37465535  1.          0.91551955  0.35025768  0.81285432  0.84122727
  0.63394572]
Process rates:  [ 0.47332841  0.641492    0.41729189  5.61679722  0.03285758  0.9021026 ]
log likelihood =  3790.61842252
Lr derivatives =  [-8.1805526412480134, -12.858855501660186, 13.90860211538433, 0.09693584112385456, -3.4115074749406253, -7.9814137403791054, -7.1438087070957064]
other derivatives =  [  1.91448635e-02   2.08615802e+01  -7.59205250e+00   1.53145265e+00
  -1.40712928e+01   8.57603482e+00]
Current x_clock array =  [-0.74796581 -0.44395856 -0.87396932  1.72576161 -3.41557272 -0.10302702
 -0.98174874  0.         -0.08826356 -1.04908616 -0.20720338 -0.17289342
 -0.45579194]
Lr rates:  [ 0.42996181  1.          0.87562634  0.35670643  0.7838014   0.84050638
  0.68392079]
Process rates:  [ 0.46496388  0.62982161  0.42658498  4.79800135  0.03585049  0.79615534]
log likelihood =  3787.96708408
Lr derivatives =  [-2.5630362608498789, -13.742501858063804, -1.6378454858279561, -6.1425816415962151, -12.301465618339043, -8.1370153820902402, -0.015944013533576218]
other derivatives =  [-6.5270342   0.80790414  6.54927135 -5.74545993 -6.20398168  5.88802322]
Current x_clock array =  [-0.76579556 -0.46231866 -0.85194367  1.56819945 -3.32839813 -0.22796096
 -0.84405888  0.         -0.13281583 -1.03084216 -0.2435996  -0.17375074
 -0.37991317]
Lr rates:  [ 0.43303881  1.          0.86808787  0.36058634  0.80238301  0.85280026
  0.68559862]
Process rates:  [ 0.46796232  0.63032828  0.41969575  4.74919341  0.03696414  0.76043976]
log likelihood =  3787.29020342
Lr derivatives =  [3.2628423924953864, -8.9460687057687966, 1.310175179170983, -1.2196988795849721, -3.9018713255981154, -1.1048726348642575, 2.2703969264872521]
other derivatives =  [ 2.01098374  1.18579919 -4.29040483 -2.58819455 -3.21624611  5.0903509 ]
Current x_clock array =  [-0.75936749 -0.46151452 -0.86822522  1.55797479 -3.29780701 -0.27385838
 -0.83692793  0.         -0.14146234 -1.02002386 -0.22016922 -0.15922992
 -0.37746293]
Lr rates:  [ 0.42755449  1.          0.85859689  0.3626379   0.82249046  0.8621171
  0.67918325]
Process rates:  [ 0.46857526  0.62998683  0.41987733  4.80039817  0.0378667   0.73357584]
log likelihood =  3786.98275447
Lr derivatives =  [3.2767440600666635, -9.098429079732492, -0.58523965786180376, -0.6021351128817467, 2.2392592847449984, 3.5677826623636264, 2.4211230628112825]
other derivatives =  [ 3.0810952   0.3524292  -3.60614649 -0.69285306 -1.5284968   3.41196937]
Current x_clock array =  [-0.75805854 -0.46205636 -0.86779269  1.56869887 -3.27368321 -0.30982429
 -0.84967354  0.         -0.15245575 -1.01435046 -0.1954184  -0.14836418
 -0.38686431]
Lr rates:  [ 0.42360784  1.          0.86058145  0.36741693  0.82838224  0.85725261
  0.67194654]
Process rates:  [ 0.46734852  0.62900261  0.42079409  4.80584707  0.03870202  0.70204903]
log likelihood =  3786.78944257
Lr derivatives =  [4.0044035343276381, -7.9987934801198364, 0.33217292860902425, 0.89249108403265343, 3.9053991122661458, 2.3772616742468493, 1.0844237346702132]
other derivatives =  [ 0.11632437 -1.43463694 -1.95559551  1.06815605  0.11405064  2.19747562]
Current x_clock array =  [-0.76068    -0.46361987 -0.86561167  1.56983332 -3.25186353 -0.35375203
 -0.85894715  0.         -0.15014701 -1.00125802 -0.18828059 -0.15402264
 -0.3975765 ]
Lr rates:  [ 0.41819242  1.          0.86851785  0.37161903  0.82646398  0.85391904
  0.6636729 ]
Process rates:  [ 0.46867662  0.63005011  0.4238126   4.77590303  0.03896892  0.65570154]
log likelihood =  3786.68257658
Lr derivatives =  [-1.724099775175425, -12.117974747534491, -3.0051489186725355, -2.094958785542036, 1.1009940650322205, -0.22853860913211221, -1.1828162598165135]
other derivatives =  [ 3.58118086  1.31676643  2.67968971 -2.28601493 -0.15174919  0.0473392 ]
Current x_clock array =  [-0.75784226 -0.46195593 -0.85846391  1.56358307 -3.24499091 -0.42204956
 -0.87181361  0.         -0.14096714 -0.98988607 -0.19059894 -0.15791889
 -0.40996587]
Lr rates:  [ 0.4170242   1.          0.87410198  0.37412539  0.82181183  0.85162812
  0.66413399]
Process rates:  [ 0.46687979  0.62976441  0.42288867  4.78795697  0.03918766  0.65159129]
log likelihood =  3786.65317022
Lr derivatives =  [1.0981886159460288, -9.0899792836561062, 0.82972368020379328, 0.71011863838929656, 1.2282874944566207, -0.68824410603286523, -1.0509795714807217]
other derivatives =  [-1.01699698  0.65024324  1.39662006  0.19163053  0.59189915  0.3653895 ]
Current x_clock array =  [-0.76168346 -0.46240948 -0.86064633  1.5661038  -3.23939333 -0.42833777
 -0.87461102  0.         -0.13455822 -0.98316426 -0.19624382 -0.16060533
 -0.40927136]
Lr rates:  [ 0.41671145  1.          0.87448152  0.3737866   0.82020688  0.85248508
  0.66499091]
Process rates:  [ 0.46701829  0.62944162  0.42222898  4.79021663  0.03907517  0.65211681]
log likelihood =  3786.64606983
Lr derivatives =  [0.27816219638944162, -9.8024451682729214, 0.22184436460024948, 0.089582487282232393, 0.54270410705705974, -0.69545813635014397, -0.97658525046106348]
other derivatives =  [-0.64324013  0.01873559  0.26066118 -0.34096956  0.27348506  0.31218406]
Current x_clock array =  [-0.76138686 -0.46292217 -0.86220751  1.56657564 -3.24226797 -0.42753158
 -0.87536126  0.         -0.13412412 -0.98407024 -0.19819867 -0.15959957
 -0.40798191]
Lr rates:  [ 0.41638513  1.          0.87550889  0.37379771  0.81749565  0.85435892
  0.66682469]
Process rates:  [ 0.46731969  0.62929067  0.42183354  4.7941453   0.03896072  0.64976452]
log likelihood =  3786.64030804
Lr derivatives =  [-0.12770969514268238, -10.078280890386646, 0.029709430266068537, -0.19974190634578104, -0.096896116987857939, -0.30061011164954365, -0.64704123519537404]
other derivatives =  [ 0.10045369 -0.33878678 -0.38799044 -0.51468305  0.02492015  0.19449544]
Current x_clock array =  [-0.76074169 -0.46316202 -0.86314449  1.56739544 -3.24520133 -0.43114526
 -0.87614466  0.         -0.13294997 -0.98404051 -0.2015097  -0.15740389
 -0.4052281 ]
Lr rates:  [ 0.4159256   1.          0.87535964  0.37399798  0.81615978  0.85568474
  0.66870961]
Process rates:  [ 0.46722473  0.6297985   0.42187749  4.80315868  0.03893284  0.6474425 ]
log likelihood =  3786.63814853
Lr derivatives =  [-0.26326126044415155, -10.170873262861315, -0.1880994403519356, -0.29043430874520659, -0.30014058337983673, 0.11787522459345112, -0.26224602815960552]
other derivatives =  [-0.28076101  0.65701897 -0.2665729  -0.35447556 -0.03033165  0.0595719 ]
Current x_clock array =  [-0.76094491 -0.46235536 -0.86304032  1.56927376 -3.24591722 -0.43472529
 -0.87724889  0.         -0.13312046 -0.98350488 -0.20314513 -0.15585326
 -0.40240539]
Lr rates:  [ 0.41541542  1.          0.8757335   0.3744403   0.81586824  0.8557003
  0.66967833]
Process rates:  [ 0.46762234  0.62924153  0.42209569  4.81253318  0.03894325  0.64533935]
log likelihood =  3786.63780892
Lr derivatives =  [0.28201770813496019, -9.6234030716860008, 0.29760142745397289, 0.16660250035921553, -0.077524021948173205, 0.30863231112652301, -0.036375550874096163]
other derivatives =  [ 0.6058599  -0.61627361  0.1331955   0.23665052  0.05948095  0.00709406]
Current x_clock array =  [-0.76009428 -0.46324011 -0.86252323  1.57122359 -3.24564986 -0.43797897
 -0.87847626  0.         -0.13269346 -0.9823229  -0.20350241 -0.15583508
 -0.40095779]
Lr rates:  [ 0.41556022  1.          0.87535904  0.37435215  0.81628453  0.85543292
  0.66942849]
Process rates:  [ 0.46739503  0.62948998  0.42204401  4.80928786  0.0389584   0.64583251]
log likelihood =  3786.63730919
Lr derivatives =  [0.071201469389189143, -9.842854096500993, 0.060228127387061292, 0.0040005755379146635, -0.098002164685650817, 0.19412715142854253, -0.10645643437390273]
other derivatives =  [ 0.07194103 -0.04361027  0.03460627  0.03619789  0.05825314  0.00927685]
Current x_clock array =  [-0.7605805  -0.46284534 -0.86264567  1.57054902 -3.24526097 -0.43721508
 -0.87812774  0.         -0.13312115 -0.98255834 -0.20299229 -0.1561476
 -0.40133093]
Lr rates:  [ 0.41554556  1.          0.87520987  0.37436284  0.81648819  0.8551869
  0.6695423 ]
Process rates:  [ 0.46736072  0.62952048  0.4220454   4.80933515  0.03896166  0.64590132]
log likelihood =  3786.63721853
Lr derivatives =  [0.036292426868943295, -9.8809707017816955, 0.0055834491713468992, -0.013823463622927523, -0.075430929432455773, 0.13885825817752462, -0.097559176465608743]
other derivatives =  [-0.01964509  0.02878551  0.034197    0.01814442  0.05711627  0.00709406]
Current x_clock array =  [-0.7606539  -0.46279689 -0.8626424   1.57055885 -3.24517711 -0.43710854
 -0.87816301  0.         -0.13329157 -0.9825298  -0.20274284 -0.15643523
 -0.40116093]
Lr rates:  [ 0.41546021  1.          0.87505602  0.37441048  0.81684722  0.85458412
  0.669994  ]
Process rates:  [ 0.46735895  0.62953881  0.42203825  4.81005752  0.03895518  0.64591512]
log likelihood =  3786.63708916
Lr derivatives =  [-0.014491927767641855, -9.9231780045091504, -0.046849136004983194, -0.011206117377506875, -0.023760814386637019, 0.018033580335540478, -0.043599144289138358]
other derivatives =  [-0.04947651  0.07298695  0.01705303  0.00281943  0.03092282  0.00391083]
Current x_clock array =  [-0.76065768 -0.46276778 -0.86265932  1.57070904 -3.24534357 -0.43708717
 -0.87836843  0.         -0.13346737 -0.98240254 -0.2023032  -0.15714033
 -0.40048653]
Lr rates:  [ 0.41543119  1.          0.87520541  0.37439096  0.81692942  0.85445488
  0.67022011]
Process rates:  [ 0.46736042  0.62948982  0.42204509  4.80983914  0.03893798  0.64575305]
log likelihood =  3786.63706634
Lr derivatives =  [-0.044160066395447117, -9.9289417703137897, -0.023363184563464756, -0.0044377192694815548, -0.0022735542628884442, 0.0058103066759542799, -0.0085051708929491099]
other derivatives =  [-0.04370122 -0.01978151  0.02842171 -0.01409717 -0.00841283  0.00381988]
Current x_clock array =  [-0.76065454 -0.4628456  -0.86264312  1.57066364 -3.24578526 -0.43733812
 -0.87843828  0.         -0.13329666 -0.98245467 -0.20220257 -0.15729159
 -0.40014909]
Lr rates:  [ 0.41546905  1.          0.87528546  0.37438141  0.81696032  0.85436706
  0.67027538]
Process rates:  [ 0.46741103  0.62954365  0.42200744  4.80973271  0.03893491  0.645696  ]
log likelihood =  3786.63706899
Lr derivatives =  [0.0076297078323701584, -9.8812437420748793, 0.032221288188578612, 0.031127792106308227, 0.020840171922019701, -0.0037698950955658006, 0.0014203774155401305]
other derivatives =  [ 0.07644303  0.07530616 -0.03105924  0.009004   -0.0050477   0.0088221 ]
Current x_clock array =  [-0.76054625 -0.46276008 -0.86273233  1.57064151 -3.24586393 -0.43742647
 -0.87834717  0.         -0.1332052  -0.9824802  -0.20216475 -0.15739436
 -0.40006663]
Lr rates:  [ 0.41544739  1.          0.87523967  0.37438687  0.81694265  0.8544173
  0.67024376]
Process rates:  [ 0.46738208  0.62951286  0.42202898  4.8097936   0.03893667  0.64572864]
log likelihood =  3786.63706298
Lr derivatives =  [-0.02199862691588983, -9.9085311204107409, 0.00042096547270098483, 0.010781288985316717, 0.0076169595628328146, 0.0017089961734555459, -0.004258041061699025]
other derivatives =  [ 0.00741238  0.02082743  0.00268301 -0.00441105 -0.00709406  0.00595719]
Current x_clock array =  [-0.7606082  -0.462809   -0.8626813   1.57065417 -3.24581892 -0.43737593
 -0.87839929  0.         -0.13325753 -0.9824656  -0.20218639 -0.15733556
 -0.40011381]
  status: 0
 success: True
    nfev: 27
     fun: 3786.637062980358
       x: array([-0.7606082 , -0.462809  , -0.8626813 ,  1.57065417, -3.24581892,
       -0.43737593, -0.87839929,  0.        , -0.13325753, -0.9824656 ,
       -0.20218639, -0.15733556, -0.40011381])
 message: 'CONVERGENCE: REL_REDUCTION_OF_F_<=_FACTR*EPSMCH'
     jac: array([  7.41238182e-03,   2.08274287e-02,   2.68300937e-03,
        -4.41104930e-03,  -7.09405867e-03,   5.95719030e-03,
        -2.19986269e-02,  -9.90853112e+00,   4.20965473e-04,
         1.07812890e-02,   7.61695956e-03,   1.70899617e-03,
        -4.25804106e-03])
     nit: 25
