number of sites to be analyzed:  307
Now calculate MLE for pair ['YPL087W', 'YBR183W']
log likelihood =  -9577.7739645
Edge derivatives =  [206.859620089395, 69.63155726730342, 49.177252956866205, 21.880329846500455, 378.15982337224176, 82.75450127434165, 219.16085792602766, 77.70779228894075, 29.974103689566192, 110.30377756119614, 38.81565794743918, -14.964733454936953]
other derivatives: [-150.64415493 -194.1987648    -6.77773642  672.64027166  599.80466176
   -6.30516297]
Current x array =  [-0.64353555 -0.48264002 -0.93307917  1.76977596 -2.44028574  1.19617746
 -3.90910406 -3.87159909 -4.30005794 -6.28014701 -2.83555499 -3.29056063
 -2.92359461 -3.49891453 -3.97438916 -3.10701318 -4.59465356 -2.01786889]
log likelihood =  -8708.12323103
Edge derivatives =  [167.07673626042083, 43.52899625593315, 31.905724078290906, 14.859348328975122, 318.9177009450319, 46.38108484065424, 185.109820469207, 47.818425499881066, 9.267453036202344, 86.2236907907287, 25.454349746706434, -95.40000808978625]
other derivatives: [ 188.33106878  124.67080523  -64.47062333  360.8471161   428.18483053
  -42.65639291]
Current x array =  [-0.78450567 -0.66436777 -0.93942166  2.39922076 -1.87899921  1.1902772
 -3.71552851 -3.80643912 -4.25403874 -6.25967179 -2.48167976 -3.21312044
 -2.71850778 -3.42619696 -3.94633993 -3.00379287 -4.55833056 -2.03187262]
log likelihood =  -9956.42551057
Edge derivatives =  [23.0154647465718, -200.41743412576898, -60.22880418429369, -8.076402360587029, -3.7520343979555486, -204.01280727768676, 59.008454483806666, -227.08474758539492, -180.16570450629717, 6.249703930769054, -67.96993618834681, -327.59544769898685]
other derivatives: [ -336.5401426   -686.67668529   -68.23775038 -1259.435885   -1183.12182167
  -171.01865524]
Current x array =  [-0.33068556 -0.42508481 -1.13253261  3.89079622 -0.23743786  1.06132892
 -3.09258506 -3.63395786 -4.12881834 -6.20201517 -1.30340314 -3.02379838
 -2.03481588 -3.2359331  -3.89981499 -2.68001224 -4.45870029 -2.32082108]
log likelihood =  -8309.30681146
Edge derivatives =  [117.34412433650105, 9.071634313032565, 11.017820502772524, 10.14217947138315, 216.37230855241936, -4.893211164548667, 132.80626367354088, 3.1627083118861634, -16.709946370808545, 55.52607980939895, 9.12163698450633, -176.41112477061853]
other derivatives: [ -80.16177162  108.99566405  -70.68174455  -80.20306268   86.82764019
  -68.86657502]
Current x array =  [-0.65351303 -0.59530008 -0.99516205  2.82975568 -1.4051717   1.153057
 -3.53571937 -3.75665337 -4.21789457 -6.24302953 -2.1415768  -3.15847369
 -2.52116393 -3.37127836 -3.93291077 -2.9103354  -4.52957284 -2.11527598]
log likelihood =  -8152.70406166
Edge derivatives =  [74.52386917935489, -6.038397094436343, -0.953284610766412, 9.200733364743845, 111.9780304492395, -31.15329013956276, 90.60531427164906, -18.981854838635876, -26.221711769725776, 32.1038958401227, -0.2851052132599097, -161.55449791482724]
other derivatives: [ 154.26703612 -160.21213014   -7.52443157 -325.3558134  -162.6057383
  -71.69837772]
Current x array =  [-0.77315563 -0.4594698  -1.10701367  2.89439135 -1.10504599  1.04684937
 -3.30366384 -3.72409608 -4.18810028 -6.22213331 -1.71286757 -3.14308686
 -2.26199396 -3.34507764 -3.94987549 -2.79713414 -4.5054069  -2.38524229]
log likelihood =  -7969.66942948
Edge derivatives =  [50.92554681773849, 8.048219458328603, 2.4104243700870396, 13.34286854760372, 34.21562217587665, -15.703379746164332, 75.47741331686453, -4.868455297590387, -12.835731993007528, 23.862957622812374, 4.947096074547489, -62.55142761755946]
other derivatives: [  37.92720236    8.13734005   79.08920452 -249.46430131 -195.02786017
  -59.34116416]
Current x array =  [-0.72400416 -0.52886563 -1.20208252  2.67304669 -0.98652919  0.89218724
 -3.03248569 -3.69930739 -4.16199934 -6.19497434 -1.23783376 -3.15567983
 -1.95270549 -3.33751103 -3.98687467 -2.66834873 -4.483834   -2.75763504]
log likelihood =  -7837.49176334
Edge derivatives =  [38.59231682312805, 42.59532491453582, 18.36177944215617, 24.340646810152794, -18.338191733345628, 30.944474992383242, 72.39583447642195, 37.110100741650584, 15.619328932937306, 22.05681009701491, 20.033210165238323, 56.10603033228897]
other derivatives: [  72.741841   -454.795736    -19.8525413    19.0721039   -71.85344657
  -24.05122359]
Current x array =  [-0.74346969 -0.38130665 -1.05307185  2.16580226 -1.11207877  0.58983516
 -2.56548544 -3.61480896 -4.10708316 -6.12276889 -0.57390069 -3.16101454
 -1.37249307 -3.29841511 -4.033989   -2.44010227 -4.42957289 -3.22776235]
log likelihood =  -7781.53634225
Edge derivatives =  [33.57966254818269, 48.034767277414694, 21.0452081344762, 26.839817985232486, -30.452399195642112, 40.49315405834554, 64.16681504609404, 45.01326407077117, 19.54845243345303, 18.402553903201913, 23.240638445403523, 72.22307156776232]
other derivatives: [  17.23919922  114.83534763  -42.69068086   54.287284    -56.98138921
  -10.36632966]
Current x array =  [-0.71950905 -0.60120576 -1.02040776  2.03326554 -1.20546285  0.46453108
 -2.37697032 -3.54484361 -4.07122356 -6.0760474  -0.37610875 -3.13087975
 -1.11216372 -3.24791226 -4.03336174 -2.34441552 -4.39182563 -3.32429148]
log likelihood =  -7763.7812986
Edge derivatives =  [34.90986723527566, 47.38675448957972, 21.10094473252148, 26.471669659703846, -17.996444659417918, 40.686745150303416, 62.3756867520155, 44.640816809997574, 19.652467643894138, 17.841218740255865, 23.197097968124574, 70.85938177140815]
other derivatives: [-15.33690011  98.73565432 -42.86930562  54.88436727 -40.03841241
  -7.47422746]
Current x array =  [-0.70248026 -0.59100247 -1.01848209  2.04611322 -1.26106408  0.44790234
 -2.34818986 -3.51290576 -4.05756717 -6.05778049 -0.39024737 -3.10716117
 -1.05926145 -3.21984539 -4.02199793 -2.32843852 -4.37646147 -3.28068966]
log likelihood =  -7601.20403838
Edge derivatives =  [36.13521713850452, 31.052140621400177, 18.104723345229708, 22.12407774800428, 64.38901974749537, 39.18994977669031, -3.4053661355777645, 33.169130797791134, 19.017596809265367, 3.746384850972342, 19.754887305075986, 54.969257153691224]
other derivatives: [-130.54568626 -133.62441678  -19.48183126    2.59051376   48.32427294
   19.47046258]
Current x array =  [-0.6447703  -0.4829713  -1.04384542  2.11598816 -1.96120161  0.10846235
 -1.69388816 -2.97001762 -3.8132265  -5.7389443  -0.22139019 -2.71585936
 -0.01099015 -2.74925055 -3.85312327 -1.99229016 -4.10688126 -2.78439194]
log likelihood =  -7534.16104972
Edge derivatives =  [32.054878842478146, 16.62105063433031, 14.992558129360203, 19.896316539211945, 71.22950457829282, 36.44372669144535, -48.030071033040656, 23.598134073498333, 17.4982988543117, -0.7734859895117245, 16.775089718917787, 44.835188491584745]
other derivatives: [-50.87995305 -94.32087609  10.5226718  -32.07214831  50.99254849
  23.81102604]
Current x array =  [-0.67883921 -0.49880386 -1.08337893  2.01732779 -2.34162775 -0.09878043
 -1.16721362 -2.58058333 -3.62578287 -5.49390529  0.09910477 -2.40734074
  0.65354097 -2.40277954 -3.72435819 -1.75842263 -3.90059964 -2.4679152 ]
log likelihood =  -7450.21522949
Edge derivatives =  [18.082040703674497, -6.912113591439935, 9.069474525117231, 16.430747128412886, 36.149137424926444, 24.41229683545475, -72.57621503652457, 5.527662253029955, 12.846515905567102, -1.5748223185847736, 11.957746408751666, 17.874757130895908]
other derivatives: [-114.02107702  -24.75790097  -45.82225301  -73.21914381   13.30918167
    6.93953552]
Current x array =  [-0.65398239 -0.52745115 -1.03561016  1.7096399  -2.74630845 -0.30022209
 -0.32243214 -2.00268827 -3.31108025 -5.07549804  0.7611435  -1.83598074
  1.29566177 -1.84429241 -3.47766423 -1.43784262 -3.55173517 -1.86280267]
log likelihood =  -7435.85477946
Edge derivatives =  [20.329490626804905, -20.422983146391065, 3.722910792990693, 13.198731722361694, 19.71421473686451, 4.250907689132873, -10.82002452265312, -9.252799882093335, 11.07668854221675, 4.489329229343808, 6.962847481646616, -21.788922083739255]
other derivatives: [ 195.76482373   63.25981303  190.38989194   22.60494512   85.19045878
  -38.60177458]
Current x array =  [-0.79302977 -0.57925833 -1.31290608  1.13477695 -3.15401491 -0.48679124
  0.61897253 -1.44170754 -2.93341786 -4.54901158  1.48953554 -1.09601277
  1.54829067 -1.22601481 -3.14008949 -1.11143048 -3.12190621 -1.07370291]
log likelihood =  -7389.94656133
Edge derivatives =  [6.602905435258813, -9.045042304149073, 4.7508496574255625, 14.886773084189612, -15.01244594916257, 11.080384339981261, -28.721565336456862, -0.9097115184830167, 12.78838197627385, 2.7611458188724076, 9.393530763794613, -0.8169220625046123]
other derivatives: [ 20.18368832  29.5949576   34.84483386   4.334197     6.26132532
 -26.43810149]
Current x array =  [-0.71101066 -0.55802409 -1.11433516  1.21071523 -2.90965803 -0.45250062
  0.41083733 -1.63016608 -3.02668161 -4.67016657  1.40756121 -1.27537266
  1.37320262 -1.40614161 -3.2164007  -1.19728848 -3.2254152  -1.33468861]
log likelihood =  -7384.19565692
Edge derivatives =  [7.71261372851851, -6.682277866342903, 4.364683880115583, 14.66033956891336, -16.875380260440643, 8.2867862880612, -20.70481043104039, -0.7150789792033931, 12.037761343478106, 3.991359106495634, 9.144230713725436, -5.000493930904055]
other derivatives: [  3.47399691   4.57630449 -17.89785529  -1.26474333   7.15399437
 -27.95959517]
Current x array =  [-0.70242435 -0.54602576 -1.05917576  1.23914879 -2.84235203 -0.44095063
  0.34115237 -1.68838673 -3.04124889 -4.67724429  1.33060033 -1.28710283
  1.21348707 -1.44416524 -3.20730377 -1.23393997 -3.23549247 -1.33356227]
log likelihood =  -7376.53713115
Edge derivatives =  [6.796582683557863, -1.2836653395688655, 3.2655125214698275, 14.525357884363135, -26.336948003695117, 1.4887703960919856, -8.799063866736446, -0.5726291529321343, 11.434095152309169, 6.856425677453463, 8.654921919016326, -9.990628270050138]
other derivatives: [-43.66947906 -17.00082066 -23.76073098  -3.0303454   -3.82779035
 -29.27527021]
Current x array =  [-0.68426832 -0.53576183 -1.05119373  1.23447992 -2.72148334 -0.47825985
  0.30845279 -1.76196429 -3.03538206 -4.63611789  1.25213798 -1.25141307
  0.94440476 -1.47198032 -3.15700358 -1.2628004  -3.21286402 -1.31006094]
log likelihood =  -7366.34465053
Edge derivatives =  [5.863096468329292, 5.0651832668732135, 1.3144119673502535, 14.095940624538457, -24.984105587275284, -11.041184677336505, 3.023110986987821, -1.4066160719626357, 9.535905702017114, 13.23217202125574, 6.9694869078433275, -17.274760844253528]
other derivatives: [ 33.45694495 -31.01213224 -45.45190677 -10.23308869  -9.84737198
 -24.44612619]
Current x array =  [-0.71403291 -0.52984731 -1.03273891  1.22374378 -2.5698143  -0.62210171
  0.31059231 -1.85175295 -3.00488303 -4.51833993  1.07718944 -1.17103168
  0.54541512 -1.49188562 -3.03976058 -1.27330201 -3.14155995 -1.26781216]
log likelihood =  -7356.0194887
Edge derivatives =  [-1.9549895013507714, 10.977274187589241, -0.21441793610558973, 14.574476595151415, -13.97706888724947, -21.16179663571338, 6.699562223051225, -1.8452099012292438, 8.203029212943907, 20.51376234074487, 5.8486041247595795, -15.361935880043829]
other derivatives: [-22.35901775 -20.06509021  -2.2911081    3.00251486 -12.43861334
 -15.49642548]
Current x array =  [-0.69252305 -0.53483104 -1.07084118  1.1470949  -2.48595771 -0.86998819
  0.4436673  -1.86932983 -2.93404903 -4.31983629  0.95553312 -1.05244288
  0.26321885 -1.45495569 -2.87739596 -1.20367355 -3.0135994  -1.23034391]
log likelihood =  -7347.85580626
Edge derivatives =  [-9.738113588283367, 11.757208053750356, -0.5146045720456924, 15.298921114202818, 4.146336764083403, -22.102808070394104, 5.558857701429238, -2.6638717166628956, 6.27950528667208, 25.802060769774595, 4.863893897558426, -7.6059379613231926]
other derivatives: [  0.04856702 -16.89586497   8.45075192  14.57719918   1.47101673
  -5.725542  ]
Current x array =  [-0.7008928  -0.53689641 -1.08139751  1.10236673 -2.48965163 -1.11536918
  0.57258732 -1.83233531 -2.87432515 -4.13060265  0.86582497 -1.00874046
  0.157652   -1.41582982 -2.74019241 -1.08091838 -2.89795663 -1.24669848]
log likelihood =  -7336.84327535
Edge derivatives =  [-23.627772212420933, 5.649146434724802, -0.6596471004158233, 15.707728557722989, 16.882701661350676, -19.284621530784744, -1.90808658872094, -7.522691192940635, -1.2636237149962315, 31.302931346648805, 1.8924394369180828, -0.15794018955932132]
other derivatives: [ -3.71146598  90.31773516  21.85497578 -12.93446985 -11.25845301
   3.63379513]
Current x array =  [-0.6983596  -0.58718663 -1.09760197  1.14136836 -2.44719553 -1.48156398
  0.63223194 -1.78232323 -2.81482619 -3.81735842  0.70896258 -1.07971848
 -0.03652446 -1.42076807 -2.53469898 -0.80682442 -2.7363185  -1.34198462]
log likelihood =  -7323.9947432
Edge derivatives =  [-36.200910923131055, -8.046737193464228, 0.19742057432260401, 14.632540088298686, 31.165359499936102, -11.79820997846665, -10.191968695848074, -13.92290538422864, -11.89068392895824, 32.587583682193625, -2.7835987671797118, 7.9990290976103475]
other derivatives: [  9.0724825    7.59146133  42.13025022 -31.42267815  -8.03083822
   6.93598849]
Current x array =  [-0.70119616 -0.54415863 -1.12291885  1.13326262 -2.53004791 -1.96895187
  0.81594619 -1.59067363 -2.69805184 -3.35312894  0.66525703 -1.14076505
 -0.04207611 -1.34620452 -2.26399022 -0.34448375 -2.48767759 -1.40494901]
log likelihood =  -7310.89667924
Edge derivatives =  [-19.508813629261073, -14.932113924054073, 3.779620178397927, 13.207074197369177, 42.47549339955085, 4.2389766402949025, -12.5824520698874, -8.27221537837416, -20.51133012588113, 26.79148723696166, -4.893706540359367, 18.838272625333797]
other derivatives: [ -3.82560756  43.584987    15.01157385  -9.10240487  24.09151421
   7.0202077 ]
Current x array =  [-0.69477461 -0.56131349 -1.09072491  1.10094927 -2.5819917  -2.36765128
  0.78993427 -1.48492932 -2.63060168 -2.93794209  0.62729357 -1.31572667
 -0.12519256 -1.37649701 -2.07363108  0.13603775 -2.30802405 -1.52355417]
log likelihood =  -7300.64930442
Edge derivatives =  [-28.55225621181982, -21.634273493029088, 5.138436684562061, 4.745125340917984, 17.365866047268145, 9.42278681402882, -17.425556499235192, -4.860956306546146, -30.364684866092894, -3.5126990820372184, -10.26418544558283, 17.088797501890603]
other derivatives: [ 36.82844181  17.33114914  -8.49149728 -30.90854079 -52.44819477
   4.98002919]
Current x array =  [-0.71071555 -0.54663041 -1.07405999  0.99802375 -2.52755196 -2.82483775
  0.83361658 -1.38209336 -2.49867665 -2.37732386  0.75901821 -1.39080892
 -0.31322039 -1.36758044 -1.88052039  0.75480937 -2.07405156 -1.50971351]
log likelihood =  -7285.77450525
Edge derivatives =  [6.239429633911239, -8.59001430125762, 7.199178031524148, 10.125830322738237, -0.006722766077665199, 15.042853296237073, -12.539540362407111, 2.098056076635363, -13.002331215564078, 5.835127832307555, -3.537184366646513, 10.851621183521337]
other derivatives: [ -9.50321919 -31.13782441 -14.49325282  29.91664587   2.13231033
   6.19538696]
Current x array =  [-0.69229426 -0.52829759 -1.06064218  0.93434782 -2.63316127 -2.54903586
  0.68783073 -1.43638303 -2.50854756 -2.49817214  1.0471434  -1.35524653
 -0.18358865 -1.37399878 -2.12952709  0.7133289  -2.2011451  -1.33941769]
log likelihood =  -7280.35803585
Edge derivatives =  [9.329602939385081, -4.156936393009876, 5.139292340287919, 8.07027577954086, -5.26659986417225, 8.340384438923323, -7.740276235144687, 0.045779587132656396, -11.611483897223234, 5.719325175199155, -4.856007220571717, 0.07029328877053309]
other derivatives: [-13.04397301   0.02928573  -4.67089194  12.47708497  -3.55057637
   5.15956344]
Current x array =  [-0.69085684 -0.54155756 -1.07099897  0.96546796 -2.60761655 -2.4940414
  0.6356534  -1.51542736 -2.49042486 -2.47315903  1.04409065 -1.29336763
 -0.36504153 -1.38933389 -2.18576272  0.69839667 -2.22421115 -1.25260678]
log likelihood =  -7277.0734487
Edge derivatives =  [11.750958927662678, 0.626470979884835, 2.858848559808251, 4.140915495261524, -2.444295305630261, 0.43164701250979765, -2.983730735082995, -1.2427917746182733, -10.191669170793553, 2.651364808686227, -6.628359342610182, -9.259866922461343]
other derivatives: [-3.16185833 -0.47457434  0.3862624  -1.39125405 -2.99969543  3.85725798]
Current x array =  [-0.69404535 -0.54100018 -1.07666342  0.9849694  -2.60153572 -2.5083111
  0.63065689 -1.58756906 -2.4402599  -2.34911758  1.01500408 -1.21897261
 -0.60117919 -1.40223406 -2.23315618  0.76885636 -2.22394976 -1.18195335]
log likelihood =  -7274.7755785
Edge derivatives =  [6.055649250391756, 3.3826050486446957, 1.6249965069891246, 3.1355556992995917, -5.259680467098244, -3.139350307507667, -1.8406381480990386, 0.020620528845257946, -5.341609124212537, 1.9722496650988761, -5.278306771017226, -8.158615590322253]
other derivatives: [ 50.87740647  29.80350473   6.74172043  -2.7459464   -4.09590939
   3.5276571 ]
Current x array =  [-0.71558424 -0.55550551 -1.08522318  0.98720353 -2.6413538  -2.43710669
  0.71985227 -1.59940208 -2.39269199 -2.28004947  1.06424279 -1.17109368
 -0.65854358 -1.40417757 -2.37012461  0.82448423 -2.29137388 -1.18973678]
log likelihood =  -7272.78229171
Edge derivatives =  [-1.3581511582508659, 5.692869286145636, 0.42358873052434987, 0.6691865828681636, -2.2924387861114384, -6.734193958760959, -0.9478175863728542, 1.0264224363821055, -2.2152149513808093, -0.9211450718198864, -4.369710553759822, -5.6058065735151565]
other derivatives: [ -3.30637704  27.63672455   7.60846888  -4.32028173  -4.61977834
   3.03389243]
Current x array =  [-0.69403628 -0.55414933 -1.08443354  0.98925162 -2.68770886 -2.42017506
  0.82976716 -1.59999576 -2.33130748 -2.1593537   1.08746441 -1.12606189
 -0.74117451 -1.40123371 -2.48057117  0.92173149 -2.33635125 -1.20984648]
log likelihood =  -7271.96571254
Edge derivatives =  [-2.419283898847232, 5.066516564553538, 0.7144818939044659, 1.5735659150315244, -1.4229630107030504, -5.52454770944408, -0.9477599177481749, 2.0027998864357803, -0.7377604489129328, 0.5047941724080942, -3.1476258327931044, -1.9831378791629448]
other derivatives: [ 2.08028723  8.17653927 -0.8920324  -0.79080564  2.75877028  3.03871275]
Current x array =  [-0.69556679 -0.54541134 -1.07595463  1.00051943 -2.71956172 -2.36266939
  0.8614298  -1.58390526 -2.32481822 -2.16666345  1.10834279 -1.13975758
 -0.70128733 -1.40341112 -2.55138815  0.92533078 -2.3859949  -1.24685554]
log likelihood =  -7271.53254115
Edge derivatives =  [-2.071071266511444, 4.0623895720813215, 1.3232584439926067, 2.17572635701205, -1.8058539274786147, -3.1832686401257746, -1.0776825835510273, 3.0970119983576976, 0.07656515821810284, -0.1972401139461516, -2.1381639863636908, 1.4375330056041236]
other derivatives: [-0.57934813 -1.33268259 -1.81689757  1.99661372  4.9175469   3.09228199]
Current x array =  [-0.69458045 -0.54110019 -1.07463308  1.01129187 -2.72626551 -2.31838719
  0.85902342 -1.57187116 -2.32499996 -2.17008616  1.11245301 -1.1754568
 -0.68623199 -1.41349576 -2.60205548  0.9340904  -2.42864826 -1.28856248]
log likelihood =  -7271.07046726
Edge derivatives =  [-2.5509520032461004, 3.032306977360864, 1.5302216519444631, 2.682075991401109, -3.0635100529272705, -2.2722537546095904, -0.9603006835081471, 3.069130327071123, 0.8366918274172473, -0.5814670710196537, -1.3570074092859503, 2.4153987926968066]
other derivatives: [  0.33787728 -10.94495019  -6.60811565  -1.84672899   1.16015144
   2.74158083]
Current x array =  [-0.69494138 -0.53655136 -1.0699806   1.03498439 -2.70161504 -2.2329561
  0.82731263 -1.57722266 -2.32982233 -2.19459131  1.08573236 -1.21368552
 -0.72067482 -1.42759153 -2.66682892  0.90181462 -2.49491237 -1.32189264]
log likelihood =  -7270.63534286
Edge derivatives =  [-0.04833325449439474, 1.5813504899638735, 2.2312662994668155, 2.7436015366112674, -0.8272667013429826, 0.3719362561933569, -0.14258888378629608, 3.296109493871135, 1.701049029047082, -1.7274138153794443, -0.29984160193950965, 3.992747700171082]
other derivatives: [-1.80953066 -4.17467163  6.12017175  0.94560164  2.89355739  2.11421138]
Current x array =  [-0.69500186 -0.53948379 -1.08124158  1.05037468 -2.66871187 -2.1352329
  0.77610656 -1.57403636 -2.32629681 -2.19337492  1.03797191 -1.2750585
 -0.78659413 -1.43859588 -2.73869003  0.88152048 -2.57542795 -1.35990083]
log likelihood =  -7270.42348438
Edge derivatives =  [0.7187045915345847, 1.096778127943349, 2.0822239264333895, 1.920173996725747, -0.12689603943657612, 0.17521966826867907, 0.4071853643052339, 2.0828036029707993, 1.710571608972375, -2.0345937450465006, -0.3609448137682854, 1.7209125871203916]
other derivatives: [ 0.36416168  4.97475412 -7.09096639 -2.10166036  0.40772647  1.45873855]
Current x array =  [-0.69548022 -0.5435968  -1.06801587  1.05340798 -2.64304903 -2.09133813
  0.74639399 -1.5779406  -2.31623277 -2.1810909   1.0077293  -1.28935714
 -0.84458838 -1.43294634 -2.75779806  0.8607448  -2.60556823 -1.3493991 ]
log likelihood =  -7270.30043306
Edge derivatives =  [0.6690761916897546, 1.2464773128812825, 1.778466066561953, 1.0854173561605869, 0.17297786078531563, -0.6629246508359897, 0.6548447373329356, 1.0171959073867927, 1.5121594612648852, -2.0232910366981294, -0.7179167717233634, -0.5154542179422602]
other derivatives: [ 3.95839379 -3.19096216 -0.35679477 -3.24762368 -2.23708412  1.14250724]
Current x array =  [-0.69709867 -0.53983246 -1.07484024  1.04558079 -2.62929935 -2.09208191
  0.74063082 -1.57916451 -2.30534535 -2.16275252  0.99778475 -1.28098894
 -0.87462614 -1.4214794  -2.74361861  0.85435635 -2.60067398 -1.32559504]
log likelihood =  -7270.1979838
Edge derivatives =  [0.30556153963929455, 0.9242597067211205, 1.7568673126341754, 0.9182199437905897, 0.8979075611258456, -0.5977569877261649, 0.6860643275206063, 0.4791721554952435, 1.3349653699836308, -1.0663693106399066, -0.7866847765893541, -0.9712363551082922]
other derivatives: [-0.04920366  4.38294592  2.07010089 -1.10376277 -0.96870281  1.07675078]
Current x array =  [-0.69567979 -0.54340827 -1.07689748  1.0342346  -2.63328962 -2.09663696
  0.75229423 -1.56843342 -2.29505429 -2.15136393  1.00269056 -1.27456467
 -0.86292947 -1.40729845 -2.72837995  0.85042743 -2.59391053 -1.31341029]
log likelihood =  -7270.11400233
Edge derivatives =  [-0.4124347284782244, 0.1931008721858353, 1.7790201658991456, 0.7619071074241502, 1.3336247227021492, -0.3203154422780279, 0.6869696667462712, -0.11122082455224558, 1.2618361773649687, -0.04456048827907144, -0.7016049267941988, -0.9285909366685938]
other derivatives: [-0.92595656  5.40539986  2.1550477   0.79162419  0.05102265  0.8848474 ]
Current x array =  [-0.69535962 -0.54402558 -1.07679843  1.02480752 -2.63804767 -2.08558073
  0.76582469 -1.55367961 -2.28035521 -2.13838875  1.00903874 -1.27423159
 -0.84803881 -1.39222377 -2.72426518  0.84441403 -2.59959925 -1.30836234]
log likelihood =  -7270.00614303
Edge derivatives =  [-1.536259446624843, -1.4313225206553717, 1.5809123720820066, -0.07663506179787283, -0.06539546835259924, -0.3883677629329258, 0.45754554524184543, -1.0783929056997859, 0.8975166794495799, 0.22239838598172834, -0.63773317533882, -0.4818947756758365]
other derivatives: [-1.04655555  4.0508894   1.36051312 -1.40162228 -2.05754986  0.47493813]
Current x array =  [-0.69516051 -0.54334448 -1.07640405  1.02092433 -2.64616149 -2.06029908
  0.78065126 -1.53282968 -2.24582984 -2.10892268  1.02621019 -1.27998278
 -0.82271517 -1.37488616 -2.72017506  0.84673173 -2.61788105 -1.31220231]
log likelihood =  -7270.20621668
Edge derivatives =  [3.835787594501342, -2.154152979944889, 1.9994916253215604, -0.005242744345024919, 1.9859262747339765, 1.206913262379882, 1.0154322607144655, -1.1908868275968243, 0.30843936929620264, 2.6690436597054665, -0.19773749215821787, 0.48839201270429244]
other derivatives: [ -2.02659976e+01  -1.88254489e+01  -4.26443876e+00   8.91332093e+00
   8.60454747e+00  -9.45874490e-03]
Current x array =  [-0.68761694 -0.53350838 -1.06883576  1.00465361 -2.64779631 -2.01609109
  0.74831894 -1.52110902 -2.19952078 -2.09767007  1.02832954 -1.30713489
 -0.78486527 -1.36097898 -2.67872172  0.81779103 -2.64290373 -1.31310943]
log likelihood =  -7269.97059773
Edge derivatives =  [-0.007828676955806912, -1.6317821546668685, 1.6991203705554423, -0.054603762486281404, 0.5075918406727402, 0.07385427181816889, 0.6101672361422572, -1.106322408477296, 0.7373047274321116, 0.9184668012598982, -0.5113605617026199, -0.20862669304045334]
other derivatives: [-6.36555342 -2.26937118 -0.20236257  1.52058419  0.96533768  0.34469849]
Current x array =  [-0.69305266 -0.54059603 -1.07428929  1.0163779  -2.6466183  -2.04794629
  0.77161682 -1.52955464 -2.23288996 -2.10577843  1.02680239 -1.28756975
 -0.81213898 -1.37100015 -2.70859198  0.83864499 -2.624873   -1.31245578]
log likelihood =  -7269.92969908
Edge derivatives =  [0.5605304575299324, -2.2488160824161145, 1.634054660891162, -0.4150079013672773, -0.23149546828010226, 0.20226107668694915, 0.5399166617793258, -1.170353489425237, 0.5096819917413986, 0.8938198506786025, -0.4279457277685383, 0.44939627632762724]
other derivatives: [ 2.77723302 -3.1765012  -1.24546204  0.9777068   1.35851224  0.18162609]
Current x array =  [-0.69645294 -0.54021325 -1.07367721  1.01705058 -2.65149816 -2.03253756
  0.77001787 -1.52401918 -2.21278973 -2.09456882  1.03564613 -1.29599749
 -0.79513836 -1.36848322 -2.703398    0.84125444 -2.63713177 -1.32019974]
log likelihood =  -7269.90057367
Edge derivatives =  [0.8355291353812284, -2.3451277272486246, 1.5062657433821793, -0.6362808525386933, -1.1868975692525632, 0.030649063967551737, 0.41888751451305567, -1.1133002069966766, 0.3298494906612386, 0.5065656742058372, -0.4166695751393863, 0.6776725475082777]
other derivatives: [ 1.23391146 -2.9102921  -1.26910891 -0.64019332  0.12205419  0.11013981]
Current x array =  [-0.69582165 -0.54022126 -1.07380862  1.02075261 -2.65134965 -2.02434488
  0.76454316 -1.52665894 -2.2012496  -2.09158817  1.03936549 -1.30094381
 -0.78788359 -1.37143164 -2.69839738  0.84296357 -2.64395714 -1.32528591]
log likelihood =  -7269.83679389
Edge derivatives =  [1.9213739906464893, -1.5922138875467895, 1.2296254138532237, -0.7826189396060212, -2.0513912397942713, -0.2970185093677316, 0.27114613596814835, -0.6204991299541092, -0.007828275725084932, 0.2528356676144561, -0.3793727756571513, 0.8314606855894817]
other derivatives: [ 2.11339284 -0.55078999 -0.59071681 -1.06856533 -0.21636879  0.04365575]
Current x array =  [-0.69621543 -0.54121956 -1.07460042  1.02360674 -2.64896124 -2.0101822
  0.7502001  -1.54163794 -2.17430815 -2.09347538  1.041253   -1.30910063
 -0.77085482 -1.38030663 -2.67635254  0.83967101 -2.65425283 -1.32863158]
log likelihood =  -7269.75579262
Edge derivatives =  [1.123672321516708, -0.5605213963409609, 0.736618351457786, -1.108895260975846, -1.832496091535765, -0.7210210005864779, -0.10189330801763097, -0.0711259343651291, -0.25761357695846365, -0.28340191093786216, -0.2122326391303558, 0.9418565461528254]
other derivatives: [-1.72713044 -0.16525519 -0.30913725 -1.7687853  -1.73222361 -0.25520421]
Current x array =  [-0.69484184 -0.54125589 -1.07494159  1.02611592 -2.64702669 -1.98007544
  0.75033337 -1.55998938 -2.12518481 -2.08914682  1.03613447 -1.32390618
 -0.74784008 -1.38902222 -2.65785289  0.84020379 -2.67926044 -1.33160854]
log likelihood =  -7269.71193457
Edge derivatives =  [0.7183705994190657, 0.4123149266433271, 0.512305245501411, -0.9211581527812053, -0.06559940587167756, -0.6818706219416697, -0.21721667159438662, 0.37104014050572093, -0.31521922776709943, -0.012961601592581085, -0.07050671135208608, 0.6417263142898018]
other derivatives: [ 0.28549039  1.32640707  0.51377356  0.0941327   0.11841621 -0.39444785]
Current x array =  [-0.69575437 -0.54199431 -1.07565982  1.02473184 -2.64768902 -1.96433908
  0.75428418 -1.57343834 -2.09262076 -2.09519081  1.02677507 -1.33507373
 -0.73179813 -1.39352847 -2.6433906   0.83659359 -2.69311391 -1.32633216]
log likelihood =  -7269.69795754
Edge derivatives =  [-0.18786056058464562, 0.5841991484398262, 0.4916915086757021, -0.6976534161190904, 0.3858830435539684, -0.57889693466628, -0.3393944488003672, 0.3359227686820574, -0.27111442784860207, 0.015096867519893253, -0.04479116416278948, 0.21750838675435613]
other derivatives: [ 0.02910383 -0.33032848 -0.50795279  0.05884431 -0.3513378  -0.38089638]
Current x array =  [-0.69564686 -0.5412142  -1.07472304  1.02413798 -2.64783594 -1.9650955
  0.76133674 -1.5753028  -2.08437865 -2.10147799  1.02373473 -1.33886648
 -0.7283239  -1.39289118 -2.64181674  0.83649222 -2.69470193 -1.32088307]
log likelihood =  -7269.68787023
Edge derivatives =  [-0.6105741853170111, 0.3997403626244761, 0.5613450140051746, -0.4031544134535737, 0.8203105845525406, -0.25207860216858, -0.3450135602467925, 0.2190960023271275, -0.17195931781674612, 0.2309394554758073, 0.035815685566679634, 0.05193764597744255]
other derivatives: [-0.89657988  0.31795935  0.54023985  0.54624252  0.27994247 -0.38880899]
Current x array =  [-0.69533555 -0.54150994 -1.07570699  1.02364501 -2.65060423 -1.96406972
  0.76760047 -1.57180112 -2.0759962  -2.10759543  1.02397146 -1.34510016
 -0.72519006 -1.38984682 -2.64509472  0.83656626 -2.69853311 -1.31769753]
log likelihood =  -7269.67898668
Edge derivatives =  [-0.7579278700411622, 0.24405389869424227, 0.5975299975957891, 0.05542366830148848, 0.5819776026544301, 0.01703002186655611, -0.37585848311289544, 0.12709892396469374, -0.08070920903496637, 0.19773672543329768, 0.09338092856010241, -0.2640172856852332]
other derivatives: [ 1.44973455 -2.70119926 -0.34569894 -0.05838956  0.10377335 -0.32468961]
Current x array =  [-0.69617731 -0.54008184 -1.07503209  1.02633706 -2.65169192 -1.96616711
  0.76830133 -1.57112958 -2.0666539  -2.12165566  1.02508433 -1.35399544
 -0.72536947 -1.38973519 -2.64912346  0.83691125 -2.70193402 -1.31486421]
log likelihood =  -7269.67261348
Edge derivatives =  [-0.5354959088276151, -0.007671533782212988, 0.5882552340856262, 0.16804286872945673, 0.23823278800643588, 0.1483809468360261, -0.3654867791493036, 0.027835780171927116, -0.08766586549311761, 0.22259726196005247, 0.13739170768847578, -0.21551657260200763]
other derivatives: [ 0.3263267  -0.11723387 -0.78771336 -0.24292603  0.16952981 -0.34615368]
Current x array =  [-0.69571813 -0.54123647 -1.07456004  1.02685504 -2.65299844 -1.96384521
  0.7670937  -1.56832305 -2.05875725 -2.1243451   1.02823949 -1.35889487
 -0.72348776 -1.38807145 -2.65044894  0.83699699 -2.70569917 -1.31542334]
log likelihood =  -7269.66949381
Edge derivatives =  [-0.21329760165861578, -0.06841474209337127, 0.5415290089905032, 0.2086833484973707, -0.15928532576499377, 0.13343112523923856, -0.35268609308894705, 0.03424672945595525, -0.0927691882970394, 0.13206557593538049, 0.15689512320155768, -0.10465759301716038]
other derivatives: [-0.13078534  0.35870471 -0.1123226  -0.47612048  0.0257387  -0.35033736]
Current x array =  [-0.69555495 -0.54142513 -1.07523297  1.0278139  -2.6530456  -1.96267408
  0.7640147  -1.56822763 -2.0537073  -2.12582584  1.0304836  -1.36130223
 -0.72356403 -1.38847075 -2.65102859  0.83760083 -2.70786323 -1.31700033]
log likelihood =  -7269.66636051
Edge derivatives =  [0.014223607335664967, 0.0034647270935056116, 0.4950586576092664, 0.27615728533289197, -0.31757609536418285, 0.10331823638917748, -0.3274936019310415, 0.08745401294448629, -0.050323282340551945, 0.03619493850106992, 0.17465659813884682, -0.008069673505493036]
other derivatives: [-0.25620466  0.60281309 -0.06566552 -0.2838533   0.00873115 -0.32478056]
Current x array =  [-0.69551457 -0.54153408 -1.07524068  1.02770284 -2.65255222 -1.96390948
  0.76190815 -1.56882213 -2.0491473  -2.12739067  1.03111442 -1.36248535
 -0.72563018 -1.38894095 -2.65223826  0.83866811 -2.70842875 -1.31780613]
log likelihood =  -7269.65942732
Edge derivatives =  [0.2765896477031148, 0.008292668314256794, 0.20639346810415748, 0.25688391928986853, -0.5140260258457343, -0.18367714709578914, -0.265201902152571, 0.011676933643526066, 0.04392973283776058, -0.25799608786400996, 0.17402368720462946, 0.2102314995188158]
other derivatives: [ 2.50120138  1.22236088  1.50403139 -0.41036401 -0.43564796 -0.31459422]
Current x array =  [-0.69663149 -0.54179652 -1.07686191  1.02709048 -2.65128792 -1.96775461
  0.75955656 -1.56777858 -2.02838585 -2.12612582  1.03152182 -1.36570339
 -0.73273694 -1.38742534 -2.65695801  0.84284556 -2.7105785  -1.31980904]
log likelihood =  -7269.65349001
Edge derivatives =  [0.6112776380550401, 0.1810144163082694, 0.06148654835855216, 0.39860153622954886, -0.24038659890826075, -0.30340367355124814, -0.15538043633783494, 0.0321876624621395, 0.19314584471244822, -0.36378331906794326, 0.1929691228721389, 0.32295722831145135]
other derivatives: [-1.60489435 -0.95687938  1.17715899  0.48203219  0.04638423 -0.23574103]
Current x array =  [-0.6950312  -0.54080706 -1.0762421   1.02544601 -2.65051657 -1.97593901
  0.75796723 -1.5673748  -2.01514965 -2.12800375  1.030186   -1.36729087
 -0.74145452 -1.38637707 -2.66149436  0.84576864 -2.70884146 -1.3194291 ]
log likelihood =  -7269.64912657
Edge derivatives =  [0.35024710915298174, 0.1312148280657686, 0.037022795880037096, 0.3482079921363654, -0.03651301698193876, -0.3497313540425311, -0.1506096321830947, -0.06690259391540299, 0.20401230752035993, -0.33912273668012904, 0.15851255703137956, 0.20741902055742256]
other derivatives: [-0.45247361 -0.13842509  0.22382665  0.37071004 -0.09549694 -0.22037057]
Current x array =  [-0.6954416  -0.5411928  -1.07533561  1.02454229 -2.65031289 -1.97952273
  0.76040414 -1.56595182 -2.01462793 -2.12632709  1.02885737 -1.36605668
 -0.74392772 -1.38486284 -2.66249228  0.84609667 -2.70647961 -1.31796065]
log likelihood =  -7269.64656785
Edge derivatives =  [0.047578586918223253, 0.007035160427844775, -0.0076211247143436744, 0.2515334166537941, 0.24691420658828056, -0.41187864573222427, -0.12457355889267213, -0.22204831565595068, 0.21336462711599058, -0.26887993262634535, 0.1120664696734136, 0.06973403563888492]
other derivatives: [ 0.21891537  0.04401954 -0.21464075  0.17253114 -0.16079866 -0.20436346]
Current x array =  [-0.69566732 -0.54128002 -1.07492922  1.02361595 -2.65046127 -1.98448882
  0.76376355 -1.56332854 -2.01230629 -2.12315998  1.02750363 -1.36514225
 -0.74770336 -1.38256882 -2.66415594  0.84648722 -2.70354671 -1.31618978]
log likelihood =  -7269.64429957
Edge derivatives =  [0.012789885384372979, -0.025237296537146896, -0.02993425839750069, 0.1855721987445405, 0.28635109129982683, -0.3993064108045589, -0.0839831232935696, -0.22369138997922072, 0.20384798608970134, -0.18266480973774601, 0.09156289844906323, -0.01226171388578634]
other derivatives: [ 0.28157956  0.14942998 -0.30731826  0.0433829  -0.04783942 -0.17125785]
Current x array =  [-0.69566445 -0.5413158  -1.07484672  1.0237002  -2.65080519 -1.9882351
  0.76463917 -1.56269797 -2.00910836 -2.12139494  1.027599   -1.36657347
 -0.7508222  -1.38263015 -2.66430679  0.8461101  -2.70184409 -1.31529255]
log likelihood =  -7269.64028701
Edge derivatives =  [-0.5405855761983747, -0.09704384980432176, 0.00029402917373816395, -0.05930114018670829, -0.3192854388588844, -0.11178957571264059, -0.04578783252175195, -0.05319247091507978, 0.1418603908419589, 0.004909258960127838, 0.05948873592057471, -0.14434389478477516]
other derivatives: [-0.24165274 -0.23837856  0.16170816 -0.28785507 -1.0986696  -0.01737135]
Current x array =  [-0.69543847 -0.54104928 -1.07541028  1.02283337 -2.64963356 -2.00139751
  0.7685602  -1.56110987 -1.99858937 -2.11396813  1.03029481 -1.37560157
 -0.7609464  -1.38468406 -2.66195318  0.84389506 -2.69563776 -1.3134416 ]
log likelihood =  -7269.64347113
Edge derivatives =  [0.5360721718063823, 0.028594348864479976, 0.09957433003611699, -0.04748217908801289, 0.41079495892669926, 0.2009867882715361, 0.2155530804346833, 0.23545554388935838, 0.14732547655062356, 0.49714000608611053, 0.10248825902639798, 0.08730518885880878]
other derivatives: [ 1.432727   -0.27275746 -0.09849828  1.61317075  2.08956408  0.06075425]
Current x array =  [-0.69602512 -0.54113394 -1.07492286  1.02208858 -2.65348724 -2.00587309
  0.76586566 -1.56121534 -1.99289356 -2.11207507  1.03110522 -1.38097936
 -0.7649496  -1.38638636 -2.65994627  0.84266007 -2.69385648 -1.31414714]
log likelihood =  -7269.63903514
Edge derivatives =  [-0.16677630132853638, -0.05343237640243972, 0.034748380009563096, -0.05515795208097596, -0.0660051087033866, -0.0028265148184897226, 0.04500662755399076, 0.0470154090557206, 0.1437781313055031, 0.17578085767170204, 0.07442311812740357, -0.06394145669629914]
other derivatives: [ 0.33924152 -0.2496563   0.07166818  0.37252903  0.00782165  0.01000444]
Current x array =  [-0.69564185 -0.54107863 -1.0752413   1.02257516 -2.65096958 -2.00294913
  0.76762604 -1.56114643 -1.99661471 -2.11331183  1.03057577 -1.37746598
 -0.76233426 -1.38527423 -2.66125741  0.84346691 -2.69502021 -1.31368621]
log likelihood =  -7269.63843224
Edge derivatives =  [-0.003060533372498342, -0.021116056052517086, 0.014971894738205871, -0.03396806425193766, -0.10108583997263554, -0.0595641823857348, 0.037317162303928175, 0.0488819742831193, 0.12976924523960265, 0.10478127778871105, 0.07415520821103092, -0.04198480956839923]
other derivatives: [-0.02874003  0.08030838  0.00381988  0.1810804   0.06248229 -0.00600267]
Current x array =  [-0.69549626 -0.54122251 -1.0751689   1.0235093  -2.65103112 -2.0009664
  0.76584475 -1.56230638 -1.9975214  -2.11470537  1.0304772  -1.37690894
 -0.76108066 -1.38589092 -2.66091796  0.84381009 -2.69605909 -1.31445933]
log likelihood =  -7269.63830647
Edge derivatives =  [0.06297111938086664, -0.018578736769999812, 0.014245349369994276, -0.036964191321274376, -0.14024962765921978, -0.0695708144807583, 0.029116241884666105, 0.0420256366121573, 0.10321780437039862, 0.0643249245983889, 0.0651913971279007, -0.04762232850563608]
other derivatives: [ 0.19354047 -0.5322363  -0.07785275 -0.04220055  0.04029062 -0.0079126 ]
Current x array =  [-0.69556966 -0.54093337 -1.0751221   1.02430003 -2.65103354 -2.00041671
  0.76491491 -1.56303481 -1.99818945 -2.11538895  1.03038141 -1.37721982
 -0.76057013 -1.38639222 -2.66008733  0.84391785 -2.69610205 -1.3148804 ]
log likelihood =  -7269.6381344
Edge derivatives =  [0.07343765201616426, -0.01612179975384938, 0.015851286339581105, -0.04667813095115814, -0.13853648937571128, -0.053719115328815015, 0.031243800285010115, 0.04635965212745258, 0.08987848525617015, 0.05556673789604072, 0.06110746204885572, -0.04287910042706522]
other derivatives: [-0.10413714 -0.07366907  0.01136868 -0.08813004  0.0430191  -0.00181899]
Current x array =  [-0.69545734 -0.54113468 -1.07520246  1.02448005 -2.65101955 -2.000923
  0.76475866 -1.56322705 -1.99774847 -2.11528131  1.03027559 -1.37784538
 -0.76092177 -1.38659139 -2.6595793   0.84397842 -2.69572663 -1.31502937]
log likelihood =  -7269.63797797
Edge derivatives =  [0.05773658401739934, -0.01579368180742008, 0.021410956820051008, -0.052756833921277724, -0.10499008220584716, -0.02864400057798261, 0.03163653613080436, 0.04056647434487515, 0.0773605881772933, 0.040149455832968806, 0.055160593118990076, -0.03242083328540968]
other derivatives: [-0.21100277  0.13496901  0.05984475 -0.09194991  0.03446985  0.0088221 ]
Current x array =  [-0.6954187  -0.54122503 -1.07524624  1.02448883 -2.65091542 -2.00179594
  0.76483428 -1.56328614 -1.99723701 -2.11516842  1.02994575 -1.37855864
 -0.76144561 -1.3865866  -2.658999    0.84418722 -2.69503638 -1.31515759]
log likelihood =  -7269.63775433
Edge derivatives =  [0.026703141031341526, -0.007797888358335338, 0.03499249578655328, -0.04924823422698166, -0.01690419555975531, 0.017063242502511955, 0.02588409859362467, 0.020116947414467512, 0.05397366577955476, -0.010264456662206989, 0.04371336053023465, 0.0020240810738387793]
other derivatives: [-0.17016646  0.23619577  0.08831194 -0.06039045  0.01446097  0.02464731]
Current x array =  [-0.69543973 -0.54126546 -1.07527204  1.02443308 -2.65060712 -2.0031361
  0.76490134 -1.56350002 -1.99666897 -2.11537152  1.02908005 -1.37971342
 -0.76209756 -1.38644795 -2.6577492   0.84477877 -2.6936985  -1.31553716]
log likelihood =  -7269.63770359
Edge derivatives =  [0.012674399013296922, 0.01346206425108231, 0.042229594339883825, -0.02664955773428279, 0.0400551397772535, 0.036468281238283384, 0.020677360279849843, 0.011725471725126169, 0.03756916274876476, -0.02301451658139586, 0.03799752426675987, 0.029835037787492524]
other derivatives: [-0.5745278  -0.0606633  -0.17234925  0.04192771  0.03346941  0.02974048]
Current x array =  [-0.6952794  -0.54113186 -1.07499074  1.02421268 -2.65042605 -2.00340883
  0.7649355  -1.56376713 -1.99641992 -2.1159993   1.02862461 -1.38009266
 -0.76203821 -1.38633452 -2.65655388  0.84489365 -2.69271365 -1.31570728]
log likelihood =  -7269.63761005
Edge derivatives =  [-0.004124225371014423, 0.017944514648167875, 0.04306355893239133, -0.01835428637939429, 0.02399346768163846, 0.04001134823371083, 0.012544868836719125, 0.006946201512692929, 0.02916137134452823, -0.04171893847993591, 0.03432482836272175, 0.036574438645482155]
other derivatives: [ 0.03228706  0.03301466 -0.14952093  0.01473381 -0.03683454  0.02983143]
Current x array =  [-0.6955174  -0.54117488 -1.07504131  1.02421441 -2.65025562 -2.00326734
  0.76486407 -1.56396121 -1.99649252 -2.11638985  1.02851738 -1.38022599
 -0.76181208 -1.38636218 -2.65606337  0.84494866 -2.69248125 -1.31582662]
log likelihood =  -7269.63758229
Edge derivatives =  [-0.0007445846496072495, 0.018740920779147255, 0.04032540722038169, -0.01427416063392728, 0.01529054966558907, 0.031587837618467896, 0.012809854034628532, 0.008103523178801475, 0.030633750726197007, -0.03131810827077075, 0.03499904072503539, 0.032147301120059146]
other derivatives: [ 0.07767085 -0.01946319 -0.11223165  0.02137313 -0.02883098  0.02528395]
Current x array =  [-0.6955364  -0.54115243 -1.07507989  1.02419215 -2.65029008 -2.00297621
  0.76486797 -1.5639614  -1.99656682 -2.11650747  1.02862841 -1.38001589
 -0.76161414 -1.3863608  -2.65607688  0.8448184  -2.69257065 -1.31575322]
log likelihood =  -7269.63750436
Edge derivatives =  [0.0030758817962206475, 0.023094763695625808, 0.030008701514647296, 0.0033632884508814076, 0.009470637586083797, 0.009443985268270672, 0.01306809857061031, 0.002934015810930557, 0.021485625024252775, 0.0006498417743189266, 0.03025684084461676, 0.0211994400965424]
other derivatives: [ 0.12087185 -0.14806574 -0.02282832  0.04038156 -0.00327418  0.01737135]
Current x array =  [-0.69555585 -0.54109674 -1.07517256  1.02409392 -2.65034447 -2.00233338
  0.76490711 -1.56405589 -1.99641276 -2.11713016  1.02879933 -1.37962643
 -0.76107974 -1.38631842 -2.65539249  0.84440407 -2.69218762 -1.31553828]
log likelihood =  -7269.63745967
Edge derivatives =  [0.0003803449335944009, 0.01781842514865037, 0.01826920159523948, 0.012739860274022297, 0.00545772616380269, -0.008358110997798207, 0.01410607742134129, -0.006361360061724608, 0.006281616222838959, 0.027422496434196697, 0.021866259891015587, 0.005196409131623558]
other derivatives: [ 0.0952241  -0.10886652 -0.02046363  0.01991793  0.00654836  0.01136868]
Current x array =  [-0.69554429 -0.54111507 -1.07517758  1.02403347 -2.65040283 -2.00205616
  0.76498738 -1.56406563 -1.99593916 -2.11758092  1.02892371 -1.37949068
 -0.76080743 -1.38627416 -2.65458701  0.84407492 -2.69153344 -1.31531264]
log likelihood =  -7269.63754383
Edge derivatives =  [-0.025909716371269376, 0.0025777148261356517, 0.012168860217718513, 0.013196185245327174, 0.01832351792624709, 0.0024184899765130607, 0.010561720449548007, -0.01541937932895554, -0.016607645648816782, 0.005528566061936191, 0.00865396609872393, 0.009319476044361563]
other derivatives: [-0.21764208 -0.15015758  0.43610271  0.01564331 -0.06684786  0.01527951]
Current x array =  [-0.69543935 -0.54108666 -1.07562544  1.02386823 -2.65023669 -2.0027571
  0.76517982 -1.56389781 -1.99467788 -2.11769752  1.02877958 -1.38019317
 -0.76109564 -1.38623976 -2.6533882   0.84438985 -2.6900015  -1.31523508]
log likelihood =  -7269.63744968
Edge derivatives =  [-0.006078899734755061, 0.01407325925366512, 0.01677426063044296, 0.01285317396049912, 0.008620121245649592, -0.005702910884249568, 0.013234954173175495, -0.00858634591578089, 0.000660990495152558, 0.022043679584475617, 0.01862422686823948, 0.0062104560321513125]
other derivatives: [ 0.01882654 -0.11832526  0.09231371  0.01955414 -0.01036824  0.01291482]
Current x array =  [-0.6955185  -0.54110809 -1.07528764  1.02399287 -2.650362   -2.00222841
  0.76503467 -1.56402439 -1.99562921 -2.11760957  1.02888829 -1.37966331
 -0.76087826 -1.38626571 -2.65429242  0.84415231 -2.69115698 -1.31529358]
  status: 0
 success: True
    nfev: 70
     fun: 7269.637449684604
       x: array([-0.6955185 , -0.54110809, -1.07528764,  1.02399287, -2.650362  ,
       -2.00222841,  0.76503467, -1.56402439, -1.99562921, -2.11760957,
        1.02888829, -1.37966331, -0.76087826, -1.38626571, -2.65429242,
        0.84415231, -2.69115698, -1.31529358])
 message: 'CONVERGENCE: REL_REDUCTION_OF_F_<=_FACTR*EPSMCH'
     jac: array([-0.01882654,  0.11832526, -0.09231371, -0.01955414,  0.01036824,
       -0.01291482,  0.0060789 , -0.01407326, -0.01677426, -0.01285317,
       -0.00862012,  0.00570291, -0.01323495,  0.00858635, -0.00066099,
       -0.02204368, -0.01862423, -0.00621046])
     nit: 65
Lr rates:  [ 0.12113056  0.85801449  0.79292689  0.53210498  0.775371    0.81358928
  0.79214495]
Process rates:  [ 0.52502868  0.61491389  0.39120505  5.85872721  0.08624044  3.4499598 ]
log likelihood =  9372.75189721
Lr derivatives =  [-1318.1294890784823, -1075.2904937471424, -543.63781798570369, -169.40940606504734, -196.16533059568178, -115.85374493388343, 70.548790750178256]
other derivatives =  [ 154.19282136  194.19658202   -8.17617547 -693.8158549  -606.13929236
    1.56851456]
Current x_clock array =  [-0.64430238 -0.48627304 -0.93852343  1.76793238 -2.45061608  1.23836258
 -2.11088631 -0.15313429 -0.23202426 -0.63091448 -0.25441366 -0.20629961
 -0.23301088]
Lr rates:  [ 0.27210128  0.85809517  0.79303985  0.53231114  0.77549212  0.81369234
  0.75856527]
Process rates:  [ 0.47760382  0.54579824  0.39141853  8.97032189  0.12512293  3.44663897]
log likelihood =  8178.64573471
Lr derivatives =  [-528.55019589525944, -408.71314914206215, -14.002707442326283, 232.97970772504632, 50.819334443587458, 12.338480674569858, 78.282905612493209]
other derivatives =  [-122.75204426  -72.72783478   87.70830391 -192.71255951 -336.29694371
  185.24424377]
Current x_clock array =  [-0.73897372 -0.60550589 -0.93797789  2.19392156 -2.07845857  1.23739954
 -1.30158094 -0.15304027 -0.2318818  -0.63052711 -0.25425746 -0.20617295
 -0.27632644]
Lr rates:  [ 0.53104865  1.          0.68333655  0.42293075  0.70385135  0.77903678
  0.70408826]
Process rates:  [  0.509575     0.55580658   0.3649832   11.93703224   0.18291742
   2.98488352]
log likelihood =  7918.07896136
Lr derivatives =  [365.96246790471577, 313.23208905618947, 441.4766967823972, 527.0211262557043, 256.71314917361269, 130.7076926705829, 102.38546739561272]
other derivatives =  [  11.85471774 -141.11119526  101.23358152  450.29737521  274.86748877
  262.70636226]
Current x_clock array =  [-0.67417823 -0.58733492 -1.00790395  2.47964552 -1.69872051  1.09356072
 -0.63290164  0.         -0.38076778 -0.86054681 -0.3511881  -0.24969702
 -0.35085156]
Lr rates:  [ 0.49356048  1.          0.63478415  0.36764718  0.66565928  0.75864478
  0.68188993]
Process rates:  [  0.50881545   0.57840243   0.35401825  10.65199865   0.17208027
   2.75615132]
log likelihood =  7761.68389787
Lr derivatives =  [-59.273515581329939, -79.276518292921452, 45.098222635515818, 195.54833532938613, 28.933027142567504, -4.9855188857674833, 44.979148077300778]
other derivatives =  [  19.19979695  -31.47724783   34.71359378  164.98333935   29.6023245
  176.54601834]
Current x_clock array =  [-0.67566991 -0.54748541 -1.03840682  2.36574754 -1.75979423  1.01383526
 -0.70610988  0.         -0.45447025 -1.00063155 -0.40697733 -0.27622162
 -0.38288702]
Lr rates:  [ 0.55120113  1.          0.59401112  0.31445063  0.63471314  0.74623864
  0.65470206]
Process rates:  [  0.50913899   0.59409908   0.34188735  10.18326263   0.17773091
   2.46634449]
log likelihood =  7709.28128128
Lr derivatives =  [-143.07202415631286, -184.65484286427122, -88.739912794062121, 58.572591953443975, -62.198710837798487, -57.442729438505637, 17.916549211303554]
other derivatives =  [  32.71579772   29.52347131   -2.6266207   114.24872355   21.99330993
  133.27635315]
Current x_clock array =  [-0.67503423 -0.52070917 -1.073274    2.32074545 -1.72748463  0.90273709
 -0.59565552  0.         -0.52085723 -1.1569282  -0.45458213 -0.29270984
 -0.42357502]
Lr rates:  [ 0.68006591  1.          0.57519838  0.25476153  0.62372222  0.75725525
  0.61916407]
Process rates:  [ 0.50126139  0.59836976  0.32988819  9.02410052  0.180199    2.01401367]
log likelihood =  7645.21376063
Lr derivatives =  [-170.67604966472095, -239.72428847999774, -171.51774942422298, -46.867490148841163, -121.86091520711872, -86.473563462581126, -3.9058964405891601]
other derivatives =  [ 13.15838745  48.18193702 -34.72032404  84.89569154  43.1463377
  97.94639482]
Current x_clock array =  [-0.69062758 -0.51354638 -1.1090015   2.19989883 -1.71369349  0.70012958
 -0.38556557  0.         -0.5530403  -1.36742733 -0.47205016 -0.27805489
 -0.47938498]
Lr rates:  [ 1.10064777  1.          0.62493129  0.16991997  0.67614491  0.84528495
  0.55520179]
Process rates:  [ 0.50685179  0.60896514  0.31922585  5.87128851  0.16076857  1.16855198]
log likelihood =  7503.91286769
Lr derivatives =  [-175.41991649554606, -269.99634325488455, -238.20718559337581, -163.65235720977444, -155.91781728062517, -77.395064611790019, -25.872824036716622]
other derivatives =  [ 62.08238119  95.02373359 -66.84895197   6.62757884  64.77957868
  56.87379598]
Current x_clock array =  [-0.67953665 -0.49599425 -1.14185642  1.77007412 -1.82778941  0.15576536
  0.09589889  0.         -0.47011357 -1.77242773 -0.39134787 -0.16808149
 -0.58842364]
Lr rates:  [ 2.25642924  1.          0.85876936  0.10729037  0.83500455  0.94521679
  0.48218773]
Process rates:  [ 0.39343922  0.53969664  0.33056047  2.96530175  0.10636481  0.42567632]
log likelihood =  7399.66523558
Lr derivatives =  [-72.480357223062583, -146.85439601550695, -119.1267713932331, -154.31548315579673, -81.723119661451705, -4.1291347127580593, -30.608782045424757]
other derivatives =  [-404.67775761 -124.01960703  -20.21934051  -60.40463632   77.79217412
   21.90490704]
Current x_clock array =  [-0.93282869 -0.61674807 -1.10696566  1.0869788  -2.24088048 -0.85407603
  0.81378358  0.         -0.15225489 -2.23221637 -0.18031811 -0.05634097
 -0.72942177]
Lr rates:  [ 2.65242398  1.          1.          0.10403512  0.9266958   0.96633878
  0.47318365]
Process rates:  [ 0.50821391  0.58678997  0.33606035  2.44601244  0.08519478  0.31540494]
log likelihood =  7322.79083493
Lr derivatives =  [-64.618539333210578, -92.517217893229997, nan, -81.57715093592256, 7.3458976811860666, 41.867814535417267, -18.103612224426218]
other derivatives =  [ 73.41614037  22.21304385 -25.50732461 -80.56495062  18.64937076
  24.55326467]
Current x_clock array =  [-0.67685283 -0.53308833 -1.09046452  0.89445912 -2.46281517 -1.15389793
  0.97547393  0.          0.         -2.26302675 -0.07612992 -0.0342408
 -0.7482717 ]
Lr rates:  [ 2.65242398  1.          1.          0.10403512  0.9266958   0.96633878
  0.47318365]
Process rates:  [ 0.50821391  0.58678997  0.33606035  2.44601244  0.08519478  0.31540494]
log likelihood =  7322.79083493
Lr derivatives =  [-64.618539333210578, -92.517217893229997, nan, -81.57715093592256, 7.3458976811860666, 41.867814535417267, -18.103612224426218]
other derivatives =  [ 73.41614037  22.21304385 -25.50732461 -80.56495062  18.64937076
  24.55326467]
Current x_clock array =  [-0.67685283 -0.53308833 -1.09046452  0.89445912 -2.46281517 -1.15389793
  0.97547393  0.          0.         -2.26302675 -0.07612992 -0.0342408
 -0.7482717 ]
Lr rates:  [ 2.65242398  1.          1.          0.10403512  0.9266958   0.96633878
  0.47318365]
Process rates:  [ 0.50821391  0.58678997  0.33606035  2.44601244  0.08519478  0.31540494]
log likelihood =  7322.79083493
Lr derivatives =  [-64.618539333210578, -92.517217893229997, nan, -81.57715093592256, 7.3458976811860666, 41.867814535417267, -18.103612224426218]
other derivatives =  [ 73.41614037  22.21304385 -25.50732461 -80.56495062  18.64937076
  24.55326467]
Current x_clock array =  [-0.67685283 -0.53308833 -1.09046452  0.89445912 -2.46281517 -1.15389793
  0.97547393  0.          0.         -2.26302675 -0.07612992 -0.0342408
 -0.7482717 ]
Lr rates:  [ 2.65242398  1.          1.          0.10403512  0.9266958   0.96633878
  0.47318365]
Process rates:  [ 0.50821391  0.58678997  0.33606035  2.44601244  0.08519478  0.31540494]
log likelihood =  7322.79083493
Lr derivatives =  [-64.618539333210578, -92.517217893229997, nan, -81.57715093592256, 7.3458976811860666, 41.867814535417267, -18.103612224426218]
other derivatives =  [ 73.41614037  22.21304385 -25.50732461 -80.56495062  18.64937076
  24.55326467]
Current x_clock array =  [-0.67685283 -0.53308833 -1.09046452  0.89445912 -2.46281517 -1.15389793
  0.97547393  0.          0.         -2.26302675 -0.07612992 -0.0342408
 -0.7482717 ]
Lr rates:  [ 2.65242398  1.          1.          0.10403512  0.9266958   0.96633878
  0.47318365]
Process rates:  [ 0.50821391  0.58678997  0.33606035  2.44601244  0.08519478  0.31540494]
log likelihood =  7322.79083493
Lr derivatives =  [-64.618539333210578, -92.517217893229997, nan, -81.57715093592256, 7.3458976811860666, 41.867814535417267, -18.103612224426218]
other derivatives =  [ 73.41614037  22.21304385 -25.50732461 -80.56495062  18.64937076
  24.55326467]
Current x_clock array =  [-0.67685283 -0.53308833 -1.09046452  0.89445912 -2.46281517 -1.15389793
  0.97547393  0.          0.         -2.26302675 -0.07612992 -0.0342408
 -0.7482717 ]
Lr rates:  [ 2.65242398  1.          1.          0.10403512  0.9266958   0.96633878
  0.47318365]
Process rates:  [ 0.50821391  0.58678997  0.33606035  2.44601244  0.08519478  0.31540494]
log likelihood =  7322.79083493
Lr derivatives =  [-64.618539333210578, -92.517217893229997, nan, -81.57715093592256, 7.3458976811860666, 41.867814535417267, -18.103612224426218]
other derivatives =  [ 73.41614037  22.21304385 -25.50732461 -80.56495062  18.64937076
  24.55326467]
Current x_clock array =  [-0.67685283 -0.53308833 -1.09046452  0.89445912 -2.46281517 -1.15389793
  0.97547393  0.          0.         -2.26302675 -0.07612992 -0.0342408
 -0.7482717 ]
Lr rates:  [ 2.65242398  1.          1.          0.10403512  0.9266958   0.96633878
  0.47318365]
Process rates:  [ 0.50821391  0.58678997  0.33606035  2.44601244  0.08519478  0.31540494]
log likelihood =  7322.79083493
Lr derivatives =  [-64.618539333210578, -92.517217893229997, nan, -81.57715093592256, 7.3458976811860666, 41.867814535417267, -18.103612224426218]
other derivatives =  [ 73.41614037  22.21304385 -25.50732461 -80.56495062  18.64937076
  24.55326467]
Current x_clock array =  [-0.67685283 -0.53308833 -1.09046452  0.89445912 -2.46281517 -1.15389793
  0.97547393  0.          0.         -2.26302675 -0.07612992 -0.0342408
 -0.7482717 ]
Lr rates:  [ 2.65242398  1.          1.          0.10403512  0.9266958   0.96633878
  0.47318365]
Process rates:  [ 0.50821391  0.58678997  0.33606035  2.44601244  0.08519478  0.31540494]
log likelihood =  7322.79083493
Lr derivatives =  [-64.618539333210578, -92.517217893229997, nan, -81.57715093592256, 7.3458976811860666, 41.867814535417267, -18.103612224426218]
other derivatives =  [ 73.41614037  22.21304385 -25.50732461 -80.56495062  18.64937076
  24.55326467]
Current x_clock array =  [-0.67685283 -0.53308833 -1.09046452  0.89445912 -2.46281517 -1.15389793
  0.97547393  0.          0.         -2.26302675 -0.07612992 -0.0342408
 -0.7482717 ]
Lr rates:  [ 2.65242398  1.          1.          0.10403512  0.9266958   0.96633878
  0.47318365]
Process rates:  [ 0.50821391  0.58678997  0.33606035  2.44601244  0.08519478  0.31540494]
log likelihood =  7322.79083493
Lr derivatives =  [-64.618539333210578, -92.517217893229997, nan, -81.57715093592256, 7.3458976811860666, 41.867814535417267, -18.103612224426218]
other derivatives =  [ 73.41614037  22.21304385 -25.50732461 -80.56495062  18.64937076
  24.55326467]
Current x_clock array =  [-0.67685283 -0.53308833 -1.09046452  0.89445912 -2.46281517 -1.15389793
  0.97547393  0.          0.         -2.26302675 -0.07612992 -0.0342408
 -0.7482717 ]
Lr rates:  [ 2.65242398  1.          1.          0.10403512  0.9266958   0.96633878
  0.47318365]
Process rates:  [ 0.50821391  0.58678997  0.33606035  2.44601244  0.08519478  0.31540494]
log likelihood =  7322.79083493
Lr derivatives =  [-64.618539333210578, -92.517217893229997, nan, -81.57715093592256, 7.3458976811860666, 41.867814535417267, -18.103612224426218]
other derivatives =  [ 73.41614037  22.21304385 -25.50732461 -80.56495062  18.64937076
  24.55326467]
Current x_clock array =  [-0.67685283 -0.53308833 -1.09046452  0.89445912 -2.46281517 -1.15389793
  0.97547393  0.          0.         -2.26302675 -0.07612992 -0.0342408
 -0.7482717 ]
Lr rates:  [ 2.65242398  1.          1.          0.10403512  0.9266958   0.96633878
  0.47318365]
Process rates:  [ 0.50821391  0.58678997  0.33606035  2.44601244  0.08519478  0.31540494]
log likelihood =  7322.79083493
Lr derivatives =  [-64.618539333210578, -92.517217893229997, nan, -81.57715093592256, 7.3458976811860666, 41.867814535417267, -18.103612224426218]
other derivatives =  [ 73.41614037  22.21304385 -25.50732461 -80.56495062  18.64937076
  24.55326467]
Current x_clock array =  [-0.67685283 -0.53308833 -1.09046452  0.89445912 -2.46281517 -1.15389793
  0.97547393  0.          0.         -2.26302675 -0.07612992 -0.0342408
 -0.7482717 ]
Lr rates:  [ 2.65242398  1.          1.          0.10403512  0.9266958   0.96633878
  0.47318365]
Process rates:  [ 0.50821391  0.58678997  0.33606035  2.44601244  0.08519478  0.31540494]
log likelihood =  7322.79083493
Lr derivatives =  [-64.618539333210578, -92.517217893229997, nan, -81.57715093592256, 7.3458976811860666, 41.867814535417267, -18.103612224426218]
other derivatives =  [ 73.41614037  22.21304385 -25.50732461 -80.56495062  18.64937076
  24.55326467]
Current x_clock array =  [-0.67685283 -0.53308833 -1.09046452  0.89445912 -2.46281517 -1.15389793
  0.97547393  0.          0.         -2.26302675 -0.07612992 -0.0342408
 -0.7482717 ]
Lr rates:  [ 2.65242398  1.          1.          0.10403512  0.9266958   0.96633878
  0.47318365]
Process rates:  [ 0.50821391  0.58678997  0.33606035  2.44601244  0.08519478  0.31540494]
log likelihood =  7322.79083493
Lr derivatives =  [-64.618539333210578, -92.517217893229997, nan, -81.57715093592256, 7.3458976811860666, 41.867814535417267, -18.103612224426218]
other derivatives =  [ 73.41614037  22.21304385 -25.50732461 -80.56495062  18.64937076
  24.55326467]
Current x_clock array =  [-0.67685283 -0.53308833 -1.09046452  0.89445912 -2.46281517 -1.15389793
  0.97547393  0.          0.         -2.26302675 -0.07612992 -0.0342408
 -0.7482717 ]
Lr rates:  [ 2.65242398  1.          1.          0.10403512  0.9266958   0.96633878
  0.47318365]
Process rates:  [ 0.50821391  0.58678997  0.33606035  2.44601244  0.08519478  0.31540494]
log likelihood =  7322.79083493
Lr derivatives =  [-64.618539333210578, -92.517217893229997, nan, -81.57715093592256, 7.3458976811860666, 41.867814535417267, -18.103612224426218]
other derivatives =  [ 73.41614037  22.21304385 -25.50732461 -80.56495062  18.64937076
  24.55326467]
Current x_clock array =  [-0.67685283 -0.53308833 -1.09046452  0.89445912 -2.46281517 -1.15389793
  0.97547393  0.          0.         -2.26302675 -0.07612992 -0.0342408
 -0.7482717 ]
Lr rates:  [ 2.65242398  1.          1.          0.10403512  0.9266958   0.96633878
  0.47318365]
Process rates:  [ 0.50821391  0.58678997  0.33606035  2.44601244  0.08519478  0.31540494]
log likelihood =  7322.79083493
Lr derivatives =  [-64.618539333210578, -92.517217893229997, nan, -81.57715093592256, 7.3458976811860666, 41.867814535417267, -18.103612224426218]
other derivatives =  [ 73.41614037  22.21304385 -25.50732461 -80.56495062  18.64937076
  24.55326467]
Current x_clock array =  [-0.67685283 -0.53308833 -1.09046452  0.89445912 -2.46281517 -1.15389793
  0.97547393  0.          0.         -2.26302675 -0.07612992 -0.0342408
 -0.7482717 ]
Lr rates:  [ 2.65242398  1.          1.          0.10403512  0.9266958   0.96633878
  0.47318365]
Process rates:  [ 0.50821391  0.58678997  0.33606035  2.44601244  0.08519478  0.31540494]
log likelihood =  7322.79083493
Lr derivatives =  [-64.618539333210578, -92.517217893229997, nan, -81.57715093592256, 7.3458976811860666, 41.867814535417267, -18.103612224426218]
other derivatives =  [ 73.41614037  22.21304385 -25.50732461 -80.56495062  18.64937076
  24.55326467]
Current x_clock array =  [-0.67685283 -0.53308833 -1.09046452  0.89445912 -2.46281517 -1.15389793
  0.97547393  0.          0.         -2.26302675 -0.07612992 -0.0342408
 -0.7482717 ]
Lr rates:  [ 2.65242398  1.          1.          0.10403512  0.9266958   0.96633878
  0.47318365]
Process rates:  [ 0.50821391  0.58678997  0.33606035  2.44601244  0.08519478  0.31540494]
log likelihood =  7322.79083493
Lr derivatives =  [-64.618539333210578, -92.517217893229997, nan, -81.57715093592256, 7.3458976811860666, 41.867814535417267, -18.103612224426218]
other derivatives =  [ 73.41614037  22.21304385 -25.50732461 -80.56495062  18.64937076
  24.55326467]
Current x_clock array =  [-0.67685283 -0.53308833 -1.09046452  0.89445912 -2.46281517 -1.15389793
  0.97547393  0.          0.         -2.26302675 -0.07612992 -0.0342408
 -0.7482717 ]
Lr rates:  [ 2.65242398  1.          1.          0.10403512  0.9266958   0.96633878
  0.47318365]
Process rates:  [ 0.50821391  0.58678997  0.33606035  2.44601244  0.08519478  0.31540494]
log likelihood =  7322.79083493
Lr derivatives =  [-64.618539333210578, -92.517217893229997, nan, -81.57715093592256, 7.3458976811860666, 41.867814535417267, -18.103612224426218]
other derivatives =  [ 73.41614037  22.21304385 -25.50732461 -80.56495062  18.64937076
  24.55326467]
Current x_clock array =  [-0.67685283 -0.53308833 -1.09046452  0.89445912 -2.46281517 -1.15389793
  0.97547393  0.          0.         -2.26302675 -0.07612992 -0.0342408
 -0.7482717 ]
Lr rates:  [ 2.65242398  1.          1.          0.10403512  0.9266958   0.96633878
  0.47318365]
Process rates:  [ 0.50821391  0.58678997  0.33606035  2.44601244  0.08519478  0.31540494]
log likelihood =  7322.79083493
Lr derivatives =  [-64.618539333210578, -92.517217893229997, nan, -81.57715093592256, 7.3458976811860666, 41.867814535417267, -18.103612224426218]
other derivatives =  [ 73.41614037  22.21304385 -25.50732461 -80.56495062  18.64937076
  24.55326467]
Current x_clock array =  [-0.67685283 -0.53308833 -1.09046452  0.89445912 -2.46281517 -1.15389793
  0.97547393  0.          0.         -2.26302675 -0.07612992 -0.0342408
 -0.7482717 ]
Lr rates:  [ 2.65242398  1.          1.          0.10403512  0.9266958   0.96633878
  0.47318365]
Process rates:  [ 0.50821391  0.58678997  0.33606035  2.44601244  0.08519478  0.31540494]
log likelihood =  7322.79083493
Lr derivatives =  [-64.618539333210578, -92.517217893229997, nan, -81.57715093592256, 7.3458976811860666, 41.867814535417267, -18.103612224426218]
other derivatives =  [ 73.41614037  22.21304385 -25.50732461 -80.56495062  18.64937076
  24.55326467]
Current x_clock array =  [-0.67685283 -0.53308833 -1.09046452  0.89445912 -2.46281517 -1.15389793
  0.97547393  0.          0.         -2.26302675 -0.07612992 -0.0342408
 -0.7482717 ]
Lr rates:  [  6.78017507e+31   1.00000000e+00   1.00000000e+00   1.00000000e+00
   1.00000000e+00   1.00000000e+00   1.00000000e+00]
Process rates:  [  9.51229425e-01   9.51229425e-01   9.51229425e-01   5.07538658e+26
   1.74616795e-35   1.30586787e-10]
