number of sites to be analyzed:  837
Now calculate MLE for pair ['YNL049C', 'YIL109C']
log likelihood =  -23973.9442286
Edge derivatives =  [463.318756905483, 165.12370839696396, 88.50541279005222, 45.80904686349032, 900.328981407446, 201.42922848030088, 481.62666771058286, 240.24357399305805, 106.752269750489, 225.44383828171414, 131.79014050379234, -86.76884472852592]
other derivatives: [ -389.24663386  -190.06802177   254.03642212  1630.49480761  1344.46454467
   -65.76156011]
Current x array =  [-0.64353555 -0.48264002 -0.93307917  1.76977596 -2.44028574  1.19617746
 -3.90910406 -3.87159909 -4.30005794 -6.28014701 -2.83555499 -3.29056063
 -2.92359461 -3.49891453 -3.97438916 -3.10701318 -4.59465356 -2.01786889]
log likelihood =  -22008.6883568
Edge derivatives =  [365.07376793202525, 94.90439478546132, 40.05212795156137, 32.21086446811577, 735.1496982399337, 95.49205493161672, 367.2219101825619, 145.99865028080046, 44.88553246902585, 164.07279230952938, 96.02807377736426, -296.7832738860663]
other derivatives: [ 566.09897001  319.01545299   88.89655874  727.56120062  872.08136392
 -140.08364815]
Current x array =  [-0.80064971 -0.55935842 -0.93272273  2.42790321 -1.89761075  1.16963369
 -3.72209169 -3.80494913 -4.26433392 -6.26165681 -2.47214933 -3.20925644
 -2.7291925  -3.40194345 -3.93130005 -3.01601581 -4.54145825 -2.05289196]
log likelihood =  -24577.8063775
Edge derivatives =  [16.87806539437096, -346.2137661146255, -157.9501135550227, -12.074602644510321, -77.41986582588144, -488.7297466149731, -28.10628241447432, -454.71418246909246, -320.6732925711975, -45.32562442119796, -120.93279618317086, -938.7289303836701]
other derivatives: [-2584.76611634 -3698.33433069   -17.45320333 -3544.46056008 -3039.12966046
  -183.25736164]
Current x array =  [-0.3114636  -0.27603475 -0.97961731  3.61330281 -0.63609317  1.00623643
 -3.21998788 -3.66274937 -4.19940524 -6.21606763 -1.469594   -3.05695802
 -2.22006333 -3.18678662 -3.85655914 -2.78586021 -4.40679443 -2.38533727]
log likelihood =  -21274.4342484
Edge derivatives =  [259.0084350690666, 21.485383103174563, -3.7439554600911586, 22.584425179940293, 497.7679017370073, -19.23133632532366, 239.86747865908424, 39.67748552190514, -17.132511052744203, 99.62441658399972, 57.502400962916646, -454.21989542657275]
other derivatives: [-228.81795303  158.545663     21.11628419 -277.91975299  108.95382729
 -171.25530576]
Current x array =  [-0.64654419 -0.47010457 -0.94749566  2.80133291 -1.50020203  1.11815958
 -3.56391678 -3.76015275 -4.24387981 -6.24729511 -2.15632002 -3.16127873
 -2.56880443 -3.33416382 -3.90775484 -2.9435112  -4.49903587 -2.15762032]
log likelihood =  -20970.8007487
Edge derivatives =  [189.29480662025182, 2.2011556887260504, -19.187054705157898, 22.65503674730153, 293.26511072268653, -56.672049635082516, 166.3828407643281, -1.4690035201873552, -32.28250633498457, 67.38764717376847, 44.28314582525544, -376.3102649401423]
other derivatives: [ 265.50005714 -529.48271332  -27.19389158 -662.34970291 -294.25136745
 -158.35794329]
Current x array =  [-0.7290301  -0.37675463 -0.95162695  2.82208128 -1.29688432  1.01997855
 -3.38177934 -3.73234768 -4.23725285 -6.23107852 -1.80281291 -3.15096768
 -2.39465881 -3.28897405 -3.90612434 -2.86875905 -4.45568111 -2.40662738]
log likelihood =  -20553.5286554
Edge derivatives =  [111.33890741176033, 26.366268746462442, -12.58591225888205, 32.87662542039499, -5.494560102592136, -35.05381287768024, 105.62608521438513, 5.826070102274427, -7.47731678188645, 45.5140674605699, 49.12891054361048, -97.40744966149242]
other derivatives: [ 146.3238732   203.56164896  -17.28185453 -646.74095483 -578.46737036
 -114.56286302]
Current x array =  [-0.72353937 -0.47319609 -0.95187443  2.60524039 -1.12147416  0.82170056
 -3.05145961 -3.69122863 -4.23477137 -6.1991862  -1.19228585 -3.15696832
 -2.08414907 -3.22475682 -3.91537106 -2.73681037 -4.37695328 -2.89697819]
log likelihood =  -20399.5837344
Edge derivatives =  [122.82940154199076, 109.88788838823201, 27.546405590821024, 55.85176299783655, -65.45326978872278, 81.1238050048983, 156.4528654918662, 104.48718475443727, 66.1497702865542, 67.69445842676612, 90.1742604592659, 161.18048213286573]
other derivatives: [   45.60388334 -1638.38049048   -86.44674381   127.82111298  -149.24044081
   -50.21283869]
Current x array =  [-0.70277885 -0.29861361 -0.90731512  2.15352243 -1.28476774  0.58775781
 -2.68347937 -3.62245914 -4.23211468 -6.14629945 -0.67076149 -3.1635574
 -1.73154115 -3.14674423 -3.91440091 -2.58414088 -4.26891709 -3.32102691]
log likelihood =  -20265.9121013
Edge derivatives =  [128.06088644369473, 111.91501958471899, 29.613316298188316, 56.36508903330051, -35.20276546599479, 87.85814801051157, 162.4540015697191, 109.32698338162403, 68.81665797035792, 70.0860175260284, 91.43687353074095, 168.56948716834356]
other derivatives: [  88.98314263   78.12559488  -55.14630175  180.44556782  -79.75468179
  -40.75845936]
Current x array =  [-0.71648718 -0.47406528 -0.91614578  2.11341715 -1.34062534  0.56197252
 -2.64108622 -3.60284751 -4.22893832 -6.1343595  -0.64970452 -3.15490841
 -1.68578256 -3.12817798 -3.90600891 -2.56445099 -4.24854039 -3.33048392]
log likelihood =  -20237.9654565
Edge derivatives =  [124.48471310643873, 107.88404441242368, 28.009418825850638, 55.14333814707318, -33.79246201215277, 83.98666761359364, 151.44508974072983, 103.93026661823487, 66.41201719556048, 66.1607704181737, 89.333160127436, 162.47895151474003]
other derivatives: [ -23.18374754  112.34624253  -40.82794476  137.07722246  -96.39843483
  -39.49680831]
Current x array =  [-0.69638943 -0.477152   -0.92240005  2.13853233 -1.36026991  0.55249901
 -2.61547855 -3.58415311 -4.22404247 -6.12489455 -0.64948743 -3.1411829
 -1.65519775 -3.10995367 -3.89504978 -2.55080003 -4.23274471 -3.30511098]
log likelihood =  -19998.5145687
Edge derivatives =  [96.20271561122095, 68.57496522822652, 16.87883506520952, 45.40241212718609, 4.797923327898851, 59.0272606631854, 42.59436212596924, 53.39662800231185, 48.21981869210615, 33.42397147113152, 70.20072642096815, 119.50495333148253]
other derivatives: [-535.65017879  323.12600524   71.37750799 -194.46742954 -153.84503058
  -16.54043444]
Current x array =  [-0.6124789  -0.4949558  -0.97784487  2.30297908 -1.68407858  0.37494912
 -2.19435578 -3.32137513 -4.1598086  -5.98624603 -0.53091166 -2.96183257
 -1.18243834 -2.85380141 -3.74950643 -2.33977165 -3.9974427  -3.06764333]
log likelihood =  -19774.3947687
Edge derivatives =  [69.66708889752827, 29.907808264495902, 11.68444959385273, 39.524950258969824, 27.90859531081131, 49.38042651452854, -64.16828217661089, 8.370520056899824, 38.6286273541768, 12.397299502157308, 53.82386043677088, 108.28364687809304]
other derivatives: [-521.13718993  364.16822695  106.32247722 -371.77924241 -134.84932424
    6.65459083]
Current x array =  [-0.61251607 -0.4950515  -1.00310196  2.3100305  -2.12069796  0.09331291
 -1.5447008  -2.96144657 -4.07433235 -5.78717553 -0.21579733 -2.72056974
 -0.50794892 -2.50446489 -3.55421023 -2.03118991 -3.65691419 -2.86064796]
log likelihood =  -19452.7304009
Edge derivatives =  [-15.773667965287377, -14.140225177135289, 6.1237845813352685, 31.23854941359155, -33.16854366509253, 35.880684338603686, -163.86314705936624, -26.22822742126547, 31.488434144339916, -0.6472945691821529, 36.41227355050905, 70.56533110741076]
other derivatives: [-563.43305914  296.82050808 -193.85988708 -406.80242819 -179.37782104
   -1.80698407]
Current x array =  [-0.61632675 -0.48538147 -0.9204544   1.89343176 -2.61815205 -0.32688907
 -0.28329761 -2.31647099 -3.88321422 -5.35743832  0.50183879 -2.1388878
  0.37870985 -1.91032349 -3.11107142 -1.4682962  -2.96304819 -2.22631408]
log likelihood =  -20019.4293712
Edge derivatives =  [-212.13381547740786, -63.80975277460788, -2.3521383244711696, 22.066895205907212, -52.60755935201841, -47.724372974004375, -130.54209163935602, -85.47282198762159, 18.776655429023503, 10.487829421049518, -10.972215312327148, -32.92040694137794]
other derivatives: [  727.25815699  -164.15542632  1232.246359    -282.29951567  -263.30053515
   -40.37974577]
Current x array =  [-0.83642582 -0.43174789 -1.8230371   1.01097373 -3.27541727 -0.98886732
  1.57421718 -1.36252943 -3.5515446  -4.61830336  1.58864515 -1.09124833
  1.34057073 -1.01936238 -2.31787503 -0.56708881 -1.79825356 -1.09626864]
log likelihood =  -19368.7360479
Edge derivatives =  [-44.86793613562784, -19.749851021028405, 4.132212695311096, 28.947688555132107, -35.23640343341028, 24.32948928771263, -151.68810508129314, -32.59616672298675, 30.74907603653937, 2.948022518880494, 30.68365519342891, 54.50103280007679]
other derivatives: [-218.72328944  186.0280463   399.49336497 -333.52662285 -162.32479538
  -16.0671334 ]
Current x array =  [-0.67163688 -0.47190354 -1.14727029  1.67167313 -2.78332051 -0.49324189
  0.18348938 -2.0767488  -3.7998668  -5.17169628  0.77494944 -1.87561965
  0.62042214 -1.68642807 -2.91174393 -1.24182592 -2.67033936 -1.9423376 ]
log likelihood =  -19244.7733643
Edge derivatives =  [-54.15751560355372, -18.072733239812308, 3.600736664259678, 25.315760774330595, 12.871422774867336, 20.995046996170824, -88.04150962879274, -18.221641565902733, 29.1215369833424, 13.601374699938532, 30.717899691996713, 3.941293054478837]
other derivatives: [  25.43129085   21.67253115   89.13957572 -105.76950444  -16.36581146
  -52.87984095]
Current x array =  [-0.70792156 -0.45577457 -1.02332247  1.34094198 -2.92478369 -0.59298698
  0.59178115 -1.8554075  -3.7125724  -4.98038952  0.96132741 -1.59013032
  0.71027808 -1.49861802 -2.69654764 -1.05019723 -2.38466009 -1.50923025]
log likelihood =  -19219.9219329
Edge derivatives =  [-47.11582907357696, -0.24666931598391834, 4.230676289264411, 25.648878971348278, 7.065149574176221, 26.391070348266414, -58.29961075618766, 2.0566432249287985, 34.01260479584446, 20.00587212875029, 36.431420537236285, 0.7670354946349099]
other derivatives: [  8.47903721 -42.07286111 -19.0193532   31.05196811  19.07501428
 -63.54312063]
Current x array =  [-0.70627468 -0.45038245 -0.98055503  1.19721891 -2.87096414 -0.61834559
  0.59056286 -1.85292316 -3.69576609 -4.93552938  1.00194416 -1.52326734
  0.58657467 -1.50282039 -2.64099279 -1.02714551 -2.32756665 -1.41819623]
log likelihood =  -19201.3338613
Edge derivatives =  [-36.932954830582794, 6.8970276710503455, 3.1552077397387768, 24.64602102852336, -7.885077633867395, 16.587920126763134, -38.67489134834095, 10.088216865492678, 30.310447523203973, 27.300805492817698, 34.96682105275084, -21.05078129279008]
other derivatives: [ 127.00111256  -49.49761205  -69.02737368   56.2358764    16.51242201
  -69.7633368 ]
Current x array =  [-0.72543736 -0.45067104 -0.96271046  1.14283959 -2.78466262 -0.65838525
  0.49569375 -1.87215486 -3.68435943 -4.89436895  0.98688738 -1.46264364
  0.38659005 -1.52580289 -2.58099167 -1.01946587 -2.27867209 -1.33196252]
log likelihood =  -19172.7130284
Edge derivatives =  [-1.0043342019882353, 24.6752529263442, 1.836723116690084, 24.285836701240775, -31.772297783460886, 0.6255465483821243, -6.350418980922716, 26.015897092612388, 25.23401462578709, 45.04341576332732, 31.498425358748197, -33.360955855792106]
other derivatives: [ -19.85317795  -56.19112926   -2.9347575   130.60744095   30.84387572
  -61.46947271]
Current x array =  [-0.70358435 -0.45077179 -0.97852059  1.04124471 -2.64038841 -0.81633152
  0.27922746 -1.90925222 -3.66450079 -4.79706034  0.9653393  -1.34966131
 -0.02131142 -1.5650294  -2.44806865 -0.97634915 -2.15771026 -1.24636434]
log likelihood =  -19149.6977755
Edge derivatives =  [10.831653810747165, 17.18615096814231, -1.039330918017069, 22.34586214553449, -64.60259671770815, -32.83501351700975, -0.6781543700220667, 13.449744327262234, 6.02411645305694, 54.31948634910159, 12.191819063176743, -51.89785407800787]
other derivatives: [ 125.45315258    0.57698344  -37.65162546   27.90475264  -41.34926712
  -42.7600753 ]
Current x array =  [-0.72529812 -0.45675977 -0.97060142  1.05913435 -2.53094048 -1.01979984
  0.12837522 -1.90488337 -3.6449111  -4.6859519   0.92090416 -1.25816742
 -0.33498183 -1.56185859 -2.31115245 -0.87954797 -2.01749862 -1.21470962]
log likelihood =  -19127.9316103
Edge derivatives =  [25.397074927955185, 6.519447219065621, -2.2585572154849474, 21.776257602502252, -35.32337853398399, -49.60784156943746, 3.9080255106113655, -2.125925825103868, -10.409260609774075, 58.81791766987697, -8.329361902206308, -40.137039447885826]
other derivatives: [ 31.96510079 -56.91399565   0.18408173 -23.64577085  -4.66388883
 -22.39394234]
Current x array =  [-0.70854868 -0.44698425 -0.98581487  1.09383798 -2.55063016 -1.24784363
  0.08476244 -1.8563763  -3.62626855 -4.56850334  0.87394301 -1.20514446
 -0.48793535 -1.51624352 -2.19131331 -0.72981768 -1.87296394 -1.24745415]
log likelihood =  -19135.5002512
Edge derivatives =  [15.577248286761714, -8.748195434572388, -2.3528064060124905, 22.288770030918606, -0.6331943849641444, -49.888908791724525, -0.3075166515256018, -18.958396909061875, -26.031233533472435, 52.70903611362449, -34.70176346341495, -6.8288688483644595]
other derivatives: [ -74.82158253  543.77887864   43.60881576  -49.18219929   23.42603693
   -0.5667971 ]
Current x array =  [-0.69674518 -0.54265664 -1.00333005  1.06407626 -2.61523198 -1.57319024
  0.19153148 -1.74104559 -3.5944978  -4.37817928  0.87323109 -1.16853454
 -0.54509805 -1.4170502  -2.04327356 -0.43791506 -1.6695601  -1.31515292]
log likelihood =  -19120.8774967
Edge derivatives =  [21.67351233271064, 0.6940809391672149, -2.2641578453350277, 22.006539409079068, -21.257201395688377, -49.318515968493365, 1.8418494611848732, -8.669728524262897, -16.382091424913252, 57.176493817811995, -18.186554181260487, -25.907146837296477]
other derivatives: [  -9.34778654  210.52801458   17.54197001  -32.39001671    7.65357981
  -12.18213583]
Current x array =  [-0.70383247 -0.48521115 -0.99281324  1.08194637 -2.57644249 -1.37783926
  0.12742312 -1.81029471 -3.61357422 -4.49245737  0.87365856 -1.19051659
 -0.51077531 -1.47660979 -2.13216248 -0.61318494 -1.79169181 -1.2745039 ]
log likelihood =  -19110.8736994
Edge derivatives =  [21.79121288919378, -4.938502767208377, -1.9720607935723182, 22.977228074230304, 1.3068560826642739, -44.196040934515324, -0.42251701623960475, -15.94924073155192, -21.400670526929627, 53.82844438023179, -27.03758260515906, -1.9056606681599786]
other derivatives: [-38.1773134   93.98245311  24.2893293  -42.54034138  33.79027476
  -2.63789843]
Current x array =  [-0.69847683 -0.466964   -0.99643988  1.11220646 -2.59976918 -1.49880927
  0.13503932 -1.78445301 -3.61136003 -4.43513704  0.83945905 -1.21830089
 -0.53302955 -1.45478225 -2.100083   -0.50647132 -1.74418777 -1.35891251]
log likelihood =  -19101.4732072
Edge derivatives =  [11.091206360409245, -7.40873210367092, -1.1702882028549553, 24.44422092301598, 6.069834743615678, -32.613678640464066, -5.517644067763952, -17.707605177911507, -23.793991273933027, 44.795615023596476, -33.317901660546305, 20.014379886210108]
other derivatives: [-35.71258276   0.16407284  14.79529601 -33.13434718  17.62564352
   5.56756277]
Current x array =  [-0.69948267 -0.45393829 -0.99419374  1.09967139 -2.5866426  -1.63879499
  0.16577326 -1.75368443 -3.60517992 -4.34800703  0.82266748 -1.25360273
 -0.57362581 -1.43617343 -2.06377206 -0.3523246  -1.69283377 -1.42626772]
log likelihood =  -19092.7645166
Edge derivatives =  [-0.1284337540490143, -5.700050060896442, 0.6536784598399488, 26.79493170506068, 9.111941192763258, -10.892180429089224, -9.885918448685706, -11.121420901034861, -21.404283895053762, 29.14437509852373, -32.030499349867355, 38.41586141515535]
other derivatives: [ -0.73669071 -37.08810254  -6.51234586   2.9871444   -3.78058758
  12.53210939]
Current x array =  [-0.70645318 -0.44973181 -0.9871453   1.07034652 -2.55509722 -1.77058214
  0.18649262 -1.73657088 -3.60192798 -4.2419481   0.79813163 -1.32258657
 -0.63661064 -1.43965243 -2.05221449 -0.16462254 -1.67837482 -1.4830936 ]
log likelihood =  -19085.1968604
Edge derivatives =  [-18.159176670137466, -10.0447741481115, 1.9107328261867658, 27.257899456565454, 9.919626627326682, 3.127389511633967, -13.449396925341162, -6.969729929029031, -19.8637059923484, 7.600645855017317, -28.1716631874184, 24.855780885293395]
other derivatives: [ -8.21019057e+01  -5.24203642e+01  -3.42781277e+01   1.27329258e-02
  -4.12514055e+01   1.43903890e+01]
Current x array =  [-0.69497971 -0.44722479 -0.97879111  1.05103348 -2.55090886 -1.85645992
  0.25104939 -1.70419207 -3.58946    -4.10169161  0.79919898 -1.36480573
 -0.68042662 -1.43320472 -2.05498177  0.04222485 -1.6868682  -1.42590957]
log likelihood =  -19080.7512623
Edge derivatives =  [-13.777302703414453, -6.55460722231634, 4.890633361767724, 28.829868881561474, 37.38452407738789, 27.705983326323807, -7.65643672635356, 8.711498802978694, -9.378039147915741, -14.470474808509952, -10.506030670694331, 2.033128435173913]
other derivatives: [ 134.98683984  -57.53317964   60.12778613   58.75699571    2.20534275
   15.40101948]
Current x array =  [-0.73152577 -0.44855676 -1.01390239  1.013385   -2.6016103  -1.91778803
  0.31645923 -1.68075451 -3.57366509 -3.90385548  0.81265578 -1.42371873
 -0.73236364 -1.439584   -2.09965162  0.29733322 -1.7525163  -1.31427227]
log likelihood =  -19074.9280574
Edge derivatives =  [-13.682776715869702, -7.319215789323049, 3.8582189185293165, 27.60038868951011, 25.171314794805625, 19.63512119720862, -8.40251398608849, 6.091960988053948, -8.396932090163311, -3.6409587368614305, -8.0024772303968, -15.353917327446737]
other derivatives: [ 16.5488018  -30.09517968   2.10166036  29.25698936  -3.13120836
  12.37276592]
Current x array =  [-0.71103886 -0.45117011 -0.99280663  1.03719215 -2.61039158 -1.8212054
  0.3084286  -1.69887102 -3.57607139 -3.94655841  0.83507227 -1.40130568
 -0.69506772 -1.44694563 -2.13090121  0.20600707 -1.79307616 -1.27134725]
log likelihood =  -19072.7293865
Edge derivatives =  [-8.423418754555284, -7.876359143641401, 3.1759713007116828, 27.051812783657418, 17.440535405594908, 13.378690953633425, -6.517190520909099, 4.079761362843102, -9.013935515977394, -2.837260831082146, -7.908483351160985, -26.415741813787744]
other derivatives: [-14.55919119  -6.95836206  -9.14296834   6.29806891  -7.2275725
  10.38315531]
Current x array =  [-0.70556258 -0.45363383 -0.9890404   1.05518119 -2.61294509 -1.79558648
  0.2830701  -1.71186569 -3.57334654 -3.92482373  0.84752206 -1.38548197
 -0.72219905 -1.45239809 -2.14406079  0.19674247 -1.81368954 -1.24945175]
log likelihood =  -19068.9911335
Edge derivatives =  [3.7728469237026663, -5.778644064509966, 2.6192884573881194, 27.508530407129047, 6.50097295005233, 7.554135780931408, -2.5146802030612423, 2.987330473361888, -6.6207705862533075, -4.348108057848074, -4.823408288669006, -33.594655330676]
other derivatives: [-43.29995136  14.90479917  -7.28905434 -14.11717676  -2.00961949
   8.3771738 ]
Current x array =  [-0.70039469 -0.45593945 -0.98954961  1.08846225 -2.62448314 -1.75907996
  0.23432165 -1.74330501 -3.56893495 -3.85046083  0.87075733 -1.37811127
 -0.77683795 -1.46666315 -2.18693004  0.21202618 -1.87184452 -1.25135443]
log likelihood =  -19063.8770143
Edge derivatives =  [15.240538061578235, -3.3437358194361506, 1.8591295310165814, 28.84233761221703, -12.227631437051178, -0.3152828383587149, 2.1829626546620906, -0.49983805533816905, -3.062886254350566, -14.809010814095602, -2.330616434310433, -30.9191393082323]
other derivatives: [ -0.36707206  40.62821972 -40.75554898 -46.17359082  -9.06038622
   7.23994162]
Current x array =  [-0.70587117 -0.45885494 -0.9796382   1.13293918 -2.6392373  -1.7414057
  0.18403696 -1.78370205 -3.55597782 -3.66090801  0.90677083 -1.37102849
 -0.8758789  -1.47763555 -2.25043572  0.29138908 -1.95433633 -1.3001257 ]
log likelihood =  -19061.9245305
Edge derivatives =  [41.364624599137514, 13.884558671382697, 2.1256934225633937, 32.715013832739544, -23.019574514124827, -0.664869135395345, 13.130737349461098, 7.18449769938638, 11.397993760823686, -26.34768994842955, 8.536024146261777, -9.946746908361522]
other derivatives: [-170.91224436   15.81829565   79.93985491    4.94292181   29.04816938
    6.386108  ]
Current x array =  [-0.68145033 -0.45552283 -1.01773168  1.14769732 -2.67429115 -1.6940177
  0.12009403 -1.85802649 -3.53070283 -3.29659219  0.9692462  -1.3596327
 -1.03942706 -1.5004662  -2.36984899  0.41368434 -2.10874936 -1.39648439]
log likelihood =  -19056.010961
Edge derivatives =  [31.82260205809648, 10.884760778954652, 1.7454485658353645, 32.37335774098052, -26.7501735259256, -3.2836786258721884, 10.652400541904822, 3.777132369066428, 9.51470887231251, -25.105316363881556, 6.425816864718945, -6.909383829075904]
other derivatives: [-11.6564479  -14.63522494  11.80778781  -9.26229404  12.20287231
   6.2995241 ]
Current x array =  [-0.70447085 -0.45192322 -0.99591596  1.14409792 -2.66433581 -1.69229761
  0.14966489 -1.84770616 -3.52946246 -3.29277331  0.96415427 -1.3537124
 -1.0167198  -1.49087031 -2.35986305  0.39461881 -2.09465078 -1.41118077]
log likelihood =  -19052.1511691
Edge derivatives =  [19.396103988781505, 10.097084949631801, 1.7638198984644593, 32.636195468834764, -24.89365338801067, -2.2453591417736356, 8.525787524781848, 2.4751762892082576, 9.97337386612885, -27.73232021131174, 5.844410839127978, 2.234636620597911]
other derivatives: [ 58.29788279 -10.04118531 -19.36059562  -1.99870556   0.10877557
   7.02420948]
Current x array =  [-0.71574912 -0.45312576 -0.98634109  1.12454761 -2.66062889 -1.70120568
  0.20509635 -1.83287573 -3.52144141 -3.21221441  0.96254358 -1.34868543
 -1.00407515 -1.47520682 -2.35665192  0.41257218 -2.08864339 -1.44103057]
log likelihood =  -19046.0993611
Edge derivatives =  [-0.1464936750695056, 11.708649072748345, 1.2500447621044926, 31.10510524001384, -22.984440778949484, -5.969925936368128, 7.50162850355787, 0.11257800968096388, 13.24162497083112, -27.30350204644068, 6.7462984247892, 15.801696987549564]
other derivatives: [ 123.13030311  -70.33740985  -40.72680895   11.55895006  -10.48283593
    5.32381819]
Current x array =  [-0.72635532 -0.44580555 -0.98016143  1.0981125  -2.66846886 -1.66336963
  0.30345575 -1.82376479 -3.49754805 -2.95650273  0.97657489 -1.31820616
 -1.00528784 -1.44883969 -2.38494209  0.42677492 -2.12522802 -1.50190648]
log likelihood =  -19042.9413365
Edge derivatives =  [-28.385153555372383, 12.774464099565844, 0.651429258613496, 19.913431789305818, -12.145026121575404, -10.246276997075677, 7.2550401560154505, -2.4416355571157067, 15.935231160349957, -26.685637063302014, 8.204300473299798, 28.75416204779003]
other derivatives: [ 145.6541213   151.10053937  -20.71647032   20.976222    -21.20359568
    1.39407348]
Current x array =  [-0.7319512  -0.47747754 -0.98742263  1.06183224 -2.68560176 -1.60723831
  0.44081521 -1.80760025 -3.46051443 -2.53896732  0.98478983 -1.28242629
 -1.01918174 -1.4142209  -2.42564486  0.45151064 -2.18543519 -1.58428244]
log likelihood =  -19037.6181785
Edge derivatives =  [-27.23612979516502, 11.88560774481868, 0.08805568871984193, 18.992601570268818, -8.991255585676022, -15.469614622181425, 8.163597023188089, -3.8901111714926975, 15.147965381897238, -15.547081103329168, 7.335215722336845, 23.64618875026954]
other derivatives: [ 66.86459528 -21.77839633 -19.77168722  20.44107532  -8.68967618
  -2.33303581]
Current x array =  [-0.71798454 -0.45232703 -0.98658898  1.06773948 -2.68801745 -1.55931327
  0.43929103 -1.80745457 -3.4595648  -2.54032059  0.98099771 -1.2651083
 -1.00006904 -1.41404142 -2.42334122  0.37872218 -2.18881698 -1.56427784]
log likelihood =  -19035.5775247
Edge derivatives =  [-21.33279552794284, 9.356465251762167, -0.16808696046296195, 18.803760952468924, -5.513762419355026, -17.94946143174522, 9.121427773199324, -4.9052914474565625, 12.98499634442959, -9.84971310514204, 5.807997529104142, 15.613468249979336]
other derivatives: [ -8.50959623 -28.0484528   -1.32858986  12.22724677   2.03726813
  -4.1891326 ]
Current x array =  [-0.70590698 -0.45095674 -0.99190529  1.07864088 -2.68779984 -1.54350156
  0.41476176 -1.80467654 -3.46236361 -2.57325515  0.97005317 -1.26325698
 -0.99482317 -1.41947078 -2.4098497   0.33468583 -2.17973315 -1.5332212 ]
log likelihood =  -19034.1843382
Edge derivatives =  [-17.066402290242245, 6.880064883013701, -0.6253324571511738, 12.367920585217393, -3.6616725501912857, -22.27793999508497, 10.673817224476355, -6.82251511922246, 10.850789345531508, -6.063273372000406, 4.554769350775255, 7.586639105414154]
other derivatives: [-45.43580872 -11.88709575  12.57794793  -5.07679943   8.46666808
  -7.85221346]
Current x array =  [-0.699914   -0.45253649 -0.99658837  1.09155423 -2.6925501  -1.5142801
  0.40091552 -1.80413527 -3.45514923 -2.48155534  0.96664977 -1.25707116
 -1.0109357  -1.42211436 -2.4123764   0.30818367 -2.19655866 -1.51946239]
log likelihood =  -19032.5753369
Edge derivatives =  [-12.954559001656058, 2.3292129157626515, -0.33417465918490413, 10.614757141458691, 1.2173222393676797, -19.130531697251925, 10.874893323375186, -6.500338976500504, 7.293835432743385, -1.39388007344668, 3.0371440420049396, -0.9132433713523149]
other derivatives: [-42.36790119  19.02153599  18.91894499  -8.57180567  17.18544809
  -8.88721843]
Current x array =  [-0.70034903 -0.45665337 -0.99876142  1.09064293 -2.68772379 -1.5126495
  0.38175169 -1.78754121 -3.45547061 -2.47729926  0.95168573 -1.27274864
 -0.99043199 -1.42688296 -2.38520459  0.26878757 -2.17752621 -1.48658853]
log likelihood =  -19029.8634919
Edge derivatives =  [-9.580419456199932, -5.546559489519957, 0.7120157412070074, -0.6345719186049195, 2.034622422198413, -8.32544634329157, 9.836677067508566, -4.0843984546985705, 0.8206619335494149, 0.5985426003168327, 1.2597523787082605, -11.873224134614388]
other derivatives: [-16.64775482  26.7624273    3.87408363 -15.91688488  12.21051207
 -10.08083927]
Current x array =  [-0.70416373 -0.45748981 -0.99422957  1.07979434 -2.66705113 -1.52121732
  0.35152409 -1.75569473 -3.44580343 -2.32610387  0.93321053 -1.32077647
 -0.96403271 -1.437008   -2.34480667  0.23558408 -2.16324022 -1.45704901]
log likelihood =  -19028.8676693
Edge derivatives =  [0.5368828372797939, -5.361702373303237, 2.0288427941499756, 2.013956985558998, -3.954313534526005, 2.9742533521276107, 7.625014200108439, 1.5710797742815656, -1.590667669198442, 0.9493948816334209, 1.1907574125794143, -13.204053669075893]
other derivatives: [ 37.36495273  -5.79384505  44.19089237   3.19996616   7.41129043
  -6.488699  ]
Current x array =  [-0.71329827 -0.45348893 -1.00795639  1.06441035 -2.63398652 -1.56063891
  0.28495683 -1.75345715 -3.44822934 -2.35979205  0.91984405 -1.36486324
 -0.91920158 -1.45525031 -2.30945439  0.20752886 -2.13311902 -1.44299667]
log likelihood =  -19028.0860948
Edge derivatives =  [-2.9398448707614455, -6.0581557077188215, 2.405567311244117, 1.6449659353351316, -8.288130635621762, 6.7680566719016655, 4.969988999415341, 2.3042234523290133, -2.715654983120206, -1.6213479220409193, 0.5895918138953984, -9.81175168858981]
other derivatives: [  2.56186468  12.67944754 -12.7372914    4.32009983  -7.40365067
  -4.06143954]
Current x array =  [-0.70761533 -0.45592899 -0.9878402   1.05605962 -2.61793188 -1.58391863
  0.27867638 -1.74999737 -3.4464368  -2.35026381  0.91350199 -1.38011227
 -0.89555866 -1.45605252 -2.2967926   0.20778718 -2.11944739 -1.45679826]
log likelihood =  -19027.8146069
Edge derivatives =  [-4.031292375647124, -3.8153120774107863, 2.2375586615301146, 0.5352419305314455, -7.009842557939007, 5.324234996313068, 5.059497392915782, 2.0269517042036806, -1.3169720643723064, -2.053201224570302, 1.2066117141098047, -5.2344747554324265]
other derivatives: [ 2.85835995 -3.11010808 -6.08451955  8.91923264 -5.57010935 -3.94320523]
Current x array =  [-0.70776561 -0.45386207 -0.99000921  1.05477711 -2.62052506 -1.58266937
  0.28647716 -1.75734834 -3.44259064 -2.32295852  0.91439279 -1.37199365
 -0.89642719 -1.45274161 -2.3069151   0.21449401 -2.127844   -1.47605557]
log likelihood =  -19027.4663979
Edge derivatives =  [-2.7440285833494698, -1.5224197287043992, 1.849092627015088, 0.7217620933858168, -6.001250716651471, 2.106104309743047, 4.426911182801592, 0.5119123377888399, -0.6502207497076928, -2.2482002574869377, 0.8143359812203902, -1.1383158979301669]
other derivatives: [  9.11277311 -17.90540409  -3.75039235   6.2649633   -4.21096047
  -3.00642569]
Current x array =  [-0.70861813 -0.45181144 -0.990806    1.06219815 -2.61959792 -1.59020961
  0.27581783 -1.77180007 -3.43865746 -2.32337055  0.9079637  -1.36322462
 -0.88527978 -1.45153464 -2.31400751  0.21109961 -2.12986519 -1.49787518]
log likelihood =  -19027.2219608
Edge derivatives =  [1.1573587577068591, 1.4387531001355272, 1.7137413898066665, -0.22525812114186433, -0.8697994483080012, 1.1176740631184825, 2.5897154782478817, -0.0911496481103461, -0.5819563931160905, -2.868474585828013, 0.0226195097091538, 5.083669224939801]
other derivatives: [-12.5131919    7.27995939  14.56974132   8.71186785   0.73086994
  -0.3947207 ]
Current x array =  [-0.70556876 -0.45514637 -0.99656659  1.06784711 -2.61289706 -1.61965578
  0.24784748 -1.78927206 -3.42950022 -2.30446276  0.88780183 -1.36447136
 -0.85220652 -1.45296814 -2.31361888  0.20404866 -2.12344208 -1.53055927]
log likelihood =  -19027.0791558
Edge derivatives =  [1.9889547531787315, 0.4127139376995877, 1.427833189385143, -0.11707634745262971, 0.17228608053208527, -1.0647648164480685, 1.9411666286697675, -1.5519096952657723, -1.7705965513391675, -0.988677414609498, -1.207293718878901, 2.835524888680252]
other derivatives: [  2.66991265 -12.08936737  -1.51776476  -0.22082531   1.27620297
  -0.47803042]
Current x array =  [-0.70743626 -0.45238518 -0.99130845  1.0754149  -2.61073513 -1.61869946
  0.23756014 -1.79145961 -3.42811487 -2.3183226   0.87943035 -1.36203363
 -0.83842409 -1.45430293 -2.30931489  0.18267257 -2.11798184 -1.52619327]
log likelihood =  -19027.0528664
Edge derivatives =  [1.4145342548773363, -0.18194976218919734, 1.474571207534368, -0.016158698437577446, -0.0945720385877502, -0.6342359103197475, 1.9343770618461242, -1.3339852635978313, -1.9686490187597516, -0.7485363557377597, -1.2341564899259723, 1.6153464160722972]
other derivatives: [ 3.71910573 -0.99826138 -1.39370968 -0.88512024  0.36779966 -0.63919288]
Current x array =  [-0.70765071 -0.45389091 -0.99139144  1.07448725 -2.6105793  -1.61713134
  0.24008586 -1.78847058 -3.42850477 -2.32171532  0.88001558 -1.36350559
 -0.83847439 -1.45489829 -2.30789238  0.18087446 -2.11700595 -1.52026623]
log likelihood =  -19027.0396049
Edge derivatives =  [1.1412045452945319, -0.5301752636885506, 1.5120474910794426, -0.09249654280304026, 0.32732382277908545, -0.25382931007416226, 1.7498997528497668, -1.0958497284571136, -2.1593465100837337, -0.339014416459971, -1.3209657663397827, 0.8063873193879191]
other derivatives: [-0.52059477  2.12348823 -0.47330104 -0.87966328  0.26302587 -0.63046173]
Current x array =  [-0.70701302 -0.45429638 -0.99166181  1.07384099 -2.60979242 -1.61744058
  0.24040591 -1.78673385 -3.42770916 -2.32203134  0.8784878  -1.36505334
 -0.83470329 -1.45576038 -2.30634064  0.17667353 -2.1155155  -1.51652938]
log likelihood =  -19027.0235988
Edge derivatives =  [0.49788098564645134, -0.47921972200679674, 1.5029864253684329, -0.20442293493141261, 0.7741249553109716, -0.22384996423825843, 1.368215138022544, -0.8431716553343089, -2.0600708243694497, 0.07956647015207302, -1.325315679369942, 0.4779157198923614]
other derivatives: [ 0.24265319  6.57855708 -0.18299033 -0.86511136 -0.20008883 -0.45802153]
Current x array =  [-0.7071675  -0.45490968 -0.99175577  1.07341942 -2.60883692 -1.61858398
  0.24156268 -1.78679664 -3.42530969 -2.32085853  0.87643163 -1.36535527
 -0.82831116 -1.45688806 -2.30724553  0.17176435 -2.11533548 -1.51516881]
log likelihood =  -19026.9982036
Edge derivatives =  [-0.6754759450362201, -0.07059604903655903, 1.4807325412783874, -0.2387081506744467, 1.119564719021832, -0.2299168679470952, 0.7535797054080653, -0.20578616272119343, -1.5265377587525388, 0.7473058419873367, -1.11153042433693, 0.022080217261941426]
other derivatives: [ -3.20687832e+00   3.91592039e+00   1.34059519e+00   3.63797881e-03
  -1.07720552e+00  -1.67347025e-01]
Current x array =  [-0.7066661  -0.45454205 -0.99221718  1.07272005 -2.6076959  -1.61970126
  0.2443746  -1.78772245 -3.42031863 -2.31974413  0.87444379 -1.3651928
 -0.81796097 -1.4593016  -2.31137022  0.16425793 -2.11706716 -1.5126901 ]
log likelihood =  -19026.9792743
Edge derivatives =  [-1.1000951933599372, 0.698432697128574, 1.4364375969405032, -0.33170675389872945, 1.6671313217107162, -0.4799484010640768, 0.44209318119066654, 0.3266542830061623, -0.6538981783913809, 1.1718341707928732, -0.678067588857147, 0.3771009944517008]
other derivatives: [ 1.80443749  3.23416316  0.93750714  1.6134436   0.14551915  0.12551027]
Current x array =  [-0.70746616 -0.45450878 -0.99210429  1.07266659 -2.60905787 -1.62049669
  0.24686855 -1.79000292 -3.41430748 -2.31586894  0.87436768 -1.36378353
 -0.81041468 -1.46090722 -2.31853432  0.16151596 -2.12156963 -1.51382651]
log likelihood =  -19026.9631962
Edge derivatives =  [-1.4058111615548659, 1.056068387999617, 1.3669218469915867, -0.2823939943513589, 0.8209503461729816, -0.9367638608732013, 0.24351278500164794, 0.4474107121280715, 0.03901729222693115, 1.0780208273801466, -0.3482817415769432, 0.3447468384426048]
other derivatives: [-0.67375368 -1.75677997  1.22272468  0.76906872 -0.57480065  0.24374458]
Current x array =  [-0.7070425  -0.45379072 -0.99224227  1.07431169 -2.61067943 -1.62016595
  0.24835145 -1.79135834 -3.40915699 -2.31582077  0.87691652 -1.36257728
 -0.80714007 -1.46176145 -2.3254036   0.16264519 -2.12642235 -1.51396841]
log likelihood =  -19026.9502555
Edge derivatives =  [-0.8661894331341615, 1.146496628111351, 1.3687843948544722, -0.12858854675365325, 0.24069280646500235, -0.8503172889119522, 0.21715771570693782, 0.5992580617626055, 0.5069596987299927, 0.7974390731305794, -0.04223534715273837, 0.2976099803279071]
other derivatives: [ 0.54496923 -3.90355126  1.65855454  0.64501364 -0.03856258  0.38307917]
Current x array =  [-0.70721113 -0.4534931  -0.99245852  1.0755767  -2.61271299 -1.62096494
  0.24744238 -1.79134892 -3.40461616 -2.31711543  0.87965067 -1.36337539
 -0.80549462 -1.46223456 -2.33009788  0.16635787 -2.12997175 -1.51361422]
log likelihood =  -19026.9397495
Edge derivatives =  [-0.206267354406229, 0.9778643070328016, 1.3660254245980128, -0.023377556833163365, -0.7443650601371387, -0.6386202199264646, -0.05253875507739593, 0.5982104518753917, 1.0353062527237542, 0.14677649996567207, 0.3071455650609566, 0.25584429413426096]
other derivatives: [-3.66635504  0.76397555 -3.68781912 -0.52787072 -0.19354047  0.65956556]
Current x array =  [-0.70649319 -0.45408442 -0.99069071  1.07752464 -2.61509744 -1.62296212
  0.24521117 -1.79043207 -3.39551969 -2.31814852  0.88298594 -1.36560827
 -0.80080579 -1.46226136 -2.33631578  0.17217821 -2.13476435 -1.51381371]
log likelihood =  -19026.9300297
Edge derivatives =  [0.2182234344371966, 0.5169089917594678, 1.4363654162980752, 0.08403412898385196, -0.8708314848415597, -0.027217955045617803, -0.0316080601425046, 0.7102327549881007, 0.9560090986524524, -0.032982160866285554, 0.3983250818238312, -0.23186823146068483]
other derivatives: [ 0.38089638  0.09204086 -0.04765752 -0.36889105  0.04656613  0.6344635 ]
Current x array =  [-0.70716034 -0.45400472 -0.99201018  1.07728038 -2.6156559  -1.62342089
  0.24437342 -1.78779855 -3.3929118  -2.31977804  0.88406271 -1.36824943
 -0.80022386 -1.46210056 -2.33584085  0.17454322 -2.1348298  -1.51110411]
log likelihood =  -19026.9249834
Edge derivatives =  [0.37222704423219144, 0.16637160154378708, 1.4662188430551018, 0.07609890374625916, -0.5029823404128895, 0.27798795407548316, -0.10985135610538227, 0.6724816956763703, 0.7565918716719533, 0.014707582233281252, 0.3385572502638018, -0.5109990124001881]
other derivatives: [ 0.76033757  0.77416189  0.57807483 -0.32814569  0.28630893  0.60972525]
Current x array =  [-0.70722995 -0.45409924 -0.99223186  1.07690503 -2.61534674 -1.6236716
  0.24357036 -1.78613164 -3.39081725 -2.32020711  0.88314464 -1.36978382
 -0.79834953 -1.46173736 -2.33422366  0.1738627  -2.1338009  -1.50974731]
log likelihood =  -19026.9112823
Edge derivatives =  [0.4593541398529438, -0.4476164617296978, 1.472813161186779, 0.07373516808132319, -0.014560182694475121, 0.6303173026048674, -0.4593280919539729, 0.35660430174178287, 0.5247040475213507, -0.16309576480634286, 0.30358173492465135, -0.6187314318149512]
other derivatives: [ 0.14661055  2.53421604  1.9390427  -0.46129571 -0.12150849  0.58680598]
Current x array =  [-0.70716868 -0.45433262 -0.99270415  1.07613239 -2.61459441 -1.62374519
  0.24227315 -1.78300657 -3.3798772  -2.32029022  0.88160493 -1.37254512
 -0.79237224 -1.4599028  -2.3325103   0.17403247 -2.13325562 -1.50902166]
log likelihood =  -19026.9023349
Edge derivatives =  [0.998940745809203, -1.7140559489924942, 1.47745395699645, 0.06892934328838302, 1.6061085649999387, 1.4014666422847935, -1.0710844815463147, -0.2595581527506886, 0.05530409164602612, -0.3229875748382657, 0.2833786080747903, -0.861623209534398]
other derivatives: [ 2.27082637 -8.2567567  -3.29418981  0.26047928  0.9440555   0.47657522]
Current x array =  [-0.70742537 -0.45289503 -0.99097205  1.07413472 -2.6143799  -1.62296553
  0.23979282 -1.77617254 -3.35183724 -2.31989059  0.87869732 -1.37845854
 -0.77924773 -1.45574858 -2.32867683  0.17427216 -2.1323004  -1.50694282]
log likelihood =  -19026.8818761
Edge derivatives =  [0.53857962578422, -1.4353889050623965, 1.390351065609045, 0.04084629581324678, 1.5854661030251316, 0.9717345977695817, -1.296094785441791, -0.464005034570492, 0.3287614016765571, -0.4148954435384833, 0.4136364984303088, -0.2671025207759055]
other derivatives: [-1.42754288 -0.10040822  0.50895324  0.55661076  0.12696546  0.43692125]
Current x array =  [-0.70694793 -0.45400262 -0.99221141  1.07355481 -2.61426725 -1.62155637
  0.24133594 -1.77687841 -3.34207801 -2.31791275  0.87873609 -1.37739647
 -0.77585298 -1.45451479 -2.33066759  0.17447714 -2.13427256 -1.50930305]
log likelihood =  -19026.867675
Edge derivatives =  [0.20741473330351898, -1.1586314297913638, 1.276701604427489, 0.01957388492158002, 1.2171884589283746, 0.3632234764445683, -1.3534392800616353, -0.8411456888743802, 0.5378468630727655, -0.6538737431800665, 0.5127529256118748, 0.4255639276841829]
other derivatives: [-1.8546416   2.25118129  1.55960151  0.41472958 -0.70467649  0.30049705]
Current x array =  [-0.70691512 -0.45432709 -0.99256837  1.07329672 -2.61472874 -1.61921589
  0.24298958 -1.7778356  -3.33128215 -2.31614337  0.88002525 -1.37583515
 -0.77519877 -1.45272728 -2.33222767  0.17663774 -2.13634118 -1.51225599]
log likelihood =  -19026.8425923
Edge derivatives =  [-0.11613217491480216, -1.027877676130554, 1.0476433662487077, -0.04179584385258356, 1.1930359499299135, -0.5228197229778853, -1.4482650769889676, -1.5259988842040044, 0.6494282784380873, -0.7546599532881084, 0.6353344115895184, 1.1410461348378467]
other derivatives: [-0.11059456  4.25388862  1.31039997  0.52787072 -0.83637133 -0.12296368]
Current x array =  [-0.70720852 -0.45463305 -0.99252094  1.07206248 -2.61659761 -1.6133084
  0.24627796 -1.77759684 -3.29910963 -2.31330122  0.88235284 -1.37497823
 -0.77100551 -1.4489575  -2.33249694  0.17909779 -2.13898768 -1.51472938]
log likelihood =  -19026.8732789
Edge derivatives =  [0.12896888321934172, -0.463745918762348, 0.6559154819310103, 0.023248589458470387, -0.0104759859111494, -1.5459342910254246, -0.8857071100061975, -2.202752291908696, 0.5041877241690409, -1.1814123835626593, 0.7934716575256516, 2.320915679472012]
other derivatives: [-26.56997822  -8.12324288   7.73907232   2.65281415  -0.40599843
  -1.15505827]
Current x array =  [-0.70314134 -0.45288904 -0.99449347  1.06935732 -2.62153668 -1.60125696
  0.25174763 -1.77816651 -3.23355569 -2.30994398  0.89173802 -1.37592594
 -0.77397512 -1.44359689 -2.32736654  0.18871908 -2.14076979 -1.51719799]
log likelihood =  -19026.8294372
Edge derivatives =  [-0.029745187788645933, -0.827270766941805, 0.9160605022470114, -0.01822089120975179, 0.7668451582934673, -0.8751373330683312, -1.247955329170076, -1.7639108069063563, 0.5983962071297153, -0.9057379088520261, 0.693275796199268, 1.5603433559983921]
other derivatives: [-9.44346539 -0.12514647  3.58995749  1.29075488 -0.67848305 -0.48858055]
Current x array =  [-0.70576805 -0.45401537 -0.99321955  1.0711044  -2.61834688 -1.60904015
  0.24821515 -1.7777986  -3.27589243 -2.31211219  0.88567678 -1.37531388
 -0.77205726 -1.44705893 -2.33067991  0.18250535 -2.13961885 -1.51560369]
log likelihood =  -19026.801317
Edge derivatives =  [0.07752500272061769, -0.8386027288899709, 0.6904695229946434, -0.08886389444792142, 0.2817443977704591, -1.4871612886772105, -1.028577768467707, -2.1501315408092645, 0.4029846135627234, -0.841870787871973, 0.7022068517119621, 1.54172610298285]
other derivatives: [-3.60741979  0.09531504  1.01790647  0.96333679 -0.08330971 -1.03536877]
Current x array =  [-0.70663638 -0.45408493 -0.99246018  1.07015691 -2.62144357 -1.60265079
  0.25132898 -1.77738157 -3.24062207 -2.31079342  0.89019268 -1.37619547
 -0.77151574 -1.44474341 -2.32821994  0.18550122 -2.14050789 -1.51485566]
log likelihood =  -19026.7761022
Edge derivatives =  [0.2896375572501044, -1.035597583618304, 0.5554087995411222, -0.18517527762390767, -0.4509944443415175, -1.5120323305045038, -0.6970856301710756, -2.0555301533864068, -0.15981808222360935, -0.6143656761809317, 0.5315316119119978, 0.71240218397572]
other derivatives: [ 0.50713425 -0.58971636 -1.06010702  0.30013325  0.35033736 -1.51667336]
Current x array =  [-0.70722627 -0.4540033  -0.99186978  1.06944304 -2.62386578 -1.59805744
  0.25352386 -1.7767408  -3.21052779 -2.3111405   0.89454664 -1.37946459
 -0.77366381 -1.44489105 -2.32254672  0.18688688 -2.13835087 -1.51073153]
log likelihood =  -19026.7556159
Edge derivatives =  [0.34391216141538206, -0.9794395682309157, 0.5222971750437593, -0.25717574104861285, -0.844961092630719, -1.0858984405949075, -0.40131749081081625, -1.4133746855503642, -0.7332528204551908, -0.2477905834536382, 0.3072573377442518, -0.22028782607867492]
other derivatives: [ 2.53312464 -1.33659341 -0.77889126  0.377986    0.82727638 -1.72294676]
Current x array =  [-0.70753106 -0.45390815 -0.99202348  1.06885785 -2.62483272 -1.59667357
  0.25501326 -1.77748161 -3.18976031 -2.31208043  0.89672357 -1.38380813
 -0.77696596 -1.44764785 -2.31642135  0.18588692 -2.13437073 -1.50625934]
log likelihood =  -19026.7512907
Edge derivatives =  [-0.35669869656376707, -1.204003769548825, 0.4207554535561509, -0.47629721675957626, -1.3098831622963827, -0.42928206643697747, -0.5426229848195915, -0.749195657082174, -1.5336954422761888, -0.3408847167521659, -0.14451702853660287, -1.4397237732683925]
other derivatives: [-6.12526492  9.19353624 -7.9486199  -1.74841261 -0.87929948 -1.63563527]
Current x array =  [-0.70614193 -0.45526619 -0.98959336  1.06933963 -2.62431202 -1.59843805
  0.25629813 -1.77824795 -3.15255085 -2.31323187  0.89658188 -1.39296959
 -0.77801782 -1.45176937 -2.30958545  0.18525225 -2.12878944 -1.50190276]
log likelihood =  -19026.726948
Edge derivatives =  [-0.445374158738602, -0.6650587950867589, 0.4845749077327575, -0.4011035509764561, -1.214267992657085, -0.234789329079433, -0.39417204596894045, -0.2010809189554721, -1.4023699515812686, -0.12093105766233608, -0.10836117000796405, -1.3195360585785525]
other derivatives: [-1.09430403  2.78341759 -1.21144694 -0.5151378  -0.45292836 -1.49702828]
Current x array =  [-0.70698514 -0.45442002 -0.99190059  1.06936989 -2.62377605 -1.60004783
  0.25678379 -1.78053779 -3.1577875  -2.31348044  0.89610334 -1.39295139
 -0.78082169 -1.45410138 -2.30981112  0.18384709 -2.12787463 -1.5021087 ]
log likelihood =  -19026.715966
Edge derivatives =  [-0.7493878483956775, -0.28643192971406767, 0.4807261863666119, -0.3647008988029655, -0.8316757071071619, -0.11754751354965137, -0.4950597160327785, 0.09897807817981175, -1.2245282857353792, -0.14559753509664783, -0.08378384375489695, -0.9925671104589167]
other derivatives: [-0.39872248  1.10958354  1.32858986  0.14842954 -0.49076334 -1.26819941]
Current x array =  [-0.7071352  -0.45420006 -0.99275121  1.0695714  -2.62299324 -1.60230511
  0.25711671 -1.78222922 -3.15346251 -2.31320544  0.89444217 -1.39424734
 -0.78063505 -1.45554974 -2.31096754  0.18320878 -2.12754168 -1.50356773]
log likelihood =  -19026.6988824
Edge derivatives =  [-1.4010733822373336, 0.38704047141844306, 0.37665879109720807, -0.33242321819694465, 0.15383959793665802, 0.08734652342227972, -0.7880053882290026, 0.6332831883353573, -0.9369865106168733, -0.2539847421692461, -0.10466912192426273, -0.3663058517015849]
other derivatives: [-0.28485374 -0.98552846  2.54622137  1.01499609 -0.4456524  -0.78143785]
Current x array =  [-0.70719856 -0.45392225 -0.99315241  1.07017477 -2.62183035 -1.6072117
  0.25789962 -1.78545407 -3.12795888 -2.31248672  0.89082574 -1.39936521
 -0.7788056  -1.45838544 -2.31289725  0.18232712 -2.12641779 -1.50658027]
log likelihood =  -19026.6844448
Edge derivatives =  [-1.1548011828885243, 0.5886901011088591, 0.2516445879515659, -0.3397941452082951, 0.4580541465788418, 0.17625156737931547, -0.8109619357043834, 0.7305625641080664, -0.842366715645334, -0.33169699553664944, -0.2830119888890392, -0.09269010626430765]
other derivatives: [ 0.07094059 -4.16584953  0.56461431  0.26848284  0.06293703 -0.38962753]
Current x array =  [-0.70720633 -0.45346335 -0.99251538  1.07207848 -2.62166314 -1.61246785
  0.25575325 -1.78722711 -3.1031922  -2.31287185  0.88921159 -1.40480242
 -0.78042847 -1.46003988 -2.31445291  0.18227018 -2.12481711 -1.5087987 ]
log likelihood =  -19026.689887
Edge derivatives =  [-0.12360473149642653, 1.1825537174053782, -0.11500887207506016, -0.22641118619842285, 0.8502717247751465, -0.2761301290026245, -0.6564216653556245, 0.40769523028688315, -0.17833431953113063, -0.5247147678762222, -0.3694364837451841, 1.2934032173257948]
other derivatives: [ -0.4118192   10.44900273   4.53874236  -0.19936124   1.82990334
   0.19681465]
Current x array =  [-0.70721633 -0.45544027 -0.9938774   1.07496067 -2.62262578 -1.62040579
  0.25131971 -1.7903712  -3.05349242 -2.31272626  0.88823027 -1.41211872
 -0.78423906 -1.46007668 -2.32117622  0.1844565  -2.12520819 -1.51609573]
log likelihood =  -19026.6770793
Edge derivatives =  [-0.7094394693682267, 0.845422907767307, 0.09958320425696447, -0.2906097370866096, 0.6276013640306571, -0.009864027051476598, -0.7442198976109682, 0.5929076935941966, -0.555095785705687, -0.4149239929811813, -0.31897857312375666, 0.5072710426280582]
other derivatives: [-0.13496901  2.16423359  2.28501449  0.08294592  0.83491614 -0.13096724]
Current x array =  [-0.70721065 -0.45431669 -0.99310329  1.07332258 -2.62207867 -1.61589427
  0.25383951 -1.78858426 -3.08173924 -2.312809    0.888788   -1.4079605
 -0.78207332 -1.46005576 -2.31735504  0.18321391 -2.12498592 -1.51194847]
log likelihood =  -19026.6716771
Edge derivatives =  [-0.14308038507723203, 0.6378949245468024, 0.07398528988973799, -0.2746746968294851, 0.25448135650615544, -0.006909543778323368, -0.6415213874916254, 0.3416536070285088, -0.5064409255275328, -0.4585575755930243, -0.408955823769053, 0.501697134074641]
other derivatives: [  1.08047971e-01   2.48837750e-01  -3.91446520e-01  -8.64019967e-01
   9.84800863e-01   7.27595761e-04]
Current x array =  [-0.70718601 -0.454031   -0.99222017  1.07450591 -2.62202    -1.61840522
  0.25101874 -1.78807458 -3.07776713 -2.31368278  0.88907187 -1.40946137
 -0.78449734 -1.45963815 -2.31881792  0.18341461 -2.12477364 -1.5125975 ]
log likelihood =  -19026.6689385
Edge derivatives =  [0.13611057783462296, 0.523131952949962, 0.06969988409017244, -0.22439355924227902, -0.19130510771678677, -0.002887577693264254, -0.5450253155611653, 0.2066723323372468, -0.43425156353854844, -0.4535630678019503, -0.39440991473503495, 0.4823990980614341]
other derivatives: [-0.18626451 -0.1538865  -0.84837666 -0.92913979  0.79671736  0.00472937]
Current x array =  [-0.7071289  -0.4539723  -0.99205825  1.07443271 -2.62172657 -1.61892562
  0.24975443 -1.78735582 -3.07673223 -2.31425286  0.8898289  -1.40966543
 -0.78635817 -1.45898601 -2.3196288   0.18343418 -2.12506502 -1.51244065]
log likelihood =  -19026.6652866
Edge derivatives =  [0.4119382025579894, 0.21034424996645626, 0.09830027450738499, -0.07452436605892646, -0.9602233970002216, 0.199657070094647, -0.36366673953435885, 0.07499216438006684, -0.2154618950795071, -0.37940154212076593, -0.30796760958885716, 0.23532747900985512]
other derivatives: [ 4.88071237  1.58761395 -2.3006578  -0.583168   -0.08731149  0.07639755]
Current x array =  [-0.70792909 -0.4542389  -0.99156576  1.07334094 -2.61954211 -1.62101209
  0.2473312  -1.78516711 -3.07545552 -2.31596777  0.88982689 -1.41064107
 -0.79149165 -1.45800074 -2.32181176  0.1819607  -2.12574396 -1.51094109]
log likelihood =  -19026.6613199
Edge derivatives =  [0.6082561629852894, 0.1582438840465508, 0.08345470428283557, 0.06036212249760281, -1.2014227365451973, 0.30014732158687285, -0.21466050755047733, 0.048337108809269336, 0.00764567202243524, -0.30595011080635737, -0.21086235137822146, 0.24963672769904016]
other derivatives: [-0.9949872  -0.0854925  -0.73596311  0.3947207  -0.22118911  0.11241355]
Current x array =  [-0.70703836 -0.45400128 -0.99199434  1.07247773 -2.61847286 -1.62209697
  0.24615209 -1.78404636 -3.06949577 -2.31682915  0.88985673 -1.41154491
 -0.794661   -1.45730307 -2.32334097  0.18116604 -2.12633578 -1.51031133]
log likelihood =  -19026.6599578
Edge derivatives =  [0.38335468680816664, 0.20581621229604716, 0.08127857461660071, 0.05373388129137044, -0.8940118180536625, 0.30914753714963256, -0.25515114963311947, 0.131219345394181, 0.020849902470744197, -0.28423831738051797, -0.19751386642408175, 0.22998666630091114]
other derivatives: [-0.45729394 -0.02874003 -0.10004442  0.58462319 -0.23428584  0.12878445]
Current x array =  [-0.70713789 -0.45401509 -0.99220845  1.0723261  -2.61816811 -1.62221203
  0.24682794 -1.78422016 -3.06894335 -2.31668252  0.88894871 -1.41162563
 -0.79433504 -1.45763919 -2.32334659  0.18067969 -2.1263544  -1.51018309]
log likelihood =  -19026.6579362
Edge derivatives =  [0.09426164732011158, 0.0717828227127704, 0.05573870680843268, 0.04067620157125357, -0.27979322873039847, 0.2326853805944205, -0.23360161133192492, 0.09232529479409068, 0.05610003555514059, -0.1934880248980308, -0.1926946495902087, 0.015756776282462415]
other derivatives: [ 0.26266207  0.03856258  0.68976078  0.42673491 -0.1888111   0.14515535]
Current x array =  [-0.70726276 -0.45402311 -0.99247302  1.07239104 -2.61733762 -1.62297205
  0.24731621 -1.78363783 -3.06712763 -2.31693203  0.88681522 -1.41181498
 -0.79568549 -1.45768423 -2.32406612  0.17923903 -2.1267922  -1.50942299]
log likelihood =  -19026.6571605
Edge derivatives =  [0.0031452354774397784, -0.046680493315732624, 0.03606179093655732, 0.037438152254927, 0.11731758584933139, 0.1172921577681938, -0.1574114146290187, 0.0038204745720856748, 0.0858050881952542, -0.10113986964454968, -0.17040145186803074, -0.09466946751127997]
other derivatives: [-0.05748007  0.4802132   0.17425918  0.2921297   0.0851287   0.13496901]
Current x array =  [-0.70720493 -0.45408082 -0.99228122  1.07253242 -2.61700207 -1.62321634
  0.24745922 -1.78315813 -3.06724101 -2.31717198  0.88560394 -1.41142449
 -0.79728298 -1.45745192 -2.32469824  0.17826811 -2.12750504 -1.50909532]
log likelihood =  -19026.6572087
Edge derivatives =  [0.05570436495828568, -0.15772679605210846, -0.02387817908403124, 0.03578933377045543, 0.17681228528338866, -0.147673428976002, -0.04519298882106754, -0.2164174675192614, 0.13052838881711804, -0.04007089119254437, -0.14798612176184425, -0.0797792736429038]
other derivatives: [ 0.72650437 -1.38497853  0.83819032 -0.21391315  0.17280399  0.09094947]
Current x array =  [-0.7073122  -0.45381746 -0.99252134  1.07305962 -2.61692004 -1.62324837
  0.2471658  -1.7828226  -3.06465579 -2.31733266  0.88526368 -1.41097535
 -0.79940159 -1.45682585 -2.32564998  0.17781862 -2.12863758 -1.50946817]
log likelihood =  -19026.6569571
Edge derivatives =  [0.02803792297107538, -0.09925832652249977, 0.007707562345096938, 0.03665954456952367, 0.14549403394951788, -0.008184637293769836, -0.10422879336053047, -0.10047413659835658, 0.10699509928457873, -0.07221489922942528, -0.15976376417256893, -0.08761295348392809]
other derivatives: [ 0.31286618 -0.40272425  0.48567017  0.05675247  0.12514647  0.11132215]
Current x array =  [-0.70725573 -0.45395609 -0.99239494  1.0727821  -2.61696322 -1.62323151
  0.24732026 -1.78299922 -3.06601666 -2.31724808  0.88544279 -1.41121178
 -0.79828634 -1.45715541 -2.32514898  0.17805524 -2.1280414  -1.5092719 ]
log likelihood =  -19026.6567872
Edge derivatives =  [-0.010064710085195994, -0.12856834262831457, -0.0030251710708838475, 0.028480845487787454, 0.10039847810993396, -0.08228797638669483, -0.08263128858713918, -0.1458076561371906, 0.09984025990130249, -0.05942701324290062, -0.14711140395254807, -0.09507236181874071]
other derivatives: [-0.03165042 -0.04947651  0.09858923 -0.11532393  0.03565219  0.08985808]
Current x array =  [-0.70719575 -0.45400051 -0.99225887  1.07286038 -2.61692686 -1.62295522
  0.24741349 -1.78295305 -3.06637092 -2.31724331  0.8854598  -1.41087575
 -0.79878149 -1.45703431 -2.32521199  0.17789899 -2.12843659 -1.50932997]
log likelihood =  -19026.6566757
Edge derivatives =  [-0.025066645313963187, -0.11003563598015215, -0.010383661920739543, 0.027983122769818042, 0.035345421841478486, -0.12789301813339116, -0.06367892559612291, -0.149759328565217, 0.09860532011407086, -0.047170446195430066, -0.12150042001750408, -0.05169272054900875]
other derivatives: [-0.16152626  0.04547474 -0.15061232 -0.102591    0.01382432  0.07094059]
Current x array =  [-0.70717286 -0.45401392 -0.9921695   1.07285215 -2.61697058 -1.62259414
  0.24753229 -1.7830691  -3.06636753 -2.31716066  0.88564223 -1.4106309
 -0.79905678 -1.45700686 -2.32517884  0.17786109 -2.1288162  -1.50952486]
log likelihood =  -19026.6565457
Edge derivatives =  [-0.05185417569926298, -0.06935484504012651, -0.017188311708944734, 0.024857505415527448, -0.029609452630484978, -0.15748080406858006, -0.04362264367985713, -0.11967730456664294, 0.09185181690365551, -0.028940511244369277, -0.08073664729068125, 0.008414282104240112]
other derivatives: [-0.14479156  0.19535946 -0.17607817 -0.04729372 -0.00291038  0.0509317 ]
Current x array =  [-0.70717534 -0.45403601 -0.99215515  1.07285953 -2.61698308 -1.62217352
  0.24767121 -1.78332311 -3.06598802 -2.31701144  0.88578962 -1.41052673
 -0.79938261 -1.45713086 -2.3250734   0.1777489  -2.12934513 -1.50980809]
log likelihood =  -19026.6568399
Edge derivatives =  [-0.16454327396025292, 0.010196850303233418, 0.006486802394583734, 0.014735148249165858, -0.06020981948276438, -0.0476180345512377, -0.030087293392203923, 0.06030924021149642, 0.045204183190762665, 0.010793583176048088, 0.01329306116275783, 0.027545650414010747]
other derivatives: [ 0.16225385 -1.89429556 -1.06920197  0.31541276 -0.04147296  0.0349246 ]
Current x array =  [-0.70721028 -0.45375983 -0.99183636  1.07269678 -2.61670237 -1.62143255
  0.24795203 -1.78381765 -3.06682412 -2.31674279  0.88564281 -1.41078484
 -0.79980984 -1.45781021 -2.32446892  0.17721347 -2.13022405 -1.50986866]
log likelihood =  -19026.6564937
Edge derivatives =  [-0.08327462350778775, -0.04716150635404043, -0.010582519508462618, 0.022035232521886827, -0.03814290065538861, -0.12683878635003892, -0.03984679091916535, -0.06947186384196369, 0.0788491434329242, -0.017856654305872827, -0.05450316112122079, 0.013748350512919894]
other derivatives: [-0.06075425 -0.39035513 -0.43037289  0.05311449 -0.01527951  0.04438334]
Current x array =  [-0.70718508 -0.45395899 -0.99206625  1.07281415 -2.61690479 -1.62196687
  0.24774952 -1.78346103 -3.0662212  -2.31693651  0.88574867 -1.41059871
 -0.79950176 -1.45732032 -2.32490482  0.17759957 -2.12959025 -1.50982498]
log likelihood =  -19026.6563828
Edge derivatives =  [-0.10593226031308423, -0.011478153442802924, -0.012164529247925333, 0.015999590706461647, -0.07772899511921627, -0.11699967805811595, -0.021678155521075743, -0.016119877111078096, 0.06506663972556109, 0.0019625977416834472, -0.012075785234411149, 0.04789164423620412]
other derivatives: [ 0.02510205 -0.14333636 -0.16334525  0.12405508 -0.0338332   0.03528839]
Current x array =  [-0.70720297 -0.45399479 -0.99215032  1.07284266 -2.61682907 -1.62165989
  0.24778895 -1.78371846 -3.0656338  -2.3168025   0.88575237 -1.41074979
 -0.79987971 -1.45756159 -2.32476003  0.1773951  -2.1301067  -1.51001837]
log likelihood =  -19026.6563029
Edge derivatives =  [-0.10056816314746864, -0.0022373778423570856, -0.006763723695157348, 0.0019629303540965592, -0.06693330288239174, -0.07934984747672857, -0.009542917120013622, 0.026180863246835107, 0.03534043239940893, 0.013858139866428754, 0.011093645361056406, 0.03437389983047018]
other derivatives: [ 0.07348717 -0.04329195  0.05056791  0.12150849  0.00254659  0.03201421]
Current x array =  [-0.70721023 -0.45400712 -0.99222098  1.07295235 -2.61677352 -1.62146792
  0.24769497 -1.78390266 -3.06551566 -2.31671301  0.88563628 -1.41102752
 -0.80012496 -1.45780437 -2.32455315  0.1772254  -2.13042934 -1.5100569 ]
log likelihood =  -19026.656244
Edge derivatives =  [-0.07510494971253823, -0.017172758143632616, 0.0014234729500469806, -0.01860341050182482, -0.04685628270218478, -0.030775965632911018, 0.0003871504563524031, 0.04386846663507915, -0.0061425737099440325, 0.0145443159473847, 0.020790208685769612, -0.014737644953140228]
other derivatives: [ 0.23028406  0.04001777  0.11750672  0.02073648  0.01818989  0.0167347 ]
Current x array =  [-0.70723289 -0.45401566 -0.99224547  1.07313164 -2.61667834 -1.621314
  0.24744594 -1.78403589 -3.06565055 -2.31667503  0.88542927 -1.4114006
 -0.80039666 -1.45800082 -2.32433427  0.17707173 -2.13067675 -1.51000815]
log likelihood =  -19026.6563664
Edge derivatives =  [-0.031346077205144485, -0.013107887771319993, 0.007805303148643868, -0.028795620109515502, 0.008833318036903681, 0.022112678946218878, 0.01254204012733326, 0.051957111536103495, -0.02923901385704028, 0.007588254039390369, 0.031224197103688484, -0.03526996003786309]
other derivatives: [-1.20744517 -0.35470293  0.44237822  0.02837623  0.08076313  0.01309672]
Current x array =  [-0.70700753 -0.45395358 -0.99233717  1.07328443 -2.61655662 -1.62119311
  0.24710903 -1.78419489 -3.06536244 -2.31667093  0.88515801 -1.41182663
 -0.800688   -1.45811754 -2.32420092  0.17695033 -2.13089671 -1.51002951]
log likelihood =  -19026.656234
Edge derivatives =  [-0.06568365909254448, -0.01629778450408617, 0.0027967669885583246, -0.020797443120564807, -0.03486692386479173, -0.019388960484109263, 0.003004122845986057, 0.04560942856245265, -0.011113789951703729, 0.013048146296963076, 0.023036308619808973, -0.01915762691382189]
other derivatives: [-0.07712515 -0.04583853  0.1884473   0.02110028  0.03165042  0.01964509]
Current x array =  [-0.70718438 -0.4540023  -0.99226521  1.07316453 -2.61665214 -1.62128798
  0.24737342 -1.78407012 -3.06558853 -2.31667415  0.88537088 -1.4114923
 -0.80045937 -1.45802594 -2.32430556  0.1770456  -2.1307241  -1.51001274]
  status: 0
 success: True
    nfev: 93
     fun: 19026.656234035596
       x: array([-0.70718438, -0.4540023 , -0.99226521,  1.07316453, -2.61665214,
       -1.62128798,  0.24737342, -1.78407012, -3.06558853, -2.31667415,
        0.88537088, -1.4114923 , -0.80045937, -1.45802594, -2.32430556,
        0.1770456 , -2.1307241 , -1.51001274])
 message: 'CONVERGENCE: REL_REDUCTION_OF_F_<=_FACTR*EPSMCH'
     jac: array([ 0.07712515,  0.04583853, -0.1884473 , -0.02110028, -0.03165042,
       -0.01964509,  0.06568366,  0.01629778, -0.00279677,  0.02079744,
        0.03486692,  0.01938896, -0.00300412, -0.04560943,  0.01111379,
       -0.01304815, -0.02303631,  0.01915763])
     nit: 84
Lr rates:  [ 0.12113056  0.85801449  0.79292689  0.53210498  0.775371    0.81358928
  0.79214495]
Process rates:  [ 0.52502868  0.61491389  0.39120505  5.85872721  0.08624044  3.4499598 ]
log likelihood =  23525.8028672
Lr derivatives =  [-3137.1566386855948, -2662.4250588263835, -1443.2334913387549, -578.04885878320624, -668.33203717359902, -126.15281018945626, 116.1361354889886]
other derivatives =  [  413.00627345   185.98948373  -269.50037864 -1725.63304659 -1361.49647005
    35.91740096]
Current x_clock array =  [-0.64430238 -0.48627304 -0.93852343  1.76793238 -2.45061608  1.23836258
 -2.11088631 -0.15313429 -0.23202426 -0.63091448 -0.25441366 -0.20629961
 -0.23301088]
Lr rates:  [ 0.27308389  0.85804854  0.79297456  0.53219198  0.77542211  0.81363277
  0.76866161]
Process rates:  [ 0.47174255  0.5859814   0.39129513  9.16217808  0.12272358  3.41799988]
log likelihood =  20863.0208119
Lr derivatives =  [-944.99902969921641, -809.99224189185884, 21.905702452212836, 575.97680930869728, 61.970625352818104, 211.97449068074735, 202.35923648702078]
other derivatives =  [-351.38691601 -337.57605706  -25.96934792 -297.91008274 -625.21648942
  521.06042858]
Current x_clock array =  [-0.75132189 -0.53446723 -0.93829319  2.21508393 -2.09782076  1.22905555
 -1.29797625 -0.15309461 -0.23196414 -0.630751   -0.25434774 -0.20624615
 -0.26310445]
Lr rates:  [ 0.41756891  1.          0.71613749  0.44599818  0.73055834  0.76684196
  0.72691944]
Process rates:  [  0.49997446   0.62793919   0.38673693  10.97366295   0.15536674
   3.00989964]
log likelihood =  20383.6879688
Lr derivatives =  [473.91269873315144, 347.38129034658601, 705.56363691411843, 1017.9018201381484, 381.9893879020031, 317.12796710362284, 219.18179091583386]
other derivatives =  [ -77.32960512 -190.68756956   54.79923857  750.04027167  302.29784898
  616.9462722 ]
Current x_clock array =  [-0.69319826 -0.46531195 -0.95001059  2.39549812 -1.86196688  1.10190674
 -0.87330569  0.         -0.33388311 -0.80744041 -0.31394619 -0.26547454
 -0.31893962]
Lr rates:  [ 0.43414987  1.          0.65809244  0.3727924   0.69453298  0.72318284
  0.69323891]
Process rates:  [  0.51156998   0.65641441   0.38590781  10.26291413   0.15746987
   2.65575685]
log likelihood =  20121.5300571
Lr derivatives =  [-181.68384684902227, -323.3448099324844, -44.332405773292592, 330.74180634385772, -86.36644036293275, 11.605003241106747, 82.497862385306632]
other derivatives =  [  79.3759682   196.57018129   10.03936632  347.24544093   70.83071978
  404.66475184]
Current x_clock array =  [-0.67027089 -0.42096297 -0.95215678  2.32853683 -1.84852115  0.97672968
 -0.83436549  0.         -0.41840987 -0.9867336  -0.36451563 -0.32409319
 -0.36638059]
Lr rates:  [ 0.48904422  1.          0.62988221  0.31968089  0.68277392  0.69772804
  0.6647584 ]
Process rates:  [ 0.51237162  0.65452886  0.38447973  9.76573269  0.16275292  2.32167601]
log likelihood =  20013.6579213
Lr derivatives =  [-315.60531409520019, -516.28463351320261, -303.1450782209119, 43.893584036557748, -265.96738514674092, -111.49731620898496, 17.352799678871143]
other derivatives =  [ 121.36188161  188.63975129   -5.65451046  277.98232622  107.84387996
  300.94415706]
Current x_clock array =  [-0.6687051  -0.42383959 -0.95586421  2.27887959 -1.81552203  0.84228934
 -0.71530236  0.         -0.46222245 -1.140432   -0.38159148 -0.35992588
 -0.40833161]
Lr rates:  [ 0.6154544   1.          0.63897923  0.25093824  0.71816241  0.68279859
  0.62269299]
Process rates:  [ 0.50380464  0.6441112   0.38263806  8.14736124  0.16103143  1.74152482]
log likelihood =  19816.8464686
Lr derivatives =  [-409.83110551923647, -663.10551045360012, -503.05620604935461, -228.58381329801495, -388.48624596464379, -196.918731464134, -46.13431315939161]
other derivatives =  [  65.59566827   86.66247595  -17.36298145  174.72048057  144.65513232
  201.26863092]
Current x_clock array =  [-0.6855667  -0.4398839  -0.96066576  2.0976941  -1.82615573  0.55476106
 -0.48539442  0.         -0.44788333 -1.38254842 -0.33105953 -0.38155535
 -0.47370168]
Lr rates:  [ 1.10190583  1.          0.77459282  0.15082512  0.91794546  0.68547587
  0.54340308]
Process rates:  [ 0.51301624  0.66559663  0.37910311  4.57879805  0.13659802  0.78734031]
log likelihood =  19425.764179
Lr derivatives =  [-375.97002618801031, -679.07334552829411, -545.42633775384365, -501.52064802082441, -356.61698760503629, -221.59536454262843, -115.94648414457212]
other derivatives =  [ 255.69825084  385.0851499   -29.00815161  -71.02498785  208.72648747
   84.2512236 ]
Current x_clock array =  [-0.66744777 -0.40707145 -0.96994706  1.52143653 -1.99071284 -0.23909471
  0.09704126  0.         -0.25541779 -1.89163427 -0.0856173  -0.37764197
 -0.60990391]
Lr rates:  [ 2.20759418  1.          1.          0.10101527  1.          0.70816587
  0.4950086 ]
Process rates:  [ 0.39136371  0.38808315  0.37425677  2.43269319  0.08372616  0.24345305]
log likelihood =  19867.3125175
Lr derivatives =  [-279.55860373268717, -535.12533624370701, nan, -509.78506096932324, nan, -180.58241485886248, -140.42309637411165]
other derivatives =  [ -947.35114544 -1497.34296429     9.3896233   -232.23219614    75.07660484
   -33.76699169]
Current x_clock array =  [-0.93811794 -0.94653566 -0.98281316  0.88899895 -2.48020379 -1.41283116
  0.79190332  0.          0.         -2.29248361  0.         -0.34507693
 -0.70318014]
Lr rates:  [ 1.10190583  1.          0.77459282  0.15082512  0.91794546  0.68547587
  0.54340308]
Process rates:  [ 0.51301624  0.66559663  0.37910311  4.57879805  0.13659802  0.78734031]
log likelihood =  19425.764179
Lr derivatives =  [-375.97002618801031, -679.07334552829411, -545.42633775384365, -501.52064802082441, -356.61698760503629, -221.59536454262843, -115.94648414457212]
other derivatives =  [ 255.69825084  385.0851499   -29.00815161  -71.02498785  208.72648747
   84.2512236 ]
Current x_clock array =  [-0.66744777 -0.40707145 -0.96994706  1.52143653 -1.99071284 -0.23909471
  0.09704126  0.         -0.25541779 -1.89163427 -0.0856173  -0.37764197
 -0.60990391]
  status: 0
 success: True
    nfev: 9
     fun: 19425.764179045855
       x: array([-0.66744777, -0.40707145, -0.96994706,  1.52143653, -1.99071284,
       -0.23909471,  0.09704126,  0.        , -0.25541779, -1.89163427,
       -0.0856173 , -0.37764197, -0.60990391])
 message: 'CONVERGENCE: REL_REDUCTION_OF_F_<=_FACTR*EPSMCH'
     jac: array([ 255.69825084,  385.0851499 ,  -29.00815161,  -71.02498785,
        208.72648747,   84.2512236 , -375.97002619, -679.07334553,
       -545.42633775, -501.52064802, -356.61698761, -221.59536454,
       -115.94648414])
     nit: 7
