number of sites to be analyzed:  113
Now calculate MLE for pair ['YLR406C', 'YDL075W']
log likelihood =  -1220.60867782
Edge derivatives =  [5.635239635038263, -0.1587805378026027, 0.09920620245265108, -0.33302690325419476, 3.2536263713225164, 0.708817074922551, -1.3543970227656008, 0.37308202567873683, -0.3069280780880041, 10.716657149238156, -0.21816833913325762, -32.00200569069393]
other derivatives: [-1.06892912  5.52936399 -1.83313205 -9.66963398 -2.70451892 -1.87255864]
Current x array =  [-0.64353555 -0.48264002 -0.93307917  1.76977596 -2.44028574  1.19617746
 -3.90910406 -3.87159909 -4.30005794 -6.28014701 -2.83555499 -3.29056063
 -2.92359461 -3.49891453 -3.97438916 -3.10701318 -4.59465356 -2.01786889]
log likelihood =  -1207.03015093
Edge derivatives =  [6.741364756150107, 1.6518381789205634, 1.2683837207494302, 0.11837298463011436, 5.557085900337023, 3.125514948694854, 0.9875136516790817, 2.3014676482956133, 1.9954465262363357, 11.156571260995468, 1.0350356858754555, 0.2031700523735052]
other derivatives: [ 12.0138111   -7.43334567   7.20651769  29.24059572   7.78179583
   4.24968221]
Current x array =  [-0.67326137 -0.47060874 -0.98405669  1.50087334 -2.51549564  1.14410352
 -3.75239382 -3.87601461 -4.29729912 -6.28940815 -2.74507497 -3.27084915
 -2.961259   -3.4885395  -3.98292452 -2.80899392 -4.6007206  -2.90781189]
log likelihood =  -1202.92808704
Edge derivatives =  [3.8862295607073785, -0.12984045409231088, 0.14919642490949742, 0.0005313192068663155, -0.22656923377397192, -0.31016123841922627, -3.1874837344894247, -0.32069762964493814, 0.27255453956535886, 7.449798617588513, 0.06657727326396351, 2.3450940088719516]
other derivatives: [-65.31201961  25.02185907  -2.75356342   5.52445272   1.40153134
   4.13576799]
Current x array =  [-0.54596426 -0.54380707 -0.91879435  1.74489934 -2.45177399  1.17521909
 -3.62291312 -3.85862184 -4.28188512 -6.29115638 -2.65129721 -3.22854314
 -2.96258715 -3.45877341 -3.96298556 -2.58176342 -4.59092726 -3.20343741]
log likelihood =  -1198.80247885
Edge derivatives =  [3.1942952484573803, -0.6123081717052589, -0.22090748361156992, -0.048472753479130826, -1.4595382497554075, -1.1324508319936553, -4.009914330949426, -1.0405665940104314, -0.2071975722790439, 6.465772066937585, -0.22305874488154565, 1.5114413581900126]
other derivatives: [  1.49721018  11.74453246  -4.24579412  -2.13967724   0.19335857
   3.35583081]
Current x array =  [-0.64765665 -0.50860489 -0.91252799  1.80118566 -2.43691941  1.18955977
 -3.6052283  -3.85626376 -4.27961815 -6.29096452 -2.64303166 -3.22421519
 -2.96690064 -3.45575478 -3.95934247 -2.55063637 -4.58917483 -3.19831864]
log likelihood =  -1198.38903647
Edge derivatives =  [3.090754548521168, -0.6137097254069263, -0.2210978345996616, -0.033289702152020775, -1.5476246200362198, -1.123297704044164, -4.0105312365400705, -1.0540999877671309, -0.1721683743814545, 6.093369802336114, -0.19607335463292083, 2.315810734582691]
other derivatives: [ 3.06583843  3.49275524 -3.26942882 -1.77897164  0.21366304  3.30201146]
Current x array =  [-0.64981762 -0.48790519 -0.91892301  1.80100519 -2.43582907  1.19579024
 -3.58748205 -3.85665933 -4.27914095 -6.29144738 -2.63800685 -3.22352218
 -2.97572478 -3.45582663 -3.95898588 -2.5171169  -4.58928513 -3.23978333]
log likelihood =  -1197.77480742
Edge derivatives =  [2.7258418518572842, -0.6777685920817704, -0.267080952247276, -0.008781076261589832, -1.878388577859354, -1.2237301116792065, -4.05322252698497, -1.1653945074836929, -0.19681477336232608, 4.960482952269734, -0.1886379505735711, 3.5898344554363972]
other derivatives: [ 3.24127996 -5.98288352 -0.59230842 -2.17432898 -0.06855316  2.90799562]
Current x array =  [-0.64912776 -0.46626622 -0.93632143  1.80583565 -2.43049917  1.22025337
 -3.53828929 -3.85884972 -4.27837342 -6.29248918 -2.63047918 -3.2243966
 -3.00650822 -3.45847866 -3.95797404 -2.42465363 -4.58967585 -3.31902803]
log likelihood =  -1196.94055764
Edge derivatives =  [2.4260056610576015, -0.6421402810517606, -0.24351223213519035, 0.017813917165482668, -1.8143356753980664, -1.0850784250370444, -3.693113689545969, -1.097789259600329, -0.17207270566175756, 3.4534850437092732, -0.14234267124625616, 4.329611026888997]
other derivatives: [ 3.14180397 -9.81101493  2.84348971 -1.31274192 -0.10770691  1.93099368]
Current x array =  [-0.64876867 -0.45906077 -0.95869257  1.79474782 -2.42577559  1.26584784
 -3.4703437  -3.86597185 -4.27958783 -6.29357321 -2.63708716 -3.23438237
 -3.06640225 -3.4696638  -3.95850921 -2.29792124 -4.59149176 -3.3690061 ]
log likelihood =  -1195.37146967
Edge derivatives =  [1.9392301320737673, -0.5160295430336642, -0.12134332778867168, 0.0171684947461911, -1.3099829483962053, -0.5050749237076694, -2.5480364028338225, -0.7284729865689187, -0.1975392358829256, -0.332929832387985, -0.08408786830422076, 3.6350945710433757]
other derivatives: [ -0.85872216 -14.14061899   1.08975655   0.30147476  -0.38628514
  -1.03241291]
Current x array =  [-0.64148785 -0.45220111 -0.94485333  1.76367923 -2.41659983  1.37546109
 -3.31426655 -3.88986398 -4.28611292 -6.29485421 -2.68410831 -3.27182503
 -3.23470477 -3.50916039 -3.96295864 -2.03199639 -4.59732193 -3.34525634]
log likelihood =  -1195.1950184
Edge derivatives =  [1.7652259183228236, 0.06349788817692645, 0.043152292590781606, 0.018888535294532095, 0.08251891976385847, 0.30759221562867534, -1.3282260583143228, 0.18504500707413102, -0.0160075902227994, -1.814893059946835, 0.1010003262078985, 0.9120502834392074]
other derivatives: [  7.45262696   8.47892352  13.58378086   3.09250936   0.4221647
  -2.79585493]
Current x array =  [-0.6598635  -0.50687771 -1.03265178  1.72082886 -2.42680735  1.40789975
 -3.17733431 -3.92190737 -4.29543277 -6.29554465 -2.76307522 -3.31502807
 -3.41172875 -3.55791183 -3.97578407 -1.90745955 -4.60594836 -3.1848348 ]
log likelihood =  -1194.34144685
Edge derivatives =  [1.7527790210321557, -0.15298423701578773, -0.02649705278472627, -0.028376286766265413, -0.4012033317226177, 0.07590095100314738, -1.6273637551832953, -0.05016120748161851, -0.1954299218404572, -1.526961646484744, -0.01515494305022794, 0.16564515812907238]
other derivatives: [-0.18469564  0.16943886  3.85175554  0.91094989 -0.250634   -2.70108558]
Current x array =  [-0.64413333 -0.48446402 -0.96148328  1.74548583 -2.42103793  1.40023135
 -3.20319187 -3.91683238 -4.29433972 -6.29481101 -2.75676003 -3.3095947
 -3.3868938  -3.55114115 -3.9734581  -1.94622864 -4.60406695 -3.1576805 ]
log likelihood =  -1194.16584491
Edge derivatives =  [1.722571922147707, -0.11080790549937491, -0.024787117461013926, -0.04093820013174421, -0.4481231333997615, 0.08583234336530236, -1.6328821531189552, 0.031005198028954434, -0.2031392785271765, -1.2335970184120975, -0.030083007406011057, -0.46919053121408366]
other derivatives: [-0.77998266  0.39856332  0.09251835  0.25991085 -0.32589469 -2.38123903]
Current x array =  [-0.64288974 -0.48458327 -0.9362192   1.75299629 -2.42288782  1.38060241
 -3.19299452 -3.91922526 -4.2951248  -6.29475412 -2.7657518  -3.31145195
 -3.40227208 -3.55387741 -3.97546379 -1.96713442 -4.60448809 -3.12497495]
log likelihood =  -1193.93059891
Edge derivatives =  [1.4721886763444887, 0.08092695079818124, -0.002277313721060298, -0.03829477125196461, -0.38701815256112304, 0.18755350312085314, -1.4969208429634537, 0.29120601334689666, -0.1267439981455948, -1.0697456481534542, -0.0007488337803902845, -1.0539520765204842]
other derivatives: [-0.48046331  1.913304   -2.42418992 -0.32086973 -0.28619525 -1.63643108]
Current x array =  [-0.64339312 -0.48786507 -0.91955695  1.76047619 -2.42903626  1.33845802
 -3.13989812 -3.92674425 -4.29709079 -6.29533154 -2.78813445 -3.31706473
 -3.46149044 -3.56195137 -3.98109209 -1.97840334 -4.60621408 -3.08912319]
log likelihood =  -1193.58410094
Edge derivatives =  [0.7053626722572685, 0.4815917676770394, 0.04675673858686649, -0.011966793803983852, -0.09988519368963786, 0.41924979095461673, -1.0974230467340875, 0.7648743144825645, 0.09806061339448774, -0.6723471324673091, 0.09771670411771835, -1.3989546573503358]
other derivatives: [-0.19244908  2.15247837 -3.15988018 -0.43976343  0.01109584 -0.16193553]
Current x array =  [-0.64375243 -0.48789867 -0.91365637  1.76750572 -2.44290438  1.25106144
 -3.01496359 -3.93790562 -4.30043177 -6.29684465 -2.83320585 -3.32417593
 -3.59701302 -3.57105174 -3.99174948 -1.99718806 -4.60885557 -3.05168453]
log likelihood =  -1193.44848509
Edge derivatives =  [-0.8210534310948452, 0.21910606704139812, -0.10357443590800673, 0.02975743220254368, -0.3955055974187624, -0.12952501257969373, -0.6522430103379069, 0.06998765789827371, 0.04108807440270429, -0.5501793115006297, -0.014512379898682513, 0.8793640747968519]
other derivatives: [ 4.51489086  3.88354238 -4.10932444 -1.99654551 -0.35779522  0.62846084]
Current x array =  [-0.65213669 -0.49235725 -0.90638605  1.7818206  -2.43937808  1.20321009
 -2.87588586 -3.90518596 -4.29762899 -6.29792376 -2.85101957 -3.29269336
 -3.76518029 -3.51749902 -3.98493144 -2.0106336  -4.60022717 -3.16461221]
log likelihood =  -1194.16549597
Edge derivatives =  [-0.9769838250339522, 0.33835297968360095, 0.0235881665050423, 0.03446712392428681, 0.5731111943211823, 0.10334963265017941, -0.03168758440494867, 0.13132567850158938, 0.23930245076851628, 1.1867909517788555, 0.1013898086654112, 0.7123283683817914]
other derivatives: [-30.09552074   5.59616637   2.26739303   1.92083007   0.21136657
   0.92170467]
Current x array =  [-0.59337075 -0.49374706 -0.94549976  1.75969119 -2.44662903  1.16706612
 -2.81419547 -3.88612055 -4.29941652 -6.29747153 -2.88647396 -3.28156396
 -3.88562034 -3.49025687 -3.98301253 -2.07691795 -4.59614688 -3.12798158]
log likelihood =  -1193.38469461
Edge derivatives =  [-0.849959013445624, 0.2462347881002784, -0.07510004188363525, 0.03078159431772194, -0.18062500006241705, -0.07806177634765617, -0.5075341751853364, 0.08382118149534346, 0.08555940496642321, -0.1576793388210196, 0.011444369776699902, 0.8428143592433393]
other derivatives: [-2.59894932  4.26316547 -2.63764832 -1.10867404 -0.22271252  0.68835107]
Current x array =  [-0.6390235  -0.49266737 -0.91511399  1.77688258 -2.44099607  1.19514483
 -2.8621201  -3.90093165 -4.29802787 -6.29782285 -2.85893096 -3.29020992
 -3.79205561 -3.51142013 -3.98450325 -2.02542447 -4.59931668 -3.15643835]
log likelihood =  -1193.30883016
Edge derivatives =  [-0.3173146530153721, 0.3175333796704196, -0.015538813561377304, 0.022017041198149394, 0.05632263450675243, 0.12368362684155318, -0.49272290813810093, 0.25960502153701215, 0.13296990052462968, -0.039729403402308794, 0.060498931865797065, 0.2899018416538048]
other derivatives: [-1.23591235  1.75143668 -0.6923301   0.11434622  0.08151346  0.32450771]
Current x array =  [-0.64160522 -0.48682676 -0.927729    1.76654023 -2.44230214  1.21227864
 -2.89561774 -3.90623317 -4.29899795 -6.29737756 -2.85766154 -3.29732325
 -3.76024829 -3.5215799  -3.98530628 -2.02417242 -4.6009321  -3.12359725]
log likelihood =  -1193.2915329
Edge derivatives =  [-0.4658625785184727, 0.2637690873281762, -0.026759459835561383, 0.016949459156597686, 0.17244732460708004, 0.1036757187475251, -0.3423858991642131, 0.16494846985473452, 0.11942576629561306, 0.03257323772575238, 0.05214429249583227, 0.18260969874760644]
other derivatives: [-0.09031282 -1.23666268  0.12460077  0.16843842  0.06380105  0.16600552]
Current x array =  [-0.6434171  -0.47965433 -0.93295776  1.76580762 -2.4413926   1.21238359
 -2.87734457 -3.89976438 -4.29938793 -6.29715818 -2.86527344 -3.29421868
 -3.79582856 -3.51372345 -3.98351354 -2.02693365 -4.59945376 -3.11652934]
log likelihood =  -1193.28550858
Edge derivatives =  [-0.370975402199861, 0.20425777898800884, -0.033739942931215496, 0.012823754643255247, 0.1535774883380465, 0.05875793992158557, -0.3366924269800719, 0.08585974432188986, 0.08841395850055042, 0.06767662093788629, 0.03611097956031583, 0.16515224218003016]
other derivatives: [-0.05331913 -0.75124262  0.37705377  0.17589628  0.04226877  0.01175522]
Current x array =  [-0.64352337 -0.48080592 -0.93468047  1.76546395 -2.43995554  1.21919117
 -2.88629384 -3.89610589 -4.29924233 -6.29691076 -2.86248996 -3.29215712
 -3.79299496 -3.51003791 -3.98176031 -2.02874867 -4.59864195 -3.11748674]
log likelihood =  -1193.27668511
Edge derivatives =  [-0.2927570481799562, 0.08925017260513972, -0.04634226234014678, 0.004752697162120532, 0.13589053335175938, -0.025851881494859383, -0.27703410389043315, -0.05587156281585716, 0.029645595738420058, 0.1379322009920072, 0.004514526261388652, 0.07755910574167005]
other derivatives: [ 0.00607088 -0.03703917  0.35868197  0.05045422 -0.02116849 -0.20470452]
Current x array =  [-0.64364106 -0.4824557  -0.93465166  1.76606034 -2.43792507  1.22488618
 -2.89389104 -3.88736899 -4.29966359 -6.29645009 -2.86026229 -3.28803379
 -3.80662294 -3.50215023 -3.97832872 -2.03238839 -4.59684851 -3.11551651]
log likelihood =  -1193.26962648
Edge derivatives =  [-0.2279009348142153, -0.0011207649517600282, -0.04570724588048017, -0.001088853535342155, 0.14303601204413385, -0.07439229305533619, -0.19346843557246043, -0.13877413733405908, -0.010912263114186672, 0.19000630722469047, -0.015433046985026254, -0.022349057434258607]
other derivatives: [ 0.0694854   0.34556251  0.09893029 -0.01418812 -0.0528189  -0.3148898 ]
Current x array =  [-0.64375105 -0.48334848 -0.93304638  1.76646886 -2.43709863  1.22393751
 -2.898886   -3.87869144 -4.30088492 -6.2960419  -2.85870721 -3.28509994
 -3.82996386 -3.49616043 -3.97530665 -2.03393296 -4.59529803 -3.11085551]
log likelihood =  -1193.26108064
Edge derivatives =  [-0.12423328083578103, -0.08447033313127585, -0.032040359514409304, -0.005235514927091193, 0.12364076776062732, -0.1010121151804892, -0.1070199617076528, -0.1655576194770788, -0.045039899349156844, 0.14243096120579102, -0.02676854412993455, -0.09246871268108367]
other derivatives: [-0.07953531  0.307341   -0.22464519 -0.12901182 -0.08656116 -0.31252512]
Current x array =  [-0.64342527 -0.48324093 -0.93118518  1.76784832 -2.43706022  1.21657462
 -2.90879544 -3.86921207 -4.30319063 -6.29561406 -2.85343043 -3.2834527
 -3.86090739 -3.49263401 -3.97211706 -2.02969843 -4.59388438 -3.10636601]
log likelihood =  -1193.26933185
Edge derivatives =  [-0.11196323078012874, -0.056343573654716726, 0.02553843600249127, 0.003631463100639552, 0.24936947083579164, -0.0007514480818513747, 0.11934899038587957, -0.00011520203684968477, -0.003815927411243189, 0.15553309061580878, 0.00756936712508767, -0.1803512232596178]
other derivatives: [ 1.77722086  2.10773123  0.82495717  0.19224444  0.08744792  0.02373781]
Current x array =  [-0.6470714  -0.48783953 -0.93801484  1.76533075 -2.44187238  1.18536143
 -2.90343755 -3.85899996 -4.30816412 -6.29528444 -2.85038009 -3.28535485
 -3.94049982 -3.49278294 -3.97015387 -2.02071188 -4.59272991 -3.09239159]
log likelihood =  -1193.25791105
Edge derivatives =  [-0.11940248380574982, -0.07463477342313865, -0.012067760184787377, -0.0021571806015068928, 0.16704368675655798, -0.06631465819607935, -0.026929730001527204, -0.10841426294708653, -0.030624651849323392, 0.14781991146598594, -0.014792698895115926, -0.12206568438581043]
other derivatives: [ 0.56002136  0.92973096  0.13760655 -0.01518856 -0.0255568  -0.19526851]
Current x array =  [-0.64467714 -0.48481983 -0.9335301   1.76698393 -2.43871244  1.20585779
 -2.90695585 -3.86570581 -4.30489824 -6.29550089 -2.85238312 -3.28410579
 -3.88823491 -3.49268514 -3.97144302 -2.02661296 -4.593488   -3.10156798]
log likelihood =  -1193.2528618
Edge derivatives =  [-0.005245966900136401, -0.09931652227794042, 0.01123023350032102, -0.0008215062181960615, 0.11008417943708174, -0.05026081871805095, 0.008821973995585033, -0.05985263049259536, -0.03316964505893497, 0.021788142501724117, -0.008587521914869195, -0.04756685629616403]
other derivatives: [ 0.07153176  0.27196165 -0.16591457 -0.02530669 -0.02639808 -0.07132712]
Current x array =  [-0.64370622 -0.4832755  -0.93185625  1.76804617 -2.43956479  1.19644266
 -2.91891173 -3.86101441 -4.30688271 -6.2952932  -2.84387262 -3.28468759
 -3.90718491 -3.49364173 -3.96987102 -2.0183521  -4.59296869 -3.10318988]
log likelihood =  -1193.25196191
Edge derivatives =  [0.00832961511561417, -0.07008190384581961, 0.018113911030617887, 0.001328028346666307, 0.08292550730406528, -0.025562106119320138, -0.004342434189086919, -0.013064761826727125, -0.019780572778554488, -0.02780162169726097, 0.0003644932777091339, -0.0142455953791501]
other derivatives: [ -1.62572178e-02   2.96040525e-02  -8.30368663e-02  -1.18006938e-02
  -1.23236532e-02  -9.09494702e-05]
Current x array =  [-0.64353078 -0.48270743 -0.9324673   1.76829071 -2.44023167  1.1937523
 -2.92124937 -3.8630175  -4.30701288 -6.2953371  -2.84105559 -3.286199
 -3.90579671 -3.49621842 -3.97053514 -2.01555877 -4.59332814 -3.10409449]
log likelihood =  -1193.2516907
Edge derivatives =  [0.007699148778259557, -0.0453306082571157, 0.019760087849872723, 0.002734499629939868, 0.05805146655420834, -0.011541880979784896, -0.01662382480831647, 0.00875681575610636, -0.010180590374808077, -0.03647784809413901, 0.005065417776720156, 0.007541387623933499]
other derivatives: [-0.01903118 -0.02717115  0.00172804  0.00500222 -0.00079581  0.03067271]
Current x array =  [-0.64352545 -0.48257549 -0.93304733  1.76831685 -2.44059616  1.193238
 -2.92196961 -3.86519553 -4.30669405 -6.29535836 -2.83908207 -3.28717556
 -3.90285988 -3.49760833 -3.9711979  -2.01510729 -4.59354273 -3.10496647]
log likelihood =  -1193.25149716
Edge derivatives =  [0.003970016200005644, -0.027855828229578196, 0.019000376277061255, 0.003142774268258296, 0.02838889634791661, -0.004818263498065384, -0.01843957570119849, 0.012097734138528313, -0.00559406972554953, -0.02422580362694804, 0.005867608774918702, 0.007839816060499355]
other derivatives: [ 0.01057288 -0.03542482  0.02721663  0.01000444  0.00470664  0.03196874]
Current x array =  [-0.64357503 -0.4825501  -0.93324099  1.76834773 -2.44077797  1.19355458
 -2.92228726 -3.86697247 -4.30614933 -6.29529623 -2.83690886 -3.28783034
 -3.90256985 -3.49793311 -3.971662   -2.01573797 -4.59349502 -3.10505117]
log likelihood =  -1193.25185866
Edge derivatives =  [-0.026647083349826184, 0.0013175175835113961, 0.015553115465610785, 0.0030840949105802925, -0.00431665008213114, 0.003943171765680736, 0.00020353801396814052, 0.004535575006300793, 0.001207968650369512, 0.01461365566898154, 0.005469827058123891, -0.016103290143203858]
other derivatives: [-0.66443135  0.04670255  0.1708031   0.03838068  0.00391083  0.01700755]
Current x array =  [-0.64232178 -0.48265969 -0.93418031  1.76831537 -2.4409444   1.1939865
 -2.91981458 -3.86973899 -4.30473534 -6.29506117 -2.83446152 -3.28873108
 -3.90872577 -3.49733191 -3.97242949 -2.01748638 -4.59307095 -3.1039181 ]
log likelihood =  -1193.25145009
Edge derivatives =  [-0.003787113778140283, -0.020455741189487453, 0.01812580769823878, 0.003128226193914456, 0.020102531224471226, -0.002596623105465906, -0.013696502519364464, 0.010181907408731358, -0.0038707414190623235, -0.014377707480220714, 0.005766832744067578, 0.0017747912845485214]
other derivatives: [-0.1602757  -0.01473381  0.06357368  0.01718945  0.00441105  0.02812612]
Current x array =  [-0.64325746 -0.48257787 -0.93347901  1.76833953 -2.44082015  1.19366403
 -2.92166069 -3.8676735  -4.30579103 -6.29523666 -2.8362887  -3.28805859
 -3.90412977 -3.49778077 -3.97185648 -2.01618102 -4.59338756 -3.10476405]
log likelihood =  -1193.25133676
Edge derivatives =  [-0.008378330470162454, -0.007826230381858215, 0.015472970447444584, 0.0029437232161969584, -0.014681098889835292, -0.001097592539603065, -0.009558076545136312, 0.0019161081454783374, -0.002665402145614962, 0.004892247159005159, 0.0038491151341147126, -0.007714229016139412]
other derivatives: [-0.00743512 -0.04422418  0.03697096  0.00550244  0.00463842  0.01236913]
Current x array =  [-0.64352553 -0.4825059  -0.93334135  1.76846313 -2.44086286  1.19444842
 -2.92196905 -3.86922947 -4.30505129 -6.29510995 -2.83388588 -3.28853913
 -3.90554259 -3.49749307 -3.97220269 -2.01724007 -4.59316192 -3.10457694]
log likelihood =  -1193.25132216
Edge derivatives =  [-0.008517119731775324, -0.006622918476590051, 0.014748969148218279, 0.002898542579432082, -0.018889759719726146, -0.0020019415091078463, -0.008512491784591089, -2.5305522389634794e-06, -0.003051951395001029, 0.004754208025878226, 0.0030008061780010184, -0.008765842873480617]
other derivatives: [-0.01541594  0.02737579 -0.00673026 -0.00059117  0.00291038  0.01036824]
Current x array =  [-0.64351413 -0.48267728 -0.9330571   1.76852031 -2.44083691  1.19454971
 -2.92208698 -3.86943692 -4.30485348 -6.29506986 -2.83367978 -3.28860737
 -3.90603607 -3.49743935 -3.97225485 -2.01724817 -4.59309863 -3.10463976]
log likelihood =  -1193.25131337
Edge derivatives =  [-0.009022646208450169, -0.0076056316122659895, 0.014081117785336411, 0.002761673366922183, -0.016305283632310735, -0.0031733320325153525, -0.006008166171294254, -0.0029319014698385437, -0.003569441857767891, 0.006204059268046125, 0.002344698233629809, -0.01072883955799156]
other derivatives: [-0.00973159  0.01564331 -0.01434728  0.00061391  0.0020691   0.00595719]
Current x array =  [-0.64352272 -0.48265013 -0.93300393  1.76852319 -2.44078696  1.19467287
 -2.92195147 -3.86939035 -4.3047231  -6.29503827 -2.83387974 -3.28856255
 -3.90669022 -3.49727264 -3.97224387 -2.01732254 -4.5930367  -3.10458322]
log likelihood =  -1193.25128802
Edge derivatives =  [-0.007518245277092078, -0.00853601803427459, 0.011278623195445689, 0.0024792236216580592, -0.011733057607199199, -0.007036988860102844, -0.0018491692170648586, -0.009413095707564781, -0.004899024764485144, 0.001781540027332218, 0.0003037718068526693, -0.010354377150549376]
other derivatives: [-0.00534328  0.00588898 -0.01509761 -0.00447926 -0.00184173 -0.00254659]
Current x array =  [-0.64352463 -0.48262922 -0.93299448  1.76868964 -2.44061805  1.19506487
 -2.92216107 -3.86956305 -4.30411664 -6.29490592 -2.83429788 -3.2885921
 -3.90801533 -3.49706056 -3.97231097 -2.01719876 -4.59285285 -3.10484316]
log likelihood =  -1193.25126963
Edge derivatives =  [0.0025159188909335273, 0.004820619728763659, 0.0074364992186925286, 0.0029802016937506776, 0.007433277773886554, -0.0005197128973959408, 0.0068976424326249435, -0.005613484473180982, 0.0016064827239489626, 0.005702671601459874, -1.7705977629761671e-06, 0.003926418975213536]
other derivatives: [-0.0027967  -0.04597496 -0.03703917  0.06714345  0.01409717 -0.00482032]
Current x array =  [-0.64352952 -0.48253615 -0.93281688  1.76858902 -2.44053716  1.19573897
 -2.92253882 -3.87105077 -4.30226974 -6.29452818 -2.83541512 -3.28935269
 -3.9097181  -3.49752111 -3.97293847 -2.01728087 -4.59257539 -3.10569123]
log likelihood =  -1193.25123906
Edge derivatives =  [-0.0024809197078994316, 0.0029468888276169003, 0.003770553160953878, 0.0025822852002326596, 0.0008818395501125065, -0.006676348139753874, 0.004062653487757023, -0.009628180921482446, -0.0016999928293837535, -0.006946298714809673, -0.00234583615090362, 0.00042506466923655783]
other derivatives: [ 0.0103455  -0.01039098 -0.00682121  0.01380158  0.00138698 -0.00488853]
Current x array =  [-0.64354271 -0.48260602 -0.9330241   1.76914696 -2.44038616  1.1958253
 -2.92288533 -3.87126932 -4.30185681 -6.29442991 -2.835436   -3.2894902
 -3.91000801 -3.49764912 -3.97302215 -2.01705556 -4.59250613 -3.1059383 ]
log likelihood =  -1193.25123055
Edge derivatives =  [-0.0031279337749036407, 0.004489664815637381, 0.002282202561312313, 0.0025726895151649025, -0.0023366977032590053, -0.006846729754334702, 0.0009857987843238884, -0.007447152883815353, -0.0017654072946612226, -0.011006152442134098, -0.0027163459902550743, 0.0017328375064822044]
other derivatives: [ 0.00259206 -0.00723048 -0.00081855 -0.00079581 -0.00095497 -0.00077307]
Current x array =  [-0.64352411 -0.48260858 -0.93306581  1.76939471 -2.44036232  1.19586042
 -2.92319367 -3.87159367 -4.30154717 -6.29435366 -2.83542169 -3.28974123
 -3.90952244 -3.49798917 -3.97317022 -2.01705861 -4.59252727 -3.10617986]
log likelihood =  -1193.25122688
Edge derivatives =  [-0.002551830852606962, 0.0071158626849704976, -0.00011659353457975363, 0.0026745003941966794, 0.0010415780713981804, -0.004572387296117114, -0.00034235588624900205, -0.002611615388451005, -0.000623098216502041, -0.007607921330808898, -0.00292898455267368, 0.00276813962849079]
other derivatives: [ 0.02783054  0.04706635  0.02942215  0.00263753  0.00234195  0.00304681]
Current x array =  [-0.64357223 -0.48273982 -0.93325258  1.76962894 -2.44033086  1.19604545
 -2.92347033 -3.87204936 -4.3008373  -6.29414461 -2.8358612  -3.29027681
 -3.90924723 -3.4985778  -3.97347668 -2.01743776 -4.59257157 -3.10646231]
log likelihood =  -1193.25121998
Edge derivatives =  [-0.0018934692728579117, 0.006996849652227535, -0.0003981710945269029, 0.002617739655448853, -0.001329166672909332, -0.004142257774208874, -0.0017458836585073096, -0.0017204956546706812, -0.0007088485684762919, -0.007839932970263863, -0.002996476168165764, 0.0029267539868874093]
other derivatives: [ 0.00625278  0.01257376  0.0107093  -0.00113687  0.00138698  0.00411546]
Current x array =  [-0.64352777 -0.48265446 -0.93313512  1.7697184  -2.44031979  1.19609218
 -2.92365104 -3.87211556 -4.3007588  -6.29411045 -2.83577607 -3.29038303
 -3.90893996 -3.49871118 -3.97352298 -2.01752158 -4.59260096 -3.10653078]
log likelihood =  -1193.2512164
Edge derivatives =  [-0.001297911352301534, 0.005983283582155358, -0.0009184688109108372, 0.0025309741604324313, -0.0010243329298544879, -0.0035545063411127897, -0.0019242906415596998, -0.0011807233731381955, -0.0008881810776850407, -0.005145250817765179, -0.0031766712283124304, 0.001658633140454835]
other derivatives: [-0.002251   -0.00295586  0.0003638  -0.00070486  0.00140972  0.00327418]
Current x array =  [-0.64350966 -0.48261618 -0.93306751  1.76979322 -2.44029014  1.19619756
 -2.92374808 -3.87209929 -4.30061189 -6.2940384  -2.83587656 -3.29052285
 -3.90887604 -3.498834   -3.97358012 -2.01774451 -4.59263622 -3.10654456]
log likelihood =  -1193.2512133
Edge derivatives =  [-0.0009387865471688073, 0.003813642577639026, -0.0018486442393378238, 0.002378071987866691, 0.00025039018255654244, -0.002788344975000162, -0.0016565389254464546, -0.000736203185289025, -0.0013467316943649443, -0.00013572234305314623, -0.0035286415134598084, -0.0012086405858772187]
other derivatives: [-0.00954969 -0.00766249 -0.00466116 -0.00040927  0.0013415   0.00138698]
Current x array =  [-0.64349361 -0.48260222 -0.93303302  1.76991315 -2.44022932  1.19637358
 -2.92384178 -3.872017   -4.30037637 -6.29390719 -2.83609438 -3.29075075
 -3.90893668 -3.49900574 -3.97367063 -2.01813061 -4.59270246 -3.10653525]
log likelihood =  -1193.25121488
Edge derivatives =  [-0.00026485484562677186, 0.0011857241549824843, -0.0022040374322001843, 0.0023029201364618505, -0.0008781244956628798, -0.0016128257366331278, -0.0018723457975872125, -0.0002031480830570337, -0.0016751821920169413, 0.001987049267506036, -0.003582537351718096, -0.002208196822175462]
other derivatives: [ 0.05361471 -0.0188038  -0.01352873 -0.00361524  0.00065938  0.0001819 ]
Current x array =  [-0.64360821 -0.48258055 -0.93297748  1.77001348 -2.44015376  1.19649725
 -2.9240188  -3.87186206 -4.30029779 -6.29376286 -2.83611761 -3.29097919
 -3.90892251 -3.49916106 -3.97375998 -2.01834767 -4.59284606 -3.10659649]
log likelihood =  -1193.25121274
Edge derivatives =  [-0.0007115049535412199, 0.0029274916451609706, -0.0019684810824936796, 0.0023527320926887444, -0.0001301755914474012, -0.0023918876217758622, -0.0017293194444434213, -0.0005564278592193328, -0.0014574970864968256, 0.0005801842269872459, -0.0035468161135088147, -0.001545717154823878]
other derivatives: [ 0.01182343 -0.01136868 -0.00768523 -0.00145519  0.00113687  0.00095497]
Current x array =  [-0.64353226 -0.48259491 -0.93301429  1.76994698 -2.44020384  1.19641529
 -2.92390147 -3.87196475 -4.30034987 -6.29385852 -2.83610221 -3.29082779
 -3.9089319  -3.49905812 -3.97370077 -2.01820381 -4.59275088 -3.1065559 ]
  status: 0
 success: True
    nfev: 43
     fun: 1193.2512127394361
       x: array([-0.64353226, -0.48259491, -0.93301429,  1.76994698, -2.44020384,
        1.19641529, -2.92390147, -3.87196475, -4.30034987, -6.29385852,
       -2.83610221, -3.29082779, -3.9089319 , -3.49905812, -3.97370077,
       -2.01820381, -4.59275088, -3.1065559 ])
 message: 'CONVERGENCE: REL_REDUCTION_OF_F_<=_FACTR*EPSMCH'
     jac: array([-0.01182343,  0.01136868,  0.00768523,  0.00145519, -0.00113687,
       -0.00095497,  0.0007115 , -0.00292749,  0.00196848, -0.00235273,
        0.00013018,  0.00239189,  0.00172932,  0.00055643,  0.0014575 ,
       -0.00058018,  0.00354682,  0.00154572])
     nit: 38
Lr rates:  [ 0.12113056  0.85801449  0.79292689  0.53210498  0.775371    0.81358928
  0.79214495]
Process rates:  [ 0.52502868  0.61491389  0.39120505  5.85872721  0.08624044  3.4499598 ]
log likelihood =  1197.217712
Lr derivatives =  [0.0014152234271964659, -9.5729978724581107e-05, -0.0064698282998127965, 0.00079714730737223682, 0.0021043981343193963, 0.0032681212993868058, 0.0017496726176715605]
other derivatives =  [-0.00025011  0.00959517 -0.00550244  0.00268301  0.00088676 -0.00056843]
Current x_clock array =  [-0.64430238 -0.48627304 -0.93852343  1.76793238 -2.45061608  1.23836258
 -2.11088631 -0.15313429 -0.23202426 -0.63091448 -0.25441366 -0.20629961
 -0.23301088]
Lr rates:  [ 0.12095925  0.85809663  0.79807362  0.53168098  0.77374102  0.81093471
  0.79076017]
Process rates:  [ 0.52516002  0.6090419   0.39336357  5.84302926  0.086164    3.45192144]
log likelihood =  1197.24100224
Lr derivatives =  [0.043273263848199406, 0.23540049363208662, 0.57939419193422292, 0.12007511575619434, -0.0802238068907557, -0.28504115432487698, -0.064589868071503798]
other derivatives =  [ 0.30561296 -3.85643943  0.80242444 -0.05734364 -0.02082743  0.08060397]
Current x_clock array =  [-0.64405227 -0.49586821 -0.93302099  1.76524937 -2.45150284  1.23893101
 -2.11230153 -0.15303856 -0.22555443 -0.63171163 -0.25651806 -0.20956773
 -0.23476055]
Lr rates:  [ 0.12112986  0.85801483  0.7929478   0.53210325  0.77536434  0.81357844
  0.7921393 ]
Process rates:  [ 0.52502922  0.61488983  0.39121383  5.85866312  0.08624013  3.4499678 ]
log likelihood =  1197.21771161
Lr derivatives =  [0.0015854018804084546, 0.0008674402104346373, -0.0041156332172556098, 0.0012821482042448817, 0.0017656475901528523, 0.0020798601236275971, 0.0014776475790543309]
other derivatives =  [ 0.00102318 -0.00650289 -0.00227374  0.00252385  0.00090949 -0.00011369]
Current x_clock array =  [-0.64430136 -0.48631216 -0.93850099  1.76792144 -2.4506197   1.2383649
 -2.11089208 -0.1531339  -0.23199788 -0.63091773 -0.25442224 -0.20631294
 -0.23301801]
  status: 0
 success: True
    nfev: 3
     fun: 1197.2177116095577
       x: array([-0.64430136, -0.48631216, -0.93850099,  1.76792144, -2.4506197 ,
        1.2383649 , -2.11089208, -0.1531339 , -0.23199788, -0.63091773,
       -0.25442224, -0.20631294, -0.23301801])
 message: 'CONVERGENCE: REL_REDUCTION_OF_F_<=_FACTR*EPSMCH'
     jac: array([ 0.00102318, -0.00650289, -0.00227374,  0.00252385,  0.00090949,
       -0.00011369,  0.0015854 ,  0.00086744, -0.00411563,  0.00128215,
        0.00176565,  0.00207986,  0.00147765])
     nit: 1
