number of sites to be analyzed:  319
Now calculate MLE for pair ['YHR106W', 'YDR353W']
log likelihood =  -6559.37650824
Edge derivatives =  [97.88519921614727, 34.77701203699956, 40.68028001102742, 17.17969286212381, 132.79919129818433, 80.1904531365129, 88.02403123834885, 75.31166201906696, 35.97220963849655, 44.10397683308884, 44.42989599725197, -55.50513890885736]
other derivatives: [ -60.58699    -164.96851458   92.07014955  440.1280421   143.98838175
  -46.11456461]
Current x array =  [-0.64353555 -0.48264002 -0.93307917  1.76977596 -2.44028574  1.19617746
 -3.90910406 -3.87159909 -4.30005794 -6.28014701 -2.83555499 -3.29056063
 -2.92359461 -3.49891453 -3.97438916 -3.10701318 -4.59465356 -2.01786889]
log likelihood =  -6246.82903867
Edge derivatives =  [66.22135571817044, 7.398745853659247, 21.93535530489154, 12.011304685432718, 67.15743934684514, 34.14403674647788, 35.86773150841467, 36.2415715521749, 11.21910352390061, 21.23120600723861, 27.92678889979518, -112.16346090635162]
other derivatives: [ 143.96391634  220.46424419   60.2525688    57.4553269     8.25375537
  -49.86695785]
Current x array =  [-0.75306562 -0.78087259 -0.93148273  2.56544607 -2.17998137  1.11281085
 -3.73214572 -3.80872868 -4.22651552 -6.2490893  -2.59547861 -3.14559112
 -2.76446344 -3.36276497 -3.90935806 -3.02728135 -4.51433252 -2.11821192]
log likelihood =  -6178.25608702
Edge derivatives =  [48.935997288021184, -8.083853958952048, 10.691414067499522, 10.027094962041, 24.24666816189162, 5.943232358648209, 5.570228631316578, 9.867476920535685, -5.3525813801376785, 8.17554209168326, 17.653556926817977, -112.84185919894955]
other derivatives: [-166.72365746   16.32179192  -17.12560334 -158.68554328 -105.96322682
  -34.38117346]
Current x array =  [-0.57252545 -0.5432436  -0.84970743  2.88736904 -2.09027306  1.01416361
 -3.58142433 -3.77905902 -4.17214683 -6.22206064 -2.42458212 -3.05188426
 -2.66398888 -3.26857816 -3.87338897 -2.97211271 -4.44907536 -2.31414569]
log likelihood =  -6140.94536016
Edge derivatives =  [54.77915089379175, 1.030134036171516, 14.529303028877028, 11.871269895269212, 36.41125258885433, 17.415246946294, 15.387852714993812, 20.355830557720534, 2.562234646619577, 13.243838961859945, 21.66133907444519, -75.02008350709879]
other derivatives: [  40.90070433 -140.83470887  -26.09131116  -52.90721674  -38.62660378
  -28.16204869]
Current x array =  [-0.66639359 -0.46851537 -0.83578458  2.75701497 -2.17839407  0.97648815
 -3.53035735 -3.78511678 -4.15995947 -6.21186081 -2.39435061 -3.04211742
 -2.65442428 -3.25497049 -3.87638341 -2.9622413  -4.43003982 -2.42910338]
log likelihood =  -6113.37123949
Edge derivatives =  [56.806723913527854, 6.023975836551848, 15.954952899067175, 13.304497279344604, 38.37207142711982, 21.568539875237096, 19.138582137515442, 24.554425203631784, 6.959474083051891, 15.472895592804853, 23.146602138583198, -43.92368696037]
other derivatives: [ 79.86855053 -27.93440217 -10.31903594  -0.84228304  -6.28579073
 -20.71201379]
Current x array =  [-0.69053938 -0.53212587 -0.84697892  2.68133426 -2.24795043  0.92468367
 -3.44428586 -3.78436416 -4.13632788 -6.19425723 -2.33171014 -3.01336062
 -2.62649335 -3.22195434 -3.87224767 -2.94073015 -4.3960782  -2.56855757]
log likelihood =  -6067.55435705
Edge derivatives =  [52.655070694183124, 12.282895542066827, 14.319022545741952, 16.473125181546745, 22.666343611816046, 18.924998395338445, 14.256979749819921, 22.24378225583316, 10.99642266087777, 14.914277997447373, 22.24026438107571, 16.772804773974755]
other derivatives: [ 63.06972864 -17.32350938  -0.69703674  24.76872396  15.65103958
  -3.69827831]
Current x array =  [-0.67993002 -0.5393522  -0.85233871  2.62660969 -2.3841934   0.75342608
 -3.12938319 -3.76439713 -4.04502624 -6.12859845 -2.0872462  -2.89057907
 -2.50559412 -3.08574672 -3.8416238  -2.85426882 -4.2691143  -2.99176067]
log likelihood =  -6019.48899223
Edge derivatives =  [37.639811306056885, 13.430566206057133, 9.68505100153406, 18.045033322684123, -1.5737029912193223, 8.54206241462233, 3.4963435028206336, 9.043796227794079, 11.011833379757574, 11.442925875518528, 17.788206993425735, 40.50635480792004]
other derivatives: [ 89.19569154  13.75328793  -6.11353244 -13.31527528   5.55282895
  -7.8526682 ]
Current x array =  [-0.69384    -0.55664525 -0.85003943  2.5445619  -2.50564126  0.60013385
 -2.49334899 -3.661818   -3.87442727 -5.94487273 -1.78385161 -2.68129871
 -2.33590379 -2.83733307 -3.74290309 -2.6839003  -4.00670402 -3.18084919]
log likelihood =  -6044.65258882
Edge derivatives =  [-44.79606405229771, 28.75115830628194, 8.203228880059886, 24.882111383514065, -6.492398480574044, 11.524759800402208, -2.204202225243237, 2.8766011701792924, 24.59785708086764, 13.653900641717794, 17.786382179254684, 76.84795536192281]
other derivatives: [-703.72452683   56.73527994   57.34136721   90.29363355   17.99044185
  -19.63617251]
Current x array =  [-0.43512288 -0.58199944 -0.90157452  1.89803026 -2.94096706  0.12766081
 -0.57981855 -3.28978149 -3.37195905 -5.30801786 -1.12504424 -2.12292785
 -1.92375036 -2.18235134 -3.4065101  -2.1644395  -3.19498904 -3.26299531]
log likelihood =  -5979.64553995
Edge derivatives =  [13.093257753188112, 21.14693967154028, 9.172663920644652, 20.901561807093618, -5.5902283803164, 10.253609309791825, 0.4108346523866292, 6.73010779261888, 17.849820565542565, 12.307011331508047, 18.172311357798517, 61.037222152233255]
other derivatives: [-167.76721168   35.43900675   23.8701432    36.87728167   20.5741344
  -14.94136086]
Current x array =  [-0.5761945  -0.56817447 -0.8734738   2.25056691 -2.70359539  0.3852879
 -1.62321623 -3.49264318 -3.64594172 -5.65527802 -1.48427453 -2.42739276
 -2.14848676 -2.5394956  -3.58993633 -2.44768778 -3.63759581 -3.2182032 ]
log likelihood =  -5952.74009298
Edge derivatives =  [-32.12391221839241, 18.250409567530518, 4.648552225313593, 20.26963222274605, -14.164661009140797, 0.15219155206404908, -5.874494630727539, -9.045001911866018, 15.541670759133623, 10.36635271538743, 11.68783931154108, 59.7834523903285]
other derivatives: [-32.00757419  40.51189535  11.39078449 -17.40218067 -14.3343641
 -24.94634828]
Current x array =  [-0.6434254  -0.57102262 -0.86803297  2.12015076 -2.79189731  0.23455824
 -0.86750041 -3.31966477 -3.44299691 -5.3869241  -1.2412644  -2.19753626
 -1.99021322 -2.27000777 -3.43684558 -2.23505527 -3.30570336 -3.09493072]
log likelihood =  -5930.86511381
Edge derivatives =  [-33.44375649930406, 15.147599226949547, 4.7585583111365715, 18.05688116723806, -8.934682082175053, 0.9716100551187931, -4.531416659974677, -8.197607056256238, 13.507317928312721, 10.887375182154363, 11.450290499144884, 45.12661032923815]
other derivatives: [  5.31881597  18.80152922  -7.05649654 -21.9640242  -11.64207788
 -30.06052793]
Current x array =  [-0.66279208 -0.55770403 -0.8526777   2.0671835  -2.79596851  0.20692419
 -0.81246412 -3.24366742 -3.40583817 -5.29431775 -1.27509318 -2.17086633
 -1.9946951  -2.25277871 -3.37511985 -2.18298906 -3.23024039 -2.80450022]
log likelihood =  -5897.2142522
Edge derivatives =  [-37.78146934971575, 6.24983104177909, 6.061850712458591, 11.311068161840817, 11.44962111849285, 6.103518165796988, 1.8336272820857573, -0.5264284550126853, 9.311267337161116, 14.592427052320428, 11.897999147823379, -49.5297283124652]
other derivatives: [ 38.29536581 -39.10799933  39.67743396 -32.32844392  -6.97518772
 -48.21858965]
Current x array =  [-0.68826667 -0.52286119 -0.91232222  1.76822789 -2.83064036 -0.05666274
 -0.55630279 -2.88631641 -3.20735283 -4.84186538 -1.35869775 -2.01360393
 -1.98854231 -2.15250432 -3.07559983 -1.90371687 -2.83914607 -1.60154847]
log likelihood =  -5896.7348922
Edge derivatives =  [-38.61912271695268, 7.103755682711365, 6.069509262490203, 12.888928855989013, 6.911532180407127, 8.323021507402679, -1.452784163725282, 2.25054012989389, 9.030205874135001, 13.35345215160658, 9.177037504075708, -25.768060636904877]
other derivatives: [  -6.96145435   25.61109795 -299.90151234  -18.66337698    9.78234311
  -17.3038643 ]
Current x array =  [-0.65959621 -0.56491832 -0.64009473  1.58092926 -2.89873682 -0.4563005
 -0.46662384 -2.71734566 -3.06374332 -4.60196785 -1.21038329 -1.86212274
 -1.91092746 -2.04232481 -2.90709919 -1.69588748 -2.58508879 -1.64739019]
log likelihood =  -5882.9835687
Edge derivatives =  [-36.60393147989244, 6.807373321864686, 6.266718360927368, 12.041439773001178, 10.31213060922508, 7.529727727478361, 0.770731612808016, 1.2022647686110899, 9.355012251738755, 14.376792890493654, 11.040314803893207, -37.45952869323567]
other derivatives: [ 13.59103408  -7.41465556 -90.81823009 -21.4825377    1.34268703
 -32.7363523 ]
Current x array =  [-0.67493908 -0.54241163 -0.78577611  1.68116132 -2.86229529 -0.24243606
 -0.51461515 -2.80776964 -3.14059534 -4.73034798 -1.28975314 -1.94318725
 -1.95246272 -2.1012869  -2.99727159 -1.80710649 -2.72104646 -1.62285819]
log likelihood =  -5866.51711065
Edge derivatives =  [-27.180691186833414, 9.12394497451219, 6.593277095506572, 13.969029407968822, 8.503752202722914, 8.063551472788538, -0.35638895531446796, 4.068830226699507, 10.983390720942728, 13.925694520138931, 11.587172750158906, -8.007773111673536]
other derivatives: [ -4.39695214  -4.58157956 -60.68412404   5.55783117  14.46578608
 -16.74989107]
Current x array =  [-0.66770439 -0.54591566 -0.80710405  1.63823103 -2.87989205 -0.40770853
 -0.58568193 -2.77719373 -3.1062976  -4.68140626 -1.21819298 -1.90014648
 -1.926894   -2.08003307 -2.95732546 -1.74785936 -2.66449973 -1.81307791]
log likelihood =  -5842.68681761
Edge derivatives =  [-13.532771659083041, 6.238832176109747, 5.832990959582794, 14.84343164289179, 5.666223369996831, 5.036006211084418, -3.337178826419683, 5.796482938156936, 8.666627510120717, 11.702680593608903, 6.798868317084731, 4.258205348164878]
other derivatives: [-11.16177373  16.42483767 -22.02032192  24.00402082  19.94940249
  -0.38853614]
Current x array =  [-0.6739842  -0.56171473 -0.8424013   1.44197098 -2.88578113 -0.90144106
 -0.64287339 -2.53057672 -2.91816359 -4.33043689 -1.05486978 -1.7059168
 -1.86328825 -1.95477559 -2.7073794  -1.45009707 -2.32577112 -1.75197932]
log likelihood =  -5830.76396447
Edge derivatives =  [-2.5802766367629584, -4.29902444148201, 2.561390956307475, 13.378188079708307, -4.047072598299081, -6.306916892959563, -8.889607449429931, -1.4961896503275494, -1.3203749017308022, 2.9537107659452064, -6.599101931512132, 0.26965760596249577]
other derivatives: [-42.44493539  25.44165909  -2.76868377 -12.00405677  -7.44003046
   3.38341124]
Current x array =  [-0.66495163 -0.56671968 -0.86669755  1.32966452 -2.79952996 -1.35204715
 -0.79683474 -2.27328588 -2.71393345 -3.89851648 -0.90815874 -1.52196017
 -1.85550907 -1.82060829 -2.42845577 -1.10389984 -1.9881267  -1.64655466]
log likelihood =  -5837.77755593
Edge derivatives =  [8.50176156056613, -2.6522288282609066, 4.163201320660342, 13.599458309809757, 5.5180173742289975, -0.07310005001318967, -5.756697311120081, 4.1634012447855575, -0.5407743973220527, 2.905765483221843, -7.88187340313602, 2.5980365350480827]
other derivatives: [  53.89865692 -149.21452021    6.84085535   49.49670256   10.54258973
    4.25525286]
Current x array =  [-0.72525804 -0.47719216 -0.87611325  1.09684595 -2.84447924 -1.61693723
 -0.76730474 -2.12282058 -2.557641   -3.54671365 -0.82936196 -1.42478694
 -1.87528262 -1.72472865 -2.25826648 -0.86697087 -1.77851454 -1.50548775]
log likelihood =  -5829.32741083
Edge derivatives =  [0.7210457899899642, -3.741710934704514, 3.030406500888839, 13.486144106094418, -1.3078252137730428, -4.406894640796761, -7.919464624648218, 0.21689805191332667, -1.0207701025494509, 2.996401310962071, -6.8619017376099904, 1.082842877582237]
other derivatives: [-12.50318746 -21.04106898   0.05902621   6.39056452  -1.54641384
   3.61596904]
Current x array =  [-0.68261447 -0.54049842 -0.86945527  1.26147548 -2.81269493 -1.42962945
 -0.78818585 -2.22921687 -2.66815775 -3.79547874 -0.88508035 -1.4934996
 -1.86130045 -1.79252659 -2.3786099  -1.03450693 -1.92673446 -1.6052383 ]
log likelihood =  -5828.53206437
Edge derivatives =  [4.294833452322714, -4.226274689273623, 3.2027679456301725, 13.25370345193936, 0.0359455489090931, -4.021254090918441, -7.439817107678259, 0.47276759183243405, -1.6401959683355989, 2.737526756547023, -6.7590610625715835, -1.395301787848852]
other derivatives: [ 9.91421985 -6.80438461  3.08891686  4.98339432 -1.69502528  3.15685611]
Current x array =  [-0.69382049 -0.54941694 -0.87320762  1.26610847 -2.80052299 -1.42753393
 -0.83873171 -2.23105825 -2.66481163 -3.76509616 -0.89900874 -1.50606046
 -1.88618513 -1.80053781 -2.37362586 -1.02280831 -1.93828269 -1.58985176]
log likelihood =  -5827.16641914
Edge derivatives =  [4.400873835853862, -4.641698853982007, 2.9991890243560064, 12.804149611684975, 0.2561482617365279, -3.962629767613548, -6.858940271182967, -0.473606599976386, -2.596766430831063, 1.5834475844925737, -7.279579357608903, -4.55100374750272]
other derivatives: [ 28.81051842   3.72010618   6.28724592   0.47384674  -3.59405021
   2.13449312]
Current x array =  [-0.70448632 -0.5562228  -0.87764936  1.26135263 -2.7955151  -1.42324052
 -0.83880178 -2.22885406 -2.63653304 -3.67171762 -0.89903471 -1.51376722
 -1.92536372 -1.78705762 -2.35698306 -0.98104505 -1.93953457 -1.56574669]
log likelihood =  -5822.83022266
Edge derivatives =  [5.081057667742593, -4.462850910399269, 2.45272470991124, 10.857188468376888, 1.2518062133203944, -2.6054314935358387, -4.555883937624065, -3.436764252634175, -4.997084351206367, -2.8877427356971888, -7.251535640596111, -12.1643626916449]
other derivatives: [ 60.59362931  18.57433745  11.312477   -10.1787009   -7.46858859
  -1.62908691]
Current x array =  [-0.72237066 -0.56622898 -0.88516293  1.26635547 -2.78193232 -1.35520398
 -0.85221921 -2.26185263 -2.54768414 -3.33931004 -0.91259632 -1.57361216
 -2.09379578 -1.7543543  -2.32950295 -0.85476211 -2.00113065 -1.53475701]
log likelihood =  -5818.32662038
Edge derivatives =  [7.012709685354791, -2.6175599747073885, 1.8875955554592907, 5.957538493470461, 3.431985145591974, 0.08010994654875778, -1.787654381658873, -5.624316180669395, -6.4555431415025, -9.03164147033879, -5.733592845502772, -16.545336522607805]
other derivatives: [ 51.05384844  24.37864168  15.26777851 -11.55985956  -7.5448952
  -6.54545147]
Current x array =  [-0.71696812 -0.57027027 -0.89005702  1.26630132 -2.77967948 -1.25578037
 -0.87100195 -2.32277243 -2.43251525 -2.893815   -0.9292531  -1.66247393
 -2.32486129 -1.72403672 -2.31270042 -0.70766195 -2.10917393 -1.54258217]
log likelihood =  -5849.97884009
Edge derivatives =  [-23.81006221372986, -2.7027667080752193, -7.833600082738028, -14.930793289330571, -19.63134956891643, -9.737780868771708, -1.5733376660457221, -19.017883920013265, -10.196774800551694, -14.386138954307512, -4.0969981792192645, 3.705773020959544]
other derivatives: [ 205.87467588  -24.13798939  -75.93971532 -116.36557247  -42.18027243
   -8.31923899]
Current x array =  [-0.82013883 -0.53684231 -0.81867966  1.52263476 -2.81316888 -1.05432913
 -0.59815977 -2.53807392 -2.25480631 -2.26690477 -0.79251969 -1.78451332
 -2.65926555 -1.69997556 -2.45643062 -0.70355962 -2.43587968 -2.09458685]
log likelihood =  -5817.51719263
Edge derivatives =  [2.5340564298969834, -2.5315414438284076, 0.6841161103055697, 4.444092351099077, -0.2295999188182981, -1.4381274282610428, -1.8730058210529046, -7.674206983716013, -6.941397263974754, -9.99606824957707, -5.6698411893876095, -12.705030316491207]
other derivatives: [ 77.05903045  18.2983058    4.91936589 -25.94224497 -10.9256689
  -6.79647201]
Current x array =  [-0.73104374 -0.56570968 -0.88031898  1.30127301 -2.78424846 -1.22829628
 -0.83377796 -2.35214611 -2.40827034 -2.80828535 -0.9105985  -1.67912382
 -2.37048422 -1.72075405 -2.3323096  -0.70710227 -2.15374655 -1.61789243]
log likelihood =  -5814.16153213
Edge derivatives =  [1.498336066368166, 0.45264598118006644, 0.9333470916849372, 2.1535744636745093, 0.6883706952770514, 0.7868696798110835, -0.7198179864186616, -5.730195230074489, -4.710020378251106, -9.60175241992421, -2.6327408034505493, -7.240334651415114]
other derivatives: [ 36.90911399  10.90329533   3.5611265  -11.84998837  -3.05035428
  -7.73716238]
Current x array =  [-0.70705037 -0.56078659 -0.87649858  1.30483757 -2.80779347 -1.16736355
 -0.80890303 -2.40749946 -2.37386202 -2.6543259  -0.91231819 -1.72814612
 -2.46641418 -1.73330789 -2.36949461 -0.70856584 -2.24448639 -1.69424388]
log likelihood =  -5812.56649511
Edge derivatives =  [-0.07169016839471537, 2.123198199692007, 1.0818154465196863, 3.32139788152104, -0.8263085084224506, 1.3023408213537413, -0.7730530070976992, -2.76597405243018, -2.5319798664399005, -7.06285861663447, -0.5890477472138188, 1.2396652672246953]
other derivatives: [-6.78492142 -4.04979801 -4.25943654  1.56042006  2.87873263 -4.94683263]
Current x array =  [-0.68289806 -0.55129707 -0.86560546  1.30613902 -2.8253407  -1.19432638
 -0.78883609 -2.42149997 -2.36881873 -2.64415549 -0.89032441 -1.72678275
 -2.47146927 -1.75736576 -2.40281137 -0.76218447 -2.27649427 -1.78815053]
log likelihood =  -5812.30336001
Edge derivatives =  [0.21001492914026204, 1.9687432973503107, 0.7066646549417591, 2.4437416349573065, -1.6685856790602072, 0.849891033073201, -0.8319461319934486, -2.2078569387658122, -2.5158511329541744, -7.048214632611762, -0.4652253871889133, 2.955757995483878]
other derivatives: [-7.98781912 -5.35064828 -3.73001967  1.32667992  2.26837074 -4.07508196]
Current x array =  [-0.68247069 -0.55055681 -0.86622915  1.30440815 -2.8229679  -1.22535818
 -0.79523241 -2.41467702 -2.35157909 -2.59641001 -0.87882712 -1.72122851
 -2.48509721 -1.7605472  -2.40144858 -0.76216652 -2.27679248 -1.81198661]
log likelihood =  -5811.52975408
Edge derivatives =  [-0.8740282466685709, 0.9863373246820171, -0.271604552388908, -0.15424579740192113, -0.8671468882852734, -0.8313968433121097, -0.4663563450309981, -0.4343659232573752, -0.9186957228825648, -2.0611236036153175, 0.25804756293316755, 1.643387984964216]
other derivatives: [ -8.33661034 -18.61226337  14.77337719  -4.29736247  -1.92685548
  -2.05754986]
Current x array =  [-0.68011159 -0.54157307 -0.88656115  1.33592583 -2.79426969 -1.28086324
 -0.81221901 -2.40631058 -2.33623882 -2.52457106 -0.90399904 -1.72632035
 -2.53028677 -1.8052612  -2.46054251 -0.88878006 -2.32096758 -1.82070776]
log likelihood =  -5811.37782481
Edge derivatives =  [0.5197900914142184, 0.370806320437419, -0.36074057083253036, -1.670162662010628, 0.8865886288488336, -0.4434621352224827, -0.12520041413353356, 2.4370692415318236, 0.29323339795083647, 1.7914124940662006, 0.38152260412659045, 1.8893695885142454]
other derivatives: [  6.56773409   7.48341336 -15.63266778   5.24087227   0.22955646
   0.19254003]
Current x array =  [-0.68923805 -0.55902486 -0.85359982  1.29617664 -2.78909314 -1.39914827
 -0.81066108 -2.35605014 -2.30195864 -2.4450792  -0.89627495 -1.6959863
 -2.53712343 -1.81549314 -2.46409608 -0.93786437 -2.28724319 -1.80149552]
log likelihood =  -5811.08263291
Edge derivatives =  [-0.18161219872461792, 0.3124620456370931, -0.1730139926478436, 0.04198621610576525, 0.19738627704864972, -0.7199628363968533, -0.4169410016500127, 0.906720328144683, -0.3067040997237902, 0.29162307252149106, -0.04972734480592359, 0.8889962783019332]
other derivatives: [-1.08448148  2.61661626  0.00700311  0.64374035 -0.8918505  -0.63473635]
Current x array =  [-0.68487707 -0.55520189 -0.87021107  1.31185682 -2.79136499 -1.35358285
 -0.80985229 -2.36974375 -2.32668022 -2.51736129 -0.90078701 -1.70250254
 -2.51466508 -1.80825291 -2.45935282 -0.92030888 -2.28747568 -1.79269282]
log likelihood =  -5811.07332128
Edge derivatives =  [0.2666709532557259, 0.24988549368938584, -0.11256630394378793, -0.16688659994385402, 0.4702107844828449, -0.5262625166408909, -0.3737771174332825, 0.8017943377707555, -0.3816678710071407, 0.12034431451959698, -0.14072130403513552, 0.3597643866074617]
other derivatives: [ 1.17370291 -3.1581294  -0.56561476  0.96215445 -0.61081664 -0.74132913]
Current x array =  [-0.68605467 -0.55169839 -0.86977805  1.30881825 -2.79248976 -1.35672559
 -0.81228462 -2.36662447 -2.32446289 -2.51021299 -0.90082263 -1.70317568
 -2.51708576 -1.80455985 -2.45559441 -0.91286065 -2.28383292 -1.78400933]
log likelihood =  -5811.06670723
Edge derivatives =  [0.23307368061639405, 0.17063331213453298, -0.14749647308858033, -0.2756165399922189, 0.39223727935338504, -0.5695154195943164, -0.385602778611525, 0.7206625230329541, -0.4069768872070032, 0.11314175144220703, -0.19427207866922572, 0.21858170187012832]
other derivatives: [ 0.42573447 -0.97479642 -0.31623131  0.38107828 -0.75415301 -0.71540853]
Current x array =  [-0.68568678 -0.55299385 -0.87009768  1.30934557 -2.79260405 -1.35958542
 -0.81249586 -2.36536782 -2.3235377  -2.50744738 -0.90033536 -1.70322535
 -2.51820135 -1.80380667 -2.45571832 -0.91301948 -2.28334264 -1.7828852 ]
log likelihood =  -5811.05824724
Edge derivatives =  [0.22952316051745641, 0.01598301232736643, -0.16205011076432355, -0.3266776706212512, 0.25102575454177545, -0.5719872728426828, -0.41798519657617594, 0.5651827224059123, -0.41341663785479177, 0.1455362809579674, -0.30127565355600067, 0.008576448265965674]
other derivatives: [-0.34406185  1.07711458 -0.21209416 -0.29276634 -0.67684596 -0.58926162]
Current x array =  [-0.68533552 -0.55420346 -0.87032326  1.30933316 -2.79439605 -1.36830839
 -0.8122628  -2.36131294 -2.32250803 -2.50584369 -0.89816596 -1.70265936
 -2.51824508 -1.80109249 -2.4556169  -0.91309233 -2.28026091 -1.77967321]
log likelihood =  -5811.04950784
Edge derivatives =  [0.2534016250535095, -0.07305566279435191, -0.12258092947974965, -0.3941456673589232, 0.1393165278298723, -0.41927186890177115, -0.42459461235742846, 0.3782184126034356, -0.33821176080390614, 0.1766452933667915, -0.3501491506265401, -0.13665843788071325]
other derivatives: [-0.50786184  1.99379429  0.19635991 -0.57971192 -0.13269528 -0.44146873]
Current x array =  [-0.68531636 -0.55474095 -0.87089996  1.3088488  -2.798437   -1.37830372
 -0.81079763 -2.3573009  -2.32096404 -2.50201989 -0.8948849  -1.70383486
 -2.52042554 -1.79641864 -2.45625773 -0.91162787 -2.27814926 -1.7764868 ]
log likelihood =  -5811.04024115
Edge derivatives =  [0.011934863537285845, -0.08254516033684067, -0.05020007942667927, -0.352941754138829, -0.11956556793423012, -0.17117286534258902, -0.43834539852729193, 0.10188763738225676, -0.16039700099234733, 0.17785339024922653, -0.3157426530875192, -0.1511094780709926]
other derivatives: [-0.38944563  1.41008059 -0.0255568  -0.88630259  0.18981154 -0.2404704 ]
Current x array =  [-0.68540655 -0.55435171 -0.87080449  1.30904823 -2.80163603 -1.38794527
 -0.80695814 -2.35479306 -2.32048041 -2.50135748 -0.89096576 -1.70720716
 -2.5246955  -1.79038415 -2.45941342 -0.91049178 -2.27921829 -1.77518721]
log likelihood =  -5811.04501884
Edge derivatives =  [0.3853612898246031, 0.19100145449781616, 0.2512217697310102, -0.22455507012927722, 0.29879845270187244, 0.5775952113319179, -0.30440356068332897, 0.1718140634358136, 0.32533853809696234, 0.22945428604107668, -0.0060475056620427296, 0.030885855030156152]
other derivatives: [-0.7466042   0.72614057  2.56359272  2.74858394  1.1582415   0.01164153]
Current x array =  [-0.68572577 -0.5542328  -0.87335398  1.30000225 -2.80278558 -1.4038619
 -0.80529621 -2.34999373 -2.31732485 -2.49496734 -0.88803669 -1.71196696
 -2.53673239 -1.78083214 -2.46114001 -0.90237863 -2.28080887 -1.76943145]
log likelihood =  -5811.03686502
Edge derivatives =  [0.15784286245059403, 0.02464752063951045, 0.06766242798916933, -0.30269546011660875, 0.043922502351360276, 0.12254729884268897, -0.3856418795010927, 0.12968989943862863, 0.030264387024639183, 0.1982264077387789, -0.19426805041095796, -0.07970468890927726]
other derivatives: [-0.52887117  1.14287104  0.99025783  0.53687472  0.57025318 -0.14124453]
Current x array =  [-0.68553143 -0.55430519 -0.8718018   1.30550961 -2.80208571 -1.39417156
 -0.80630803 -2.35291565 -2.31924602 -2.49885778 -0.88981997 -1.7090691
 -2.52940411 -1.78664758 -2.46008883 -0.90731806 -2.27984049 -1.77293567]
log likelihood =  -5811.03276209
Edge derivatives =  [-0.08732486239748238, 0.03920716767511831, 0.08919092389000718, -0.24179598974708938, -0.14155713681008517, 0.22539884591369722, -0.39134576384141545, -0.07169664504771373, 0.12245469721955693, 0.11739217472087293, -0.13489728183508085, -0.0588328550284945]
other derivatives: [ 0.47748472 -0.06475602  0.4800313   0.11759766  0.27748683 -0.05393304]
Current x array =  [-0.68602974 -0.55355615 -0.87133681  1.30629032 -2.80142557 -1.39743878
 -0.80426521 -2.35296121 -2.31943666 -2.50060097 -0.88860602 -1.71160535
 -2.53406031 -1.78346186 -2.46253177 -0.9061162  -2.28302149 -1.77342665]
log likelihood =  -5811.03112719
Edge derivatives =  [-0.1994373547246961, 0.06548016012525454, 0.0922330119006331, -0.1917234065540615, -0.18346034260490704, 0.2580589431607426, -0.3838114596414113, -0.1260522495654571, 0.17000655047081403, 0.06152284454140705, -0.07030387279460912, -0.00948663413789834]
other derivatives: [-0.60799721 -0.97606971 -0.10122676  0.17362254 -0.02282832 -0.01364242]
Current x array =  [-0.68544048 -0.55298618 -0.87067094  1.30642954 -2.79980251 -1.39827517
 -0.80391073 -2.3534447  -2.31946798 -2.5021236  -0.88896512 -1.71260355
 -2.53776242 -1.78254125 -2.46372973 -0.90549131 -2.28567598 -1.77412775]
log likelihood =  -5811.02959485
Edge derivatives =  [-0.24122645793130632, 0.08569494340633876, 0.08537770187759491, -0.13735001172854777, -0.16370036862275972, 0.24822971792095494, -0.365506494096535, -0.15344507318899056, 0.18514813863395896, 0.006308732243676868, -0.010716386426925321, 0.04382324133951643]
other derivatives: [ 0.25565896 -0.87738954 -0.12450982  0.15024852 -0.29885996 -0.01246008]
Current x array =  [-0.68588612 -0.55307784 -0.87062468  1.30667809 -2.79803508 -1.39772266
 -0.80425345 -2.35428623 -2.31957877 -2.50406536 -0.88988729 -1.71312045
 -2.54122898 -1.7823066  -2.464343   -0.90463368 -2.28827321 -1.77507991]
log likelihood =  -5811.0276344
Edge derivatives =  [-0.18696015608128003, 0.07604409491351188, 0.06462068036346276, -0.09648139379234943, -0.07298350302993017, 0.2066379769597651, -0.33284929738734886, -0.1667425937948791, 0.165824210401735, -0.0630126721802759, 0.043473333894244084, 0.05692253152269097]
other derivatives: [ 0.29203875 -0.32123353 -0.17043931  0.16707418 -0.48303264 -0.02200977]
Current x array =  [-0.68589581 -0.55343989 -0.87052874  1.30681989 -2.79656892 -1.39775654
 -0.80558101 -2.35460064 -2.31918323 -2.50571443 -0.89131314 -1.71294847
 -2.54609684 -1.78221355 -2.46414675 -0.90306696 -2.29070154 -1.7753621 ]
log likelihood =  -5811.02477357
Edge derivatives =  [-0.05985955949921462, 0.0197691275895088, 0.01735178681445282, -0.03237874997594259, 0.07871130891448647, 0.10711424995447896, -0.2687359963614955, -0.1993465482055735, 0.11231312629467827, -0.1481606824112526, 0.12089987872923541, 0.06127829675693618]
other derivatives: [ 0.05757101  0.32741809  0.13224053  0.02064553 -0.47966751 -0.01973604]
Current x array =  [-0.68571736 -0.55383423 -0.87080989  1.30774386 -2.79610222 -1.39938403
 -0.8077094  -2.35440404 -2.31814596 -2.50838374 -0.89310685 -1.71216313
 -2.55550013 -1.78199584 -2.46352427 -0.90072324 -2.29429267 -1.77548359]
log likelihood =  -5811.02298419
Edge derivatives =  [0.1618205692993238, -0.04253544060455239, -0.005616256115014637, -0.006200085794238919, 0.2526455238306422, 0.07663441569913151, -0.18748776718506602, -0.1663957656203717, 0.07328808910420825, -0.14107294795816933, 0.1848933912938352, 0.02340678032718265]
other derivatives: [ 0.3688001   0.84737621 -0.62891559  0.11459633 -0.04938556  0.01227818]
Current x array =  [-0.68581909 -0.55417595 -0.8699898   1.30791022 -2.79765111 -1.40343564
 -0.80954019 -2.35311154 -2.31649362 -2.50903012 -0.8936696  -1.71112322
 -2.5656344  -1.78180189 -2.46248298 -0.89891623 -2.29625471 -1.77430421]
log likelihood =  -5811.02177798
Edge derivatives =  [0.23054334571075047, -0.12024322485800942, -0.06114929588317189, 0.010619749931368605, 0.28331079419034433, -0.055339819604069695, -0.14327472734690896, -0.15060845387228664, 0.001143631883043561, -0.14696772171431968, 0.19799439754693945, -0.023142244446822884]
other derivatives: [-0.06730261 -0.13187673  0.3608875  -0.21545929  0.03201421  0.02255547]
Current x array =  [-0.68551563 -0.55351391 -0.87107     1.30907514 -2.79834594 -1.40578114
 -0.81065723 -2.35238882 -2.31548457 -2.51031249 -0.89366535 -1.70966875
 -2.57296558 -1.78266088 -2.46141537 -0.8985259  -2.29710632 -1.77367305]
log likelihood =  -5811.02104754
Edge derivatives =  [0.17690319579019864, -0.11147375404148249, -0.04619881442707788, 0.0004513279333433484, 0.2011544620815871, -0.01685864552868163, -0.14891726450738457, -0.13562362857896967, 0.022701665231728563, -0.10055010734753461, 0.18084882344038708, -0.03161737318485853]
other derivatives: [-0.24119799  0.04602043  0.16980266 -0.20127118  0.14115358  0.04802132]
Current x array =  [-0.6854424  -0.55361598 -0.87088724  1.30886864 -2.79921552 -1.40694917
 -0.80961782 -2.35208299 -2.31549625 -2.50962859 -0.89232612 -1.70984573
 -2.57274062 -1.78259988 -2.46157558 -0.89928212 -2.29599871 -1.77329486]
log likelihood =  -5811.02026351
Edge derivatives =  [0.16680244159527696, -0.04617212919649022, -0.018366363098030455, -0.01126616151744686, 0.11876050096472693, 0.019578674403714635, -0.1310278169814077, 0.08869542396206989, 0.02908981251841658, 0.059458369221239066, 0.14610618266373637, 0.0006767523359301614]
other derivatives: [ 0.43537511 -0.90321919 -0.54751581  0.3176865   0.33796823  0.04956746]
Current x array =  [-0.68582781 -0.55306973 -0.87012269  1.30745885 -2.79988819 -1.40683711
 -0.80828123 -2.35241306 -2.31558247 -2.50835511 -0.88988355 -1.70873732
 -2.57311845 -1.78529466 -2.46039405 -0.90171174 -2.29228993 -1.77271207]
log likelihood =  -5811.01922746
Edge derivatives =  [0.0653845843732575, -0.05993429245165802, -0.02909501995120846, 0.004668428918186751, 0.00512719313404858, 0.007400949110242888, -0.11769264605430363, 0.05330885208935601, 0.03247545976716415, 0.049464380255505036, 0.14823443630738875, -0.021232084929230566]
other derivatives: [-0.06202754 -0.21836968 -0.20254447  0.06211849  0.24720066  0.08476491]
Current x array =  [-0.68558154 -0.55346146 -0.87051219  1.3078656  -2.80000178 -1.40909194
 -0.80745975 -2.35219745 -2.31526929 -2.50901091 -0.88864333 -1.70890063
 -2.57792034 -1.78489666 -2.46054261 -0.90153363 -2.29262021 -1.772402  ]
log likelihood =  -5811.01867052
Edge derivatives =  [0.004328343546210811, -0.05585022724820243, -0.043355741577976406, 0.02907259272931717, -0.05555700611547315, -0.023667352109994794, -0.09211520545187073, 0.0652723180798416, 0.020882642258315598, 0.04036320793186493, 0.1560519851341573, -0.021555667260436222]
other derivatives: [-0.1281478   0.08312782  0.00418368 -0.03710738  0.08767529  0.09640644]
Current x array =  [-0.68555608 -0.55364095 -0.87073008  1.30798543 -2.79932048 -1.41012378
 -0.80717307 -2.35248579 -2.31502526 -2.50999798 -0.88797807 -1.70867294
 -2.58335403 -1.78527107 -2.46024167 -0.90129382 -2.29291217 -1.77234651]
log likelihood =  -5811.01828764
Edge derivatives =  [-0.022809951266500095, -0.03834097909362785, -0.053749494982205895, 0.041866265429800986, -0.07659368850423631, -0.05408555538583337, -0.0642290400435782, 0.09210947929175559, -0.000844489150302552, 0.042154691710938524, 0.14223263626729887, -0.019338862343469224]
other derivatives: [-0.06612026  0.16789272  0.04620233 -0.03819878 -0.04902176  0.08394636]
Current x array =  [-0.68559524 -0.55369694 -0.87076536  1.30787267 -2.79855117 -1.41012055
 -0.80710205 -2.35304447 -2.31498002 -2.51063513 -0.88763503 -1.70828219
 -2.5879405  -1.78593505 -2.45962025 -0.90118323 -2.29232616 -1.77235993]
log likelihood =  -5811.01777245
Edge derivatives =  [-0.03633112759556356, 0.0013004830151437385, -0.04133929333934863, 0.04711197649192611, -0.04262039238970777, -0.03081209770961943, -0.024890344333144358, 0.02237559537238812, -0.003245785648684163, 0.030200485810520677, 0.08978553103292372, -0.01699151071987858]
other derivatives: [ 0.21873348  0.08321877  0.14197212 -0.02210072 -0.09813448  0.06184564]
Current x array =  [-0.6857451  -0.55365276 -0.87087055  1.30775621 -2.79819594 -1.40996848
 -0.80684018 -2.35381503 -2.31542135 -2.51088751 -0.88767032 -1.70877665
 -2.5934605  -1.78514709 -2.4593539  -0.90039624 -2.29075918 -1.77249987]
log likelihood =  -5811.0186274
Edge derivatives =  [-0.0035693574702628794, 0.07205438060762151, -0.021066879867300783, 0.027896433484838057, 0.038930242354399736, -0.007275647802616164, 0.028626587555464992, 0.004721806945587381, -0.032092617883155095, 0.02751993201142411, -0.01603580850886978, -0.004117562001882916]
other derivatives: [-1.83417797 -0.21154847 -0.24001565  0.31250238 -0.10559233 -0.00345608]
Current x array =  [-0.68467068 -0.55345197 -0.87038883  1.30713963 -2.79772403 -1.40799841
 -0.80696923 -2.3551435  -2.3163059  -2.51043645 -0.88801579 -1.70882233
 -2.59984759 -1.78531713 -2.45822944 -0.89974097 -2.28690171 -1.77276444]
log likelihood =  -5811.01763615
Edge derivatives =  [-0.02748107590868104, 0.020456779728273727, -0.0358524097403633, 0.04191094197203815, -0.020573676756118597, -0.024451681838677325, -0.010367129936660953, 0.017593347770915313, -0.011043088732497264, 0.02948621362667117, 0.06122624467707871, -0.013506333129689525]
other derivatives: [-0.3351488   0.00327418  0.03919922  0.0687578  -0.09949872  0.04465619]
Current x array =  [-0.68545443 -0.55359844 -0.87074023  1.3075894  -2.79806827 -1.4094355
 -0.80687509 -2.35417443 -2.31566066 -2.51076548 -0.88776378 -1.70878901
 -2.59518844 -1.78519309 -2.45904969 -0.90021896 -2.2897156  -1.77257144]
log likelihood =  -5811.01749289
Edge derivatives =  [-0.014585429942957584, 0.03787892603348711, -0.02235919717871218, 0.026991492190587607, 0.011492475442088396, 0.001227825871383481, 0.0008334341819266448, -0.024859793294362054, -0.010820926766583527, 0.03329828943724225, 0.016956891249070516, -0.01892274123874501]
other derivatives: [-0.02110028 -0.06712071 -0.00472937  0.07839844 -0.04501999  0.02419256]
Current x array =  [-0.68561553 -0.55356076 -0.87070826  1.30751004 -2.7983142  -1.40891531
 -0.80673138 -2.35444713 -2.31607338 -2.51029919 -0.88787248 -1.70914436
 -2.59598507 -1.78469057 -2.45899159 -0.90000292 -2.28831988 -1.77263779]
log likelihood =  -5811.01745956
Edge derivatives =  [-0.006895266075446271, 0.03339453550502794, -0.02055491949139407, 0.014989179624539717, 0.015280889321209773, 0.0017662624682555916, -0.0017065914561099453, -0.03038016192027801, -0.0164152028773501, 0.03260302275401886, 0.0004998751681967936, -0.02416136673351857]
other derivatives: [ 0.02382876 -0.03938112 -0.03483365  0.04292815 -0.01991793  0.01437002]
Current x array =  [-0.68563491 -0.55357501 -0.87068325  1.30757675 -2.79849115 -1.40852894
 -0.80675869 -2.35442613 -2.31624529 -2.51000948 -0.88792385 -1.70916933
 -2.59536333 -1.78473428 -2.45897834 -0.90002295 -2.28783921 -1.77270182]
log likelihood =  -5811.01742542
Edge derivatives =  [0.005430207372889795, 0.022433301149839047, -0.01685360531623041, 0.006018201724769079, 0.017895844260563842, 0.003019682629156223, -0.0037477013951142772, -0.02785072788346138, -0.01997577138629769, 0.020468053184459295, -0.008457430954337979, -0.018128928183473225]
other derivatives: [ 0.02037268 -0.00873115  0.00445652  0.01355147  0.01182343  0.00709406]
Current x array =  [-0.68562659 -0.55358941 -0.87072815  1.30770864 -2.79868511 -1.408109
 -0.806871   -2.35429269 -2.3165012  -2.50978951 -0.88799059 -1.7092235
 -2.59497527 -1.78488723 -2.45908078 -0.8998201  -2.2875635  -1.7729213 ]
log likelihood =  -5811.01741451
Edge derivatives =  [0.004713013797818133, -0.0008458951379099744, -0.01771073967226161, -0.003131274648426552, 0.0003199991792350587, -0.006960916016487462, -0.006291892607285417, -0.01909747129613565, -0.028457923363926496, -0.009797354218166687, -0.01272763201021878, -0.012530368374588388]
other derivatives: [ 0.01273293  0.11059456 -0.11559678 -0.08731149 -0.01682565 -0.00154614]
Current x array =  [-0.68561199 -0.55365725 -0.87060519  1.30795862 -2.79863918 -1.4076476
 -0.80704394 -2.35407208 -2.31681957 -2.50972779 -0.88803362 -1.70920759
 -2.59517136 -1.78526218 -2.45927867 -0.89939568 -2.28757704 -1.77326816]
  status: 0
 success: True
    nfev: 57
     fun: 5811.017414513832
       x: array([-0.68561199, -0.55365725, -0.87060519,  1.30795862, -2.79863918,
       -1.4076476 , -0.80704394, -2.35407208, -2.31681957, -2.50972779,
       -0.88803362, -1.70920759, -2.59517136, -1.78526218, -2.45927867,
       -0.89939568, -2.28757704, -1.77326816])
 message: 'CONVERGENCE: REL_REDUCTION_OF_F_<=_FACTR*EPSMCH'
     jac: array([-0.01273293, -0.11059456,  0.11559678,  0.08731149,  0.01682565,
        0.00154614, -0.00471301,  0.0008459 ,  0.01771074,  0.00313127,
       -0.00032   ,  0.00696092,  0.00629189,  0.01909747,  0.02845792,
        0.00979735,  0.01272763,  0.01253037])
     nit: 50
Lr rates:  [ 0.12113056  0.85801449  0.79292689  0.53210498  0.775371    0.81358928
  0.79214495]
Process rates:  [ 0.52502868  0.61491389  0.39120505  5.85872721  0.08624044  3.4499598 ]
log likelihood =  6476.34325623
Lr derivatives =  [-693.80563695200249, -626.59376936871558, -408.3511737215747, -263.37660748801289, -165.91655881704128, -11.209514539861345, 73.399501669272581]
other derivatives =  [  63.52092896  158.98040147 -108.72190614 -468.82450988 -149.43534552
   25.9128683 ]
Current x_clock array =  [-0.64430238 -0.48627304 -0.93852343  1.76793238 -2.45061608  1.23836258
 -2.11088631 -0.15313429 -0.23202426 -0.63091448 -0.25441366 -0.20629961
 -0.23301088]
Lr rates:  [ 0.26862444  0.85816533  0.79313811  0.5324905   0.77559748  0.81378198
  0.72813493]
Process rates:  [  0.48810711   0.51233706   0.39160427  10.0353462    0.102379
   3.34884742]
log likelihood =  6080.87300336
Lr derivatives =  [135.76141929657302, 68.791644865141905, 150.50127018630945, 168.94663192410539, 109.01526453036556, 113.89267022059092, 85.62710145024792]
other derivatives =  [ -93.52816051 -156.17897589  -69.49940143   98.18631952   82.55838111
  195.25950847]
Current x_clock array =  [-0.71722042 -0.66877256 -0.93750346  2.30611348 -2.27907369  1.20861623
 -1.314441   -0.1529585  -0.23175791 -0.63019023 -0.25412161 -0.20606279
 -0.3172689 ]
Lr rates:  [ 0.24274301  0.88238601  0.77582308  0.51076765  0.75478641  0.78001112
  0.708517  ]
Process rates:  [ 0.50808845  0.54991673  0.40582358  9.34837135  0.09815834  3.11492828]
log likelihood =  6034.76861644
Lr derivatives =  [-56.308660932672396, -103.31017883022596, -15.732913918904696, 28.076367302192317, 4.7654906436307005, 43.524385026727245, 55.538540915586594]
other derivatives =  [ -33.08186933  -62.30266081  -49.75136108  -22.63850547   23.40120773
  141.36012396]
Current x_clock array =  [-0.67709974 -0.59798842 -0.90183674  2.23520214 -2.3211734   1.13620613
 -1.41575196 -0.12512567 -0.25383078 -0.67184048 -0.28132047 -0.24844711
 -0.34458123]
Lr rates:  [ 0.2484333   0.92629282  0.76275325  0.48807477  0.73730947  0.74446546
  0.67475894]
Process rates:  [ 0.52597305  0.5831241   0.42337705  9.41555649  0.09584668  2.78555445]
log likelihood =  6007.10415049
Lr derivatives =  [-79.52297159644246, -126.93335935800593, -55.855913944306799, -13.703698239716559, -32.067259655481308, 8.0958128296518979, 34.489558860262115]
other derivatives =  [  27.51485226   19.24954631  -15.00129656  -20.58213795   24.27605068
  112.4969458 ]
Current x_clock array =  [-0.6425053  -0.53935525 -0.85949213  2.24236327 -2.34500542  1.02444694
 -1.39258088 -0.07656488 -0.27082069 -0.71728667 -0.30474757 -0.29508882
 -0.39339978]
Lr rates:  [ 0.26486262  1.          0.75540928  0.44814346  0.72361526  0.6852535
  0.60487067]
Process rates:  [ 0.52805796  0.61193975  0.45059059  9.27550298  0.08789245  2.07389292]
log likelihood =  5972.52410597
Lr derivatives =  [-120.96109160341912, -164.7630060379127, -116.36099342345089, -78.525569361613918, -83.242527359685866, -43.650653746031146, -0.44413439082772399]
other derivatives =  [  28.0239874   106.45817383   48.09653547  -15.30615918   16.33270585
   60.73414625]
Current x_clock array =  [-0.63854923 -0.49112145 -0.79719614  2.22737684 -2.43164138  0.72942748
 -1.328544    0.         -0.28049559 -0.80264189 -0.32349544 -0.37796644
 -0.50274062]
Lr rates:  [ 0.30173089  1.          0.78342407  0.43199837  0.74387886  0.66105403
  0.55572907]
Process rates:  [ 0.54038421  0.58962262  0.44666188  9.1162005   0.0807022   1.57357395]
log likelihood =  5940.63933843
Lr derivatives =  [-82.485584945349032, -131.58036143782536, -91.804799640325214, -65.696165369755391, -71.126595243516064, -50.398257018224164, -13.372445559924678]
other derivatives =  [ 75.58865036  31.47124517  46.72247087  27.4571903   26.42145773
  40.75627658]
Current x_clock array =  [-0.61547488 -0.52827257 -0.80595339  2.21005311 -2.5169894   0.45334943
 -1.19821976  0.         -0.24408113 -0.83933346 -0.29587708 -0.4139197
 -0.58747438]
Lr rates:  [ 0.43487344  1.          0.9523267   0.40885113  0.86393298  0.62737274
  0.44266687]
Process rates:  [ 0.50552456  0.60120025  0.42043666  7.45130843  0.05812942  0.64745007]
log likelihood =  5886.84521283
Lr derivatives =  [43.215044330604641, 2.8613143088650332, 111.84220688672988, 36.526580362358743, 39.112272806664237, -28.18065247973308, -26.251315339625108]
other derivatives =  [ -46.13939382   64.0043254     7.47704689  122.97687135   19.6385372
   16.36026354]
Current x_clock array =  [-0.68215866 -0.50882721 -0.86646145  2.00838964 -2.84508346 -0.43471361
 -0.83270024  0.         -0.04884713 -0.89440418 -0.14626008 -0.46621443
 -0.81493778]
Lr rates:  [ 0.43968767  1.          0.92923424  0.40076051  0.86963633  0.63467135
  0.43391738]
Process rates:  [ 0.52130938  0.57958494  0.4215762   6.45284314  0.05389576  0.54126546]
log likelihood =  5871.14800771
Lr derivatives =  [-59.473058710247855, -91.539847412224887, -13.78054282169802, -41.730844627472777, -4.4283359761412981, -52.070328622240552, -37.972139200639376]
other derivatives =  [ 19.20625436   1.90402716   1.60844138  35.09167072 -21.78603609
   6.13727025]
Current x_clock array =  [-0.65141159 -0.54544306 -0.86375473  1.86452083 -2.92070348 -0.61384543
 -0.82169064  0.         -0.07339442 -0.91439126 -0.13968016 -0.45464798
 -0.83490113]
Lr rates:  [ 0.47877111  1.          0.94795963  0.40094929  0.89280447  0.65000806
  0.42409251]
Process rates:  [ 0.51998916  0.57359485  0.41607113  5.74130944  0.05005781  0.43727409]
log likelihood =  5863.58703527
Lr derivatives =  [-55.311433040025868, -85.000675771228615, 14.057126175102407, -35.314505141429414, 18.071329101997868, -44.234923661935184, -37.941260555355946]
other derivatives =  [ 24.78454917 -14.01513146 -10.52721927  24.98800313 -33.09223757
   4.23151505]
Current x_clock array =  [-0.65394731 -0.55583197 -0.87689905  1.74768731 -2.99457683 -0.82719506
 -0.73653265  0.         -0.05344336 -0.91392032 -0.11338768 -0.43077052
 -0.85780366]
Lr rates:  [ 0.67087969  1.          0.86965429  0.41956821  0.86204286  0.75397257
  0.43669105]
Process rates:  [ 0.4902366   0.56694614  0.41150172  4.05568371  0.04544036  0.25225485]
log likelihood =  5845.37383744
Lr derivatives =  [-14.659906374710342, -56.738722839146234, -43.450426871865957, -20.819226842150087, 9.8800542892107188, -3.5143761481379414, -27.02894164652859]
other derivatives =  [-39.69789759 -22.89234544 -17.21309673   6.95972631 -36.61880328
  -1.60925993]
Current x_clock array =  [-0.71286714 -0.56749097 -0.88794207  1.40011928 -3.09135462 -1.3773154
 -0.39916545  0.         -0.13965952 -0.86852918 -0.14845029 -0.28239929
 -0.82852932]
Lr rates:  [ 0.68142771  1.          0.92890455  0.45334776  0.80829782  0.80670945
  0.49793571]
Process rates:  [ 0.53856101  0.59608209  0.4358538   3.39607951  0.0501375   0.23729133]
log likelihood =  5846.37867004
Lr derivatives =  [15.147187920203812, -28.574779047778144, 20.64785631721103, 11.746114063405425, 8.3761608059028934, 30.856764792544716, -6.3575619435832351]
other derivatives =  [ 160.89452402   64.05143722   31.78920451  -15.8873263   -21.63324098
    3.04407877]
Current x_clock array =  [-0.61885449 -0.51737688 -0.8304484   1.22262168 -2.99298613 -1.43846666
 -0.3835651   0.         -0.07374929 -0.79109576 -0.2128247  -0.21479171
 -0.69728431]
Lr rates:  [ 0.67594866  1.          0.89775572  0.43554076  0.83567835  0.77897365
  0.46523972]
Process rates:  [ 0.51298677  0.58082226  0.42307708  3.72279663  0.04764913  0.24492055]
log likelihood =  5840.44388897
Lr derivatives =  [0.050217475032000358, -43.278789213345689, -17.462566779970594, -6.0962761523110993, 7.4252964080821027, 11.909423733757137, -17.636690761868582]
other derivatives =  [ 48.09289749  17.05575414   7.14881025  -2.82952897 -29.68172339
   0.67375368]
Current x_clock array =  [-0.66750523 -0.54331049 -0.86020088  1.31447517 -3.04389099 -1.4068214
 -0.39163815  0.         -0.10785727 -0.83116689 -0.17951149 -0.24977806
 -0.76520248]
Lr rates:  [ 0.63813868  1.          0.91067087  0.44477563  0.81190184  0.776566
  0.49352066]
Process rates:  [ 0.50705939  0.5800411   0.425832    3.8093767   0.0518028   0.27763724]
log likelihood =  5837.08768137
Lr derivatives =  [-1.2363487756550695, -42.983436330164757, -4.4431971831438517, -1.0280320772161415, -0.50520772714403783, 12.911786271401265, -11.049484483680365]
other derivatives =  [ 19.50429578  15.122896    12.4025064    0.72941475 -19.33531166
   3.40660335]
Current x_clock array =  [-0.67912713 -0.54465632 -0.85371038  1.33746558 -2.96031101 -1.2814399
 -0.44919965  0.         -0.09357373 -0.81018533 -0.20837584 -0.25287364
 -0.70619056]
Lr rates:  [ 0.62740453  1.          0.9184478   0.45276727  0.79672722  0.75868181
  0.5297991 ]
Process rates:  [ 0.50244325  0.57581907  0.41673954  3.73914957  0.05703081  0.29041143]
log likelihood =  5835.26390727
Lr derivatives =  [5.8233072692677652, -37.41330883449357, 7.7633838645660447, 4.2504463316174785, -5.8608482081253612, 8.1346058731008561, -3.153133577054172]
other derivatives =  [ 4.62468961  4.02033038 -9.55760697  1.80380084 -3.25471774  5.13928171]
Current x_clock array =  [-0.68827259 -0.55196178 -0.87529386  1.3188582  -2.86416367 -1.23645663
 -0.46616376  0.         -0.08507021 -0.79237704 -0.22724291 -0.27617281
 -0.6352574 ]
Lr rates:  [ 0.62926862  1.          0.91630879  0.45347727  0.80895618  0.74591587
  0.54146024]
Process rates:  [ 0.49881841  0.57133611  0.42409741  3.65679938  0.05824706  0.28095636]
log likelihood =  5834.8511478
Lr derivatives =  [4.4966373671022293, -38.697884236160029, 4.4536208715886438, 3.2950132642383778, -1.7645793486902281, 4.8428277488685119, -0.70730668739498714]
other derivatives =  [-7.26749931 -7.02139005  6.97818905 -1.04100764 -0.54214979  4.45634214]
Current x_clock array =  [-0.69551316 -0.55977762 -0.85779212  1.29658828 -2.84306172 -1.26955594
 -0.46319706  0.         -0.08740187 -0.79081013 -0.21201052 -0.29314247
 -0.61348565]
Lr rates:  [ 0.6310853   1.          0.91498805  0.45122468  0.81832257  0.73427331
  0.54315634]
Process rates:  [ 0.49949929  0.57315768  0.42202359  3.64238235  0.05844632  0.27201069]
log likelihood =  5834.62999469
Lr derivatives =  [2.1274842047784741, -41.392881130061966, -0.26012136236297678, -0.34120319122440934, -0.84774629404088842, -0.11495085985230347, -1.2823738980365871]
other derivatives =  [-3.99613782 -1.86955731  2.19333742 -3.00697138 -0.12432793  3.43488864]
Current x_clock array =  [-0.6941491  -0.55659442 -0.86269407  1.29263796 -2.83964654 -1.30191391
 -0.46031424  0.         -0.08884427 -0.79578988 -0.20049868 -0.30887397
 -0.61035807]
Lr rates:  [ 0.63302607  1.          0.91607147  0.44993631  0.82593     0.7278357
  0.54456148]
Process rates:  [ 0.50072606  0.57406445  0.4208176   3.63186956  0.05832609  0.26087021]
log likelihood =  5834.52688801
Lr derivatives =  [2.2065882806530102, -41.370262661270274, -0.63966751046506687, -1.2152124693466879, 1.7074361081312084, -2.1786071686194219, -1.2212089549958822]
other derivatives =  [ 1.14687282  0.50158633 -0.39108272 -3.10583346 -0.16789272  2.51438905]
Current x_clock array =  [-0.6916961  -0.5550136  -0.8655558   1.28974754 -2.84170575 -1.34373229
 -0.45724367  0.         -0.08766089 -0.79864923 -0.19124525 -0.31767995
 -0.60777444]
Lr rates:  [ 0.63122083  1.          0.91809717  0.44998657  0.82724509  0.7266467
  0.54715894]
Process rates:  [ 0.5008762   0.57495482  0.42032237  3.63716094  0.05825795  0.25112598]
log likelihood =  5834.44336624
Lr derivatives =  [0.8415053940770072, -42.244545872601151, -0.7710210964402755, -2.1111654929410806, 1.8015928021796057, -2.6182739342816816, -0.66096184529665258]
other derivatives =  [ 1.45701051  2.95431164 -1.39052645 -3.09728421 -0.58435035  1.68383849]
Current x_clock array =  [-0.69139632 -0.55346382 -0.86673332  1.29120342 -2.84287473 -1.38180056
 -0.46009951  0.         -0.08545205 -0.79853754 -0.18965427 -0.31931489
 -0.60301595]
Lr rates:  [ 0.62615685  1.          0.91880785  0.45318365  0.82660907  0.72841857
  0.55166922]
Process rates:  [ 0.50404423  0.56935287  0.41938682  3.70684877  0.05825217  0.22993039]
log likelihood =  5834.45766998
Lr derivatives =  [6.6103893244168255, -36.7573868470392, 2.471575467731455, 2.1085889666069995, 4.3831156563367646, -0.37860910447676233, 1.2554378154252746]
other derivatives =  [ 12.32319846 -13.97447704  -2.85581336   5.00722308   0.96588337
   0.02746674]
Current x_clock array =  [-0.68509125 -0.56325489 -0.86896158  1.31018213 -2.84297399 -1.46997868
 -0.46815438  0.         -0.08467827 -0.79145782 -0.1904234  -0.31687944
 -0.59480664]
Lr rates:  [ 0.62882876  1.          0.91843209  0.45149075  0.82694523  0.72748136
  0.54928033]
Process rates:  [ 0.50236701  0.57230741  0.41988112  3.6698447   0.05825522  0.24090207]
log likelihood =  5834.3825144
Lr derivatives =  [3.5078945416275555, -39.709123371311165, 0.69317412507556497, -0.17666531498695681, 2.9835858456729571, -1.5828107031092031, 0.23254174923062187]
other derivatives =  [ 6.5578206  -5.07061486 -2.07719495  0.70858732  0.14024408  0.85974534]
Current x_clock array =  [-0.68842432 -0.558079   -0.86778365  1.30014935 -2.84292151 -1.42336478
 -0.46389631  0.         -0.08508731 -0.7952004  -0.19001681 -0.3181669
 -0.59914636]
Lr rates:  [ 0.62402425  1.          0.92070439  0.45342312  0.82277307  0.73134527
  0.55275944]
Process rates:  [ 0.50130427  0.57416423  0.42032061  3.67753337  0.05826226  0.23148323]
log likelihood =  5834.31935109
Lr derivatives =  [-0.0089154850930039942, -42.10665708303052, -0.20453752371399148, -1.2918693001736252, 0.67690444169909725, -0.54483933949245156, 1.1787825499128299]
other derivatives =  [ 1.70221028  0.35734047 -1.04919309 -0.2492925  -0.79326128  0.11268639]
Current x_clock array =  [-0.69054203 -0.55483981 -0.86673751  1.30224225 -2.84280072 -1.46324784
 -0.47156605  0.         -0.08261626 -0.79092956 -0.19507485 -0.3128696
 -0.59283238]
Lr rates:  [ 0.62352138  1.          0.92083982  0.45450802  0.82124921  0.73291525
  0.55208915]
Process rates:  [ 0.50084151  0.57421958  0.42067008  3.6809681   0.05829089  0.2303774 ]
log likelihood =  5834.31237902
Lr derivatives =  [0.71087198173360733, -41.317649989231484, 0.64116615884803352, -0.28704032312845529, 0.58471601696223097, 0.13000954982335244, 1.1686863727847356]
other derivatives =  [-0.21054802  0.49694791 -0.14879333  0.56452336 -0.59008016  0.07939889]
Current x_clock array =  [-0.69146557 -0.55474341 -0.86590641  1.30317579 -2.8423094  -1.46803645
 -0.47237223  0.         -0.08246918 -0.78853972 -0.19692867 -0.3107252
 -0.59404574]
Lr rates:  [ 0.62238574  1.          0.92024241  0.45562074  0.81904602  0.73432708
  0.55097811]
Process rates:  [ 0.50079876  0.57391496  0.4209764   3.68156396  0.05838916  0.23016214]
log likelihood =  5834.30840095
Lr derivatives =  [-0.18958558351685539, -42.107766352244724, -0.50082195750343317, -0.54941258867213083, -0.68635596485181338, 0.21279713036097903, 0.81483973448860869]
other derivatives =  [-0.48221409 -0.27066562  0.43564796  0.08949428 -0.58053047  0.02091838]
Current x_clock array =  [-0.69155094 -0.55527404 -0.86517851  1.30333765 -2.84062506 -1.46897127
 -0.47419521  0.         -0.08311815 -0.78609452 -0.19961501 -0.30880074
 -0.5960602 ]
Lr rates:  [ 0.62234696  1.          0.9204018   0.45633357  0.81908386  0.73440001
  0.54973171]
Process rates:  [ 0.50076895  0.5739631   0.42101694  3.67919878  0.05847582  0.23010159]
log likelihood =  5834.30590716
Lr derivatives =  [0.50167345458522483, -41.442156567156111, 0.35244960149314508, 0.26568137235290123, -0.31955942643406843, 0.30420221411847947, 0.54974701571893014]
other derivatives =  [-0.55651981 -0.15224941  0.54651537  0.41818566 -0.21746018  0.07330527]
Current x_clock array =  [-0.69161047 -0.55519017 -0.8650822   1.30269501 -2.83914196 -1.46923435
 -0.47425752  0.         -0.08294496 -0.78453122 -0.19956881 -0.30870142
 -0.59832492]
Lr rates:  [ 0.62218883  1.          0.92031692  0.45672426  0.81975009  0.73401015
  0.54830674]
Process rates:  [ 0.50081513  0.57394715  0.42085913  3.67579551  0.05854112  0.22962667]
log likelihood =  5834.3041364
Lr derivatives =  [0.33054412574485603, -41.582051143577019, 0.20506596326427129, 0.33162104028266848, -0.14580618135157941, 0.027429641036619046, 0.12884288684292677]
other derivatives =  [-0.29540388 -0.16934791  0.15124897  0.16243575 -0.09476935  0.0512955 ]
Current x_clock array =  [-0.69151826 -0.55521796 -0.86545711  1.30176957 -2.83802586 -1.47130045
 -0.47451165  0.         -0.08303719 -0.78367544 -0.19875575 -0.30923242
 -0.60092041]
Lr rates:  [ 0.62189959  1.          0.92042105  0.45662522  0.82035839  0.73415529
  0.54786577]
Process rates:  [ 0.50102705  0.57406644  0.42091224  3.6747263   0.05858345  0.22914279]
log likelihood =  5834.30385603
Lr derivatives =  [0.070297395469891555, -41.819955320062654, 0.043312090286381277, 0.12400015229280203, 0.037108278302845576, 0.052377201339261603, 0.011752750708877713]
other derivatives =  [ 0.49403752  0.16616468  0.2395609  -0.06530172 -0.0426553   0.01100489]
Current x_clock array =  [-0.6910952  -0.55501014 -0.86533092  1.30147865 -2.83730305 -1.47340992
 -0.47497663  0.         -0.08292405 -0.78389232 -0.19801397 -0.30903471
 -0.60172497]
Lr rates:  [ 0.62188949  1.          0.92039907  0.45655438  0.82050318  0.73398308
  0.54786584]
Process rates:  [ 0.50088543  0.57397808  0.420807    3.67490257  0.0585876   0.22900096]
log likelihood =  5834.30373434
Lr derivatives =  [-0.019073314484344905, -41.899050881809465, -0.067220552181964877, 0.027019424018984495, 0.031290786897987033, -0.034093707381835259, -0.0076468627097909803]
other derivatives =  [-0.01755325 -0.06466507  0.01155058 -0.07285053 -0.0421096  -0.00600267]
Current x_clock array =  [-0.69137789 -0.55516407 -0.86558099  1.30152662 -2.83723214 -1.4740291
 -0.47499287  0.         -0.08294793 -0.78404747 -0.19783749 -0.3092693
 -0.60172485]
Lr rates:  [ 0.62186826  1.          0.92042703  0.45653561  0.8204311   0.73403974
  0.5479136 ]
Process rates:  [ 0.50089479  0.57399287  0.42080274  3.6752824   0.05858849  0.22903267]
log likelihood =  5834.30371957
Lr derivatives =  [0.0019971929464244198, -41.881850857269342, -0.0323242693804211, 0.028174716806222744, 0.0091696147124924465, -0.0096782661561931604, 0.0087614173670598205]
other derivatives =  [ 0.00700311 -0.02901288  0.00291038 -0.04711183 -0.03319656 -0.00536602]
Current x_clock array =  [-0.6913592  -0.55513831 -0.8655911   1.30162997 -2.83721695 -1.47389062
 -0.475027    0.         -0.08291756 -0.78408858 -0.19792535 -0.30919211
 -0.60163767]
Lr rates:  [ 0.6218181   1.          0.92046534  0.45647133  0.82039237  0.73410422
  0.5479082 ]
Process rates:  [ 0.50090259  0.5740058   0.42080556  3.67593627  0.05859642  0.2291157 ]
log likelihood =  5834.30370692
Lr derivatives =  [0.022002702165849541, -41.872542759331949, 0.0014247958823929707, 0.0013348400722650311, -0.009216927042672296, 0.011755154955434222, 0.0097381414378787667]
other derivatives =  [ 0.01919034  0.00027285  0.01091394 -0.01118678 -0.00218279 -0.00272848]
Current x_clock array =  [-0.69134363 -0.55511578 -0.86558439  1.30180787 -2.83708174 -1.47352815
 -0.47510768  0.         -0.08287593 -0.78422939 -0.19797255 -0.30910426
 -0.60164753]
  status: 0
 success: True
    nfev: 29
     fun: 5834.303706916138
       x: array([-0.69134363, -0.55511578, -0.86558439,  1.30180787, -2.83708174,
       -1.47352815, -0.47510768,  0.        , -0.08287593, -0.78422939,
       -0.19797255, -0.30910426, -0.60164753])
 message: 'CONVERGENCE: REL_REDUCTION_OF_F_<=_FACTR*EPSMCH'
     jac: array([  1.91903382e-02,   2.72848411e-04,   1.09139364e-02,
        -1.11867848e-02,  -2.18278728e-03,  -2.72848411e-03,
         2.20027022e-02,  -4.18725428e+01,   1.42479588e-03,
         1.33484007e-03,  -9.21692704e-03,   1.17551550e-02,
         9.73814144e-03])
     nit: 26
