number of sites to be analyzed:  345
Now calculate MLE for pair ['YDR438W', 'YML018C']
log likelihood =  -11883.5669356
Edge derivatives =  [269.62694116541934, 85.61615825724988, 64.17425266049467, 26.563181618906626, 425.03792616326075, 127.42006543369523, 293.9040396246389, 107.08832370286206, 58.81494123536268, 105.59962053847147, 54.76424975990413, -18.976316661057318]
other derivatives: [-246.42213248 -220.64068617  101.78373486  865.70616986  797.13317973
  -34.47294148]
Current x array =  [-0.64353555 -0.48264002 -0.93307917  1.76977596 -2.44028574  1.19617746
 -3.90910406 -3.87159909 -4.30005794 -6.28014701 -2.83555499 -3.29056063
 -2.92359461 -3.49891453 -3.97438916 -3.10701318 -4.59465356 -2.01786889]
log likelihood =  -10756.1382904
Edge derivatives =  [228.44588942366906, 56.39805475896584, 41.84940071569019, 19.64821966366448, 356.8358105912372, 83.12090658285959, 253.1635404799479, 68.91131275871734, 33.04747800670433, 79.28479759689391, 39.91449541601995, -118.56067672125849]
other derivatives: [ 294.35814213  102.56062524   33.21129043  493.55912779  598.10899984
  -70.90293366]
Current x array =  [-0.82263792 -0.64300414 -0.93243734  2.3989809  -1.86092042  1.17112214
 -3.71313618 -3.80937231 -4.25341537 -6.26084059 -2.52663267 -3.1979503
 -2.70998186 -3.42108154 -3.9316418  -3.03026219 -4.55485029 -2.03166109]
log likelihood =  -12400.3139621
Edge derivatives =  [37.14735800851166, -238.54471776218787, -59.03706334539497, -8.751453176600396, -16.794203447627844, -207.58256708118773, 74.63146611551956, -235.3225575215139, -208.86484644814453, 6.788498620014784, -69.84769328468943, -359.67954831097006]
other derivatives: [   44.15487638   -70.9813321   -220.41695047 -1171.48338177 -1235.28589029
  -337.49965951]
Current x array =  [-0.31249684 -0.55218044 -0.99445969  4.0790997   0.01261127  0.98773279
 -3.02001186 -3.62596961 -4.11690864 -6.19905095 -1.44146229 -2.92684909
 -1.94501968 -3.19538969 -3.81859748 -2.78195212 -4.42880994 -2.3133798 ]
log likelihood =  -10221.6940631
Edge derivatives =  [173.65650060273416, 17.375301033566675, 15.494673819293713, 12.91054827852848, 250.09157605612668, 19.645827740754314, 190.02915011260737, 16.242289660783015, -0.2373995077990621, 46.35772266753751, 20.860737918619254, -220.05320475586882]
other derivatives: [  37.68200258  109.94644981  -17.9385097   -17.5268724   213.18119252
 -102.78054106]
Current x array =  [-0.69378942 -0.62006441 -0.94810259  2.82333563 -1.38771457  1.12480271
 -3.53807083 -3.76304951 -4.21893729 -6.24523412 -2.25254658 -3.12947712
 -2.51677212 -3.36407759 -3.90308972 -2.96754547 -4.52301574 -2.10281598]
log likelihood =  -9988.41246909
Edge derivatives =  [106.52439859099776, -13.125384757394615, -7.001832413599271, 10.208220370929954, 104.18030392841818, -38.06576466752221, 112.49505646297816, -29.077163591351933, -25.60956273378705, 14.709563071631264, 4.926642629240984, -222.6460099520637]
other derivatives: [ 122.18351912  -69.45629138  -19.87646101 -456.02482714 -222.41802071
 -117.85705283]
Current x array =  [-0.72073032 -0.51817671 -0.99829253  2.93560393 -0.96628364  0.97549186
 -3.25103337 -3.72501707 -4.18681087 -6.22275559 -1.83399975 -3.08179161
 -2.20322701 -3.32429804 -3.89403485 -2.88549023 -4.48494971 -2.41396564]
log likelihood =  -9760.30942017
Edge derivatives =  [80.28357857206352, 3.970792617069227, -1.152004934087092, 14.949303389108996, 40.32206296223349, -20.48282828037149, 88.79698034010778, -10.331343147920956, -8.81511391086951, 9.242244540131153, 11.764760654724808, -99.81344515194525]
other derivatives: [ -76.82519936   26.09594958   28.39478839 -328.80507206 -235.69318728
 -104.54532458]
Current x array =  [-0.6554     -0.54966782 -1.02024951  2.70228695 -0.8365668   0.78763287
 -2.97032543 -3.70559747 -4.16783218 -6.19848386 -1.46552943 -3.07390321
 -1.90003005 -3.31528285 -3.90442068 -2.81556075 -4.45346622 -2.77891046]
log likelihood =  -9624.06424262
Edge derivatives =  [51.46695845300888, 46.166925275292975, 17.966192328777534, 29.84497197890739, -35.48236247162138, 37.65516842449429, 46.47782085010483, 40.15472333962694, 28.926833957568565, 3.1724785815602385, 30.841459804853212, 56.07730521081867]
other derivatives: [ 252.04990379 -875.13762992  -88.24754332  -29.31083145 -121.38461898
  -54.13148756]
Current x array =  [-0.82385431 -0.32282261 -0.91504076  2.13813853 -0.84785448  0.31053238
 -2.35980518 -3.62301658 -4.11749896 -6.1213214  -0.80101659 -3.04111103
 -1.22668231 -3.26650302 -3.89859417 -2.67315294 -4.36027122 -3.37114817]
log likelihood =  -9518.474668
Edge derivatives =  [51.2320748150367, 55.98094052381519, 23.947871789935718, 33.064713240084174, -42.42300945303575, 57.03777395859007, 47.0637116108318, 55.378017344419085, 38.02395090459814, 4.190963613950715, 36.2509388386533, 81.71850107706818]
other derivatives: [ 129.49803931  171.29841581  -50.41165423   72.95930118  -81.86125342
  -38.77103154]
Current x array =  [-0.76626771 -0.62780842 -0.92358188  1.96272986 -0.9144278   0.15888267
 -2.176585   -3.58193604 -4.09701241 -6.08801245 -0.64295953 -3.01776574
 -1.02883206 -3.23743017 -3.88527295 -2.63472895 -4.32255502 -3.50530778]
log likelihood =  -9495.25507594
Edge derivatives =  [59.5528221466621, 54.55250327079941, 23.375384517902063, 31.619455358269057, -17.245900467865845, 55.46577326267488, 55.53181043611884, 53.78990466251124, 36.92881653065398, 5.709921248027723, 35.65379024896743, 75.91419353754343]
other derivatives: [  18.6933903   107.80931916  -25.75325198   75.28797141  -45.51602615
  -36.84071999]
Current x array =  [-0.71569618 -0.59387017 -0.93654182  2.01521818 -0.96651337  0.18130402
 -2.21298594 -3.57034932 -4.09410281 -6.08307779 -0.72205122 -3.00414272
 -1.0708929  -3.22440222 -3.87338285 -2.64654642 -4.31830411 -3.42010109]
log likelihood =  -9447.69251077
Edge derivatives =  [63.84902894842554, 50.655078036670645, 20.99614640466152, 29.713200429469293, 4.99753730672078, 51.563411809200545, 45.495997435831335, 49.08314709443543, 35.308035688867776, 4.315630730439219, 34.09496770064279, 69.42951418420398]
other derivatives: [-134.49243852  -77.03019946   13.19367584   46.48190952  -23.8100256
  -26.06029739]
Current x array =  [-0.65649399 -0.5156425  -0.96409269  2.08075074 -1.07884382  0.106456
 -2.11399718 -3.4858107  -4.05919649 -6.0326338  -0.75089641 -2.92389055
 -0.97521446 -3.14404063 -3.81762629 -2.63751972 -4.2621593  -3.30329892]
log likelihood =  -9378.15250197
Edge derivatives =  [67.59345362227081, 44.62714432726956, 17.466049478155618, 27.940850304357024, 26.766929505733422, 47.63551261100892, 18.97301327265463, 42.59336267095827, 34.12693526797201, 1.5043649523580163, 31.778381673300956, 65.46750585815569]
other derivatives: [-200.93484636 -310.31668186   51.95688573    6.10561983    5.52427082
   -6.53453753]
Current x array =  [-0.63278724 -0.4474982  -0.99416546  2.11713427 -1.30824177 -0.1143143
 -1.80704486 -3.29325445 -3.97754436 -5.91294055 -0.70058032 -2.7462188
 -0.68182982 -2.96552068 -3.69677033 -2.59830892 -4.12766771 -3.14945251]
log likelihood =  -9250.91859228
Edge derivatives =  [65.9965618249775, 28.299459887543364, 11.358003982423346, 25.33436573292918, 42.88580505651423, 37.09794172875771, -44.36082205424587, 27.279222643615146, 30.877539844345915, -1.7784439303607267, 25.84762635520646, 62.419646689635286]
other derivatives: [-225.91739253 -366.02577893   87.16706361  -61.99788913   30.38167051
   15.50197339]
Current x array =  [-0.62688813 -0.44067273 -1.02339455  2.09265934 -1.79807658 -0.64340764
 -1.03475004 -2.85186426 -3.78916031 -5.63270204 -0.48873572 -2.33904689
  0.02500803 -2.5593264  -3.42129415 -2.49631858 -3.81288553 -2.87821796]
log likelihood =  -9105.72204078
Edge derivatives =  [-1.123035651225905, -12.597506552710172, 1.8483770253946539, 19.371702994196383, 25.893284239963503, -2.2888903514933947, -50.39818635587049, -8.602342824630954, 15.060892939860793, 0.6518330586938823, 12.760477369869601, 23.83134321160325]
other derivatives: [-226.10729502 -403.32761273 -211.75656002 -175.15430955   19.32057785
    8.64492904]
Current x array =  [-0.62472696 -0.44188455 -0.84281874  1.79128634 -2.40244771 -1.33722983
  0.40270734 -2.07418941 -3.44702168 -5.07273965 -0.09301391 -1.52840338
  0.63020315 -1.82089238 -2.8382485  -2.35682611 -3.21475642 -2.09068009]
log likelihood =  -9107.82731988
Edge derivatives =  [-111.25150050569529, -27.304996274831122, -1.6028531051764954, 18.28533227999557, 26.781171948178805, -25.89802234875221, -5.609101105748316, -22.748481285039006, 12.479175898723598, 3.300761439682846, 8.800455687381588, 12.016571615790454]
other derivatives: [ 148.24836398  -51.90213415  330.08873288 -114.26800484   -6.28479029
    5.44732757]
Current x array =  [-0.76651209 -0.54801686 -1.26391896  1.27373561 -2.73505478 -1.90656899
  1.57168856 -1.49477309 -3.16595801 -4.58865244  0.33890377 -0.89006587
  1.0524375  -1.25680531 -2.34978478 -2.21934287 -2.71465802 -1.49883157]
log likelihood =  -9045.87091151
Edge derivatives =  [-45.08895799141928, -18.043277105605043, 0.3219224942247153, 18.882341043265743, 26.019230727854854, -10.784965449884101, -27.56582440919309, -13.505112967470057, 14.41362145699984, 2.114965642454326, 11.468045218829511, 19.905650675814847]
other derivatives: [ -40.16019375 -213.45604182  104.08402886 -134.49716789   20.45580914
    5.83149813]
Current x array =  [-0.69326117 -0.49318537 -1.04636456  1.54111956 -2.56321889 -1.61242941
  0.96775392 -1.79411886 -3.31116487 -4.83874802  0.1157607  -1.2198523
  0.83429716 -1.54823149 -2.60214141 -2.29037129 -2.97302551 -1.80460023]
log likelihood =  -9007.59161748
Edge derivatives =  [-42.07133657342201, 0.6487505138799822, 2.580024989987493, 20.74892173069575, 24.40686171058558, 7.285629315369938, -7.927906023653572, 4.502885715555877, 21.60992535263886, 3.325107991604076, 17.40075036680093, 30.267141301913476]
other derivatives: [-29.31174095 -50.14062481  41.90678737 -21.19850251  38.80686563
   2.56095518]
Current x array =  [-0.70083166 -0.54697128 -0.99021663  1.36733053 -2.41435731 -1.51734788
  0.86724975 -1.8715519  -3.33268632 -4.84772655  0.1489665  -1.26918815
  0.6313567  -1.61257705 -2.6130477  -2.29957936 -2.99684451 -1.81359575]
log likelihood =  -8992.33738402
Edge derivatives =  [-42.71876649013407, 5.129052199183534, 2.643043077656619, 20.41782896455538, 21.848121643917267, 7.684451489170322, 8.658475649857678, 7.687959612233789, 20.221715425051755, 4.782754938445459, 18.47339293296248, 17.823130054253976]
other derivatives: [ 37.16977517  19.50629667 -15.15854819   8.29986675  29.43215804
  -3.53411451]
Current x array =  [-0.72387397 -0.57573647 -0.94807425  1.26985008 -2.27882412 -1.41938719
  0.76828699 -1.89626521 -3.33496752 -4.81375187  0.15237094 -1.25600316
  0.40835619 -1.6217501  -2.56931241 -2.31251764 -2.97680839 -1.68695762]
log likelihood =  -8984.30432883
Edge derivatives =  [-44.244697251859236, 5.94040620186003, 2.2051843341738295, 19.76066930398241, 9.421544397000808, 3.920395308558339, 8.389337599776473, 6.676296528720034, 17.497976500378897, 4.976398827116771, 18.242586828966083, 5.910788547559551]
other derivatives: [-11.09037839  60.28876669 -13.16802809  12.66398613 -10.66255209
  -8.6687578 ]
Current x array =  [-0.70932192 -0.59308828 -0.94769351  1.19545041 -2.158155   -1.37334168
  0.67682607 -1.89562429 -3.32826005 -4.75694632  0.20091569 -1.2282631
  0.29005273 -1.60890383 -2.50778977 -2.31119313 -2.93090915 -1.5828462 ]
log likelihood =  -8976.9511716
Edge derivatives =  [-13.944314809304235, 3.5633887072541093, 1.8314615456505978, 18.510576794197153, 10.413838934504044, -2.5266335716257693, 19.195703968063825, 2.085560931921603, 11.212352012728426, 6.205298907797444, 16.393805570190523, -16.209368920052874]
other derivatives: [ 53.49884304  40.56128091  -3.61415005  18.50876288   7.45803845
 -13.78321031]
Current x array =  [-0.73087132 -0.58615923 -0.95390804  1.14527332 -2.11113694 -1.34612877
  0.50103775 -1.86916446 -3.3116715  -4.6537454   0.23002616 -1.18040672
  0.18585139 -1.56980546 -2.40200657 -2.30488386 -2.84138363 -1.41810524]
log likelihood =  -8968.47209863
Edge derivatives =  [-11.731998750446484, -1.6481623796024474, 1.1416954368797778, 17.921886172561656, -2.1951638611022672, -9.16115259207713, 6.859071518165713, -4.764091195611043, 5.716872091674884, 5.06153764022005, 13.329988840992877, -19.113158818592204]
other derivatives: [-13.0123226    6.79265213  12.54065864   9.27939254 -16.03893907
 -11.09292498]
Current x array =  [-0.70922426 -0.57120144 -0.96566707  1.07376508 -2.14424281 -1.48523797
  0.53662336 -1.76481489 -3.26006631 -4.49013583  0.36741813 -1.08209948
  0.3248328  -1.46801333 -2.25885732 -2.25829562 -2.68510309 -1.34277691]
log likelihood =  -8963.16884847
Edge derivatives =  [1.0588397792737063, -5.124067732902471, 1.2207415407767443, 18.057839985202445, -7.692277604088484, -9.973764293903162, -7.271176113977187, -9.112110344548583, 1.4157567632569081, 3.842669110516613, 10.503316234365814, -11.024735719816423]
other derivatives: [-17.1823558  -35.96451279  14.24123184  -2.04745447 -12.28818292
  -5.64250513]
Current x array =  [-0.7073733  -0.55356739 -0.96845947  1.07282206 -2.2028606  -1.61172888
  0.50348209 -1.71349779 -3.23192035 -4.36455478  0.45560701 -1.05912831
  0.48613666 -1.42600186 -2.17342993 -2.21526919 -2.57124781 -1.38177357]
log likelihood =  -8960.27911119
Edge derivatives =  [12.350210517466047, -7.873358092191062, 1.4511414776883504, 17.919649254293567, -3.995114922790727, -9.570675143850128, -8.620036704562217, -11.477953016790098, -3.5626670319268436, 3.9512869438736566, 7.422704337028167, -9.423465073693803]
other derivatives: [-43.36397978  11.86763257   3.68672772  -7.76271918   8.03829607
  -2.82689143]
Current x array =  [-0.6974436  -0.57391328 -0.96037435  1.08012552 -2.25810739 -1.70081539
  0.47928667 -1.68155261 -3.20533848 -4.22198723  0.48703024 -1.05040092
  0.54703405 -1.40806374 -2.09685767 -2.17862322 -2.45736667 -1.38630273]
log likelihood =  -8956.07148306
Edge derivatives =  [17.92383859904657, -6.973468396643558, 2.0812747730724896, 18.56194561748798, -6.559990607610994, -4.792766288161337, -11.509948232950654, -10.234397545697124, -8.087111907582695, 3.97280266190161, 4.128269859211787, -1.2205388534261559]
other derivatives: [ -1.53850124   0.57680154  -8.06649041   1.69802661  15.15363692
   0.08294592]
Current x array =  [-0.71150173 -0.5689789  -0.95281783  1.05248666 -2.27532944 -1.80822928
  0.4649933  -1.67089532 -3.1749301  -4.02078524  0.53906115 -1.06945817
  0.58964415 -1.41932691 -2.01416478 -2.12484089 -2.31007574 -1.43905865]
log likelihood =  -8950.24745846
Edge derivatives =  [19.483061293863962, -3.445221041126199, 3.2640859657135914, 19.33282004702905, -8.84578991967605, 4.08802441599671, -8.517051685122846, -5.052256152339521, -13.493788860847857, 4.801524355739031, -1.7463719366833008, 7.840629015788529]
other derivatives: [ 18.5731551   12.39986887 -16.28177415  18.18880264  21.6808985
   2.26227712]
Current x array =  [-0.71918782 -0.57347788 -0.94641567  1.02546489 -2.26335997 -1.92149308
  0.45716075 -1.69851371 -3.13762461 -3.71130399  0.55973185 -1.13187578
  0.55158519 -1.48517044 -1.9353942  -2.0486179  -2.11359175 -1.52305268]
log likelihood =  -8942.90802146
Edge derivatives =  [6.400070696146251, -2.5767982343754428, 3.884427964342916, 17.255581964518367, -13.98160898836086, 8.932156577557398, -8.889272411906786, -1.3668145090442672, -21.277794934018868, 5.844436974519204, -16.698538063388906, 9.074798933698624]
other derivatives: [ 58.59092198  33.29041647 -32.42894309  -6.00994099  -6.78446668
   3.33238859]
Current x array =  [-0.7332865  -0.5812503  -0.93954764  1.04166538 -2.21513891 -2.06466805
  0.49656874 -1.75514474 -3.07471127 -3.21115209  0.52626531 -1.20836634
  0.45301151 -1.59925749 -1.88554575 -1.92606843 -1.85929568 -1.60972693]
log likelihood =  -8942.40843999
Edge derivatives =  [5.273775624521856, 9.090264235804014, 7.197926916712971, 11.335047087766558, 11.51183669793294, 25.823614028249967, 14.894796668891253, 13.556851888720889, -15.924144026320153, 10.791335998702214, -28.408497839226865, 14.535044019662111]
other derivatives: [-67.87649909 -64.60668374  -7.37363735  49.01739885  44.78206392
   3.2447133 ]
Current x array =  [-0.69304868 -0.5422252  -0.94702339  1.02774539 -2.17838837 -2.1479195
  0.51862606 -1.89501704 -3.01858101 -2.65164118  0.37364013 -1.34026006
  0.20605997 -1.80178716 -1.95013906 -1.78985127 -1.67914096 -1.73554252]
log likelihood =  -8938.88675567
Edge derivatives =  [6.170332440039505, 3.534637384734398, 5.428924115271635, 15.357449753876836, -1.101583224515354, 17.490293641597468, 3.8609914807334675, 6.5352310195150904, -18.63442670773972, 8.191543961756546, -22.178085665670757, 12.349632082328995]
other derivatives: [ -3.53811629 -14.45805538 -19.29583959  23.59938662  21.10136847
   3.32183845]
Current x array =  [-0.71294755 -0.56152434 -0.94332639  1.03462926 -2.19656267 -2.10674904
  0.50771802 -1.82584578 -3.04633919 -2.92833697  0.44911809 -1.27503445
  0.3281853  -1.70162985 -1.91819563 -1.85721496 -1.76823315 -1.67332274]
log likelihood =  -8934.5658897
Edge derivatives =  [-10.173213519362141, 4.686874476854282, 4.580414991024736, 14.118013730551697, 2.109665188821866, 13.621253644216653, 5.91406111216772, 7.089050672939555, -13.261556507448674, 8.81951155711842, -20.0153618292833, 7.699073012893445]
other derivatives: [ 5.97992766  2.03399395  7.0731403   8.27858457  1.40389602  2.41579983]
Current x array =  [-0.71689615 -0.56757066 -0.96325297  1.07273232 -2.15252277 -2.05865263
  0.55297151 -1.8724234  -3.04371789 -2.88262599  0.36355174 -1.28327897
  0.23972667 -1.74993883 -2.02419044 -1.84342258 -1.84299573 -1.66828081]
log likelihood =  -8930.96682623
Edge derivatives =  [-17.54017977586781, 3.6134054926260806, 2.8022596824915085, 10.800535666383396, 4.359839445727426, 3.54943208112352, 7.020971318396794, 4.765366834875714, -8.699436923224587, 9.350351023496838, -17.544918223365745, -4.006847622547697]
other derivatives: [-15.40483936 -16.90532372 -25.26358003 -18.6248144  -17.6632966
   0.92386472]
Current x array =  [-0.70790387 -0.55959952 -0.94253917  1.11226915 -2.11140274 -2.00324269
  0.53647599 -1.89846464 -3.02741138 -2.78908864  0.28980094 -1.25058267
  0.15950367 -1.77032803 -2.1368414  -1.80889931 -1.94462527 -1.61154976]
log likelihood =  -8926.85458388
Edge derivatives =  [-12.23453177315769, 3.618629177874152, 1.4946232679793772, 5.462784250169174, 6.523270591187064, -5.257767008917734, 6.739991906005977, 3.3656366722000084, -3.3402690868490987, 9.768936129884695, -15.04427278261867, -11.59218485112909]
other derivatives: [-24.09433364   6.27496775  28.3922418  -20.68300091 -19.07974365
   0.23792381]
Current x array =  [-0.70668305 -0.56974949 -0.97928785  1.10083952 -2.10017629 -2.01368482
  0.50677801 -1.88739553 -2.98163272 -2.57019874  0.27546548 -1.18342919
  0.15245849 -1.75753756 -2.22042731 -1.72558371 -2.00751886 -1.55516853]
log likelihood =  -8923.42766949
Edge derivatives =  [-1.1313628707718828, 4.180273622756111, 1.1225334948349757, 2.3302909491487482, 5.421367893204924, -8.783872790458286, 4.012544250401939, 3.366985021765637, 0.8919502080167035, 9.458532184897772, -11.033672445978612, -12.19613013957278]
other derivatives: [-15.9810952    3.6050551   19.74658517  -7.43057171 -11.16786734
   0.32177923]
Current x array =  [-0.70999154 -0.56940742 -0.97136263  1.06699729 -2.10379774 -2.02645501
  0.45817336 -1.86363094 -2.94870044 -2.42795913  0.30373111 -1.13645941
  0.19129532 -1.72921998 -2.27472157 -1.653011   -2.07858099 -1.53809429]
log likelihood =  -8920.40362473
Edge derivatives =  [3.9678527198028286, 2.49855754824735, 1.5047914212972182, -3.2243727672800624, -1.9116330239286978, -6.557096869950074, -3.8657538043108053, 2.877897647466294, 3.3237195929856216, 8.43879542484863, -6.648595077391421, -5.591665744502987]
other derivatives: [-27.36924216   5.16301952   3.16122168   1.20780896 -14.09680408
   1.01372279]
Current x array =  [-0.70704278 -0.57011998 -0.9584905   1.03545782 -2.12142024 -2.0650092
  0.44325662 -1.8150342  -2.90154674 -2.23169679  0.37414554 -1.12835841
  0.26335061 -1.68353936 -2.30825831 -1.52180982 -2.1667799  -1.58599166]
log likelihood =  -8928.59297474
Edge derivatives =  [23.865524556908774, 1.431316335024908, 2.995037307883793, -5.543823145214557, 19.43268503464347, 1.4047544132684562, 13.682310316303859, 3.873936850880953, 8.26441748215307, 11.966126660251389, 2.6168271158334995, 0.45572361633287917]
other derivatives: [ 183.15531634  -22.73845894  -32.2201231    34.50531949   73.60504242
    0.32323442]
Current x array =  [-0.78218233 -0.5616617  -0.93445048  1.05140941 -2.22582982 -1.99421677
  0.44582562 -1.77537911 -2.8571245  -2.12027458  0.34947357 -1.16615009
  0.21320473 -1.63504949 -2.42194402 -1.34016508 -2.4357222  -1.62798995]
log likelihood =  -8919.57636955
Edge derivatives =  [8.666871972766604, 2.2755660434446603, 1.829839228645117, -3.6816010194308437, 3.158715859760911, -4.721312389869918, 0.4281288655508393, 3.1550037619261477, 4.553718790766866, 9.217405514403511, -4.166808741443231, -4.194264519748184]
other derivatives: [ 24.66022124  -1.22090569  -4.70117811   9.16516001   6.82448444
   0.84692147]
Current x array =  [-0.72409536 -0.56820041 -0.95303473  1.03907796 -2.14511551 -2.04894319
  0.44383964 -1.80603466 -2.89146532 -2.20641004  0.36854635 -1.13693506
  0.25197024 -1.67253481 -2.33405876 -1.48058639 -2.22781511 -1.59552298]
log likelihood =  -8918.74333268
Edge derivatives =  [8.299761337175354, -0.10581299110306758, 2.1604662529734777, -0.17217413853048336, -0.4059957673716451, -2.4791489346108477, -3.016326234820366, 1.9231014952914962, 5.205508494995094, 8.498995373732146, -0.7699032479894535, 0.39419416629721593]
other derivatives: [ 10.63272066  -0.69703674  -8.01992428  12.82060111   7.40728865
   1.07156666]
Current x array =  [-0.71934621 -0.56820396 -0.95024509  1.03853385 -2.16636624 -2.03265098
  0.45870007 -1.7733956  -2.88965442 -2.26239658  0.40575185 -1.14531063
  0.29669857 -1.63132539 -2.34073322 -1.44892871 -2.3144887  -1.62218055]
log likelihood =  -8917.65314349
Edge derivatives =  [3.2012351534937413, -2.3785790399140483, 2.554734173513374, -5.3889619808368865, -2.456708320565584, 0.643226961726068, -4.521822792761874, 0.16338568146116572, 4.122338360966181, 8.533587739380698, 0.6201669025692749, 3.550297391499737]
other derivatives: [ 0.23210305 -0.28248905 -7.91496859  0.25102054  1.66837708  0.69994712]
Current x array =  [-0.71540085 -0.56804984 -0.95149113  1.06402277 -2.17936841 -2.03425997
  0.48985169 -1.76385342 -2.85677227 -2.15445655  0.41267381 -1.18597106
  0.27947812 -1.61778463 -2.34848573 -1.3284769  -2.38533131 -1.67434417]
log likelihood =  -8916.58042281
Edge derivatives =  [-1.7484313696823381, -2.9353051728217014, 2.7100802810372766, -4.661975682674136, -1.1867411024827343, 2.1913110383522385, -2.990906370285784, -1.0904844991717428, 3.1281475800538283, 8.943542627931857, 2.138593355338664, 3.8668341745525145]
other derivatives: [-3.70309863  1.96760084  0.16661943 -4.46052582  1.32004061 -0.21318556]
Current x array =  [-0.71385961 -0.56896287 -0.95751633  1.08276976 -2.18398792 -2.0042563
  0.51955082 -1.77101079 -2.83615237 -2.17919739  0.39713213 -1.2130489
  0.2393739  -1.60588927 -2.34033272 -1.23286691 -2.45415763 -1.683112  ]
log likelihood =  -8914.49433468
Edge derivatives =  [-11.742083022356445, -2.619664404730546, 2.7655061410496584, -4.512448929454104, -1.444435642198978, 3.83761407192601, -2.683952856268397, -3.5414270495113853, -0.214411580846062, 8.614528678884907, 4.38880458201929, 2.9842671052070964]
other derivatives: [  5.59903128 -11.61442924  12.03079592 -15.46140993 -10.32494765
  -2.60242814]
Current x array =  [-0.71695825 -0.56330641 -0.96763352  1.1033213  -2.17453439 -1.95737079
  0.56345456 -1.79747781 -2.76248216 -2.20297704  0.37196094 -1.25893251
  0.14085304 -1.5843443  -2.29368281 -0.93885002 -2.57647978 -1.68516463]
log likelihood =  -8914.39583636
Edge derivatives =  [-15.341733850424797, 1.7447501499577642, 3.6118161260405657, -4.042780909714368, 7.689567453595713, 8.135260622437807, 2.9739601728973986, -4.06397791059261, -5.432104981561534, 3.412499702484199, 7.782952331612004, 0.8015546720573075]
other derivatives: [-34.08313205  67.13289622   6.09597919 -13.90108082  -1.62417564
  -7.45112629]
Current x array =  [-0.70290437 -0.60015403 -0.96183867  1.12140286 -2.18622246 -1.87649174
  0.60416276 -1.86398243 -2.6087502  -2.22464339  0.29608625 -1.33181424
 -0.08907001 -1.56521755 -2.20586971 -0.34783706 -2.77462818 -1.66184124]
log likelihood =  -8913.12458851
Edge derivatives =  [-13.52345139792902, -0.531413308991145, 3.1625896155033777, -4.308701810356311, 3.2849105654793123, 6.023380007314587, 0.5450293195512358, -3.745950845320467, -2.5668767663967142, 7.713974482161112, 6.149404750420372, 1.9788347827290533]
other derivatives: [-12.53592927  26.52759576   9.54823918 -13.31336534  -3.90446075
  -4.8585207 ]
Current x array =  [-0.71038066 -0.58055209 -0.96492138  1.11178395 -2.18000472 -1.91951722
  0.58250709 -1.82860376 -2.69053147 -2.21311747  0.33644954 -1.29304312
  0.03324288 -1.57539247 -2.25258392 -0.66224008 -2.66921855 -1.67424866]
log likelihood =  -8911.66894234
Edge derivatives =  [-9.995403311045639, 2.695647719559585, 3.10043140683934, -3.5636229439412697, 5.510284466155815, 5.975744756440062, 1.337717497011432, -3.002376391246451, -5.431846169710463, 3.2979888543512796, 7.1299042820000444, 0.29978832805805955]
other derivatives: [-15.65804268 -12.12665666  20.29755706  -5.04132913  -2.03526724
  -6.81357051]
Current x array =  [-0.70987388 -0.56504376 -0.97206842  1.09242939 -2.17415599 -1.91184633
  0.57532891 -1.85742038 -2.60793325 -2.2211447   0.32414706 -1.29955549
 -0.05282416 -1.56720243 -2.18620739 -0.37101164 -2.7076749  -1.64387729]
log likelihood =  -8910.18437966
Edge derivatives =  [-4.358092899136805, 4.245729076422425, 2.2984792128982225, -1.6361572611809825, 1.0737565297280247, 2.4001647979483676, -1.2305444650456112, -1.5363657225441025, -7.128422012989793, 1.7551901497042048, 5.631497784186321, -2.48492743101449]
other derivatives: [ 21.89008228   7.9817255    7.98663677  -1.21453922 -10.19889169
  -6.37519406]
Current x array =  [-0.72302944 -0.57379266 -0.96390393  1.0575936  -2.15259273 -1.95715509
  0.53142487 -1.86255158 -2.58972065 -2.25691197  0.35110009 -1.25643982
 -0.0403872  -1.57794248 -2.13798611 -0.3428739  -2.60461879 -1.60430031]
log likelihood =  -8909.55193424
Edge derivatives =  [4.748100742243954, 5.284654391851535, 2.141677881150339, -1.9412178151357082, 2.4218324511527256, 0.7241580231632683, -0.14345057411039744, 0.8903544513813675, -6.16432804486102, 3.974940187033144, 3.816574866249278, -2.5373241555865604]
other derivatives: [  0.56097633  -8.16708052  -4.7552021   11.86763257   3.55157681
  -5.12191036]
Current x array =  [-0.71541967 -0.56738701 -0.95274803  1.03268899 -2.15771399 -2.01338398
  0.49114688 -1.8549193  -2.59675408 -2.23537931  0.37171498 -1.22065803
 -0.01000092 -1.59809635 -2.13154041 -0.41221393 -2.4890606  -1.59111073]
log likelihood =  -8909.12628634
Edge derivatives =  [4.924117120021427, 4.387422581262709, 1.926948924072301, -3.624333620031835, -0.3300884091625452, 0.07385851832801493, -2.0124975410984733, 0.2702407478463642, -6.799898916000772, 1.400424672212941, 3.5256337342951323, -1.6187961982435122]
other derivatives: [-1.36224116  0.48967195 -6.81211532  5.39948815 -3.23943823 -5.11372491]
Current x array =  [-0.71467646 -0.57106449 -0.95204623  1.03434522 -2.1609798  -2.03879029
  0.48971465 -1.84665255 -2.56514813 -2.19830214  0.38746943 -1.22101699
 -0.01758243 -1.5937438  -2.12456679 -0.31885164 -2.48428924 -1.60276171]
log likelihood =  -8908.58236747
Edge derivatives =  [6.151346333599546, 2.5636563034079027, 1.595386408190935, -4.023814517260427, -2.0946865878387344, -1.2614182326223142, -3.0188217550023184, -0.35246309245771906, -6.016243639194929, 0.08846460842275317, 2.7816666544450133, -0.10979295809734024]
other derivatives: [-1.86209945  8.09995981  6.64585968  0.43473847 -3.97994881 -4.57930582]
Current x array =  [-0.71458498 -0.57433203 -0.96196645  1.03982157 -2.17499869 -2.08240497
  0.49258854 -1.8230517  -2.53983099 -2.186484    0.40957884 -1.21264586
 -0.01155592 -1.58947467 -2.13772168 -0.26411643 -2.45484419 -1.61566772]
log likelihood =  -8907.90436484
Edge derivatives =  [5.883322391751964, -1.4624834547372134, 0.9325675514358993, -3.649082937025863, -3.3941601091219584, -3.348560122954963, -3.401031618327439, -1.785644496103194, -4.346876122784467, -2.2871828256414117, 1.3738238128019726, 1.7913711544103603]
other derivatives: [  7.83566065   2.46600393  -7.98645488 -12.36330718  -2.75958882
  -3.80332494]
Current x array =  [-0.71657814 -0.57219751 -0.95331527  1.05979669 -2.20815929 -2.15871417
  0.51821705 -1.77880802 -2.49149435 -2.19554554  0.43601659 -1.20706639
 -0.02055592 -1.5826521  -2.1751438  -0.1584175  -2.41010534 -1.63763092]
log likelihood =  -8907.53183262
Edge derivatives =  [2.559361159140385, -2.977755326415116, 0.4205343324425601, 0.304255041881557, -5.4855885548771255, -5.232820263878859, -4.211842150045395, -1.4017895378657732, -1.55003196749915, -2.1752590740061115, -0.22713177882361898, 2.125134133546362]
other derivatives: [-28.14304025   6.75445335   8.50577635 -10.89192665  -7.98609108
  -3.0549927 ]
Current x array =  [-0.70510835 -0.57377562 -0.96398326  1.05294422 -2.2110347  -2.22469552
  0.54269067 -1.74877436 -2.472535   -2.27875659  0.4534142  -1.18861349
 -0.01728552 -1.58511453 -2.20872705 -0.1524156  -2.33381365 -1.62395924]
log likelihood =  -8907.16334509
Edge derivatives =  [3.763691960490318, -2.052951027306876, 0.8007018074562554, 1.272813396821797, -1.7340473296659609, -3.768845510863825, -1.8721115717984822, -0.42232650370729097, -0.6923541782201494, -0.9730755624285345, 0.148008616789914, 2.277899047985869]
other derivatives: [-3.24653229  2.4727342   4.823778   -2.70720193  3.17468221 -2.98950908]
Current x array =  [-0.7133395  -0.57241379 -0.96108352  1.04805825 -2.21834318 -2.22537877
  0.55102903 -1.75173909 -2.47279794 -2.29399911  0.44176542 -1.19481327
 -0.03019376 -1.58848163 -2.21655685 -0.15727965 -2.33339804 -1.61890336]
log likelihood =  -8907.05441096
Edge derivatives =  [2.7582546626425755, -1.3358780202076788, 0.996204629119358, 1.8965019973018697, -0.47592377912825895, -2.83829431528294, -1.085502317704666, 0.19027632642372877, -0.1828614613231963, -0.8103190280391476, 0.3092185441301205, 2.0324123138002026]
other derivatives: [ 0.41709427 -1.39589247 -0.82163751  1.23891368  5.07188815 -2.97641236]
Current x array =  [-0.71459688 -0.57091081 -0.95690503  1.04307479 -2.21703799 -2.22954449
  0.56024396 -1.75525813 -2.46923982 -2.30612746  0.43409828 -1.20069221
 -0.04214506 -1.59111245 -2.22066919 -0.15156447 -2.33100924 -1.61268029]
log likelihood =  -8906.94608446
Edge derivatives =  [1.0225525224016154, -0.9089655869625227, 1.1346924976677606, 2.0306187628640946, -0.37505436762828465, -2.0889121079711206, -0.9579460055710776, 0.6077914342844086, 0.41107126298787044, -0.7096217695973291, 0.007482331328443448, 1.6507184048854495]
other derivatives: [ 3.25017027 -2.84690032 -3.5875928   2.93766789  3.53265932 -2.79596861]
Current x array =  [-0.71568704 -0.57028449 -0.9550227   1.03818272 -2.21316394 -2.24777657
  0.56969409 -1.75609134 -2.46325606 -2.3075904   0.43074881 -1.20668528
 -0.05004462 -1.59471058 -2.2278791  -0.15070128 -2.3156771  -1.60691011]
log likelihood =  -8906.77616081
Edge derivatives =  [-0.9062229934063117, 0.022023604196451607, 1.4669824125582456, 1.325803651959712, 0.49056827707351813, -0.3614576718335588, -0.39538124618987547, 1.2229458816378327, 1.197347838291063, -1.1842890521814753, -0.6753133049428791, 0.74413660179076]
other derivatives: [ 1.40134944  2.15550244 -5.0986273   5.47424861  2.54640327 -2.45599949]
Current x array =  [-0.71527662 -0.57253516 -0.9538625   1.03116157 -2.21004891 -2.29564585
  0.5837882  -1.75946344 -2.43896943 -2.28718755  0.42382621 -1.22321669
 -0.07344402 -1.60015862 -2.23682602 -0.12143545 -2.28663414 -1.5957738 ]
log likelihood =  -8906.99679424
Edge derivatives =  [-4.190179238294489, 0.30428646859740666, 1.1370564106549164, -0.8202733709351218, -1.699753734033835, -0.8123639800164015, -1.4315423008654689, 0.47967929356004524, 0.9723841787169649, -1.854157473026079, -3.0103270910767748, -2.5071745149331788]
other derivatives: [ 12.72746886 -32.80547389   4.87270881  -3.02752596  -9.92895366
  -1.95068424]
Current x array =  [-0.71944339 -0.55769096 -0.96246911  1.03043785 -2.19170753 -2.37260708
  0.58575597 -1.76546463 -2.4090224  -2.25138599  0.42228527 -1.23559378
 -0.09248445 -1.60750004 -2.23852432 -0.11774722 -2.22997793 -1.5740749 ]
log likelihood =  -8906.71876597
Edge derivatives =  [-1.92452910817707, 0.11278765970411136, 1.367435511007161, 0.666461786411757, -0.1900555088471529, -0.4987051274759059, -0.7210745137046656, 0.9920121563280784, 1.1276223417878095, -1.389617633751, -1.3815817786921833, -0.2622215442046365]
other derivatives: [ 4.96638677 -8.56016413 -1.96178007  2.85162969 -1.31549314 -2.28737917]
Current x array =  [-0.71657979 -0.56789259 -0.95655425  1.03093522 -2.20431258 -2.31971573
  0.58440363 -1.76134033 -2.42960339 -2.27599049  0.42334428 -1.22708766
 -0.07939898 -1.60245468 -2.23735717 -0.12028194 -2.26891472 -1.58898739]
log likelihood =  -8906.6472258
Edge derivatives =  [-1.9183746028082664, 0.20566966897403993, 1.4161661549739746, -0.2914022212189573, -0.052238347983127584, -0.17002387029427599, -0.5864900487058125, 0.8019768721894938, 1.0346382380699999, -1.3999780198181506, -1.907844099437877, -0.9523259935165643]
other derivatives: [ 2.44672265 -1.88574631 -1.09976099  1.07538654 -1.79170456 -2.11875886]
Current x array =  [-0.71566738 -0.5707266  -0.95725846  1.03265181 -2.20391834 -2.34343903
  0.58373733 -1.76321503 -2.41923188 -2.25633259  0.42158923 -1.23363679
 -0.086564   -1.60373187 -2.23783085 -0.1165663  -2.25683748 -1.58526419]
log likelihood =  -8906.60124887
Edge derivatives =  [-0.9715697881496304, 0.11838208728673444, 1.4221191624825258, -1.1752737241696467, 0.36569501972630203, -0.07874755030674696, -0.26235478826477543, 0.47982741523343125, 0.765935670288792, -1.1091804798517952, -2.2209213099127236, -1.316944452277529]
other derivatives: [-1.65746314  0.40781742  0.15716068 -0.62937033 -0.24974725 -1.97032932]
Current x array =  [-0.7141164  -0.5717441  -0.95811977  1.03665484 -2.20582424 -2.36149862
  0.57892038 -1.76444299 -2.41162563 -2.23906873  0.42067097 -1.23822882
 -0.09050324 -1.6034253  -2.23621564 -0.1204791  -2.25249027 -1.58513388]
log likelihood =  -8906.56114953
Edge derivatives =  [-0.4027384010282097, -0.17521423236573053, 1.316607960730692, -1.4227577103839617, 0.12514131606622508, -0.3707879191279331, -0.20542815972649847, 0.12191062819172604, 0.5708081990341896, -0.8153603511368994, -2.4722475027594575, -1.406178256770393]
other derivatives: [ 0.12787496  4.12182999  2.11293809 -2.48091965 -0.1551598  -1.78552   ]
Current x array =  [-0.71462375 -0.57330381 -0.95964525  1.03952151 -2.20593745 -2.38142201
  0.57433724 -1.76318584 -2.40323624 -2.23579169  0.42243768 -1.23945322
 -0.09235853 -1.60220586 -2.2349909  -0.12788179 -2.24861323 -1.5860996 ]
log likelihood =  -8906.47216038
Edge derivatives =  [1.1961721424952527, -0.3999995071023367, 1.216045396710297, -1.8024573935025772, 0.26614401522093845, -0.475491963683926, 0.31687166856139837, -0.3043739635736008, 0.21533555296675655, -0.07704442452761362, -2.5853164552916086, -1.1171057705535778]
other derivatives: [-3.18359525  3.74639058  2.35868356 -3.20778781  2.24081305 -1.38334144]
Current x array =  [-0.71327768 -0.57317737 -0.95966063  1.0426184  -2.20615755 -2.42713431
  0.56414381 -1.76256607 -2.38144584 -2.22847997  0.42431283 -1.24540251
 -0.10008994 -1.599278   -2.23037651 -0.1424725  -2.24840694 -1.59065493]
log likelihood =  -8906.32408983
Edge derivatives =  [2.039410456182636, -0.6332687452766993, 0.932209155469373, -1.4718603340419862, -0.37000554275545405, -0.7111504564843087, 0.7310558821706987, -0.8072313165257181, -0.3108641312832267, 0.646822106842942, -2.246157661066813, -0.21245301281811546]
other derivatives: [ 4.49526851  7.53225322  4.43105819 -3.68218025  2.15641194 -0.76688593]
Current x array =  [-0.71579927 -0.57473986 -0.9612027   1.04362301 -2.19963255 -2.50987061
  0.55275956 -1.76220388 -2.33599081 -2.23528099  0.42600217 -1.25689803
 -0.11825682 -1.59385162 -2.22129874 -0.15814263 -2.25999706 -1.59953447]
log likelihood =  -8906.18317947
Edge derivatives =  [2.030878187028568, -0.3829864457370321, 0.7144754177322564, -0.6563630922044754, -0.35466677884570125, -0.4330132218213103, 1.3278375341458553, -0.7145343320039356, -0.4194227061929676, 1.152992755795431, -1.545064940091626, 0.9830448827265075]
other derivatives: [-0.99425961  2.52803147  2.75176717 -0.40909072  2.55404302 -0.24465407]
Current x array =  [-0.7139686  -0.57261514 -0.95950418  1.03958243 -2.19213526 -2.59955494
  0.54823578 -1.76273779 -2.28337488 -2.24863537  0.42413957 -1.27221944
 -0.14164199 -1.58991281 -2.21463712 -0.16327772 -2.27550526 -1.6071593 ]
log likelihood =  -8906.12645692
Edge derivatives =  [0.6208249503591358, -0.25374021505088573, 0.4889312885415391, -0.15291872480951452, -0.550077311203215, -0.2944379344247775, 1.2249242271387626, -0.6231283335487137, -0.5708875933042286, 0.709483412899212, -0.9080722826937988, 1.2923563662873514]
other derivatives: [ 4.74392436  0.0858563  -4.17676347 -0.50622475 -0.07094059 -0.04220055]
Current x array =  [-0.71581596 -0.57158391 -0.95491219  1.03821005 -2.18626801 -2.64909762
  0.55172025 -1.76453815 -2.24805019 -2.25887543  0.41933064 -1.2842827
 -0.15772317 -1.58854894 -2.21131204 -0.14974717 -2.2942588  -1.60940001]
log likelihood =  -8906.10386924
Edge derivatives =  [-0.3432731763117179, -0.023194246697091025, 0.48658178781549094, 0.3815245461673049, -0.44866103531905005, -0.10149587850306174, 1.0398495100599456, -0.24928395720424806, -0.3437475582902534, 0.3970029892289999, -0.46205588960754684, 1.5245036113307107]
other derivatives: [-0.995351   -0.87038643 -0.23101165  1.23036443 -1.16924639 -0.01546141]
Current x array =  [-0.71413292 -0.5711437  -0.95739702  1.03593719 -2.18422947 -2.65542397
  0.55669246 -1.76498329 -2.24005051 -2.26855975  0.41689542 -1.28700894
 -0.15990439 -1.58918005 -2.21227765 -0.14131009 -2.30376054 -1.60846822]
log likelihood =  -8906.09451688
Edge derivatives =  [-0.4530974364372728, 0.06669485356745752, 0.5426920479475076, 0.29127704876482013, -0.08020889126596652, 0.0666614404209889, 1.027879360634607, -0.11486123952590188, -0.26303817868806384, 0.2295748722222093, -0.3971697481760501, 1.2927551386000027]
other derivatives: [-0.36379788 -0.55824785 -0.30740921  1.3043973  -0.72595867 -0.04438334]
Current x array =  [-0.71434356 -0.57131538 -0.95737582  1.03634082 -2.18572173 -2.65049602
  0.55901833 -1.76564184 -2.24097072 -2.26639045  0.41513336 -1.28802103
 -0.15895265 -1.59022859 -2.21375979 -0.13541729 -2.30555517 -1.60614466]
log likelihood =  -8906.0908828
Edge derivatives =  [-1.243102783712089, -0.3512040130031679, 0.3101249129710031, -0.06049772311360946, -0.416834821007035, -0.39279369914575535, 0.11662433202805997, -0.3177809487596249, -0.4014319391302834, -0.5669165446538607, -0.2789984799204325, -0.03978483725323223]
other derivatives: [-4.44833859  2.20443326 -2.11875886 -4.08654159 -3.64525476 -0.10077201]
Current x array =  [-0.7127078  -0.57242658 -0.95664503  1.04436491 -2.18883537 -2.64252517
  0.5618819  -1.76571969 -2.23680203 -2.26541425  0.41320669 -1.28931775
 -0.15043326 -1.59186667 -2.2176346  -0.12213737 -2.3181347  -1.59725969]
log likelihood =  -8906.07202216
Edge derivatives =  [-0.30975517888879833, -0.0009674035206276854, 0.4244956289952495, 0.019918847538349715, 0.5437134647814987, 0.034899585114320175, 0.7062049761621072, -0.023100230177082848, -0.2284916593326128, -0.25139484916213795, -0.12549539694653647, 0.2300505530610657]
other derivatives: [ 0.24192559 -0.09931682  0.39908628 -1.01172191 -0.18080755 -0.03092282]
Current x array =  [-0.71438986 -0.57158111 -0.95816205  1.04161964 -2.19044685 -2.65523133
  0.5609623  -1.76655954 -2.22958082 -2.26326464  0.41194369 -1.29262452
 -0.15422573 -1.59202696 -2.21739117 -0.12169744 -2.31832398 -1.59723305]
log likelihood =  -8906.0692901
Edge derivatives =  [-0.04823725260439932, 0.014332297237563796, 0.39916234712237947, 0.09351131892531639, 0.5335694023759219, 0.02449259241624946, 0.7579734096326773, -0.009465896825754438, -0.2151981895609007, -0.1429822133713461, -0.08209683481597416, 0.3109765921742669]
other derivatives: [ 0.04965841  0.24920155  0.44965418 -0.59990271  0.23792381  0.00600267]
Current x array =  [-0.71432176 -0.57173814 -0.95813202  1.04117324 -2.19039479 -2.66192805
  0.55954758 -1.76630577 -2.22566655 -2.26434361  0.41268116 -1.29319466
 -0.15456494 -1.59161483 -2.21703591 -0.12375638 -2.31906272 -1.59744366]
log likelihood =  -8906.06392624
Edge derivatives =  [0.6111026709524043, -0.053100132077691875, 0.2395073128766765, 0.25850262601427537, 0.17989368130047928, -0.20511566264529082, 0.4796805242515103, 0.021508775822659587, -0.09583650063549304, -0.02747190085197526, 0.059713491697587745, 0.0734035334835591]
other derivatives: [ 0.83673513 -2.82070687  1.08593667 -0.69267116  0.49494702  0.10531949]
Current x array =  [-0.71455475 -0.57043233 -0.95862217  1.04114888 -2.19127    -2.67649491
  0.55579375 -1.76472702 -2.21400784 -2.26775426  0.41661247 -1.29370453
 -0.14842083 -1.59094191 -2.21853017 -0.12842565 -2.32343339 -1.59394057]
log likelihood =  -8906.05946027
Edge derivatives =  [0.7290618264673085, 0.060442127501189435, 0.2710844904769547, 0.32875426820895304, 0.10474102625665191, -0.07147535781824227, 0.3277523724803428, 0.19461330810167293, 0.06992896035092239, -0.028012008990357273, 0.16314545073720724, 0.00431697283345478]
other derivatives: [ 0.07185008  0.97297743  0.15807018  0.11168595  0.69048838  0.13023964]
Current x array =  [-0.71432156 -0.57205007 -0.95788429  1.0395987  -2.19196662 -2.67770947
  0.55594657 -1.76439004 -2.21118006 -2.26770839  0.41794711 -1.29402395
 -0.14468412 -1.59109986 -2.21997782 -0.12842145 -2.32477734 -1.59181829]
log likelihood =  -8906.05802847
Edge derivatives =  [0.558077238181143, 0.0740090095466821, 0.29881662207388104, 0.28023893254902055, 0.04385254326981359, -0.0441500646415556, 0.2274178013102423, 0.21582305464838464, 0.11010316973678896, -0.09268131870132978, 0.13315071224189057, -0.07450401104677473]
other derivatives: [ 0.01109584  0.54751581 -0.09331416  0.02291927  0.35615813  0.10622898]
Current x array =  [-0.71431465 -0.57186075 -0.95773999  1.03934299 -2.19213423 -2.6719611
  0.5570381  -1.7643396  -2.21405313 -2.26657782  0.41815158 -1.29328719
 -0.14275819 -1.59134115 -2.22068555 -0.12769652 -2.32375134 -1.59109769]
log likelihood =  -8906.05582335
Edge derivatives =  [0.24571196477521035, 0.09306169492867755, 0.30646539894545716, 0.17993298410879865, -0.1258205097727875, -0.012366811552498969, 0.040825261686066316, 0.2000498865621857, 0.17385444151089152, -0.12885638554529344, 0.07967376409799606, -0.17034099088201982]
other derivatives: [ 0.48312359  0.19717845 -0.04856702 -0.10004442 -0.3261448   0.09567884]
Current x array =  [-0.71451574 -0.57169367 -0.95783076  1.03847345 -2.19217285 -2.66850645
  0.55890321 -1.76391694 -2.21434698 -2.26382018  0.41906484 -1.29298505
 -0.13942338 -1.59097032 -2.22150288 -0.12812897 -2.32189152 -1.58998145]
log likelihood =  -8906.05479278
Edge derivatives =  [0.11885886015810387, 0.18277822890120282, 0.32640038671839977, -0.014286537705198277, 0.005031262593193163, 0.13615099168174274, -0.01452692701004435, 0.1970153592848099, 0.26497780197611265, -0.049426008841738645, 0.027950325171102325, -0.2205841664723287]
other derivatives: [-1.42717909 -1.30876288 -1.12158887  0.44201443 -0.04820322  0.10568328]
Current x array =  [-0.71388068 -0.57108706 -0.95700709  1.03687436 -2.19343278 -2.66945412
  0.56136325 -1.76331338 -2.21044369 -2.25783888  0.41986914 -1.29398794
 -0.13591551 -1.58986252 -2.22198287 -0.12898517 -2.31927184 -1.58872206]
log likelihood =  -8906.05294339
Edge derivatives =  [-0.009229972285947907, 0.14316270407858828, 0.2820383020437227, -0.031182204474589414, -0.07417995740900049, 0.0852554989812524, -0.07264026012854227, 0.13169800648806929, 0.24096975508911894, -0.039910466761815755, 0.02542447796409328, -0.22603264698080872]
other derivatives: [-0.09640644 -0.52677933 -0.26793714  0.12987584 -0.39672159  0.1200533 ]
Current x array =  [-0.71435111 -0.57140794 -0.95766492  1.03695268 -2.19327205 -2.6727143
  0.561882   -1.76298867 -2.20729805 -2.25748075  0.42010561 -1.2945381
 -0.13556942 -1.58927858 -2.22169224 -0.12947019 -2.31965303 -1.58870101]
log likelihood =  -8906.05203968
Edge derivatives =  [-0.038559711573244615, 0.10495944579773064, 0.2335486670793664, -0.06677401719795195, -0.036384104853464466, 0.04833442571977367, -0.05261077936231898, 0.0531399148661883, 0.19680821353447775, 0.015314043460492699, 0.022826095276010705, -0.19000647630511802]
other derivatives: [ 0.29740477 -0.00309228  0.12460077 -0.04820322 -0.3597961   0.13915269]
Current x array =  [-0.71448054 -0.5716375  -0.95795425  1.03707665 -2.19349399 -2.67782093
  0.5622829  -1.76262435 -2.20281045 -2.2565586   0.42013235 -1.29548563
 -0.13587729 -1.58844074 -2.22096681 -0.13013218 -2.31998865 -1.58904396]
log likelihood =  -8906.05149255
Edge derivatives =  [-0.03656875678916888, 0.06304069990823191, 0.19222547657407052, -0.1130892388117627, 0.04858656228905911, 0.018792264784454893, -0.023304076622509107, -0.012517009986451832, 0.15105107858692374, 0.061024339697659524, 0.017175883337465864, -0.1582846336168432]
other derivatives: [ 0.30067895  0.21682354  0.09331416 -0.19426807 -0.1717126   0.15079422]
Current x array =  [-0.71446338 -0.57174659 -0.95793479  1.03723932 -2.19409575 -2.68108932
  0.56285071 -1.76218573 -2.19896983 -2.25536541  0.42014465 -1.29620734
 -0.13579531 -1.587697   -2.22022357 -0.13033675 -2.32016152 -1.58934925]
log likelihood =  -8906.05095809
Edge derivatives =  [-0.04392762237351827, 0.010989327745300703, 0.1564183162806041, -0.08937386025448746, 0.10071013561723868, -0.022608193763136913, -0.009165753579977398, -0.02628932378755111, 0.10152354449619516, 0.07033901655504526, 0.03977914252121098, -0.026563216223949415]
other derivatives: [-0.90385583  0.44165063  0.83109626 -0.09167707 -0.00254659  0.14442776]
Current x array =  [-0.7140758  -0.57185122 -0.95839727  1.03711356 -2.19476293 -2.6806153
  0.56362108 -1.76145138 -2.19616049 -2.25538116  0.42051662 -1.29621599
 -0.13519903 -1.58716982 -2.21903473 -0.1297799  -2.32050779 -1.59021983]
log likelihood =  -8906.05022945
Edge derivatives =  [-0.03450256812132124, -0.015345191768497413, 0.1404895851932788, -0.09810400448761114, 0.1722071692775703, -0.024950348055794686, 0.004558446016494605, -0.02869348422050466, 0.07502316574154771, 0.08330429549375973, 0.04426043411791117, 0.04745358927582766]
other derivatives: [-0.39908628  0.28121576  0.41618478  0.0336513   0.257387    0.13569661]
Current x array =  [-0.71423708 -0.57180385 -0.95810758  1.0367682  -2.19556879 -2.67921757
  0.56450255 -1.76086133 -2.19425317 -2.25459627  0.42089068 -1.29620136
 -0.13417617 -1.58675412 -2.2182796  -0.12927275 -2.32027104 -1.5906361 ]
log likelihood =  -8906.04951466
Edge derivatives =  [-0.06209014710335464, -0.07765826896264649, 0.11131094365609409, -0.05908694811097459, 0.1071105334333613, -0.07871576837113403, -0.05117186729698969, -0.015652601328850158, 0.030492960297097305, 0.03973745625926606, 0.05613614004000275, 0.13187250446756826]
other derivatives: [-0.09531504  0.02328306 -0.13515091  0.01873559  0.21373125  0.11532393]
Current x array =  [-0.71433104 -0.57170158 -0.95773959  1.03644193 -2.19625996 -2.67472317
  0.56526278 -1.76002846 -2.19309086 -2.25504458  0.42184231 -1.2955353
 -0.13241579 -1.58655605 -2.21728141 -0.12827652 -2.32023923 -1.59114771]
log likelihood =  -8906.04920964
Edge derivatives =  [-0.06287035854055045, -0.09342747073733232, 0.10573249377032506, -0.019789688767094193, 0.04647345229508183, -0.09790663695330834, -0.08743052516289598, 0.010695456382539104, 0.015059227851227264, -0.0014546827412095231, 0.06370442097340204, 0.15972645429918786]
other derivatives: [ 0.07730705 -0.11459633 -0.1193257   0.07876224  0.15970727  0.09513315]
Current x array =  [-0.71439921 -0.57164298 -0.95775648  1.03617447 -2.19654662 -2.67042691
  0.5655381  -1.75972365 -2.19330974 -2.25572331  0.42248533 -1.29500827
 -0.13134264 -1.58662093 -2.21679852 -0.12750241 -2.32009562 -1.59117299]
log likelihood =  -8906.04897628
Edge derivatives =  [-0.15007252378819608, -0.11299116392272135, 0.07863114230352491, -0.011451253873394518, -0.13797425224952703, -0.1370748041622642, -0.16628086325168348, -0.015507179386918646, -0.03647897330986266, -0.07287193653646296, 0.0401952551281764, 0.09943608606935439]
other derivatives: [-0.28794602  0.56534191 -0.50749804 -0.21591404 -0.30559022  0.06621121]
Current x array =  [-0.71427054 -0.57191942 -0.95751929  1.03610168 -2.19650749 -2.66570803
  0.56570771 -1.75969046 -2.19225369 -2.25627223  0.42335339 -1.29502428
 -0.13055885 -1.58648381 -2.21597756 -0.12668336 -2.31962429 -1.59065763]
log likelihood =  -8906.04857979
Edge derivatives =  [-0.08765272665269908, -0.09909957003212377, 0.06974517707401702, 0.01172140936096333, -0.13939305638015684, -0.14232399526838274, -0.1369417791650189, -0.01856067068886491, -0.05785854039534313, -0.08020679688357368, 0.041394499098526105, 0.08084941437626159]
other derivatives: [-0.00818545  0.04292815 -0.11204975 -0.17662387 -0.22828317  0.05711627]
Current x array =  [-0.71437126 -0.57170015 -0.95779957  1.03610702 -2.19649714 -2.66444089
  0.56539381 -1.75988451 -2.19153105 -2.25692464  0.42352109 -1.29527622
 -0.13092223 -1.58646032 -2.2155387  -0.12637483 -2.31965519 -1.59042594]
log likelihood =  -8906.048198
Edge derivatives =  [-0.0005161936830287428, -0.04621399257153597, 0.06689059777215854, 0.008365877700237001, -0.11079801770457008, -0.10818437236367431, -0.07907357559435976, -0.03031732330645287, -0.0733480388528854, -0.06904744833496768, 0.02933434049753375, 0.015202411272314142]
other derivatives: [ 0.10913936 -0.1544322   0.18699211 -0.06530172 -0.06439222  0.04692993]
Current x array =  [-0.71441551 -0.57162392 -0.95799997  1.03598854 -2.19647815 -2.66358082
  0.56500863 -1.76039266 -2.18993775 -2.25699157  0.42360618 -1.29612706
 -0.1316364  -1.58631412 -2.21510015 -0.12623663 -2.3192874  -1.5897234 ]
log likelihood =  -8906.0479187
Edge derivatives =  [0.04443712507340586, 0.009672947168794688, 0.05357559040254328, -0.016145466218434712, -0.08796055313428448, -0.0674740165521309, -0.026364271003070733, -0.060184111957009845, -0.09488351889584021, -0.05224173389849607, 0.0063156159443312765, -0.06957272411954074]
other derivatives: [ 0.09931682 -0.1371518   0.2395609  -0.01273293  0.02564775  0.03728928]
Current x array =  [-0.71441095 -0.57163961 -0.95803261  1.03582378 -2.19644032 -2.66312501
  0.56482576 -1.76092842 -2.18702404 -2.25661067  0.42367384 -1.29745237
 -0.1323814  -1.58600918 -2.21457451 -0.12623869 -2.31871068 -1.58888534]
log likelihood =  -8906.04770699
Edge derivatives =  [0.0767857889703778, 0.0661458357020987, 0.06038460816431876, 0.03013397596610623, 0.0020907051210908717, 0.009887641196011099, 0.036268814874195976, 0.007798903315100636, -0.05124188351729836, -0.0277805901289897, 0.016999237428901054, -0.04783851016586749]
other derivatives: [-0.34506229 -0.26448106 -0.03674359  0.41891326  0.26939233  0.02764864]
Current x array =  [-0.71426856 -0.57159453 -0.95778474  1.03541213 -2.19622202 -2.66113395
  0.56467486 -1.76125272 -2.18498444 -2.25737191  0.42319933 -1.29871661
 -0.13307259 -1.58650606 -2.21497365 -0.12653047 -2.31837878 -1.58886404]
log likelihood =  -8906.04747549
Edge derivatives =  [0.0036005092594961208, 0.05218449697883221, 0.028445584181269218, 0.021851990369398777, 0.0005127657871589614, 0.0055028783877519305, 0.04191888129004151, -0.017288591982020485, -0.06599184941476754, -0.01940452450196417, 0.002559188446019156, -0.05426593817628955]
other derivatives: [ 0.02219167  0.13260433 -0.01546141  0.27066562  0.13060344  0.02437446]
Current x array =  [-0.71439092 -0.57176157 -0.95782229  1.03554123 -2.19599792 -2.66143955
  0.56482761 -1.76128938 -2.18197501 -2.25737076  0.42291975 -1.29987265
 -0.13360323 -1.58648371 -2.21490464 -0.12683152 -2.31823604 -1.58899083]
log likelihood =  -8906.0473518
Edge derivatives =  [-0.08552924244808613, 0.018917623977525944, 0.004010626976659798, 0.023854119408499352, -0.025157739795351755, -0.0169042739242235, 0.021441657427475336, -0.027926039145269033, -0.06604992420802969, -0.02652852676012951, -0.007362887758687625, -0.04910423149367649]
other derivatives: [ 0.00127329  0.03274181 -0.11605152  0.06184564 -0.09422365  0.02401066]
Current x array =  [-0.71437735 -0.57171034 -0.95777253  1.03584896 -2.19565621 -2.66155144
  0.56484062 -1.7612327  -2.18060239 -2.25772349  0.42255533 -1.30050648
 -0.13395674 -1.58673214 -2.2152548  -0.12718448 -2.31828655 -1.58934577]
log likelihood =  -8906.04727744
Edge derivatives =  [-0.09631267068857668, -0.00868003975849968, -0.005277583101031658, 0.04497922823043421, -0.0008841635181605495, -0.02357145060417165, 0.02156098141036042, -0.007471055902925738, -0.04968812518573901, -0.02432171387588844, -0.003670831651527484, -0.008397322877330415]
other derivatives: [ 0.05493348  0.1033186  -0.10077201  0.04765752 -0.07603376  0.02382876]
Current x array =  [-0.71439365 -0.57173731 -0.95778214  1.036057   -2.19559515 -2.66083222
  0.56476928 -1.76107112 -2.18006388 -2.25823874  0.4222343  -1.30080213
 -0.13400541 -1.58710785 -2.21571647 -0.12741427 -2.31839658 -1.589855  ]
log likelihood =  -8906.04719285
Edge derivatives =  [-0.04787534060542098, -0.036727608964301495, -0.020418643740427567, 0.045480160161618155, 0.012508722209046252, -0.0267251620978832, 0.016305320884652807, 0.0033096226888659763, -0.0256297281931816, -0.03346330975552181, -0.021235713929855016, -0.009273601826622513]
other derivatives: [-0.19754225 -0.31723175 -0.09822543 -0.08203642 -0.03055902  0.00964064]
Current x array =  [-0.71429629 -0.57155563 -0.95779033  1.0365716  -2.19562706 -2.65795314
  0.56426424 -1.76107958 -2.17913413 -2.25860523  0.42199504 -1.30156165
 -0.13380401 -1.58767131 -2.21656204 -0.12770915 -2.31815267 -1.59020757]
log likelihood =  -8906.04713887
Edge derivatives =  [-0.01760493037940858, -0.029475276228534963, -0.01072870850795854, 0.04399648004634915, 0.02256639682344176, -0.015353484799627976, 0.01736513176395743, 0.012764700696108855, -0.014049621578856974, -0.029544545617428697, -0.01758534258592309, -0.0006949255109292007]
other derivatives: [-0.06675691 -0.09586074 -0.01491571 -0.01582521  0.04329195  0.01109584]
Current x array =  [-0.71434432 -0.57165023 -0.95784317  1.03652468 -2.19570879 -2.65779252
  0.56419916 -1.76108213 -2.17965658 -2.25845497  0.42203661 -1.30141923
 -0.13360674 -1.58770144 -2.21670448 -0.12773411 -2.31815334 -1.5902342 ]
log likelihood =  -8906.04711117
Edge derivatives =  [0.00993212220726708, -0.019015293501482677, -0.0020649583240590907, 0.03172028735867738, 0.017665502770845692, -0.0026085432486093463, 0.01080359657516744, 0.01505753194458509, -0.0016181371913201459, -0.02958899023530992, -0.020483843655410977, -0.008492087356934963]
other derivatives: [ 0.01564331  0.02110028  0.0172804   0.00600267  0.07294148  0.00945874]
Current x array =  [-0.71437413 -0.57169995 -0.95786612  1.03651721 -2.19575588 -2.65737065
  0.56407215 -1.76115541 -2.18011043 -2.25814239  0.42211645 -1.30138321
 -0.13335413 -1.58772486 -2.21691938 -0.12780692 -2.31805792 -1.5901721 ]
log likelihood =  -8906.04709585
Edge derivatives =  [0.00983139426395574, -0.01131373525295959, 0.001769677623060878, 0.019222777217586473, 0.005530540607776718, 0.005951288795916609, 0.00022354271789057356, 0.01385729297273347, 0.008951977791577193, -0.030243094137236692, -0.024039965818701853, -0.01446632753553967]
other derivatives: [ 0.02492015  0.0512955   0.02546585  0.00127329  0.04529284  0.01036824]
Current x array =  [-0.71437906 -0.57170977 -0.9578735   1.03651666 -2.19570788 -2.65712802
  0.56400131 -1.7612307  -2.18026339 -2.25785718  0.42213555 -1.30145274
 -0.13319905 -1.5877467  -2.21713106 -0.12795737 -2.3179904  -1.5901612 ]
  status: 0
 success: True
    nfev: 89
     fun: 8906.047095853453
       x: array([-0.71437906, -0.57170977, -0.9578735 ,  1.03651666, -2.19570788,
       -2.65712802,  0.56400131, -1.7612307 , -2.18026339, -2.25785718,
        0.42213555, -1.30145274, -0.13319905, -1.5877467 , -2.21713106,
       -0.12795737, -2.3179904 , -1.5901612 ])
 message: 'CONVERGENCE: REL_REDUCTION_OF_F_<=_FACTR*EPSMCH'
     jac: array([-0.02492015, -0.0512955 , -0.02546585, -0.00127329, -0.04529284,
       -0.01036824, -0.00983139,  0.01131374, -0.00176968, -0.01922278,
       -0.00553054, -0.00595129, -0.00022354, -0.01385729, -0.00895198,
        0.03024309,  0.02403997,  0.01446633])
     nit: 82
Lr rates:  [ 0.12113056  0.85801449  0.79292689  0.53210498  0.775371    0.81358928
  0.79214495]
Process rates:  [ 0.52502868  0.61491389  0.39120505  5.85872721  0.08624044  3.4499598 ]
log likelihood =  11679.6793068
Lr derivatives =  [-1661.2148988764518, -1414.3504771122466, -624.01395553172779, -253.97893745902289, -250.98991217924015, -100.96772941432241, 58.016456976416805]
other derivatives =  [ 266.71496016  203.56819732 -129.21918824 -902.25494205 -807.05667642
   35.51849659]
Current x_clock array =  [-0.64430238 -0.48627304 -0.93852343  1.76793238 -2.45061608  1.23836258
 -2.11088631 -0.15313429 -0.23202426 -0.63091448 -0.25441366 -0.20629961
 -0.23301088]
Lr rates:  [ 0.26882792  0.85807755  0.79301518  0.53226611  0.77546567  0.81366983
  0.77039457]
Process rates:  [ 0.46195095  0.55768353  0.39137189  9.03328991  0.12703195  3.39165351]
log likelihood =  10104.426902
Lr derivatives =  [-749.64075924701797, -640.24409526025545, -0.79101230219629315, 218.43234987624587, 25.625850177680913, 36.303595669540449, 81.159657269188159]
other derivatives =  [-195.55282051   -3.50792106  -38.60950528 -297.16375138 -492.13540478
  213.6306648 ]
Current x_clock array =  [-0.77229656 -0.58396364 -0.93809704  2.20091663 -2.06331664  1.22131756
 -1.31368381 -0.1530608  -0.23191291 -0.63061171 -0.25429157 -0.20620061
 -0.26085247]
Lr rates:  [ 0.60607337  1.          0.65417923  0.4206593   0.70449421  0.7683971
  0.7198139 ]
Process rates:  [  0.50878101   0.54062528   0.3867729   12.97964808   0.20671569
   2.89185627]
log likelihood =  9786.53167327
Lr derivatives =  [670.49612654653174, 534.35350991077803, 737.48429475226362, 750.27326775983772, 382.59837331995789, 217.56815560194889, 128.56055997680912]
other derivatives =  [ -12.91591616 -137.75152183   89.66599125  703.22184911  485.01187848
  355.85453588]
Current x_clock array =  [-0.6757376  -0.61502888 -0.94991759  2.5633826  -1.57641089  1.0618986
 -0.50075423  0.         -0.42437391 -0.86593205 -0.35027517 -0.26344862
 -0.32876257]
Lr rates:  [ 0.49733923  1.          0.61419888  0.38236318  0.67715814  0.7486267
  0.70720328]
Process rates:  [  0.50730857   0.55657068   0.38529158  11.02818243   0.18114266
   2.74496214]
log likelihood =  9526.81310465
Lr derivatives =  [-84.907097072509799, -148.75897760518248, 83.188434741170539, 236.11606098544911, 38.460742608172907, 21.823266889039573, 49.773119509563756]
other derivatives =  [  16.4965968   -46.05299182    7.53443601  189.97470761   -6.3506377
  235.19314709]
Current x_clock array =  [-0.67863584 -0.58596112 -0.95375488  2.40045404 -1.70847039  1.00976728
 -0.69848292  0.         -0.4874365  -0.96138438 -0.38985044 -0.28951482
 -0.34643712]
Lr rates:  [ 0.53874619  1.          0.57891296  0.34452673  0.65633736  0.73443721
  0.69035528]
Process rates:  [  0.51110368   0.56318155   0.38374737  10.71436103   0.18747243
   2.52841973]
log likelihood =  9473.84943749
Lr derivatives =  [-152.93457158572278, -237.04548450180263, -39.846869290032714, 114.35853450351756, -40.062862915485049, -24.866194521499786, 26.412849687806535]
other derivatives =  [  49.59365469  -25.09204933   -1.72476575  146.38317225   -8.99108272
  201.18004613]
Current x_clock array =  [-0.67118282 -0.57415324 -0.95777083  2.37158499 -1.67412351  0.9275945
 -0.61851071  0.         -0.54660315 -1.0655836  -0.42108036 -0.30865078
 -0.37054892]
Lr rates:  [ 0.70264895  1.          0.53058517  0.268794    0.63909481  0.7231035
  0.65186013]
Process rates:  [ 0.50248072  0.58070416  0.38031476  9.42912152  0.20014436  1.9355435 ]
log likelihood =  9373.28977422
Lr derivatives =  [-183.57384172001431, -319.07323214675284, -182.0213001942287, -59.434658585404868, -139.17646867877875, -80.671181895046615, -9.0592213731836182]
other derivatives =  [  29.32138159   38.79085853   -8.9092282   110.12543837   41.36418283
  145.84911696]
Current x_clock array =  [-0.68819801 -0.54351385 -0.96675606  2.24380293 -1.60871638  0.66038817
 -0.35289788  0.         -0.63377478 -1.31380998 -0.44770246 -0.32420292
 -0.42792527]
Lr rates:  [ 1.022037    1.          0.54090566  0.20343743  0.69284937  0.75590932
  0.61196122]
Process rates:  [ 0.51264262  0.57580686  0.37667564  6.68009268  0.1920421   1.19392171]
log likelihood =  9233.04792522
Lr derivatives =  [-185.78185358234927, -360.34011124328299, -260.89237755900672, -180.93428822113287, -170.60749798865908, -84.059942421037675, -31.121819313547576]
other derivatives =  [ 119.04503481   13.41377356  -26.67438821   37.06354619   69.58725862
   98.07663446]
Current x_clock array =  [-0.66817633 -0.55198298 -0.97637085  1.89913186 -1.65004064  0.17724344
  0.02179769  0.         -0.61451039 -1.59239679 -0.36694267 -0.27983386
 -0.49108637]
Lr rates:  [ 2.19766327  1.          0.6969016   0.1349083   0.9044456   0.82459869
  0.55358884]
Process rates:  [ 0.38693188  0.67702392  0.3913089   2.93306885  0.14177685  0.36230978]
log likelihood =  9140.33741008
Lr derivatives =  [-20.546328476298374, -221.1494583818733, -141.44313305345872, -173.34276686426657, -46.605624681340103, 2.8532408694539981, -33.89646668854374]
other derivatives =  [-487.41530918  585.82209022   55.88117347  -52.04601621  116.54992704
   38.28863555]
Current x_clock array =  [-0.94950663 -0.39004868 -0.93825801  1.07604926 -1.95350096 -1.01525569
  0.78739465  0.         -0.36111105 -2.00316002 -0.10043312 -0.19285845
 -0.59133303]
Lr rates:  [ 2.35315391  1.          0.7754129   0.13675902  0.960204    0.83408877
  0.55384941]
Process rates:  [ 0.46414402  0.52555979  0.38296656  2.56235072  0.12447439  0.29739924]
log likelihood =  9015.64371212
Lr derivatives =  [-17.843580396143146, -181.71687237650335, -55.434004912749955, -120.28833909692935, 30.779299189002153, 33.710782213463553, -24.670706836018812]
other derivatives =  [-119.37081581 -152.71125449   -2.86381692  -76.00574463   79.56550689
   38.19604899]
Current x_clock array =  [-0.76756038 -0.64329132 -0.95980762  0.94092509 -2.08365532 -1.21267981
  0.85575652  0.         -0.25435961 -1.98953484 -0.04060952 -0.18141545
 -0.59086245]
Lr rates:  [ 2.07940559  1.          0.789177    0.15538936  0.92691877  0.81391072
  0.56988941]
Process rates:  [ 0.49573635  0.54729733  0.38321816  2.88519665  0.12105867  0.33844593]
log likelihood =  8993.52514251
Lr derivatives =  [-38.420855648271456, -174.03649688494107, -11.277517947998458, -69.688290999600781, 31.574848785687717, 24.013873850226911, -17.058979450382761]
other derivatives =  [ 51.27894838 -73.8484232   -9.09676601 -50.898052    27.66137186
  47.14893294]
Current x_clock array =  [-0.70171104 -0.60276307 -0.95915085  1.05959306 -2.11148002 -1.08339093
  0.73208208  0.         -0.23676465 -1.86182131 -0.07588934 -0.2059046
 -0.56231296]
Lr rates:  [ 2.12001405  1.          0.79893154  0.16616804  0.89837279  0.78993662
  0.57938155]
Process rates:  [ 0.48848654  0.56400333  0.38468201  2.98099368  0.11460003  0.31806505]
log likelihood =  8981.91295306
Lr derivatives =  [5.2446398998157555, -123.97148872360586, 49.054825998309497, -12.383261451447027, 39.943011995603747, 17.023401897736242, -10.592364184075919]
other derivatives =  [ -3.2270691   -5.29107638   3.04189598 -10.1788828   21.65015758
  45.81779649]
Current x_clock array =  [-0.71644337 -0.57269512 -0.95533823  1.0922567  -2.16630723 -1.14549936
  0.75142271  0.         -0.22448002 -1.79475573 -0.10717016 -0.23580256
 -0.54579404]
Lr rates:  [ 2.31277604  1.          0.79472652  0.17189308  0.86848783  0.76749751
  0.58711934]
Process rates:  [ 0.48842091  0.57283769  0.38473684  2.9337406   0.10640407  0.26798523]
log likelihood =  8973.62933334
Lr derivatives =  [47.399387275159455, -83.813568584985916, 79.787561636346851, 24.432885905825575, 38.902585552983027, 8.1554184597629416, -7.1853344998080901]
other derivatives =  [ -8.84720066  35.05610948   7.24812708  14.88533599  23.38565537
  37.89537004]
Current x_clock array =  [-0.71657773 -0.55715286 -0.9551957   1.07627827 -2.24051148 -1.3168234
  0.83844855  0.         -0.22975723 -1.76088262 -0.14100171 -0.26462004
 -0.53252718]
Lr rates:  [ 2.5215978   1.          0.76633332  0.17748737  0.82963029  0.75015101
  0.60058754]
Process rates:  [ 0.48532167  0.57074356  0.38474147  2.8789123   0.09759217  0.2152633 ]
log likelihood =  8966.1109528
Lr derivatives =  [43.822052100634849, -87.471919775830358, 53.308864975165399, 28.841699345316819, 18.712582023001382, -6.0248177164576671, -5.149308158501217]
other derivatives =  [-30.86315701  30.39713192   7.89732439  15.18965291   2.73666956
  26.80353646]
Current x_clock array =  [-0.72294338 -0.56081528 -0.95518367  1.05741255 -2.326958   -1.53589333
  0.92489275  0.         -0.26613806 -1.72885582 -0.18677511 -0.28748075
 -0.50984687]
Lr rates:  [ 2.75679589  1.          0.73997875  0.17569437  0.81618884  0.77150071
  0.61968174]
Process rates:  [ 0.4972797   0.57215041  0.38278477  2.72782131  0.09305377  0.15845796]
log likelihood =  8961.37765301
Lr derivatives =  [40.903512435801233, -96.159890467351985, 18.90829170882575, 17.402820741611983, 11.292420294465327, 4.6988470031705898, 2.980674550652493]
other derivatives =  [ 44.15906005  37.83734428  -2.60552042   0.66138455   0.58716978
  15.86759026]
Current x_clock array =  [-0.69860264 -0.55835337 -0.96028241  1.00350324 -2.37457782 -1.84226598
  1.0140691   0.         -0.30113381 -1.73900932 -0.20310953 -0.25941768
 -0.47854926]
Lr rates:  [ 2.68980416  1.          0.72386297  0.17867053  0.79898375  0.77952079
  0.63301624]
Process rates:  [ 0.48868834  0.56349726  0.38328405  2.76054601  0.09146836  0.13960295]
log likelihood =  8959.21703118
Lr derivatives =  [-13.28253550330377, -141.77696920622481, -30.607964161571637, -9.1641249722311819, -9.7206952162202196, 0.90609901377418112, 5.6432146144835063]
other derivatives =  [ -9.70721885   2.97568477  -2.80888344 -20.45781002 -33.98326953
  11.01816451]
Current x_clock array =  [-0.71603033 -0.5735928  -0.95897892  1.01542849 -2.39176217 -1.96895298
  0.98946839  0.         -0.32315317 -1.72221181 -0.22441467 -0.24907592
 -0.45725921]
Lr rates:  [ 2.69494656  1.          0.72353672  0.17790449  0.79842941  0.78550589
  0.63509264]
Process rates:  [ 0.48975042  0.56052424  0.38330303  2.77239253  0.09276554  0.13300487]
log likelihood =  8958.34981664
Lr derivatives =  [0.44733800488260744, -132.50841645567866, -25.95962633486047, -7.1422784454634165, -7.377522165450408, 5.8804293655714091, 7.5155708049070213]
other derivatives =  [ -3.14666977 -10.53194865  -1.37806637 -12.2909114  -20.43925633
   9.99843905]
Current x_clock array =  [-0.71385936 -0.5788828  -0.95892939  1.01971068 -2.37768004 -2.01736956
  0.99137837  0.         -0.32360399 -1.72650843 -0.22510872 -0.24142733
 -0.45398441]
Lr rates:  [ 2.61801492  1.          0.73130238  0.17756484  0.79777882  0.79648865
  0.63861334]
Process rates:  [ 0.49234167  0.55770833  0.38308582  2.8277983   0.09654643  0.11735555]
log likelihood =  8956.57864287
Lr derivatives =  [15.165399525413834, -121.73545500097531, -17.37309391259906, -6.3636787431585411, -4.7131691501037309, 14.369815874621862, 10.382659036720105]
other derivatives =  [ 12.72328518 -24.43066478  -0.49003575   0.99826138  -0.8247298
   7.6212018 ]
Current x_clock array =  [-0.70858234 -0.58391915 -0.95949625  1.03949842 -2.33773125 -2.14254708
  0.96241637  0.         -0.31292825 -1.72841945 -0.22592389 -0.2275424
 -0.44845612]
Lr rates:  [ 2.48581839  1.          0.75212754  0.17830326  0.79953127  0.7993417
  0.6379257 ]
Process rates:  [ 0.49329394  0.55781818  0.3827536   2.87713328  0.10103203  0.09646952]
log likelihood =  8954.50960235
Lr derivatives =  [18.897065582993196, -115.87146348283976, -3.4462880995743426, -6.426299721769821, -3.061202147634857, 16.766625553962005, 10.348390675522829]
other derivatives =  [ 18.64464139 -25.67594493  -0.93641574   8.90722731  10.2132617
   5.0302333 ]
Current x_clock array =  [-0.70665006 -0.58372221 -0.96036384  1.05679441 -2.29231767 -2.33852817
  0.91060194  0.         -0.28484937 -1.72426945 -0.22372964 -0.22396676
 -0.44953346]
Lr rates:  [ 2.34839528  1.          0.77393123  0.18360941  0.81245821  0.78090795
  0.62639297]
Process rates:  [ 0.49159704  0.55989326  0.38443646  2.86950136  0.10528774  0.06991647]
log likelihood =  8952.29675451
Lr derivatives =  [14.05417601476076, -113.47402488416152, 12.486552112912051, -1.163357521071184, 2.973805528362309, 5.8176020144912819, 4.1105044707169043]
other derivatives =  [  7.87276804 -17.17653504   4.93764674   8.7555236    9.80999175
   2.45636329]
Current x_clock array =  [-0.71009592 -0.58000912 -0.95597675  1.05413827 -2.25105826 -2.660454
  0.85373224  0.         -0.25627226 -1.69494453 -0.2076908  -0.247298
 -0.46777736]
Lr rates:  [ 2.27114913  1.          0.76648328  0.18756531  0.81726363  0.77733953
  0.61727447]
Process rates:  [ 0.48861859  0.57419214  0.37799668  2.84641496  0.10947646  0.05421348]
log likelihood =  8952.31937053
Lr derivatives =  [-6.1060527551197232, -132.63163586481829, -12.595454034509324, -14.740542931313218, -4.1329676129916564, -1.2834405295347366, -1.8413770680196606]
other derivatives =  [ -5.99611667  42.75116225 -20.60169209  -5.23887138   7.13389454
   0.83746272]
Current x_clock array =  [-0.71617308 -0.5547912  -0.97286987  1.04606029 -2.21204576 -2.9148257
  0.82028593  0.         -0.26594239 -1.67362816 -0.20179355 -0.25187805
 -0.48244151]
Lr rates:  [ 2.31010747  1.          0.77026171  0.18554312  0.81481644  0.7791521
  0.6218947 ]
Process rates:  [ 0.49013093  0.56687582  0.38125784  2.85813155  0.10732599  0.06169992]
log likelihood =  8951.91409345
Lr derivatives =  [4.0267373880066879, -122.99434019224735, -0.022661538037365148, -7.9707946259019051, -0.61263481457871105, 2.2795383631399382, 1.1528600217459477]
other derivatives =  [  1.02718332  11.6038791   -7.71542545   1.84227247   8.47066985
   1.56087481]
Current x_clock array =  [-0.71308272 -0.56761502 -0.96427938  1.05016811 -2.2318844  -2.78547258
  0.83729405  0.         -0.26102494 -1.68446796 -0.20479242 -0.24954901
 -0.4749845 ]
Lr rates:  [ 2.28219758  1.          0.77198348  0.19028508  0.81387644  0.77181251
  0.62107874]
Process rates:  [ 0.48930571  0.56463563  0.38264282  2.84820486  0.10717306  0.05167919]
log likelihood =  8951.49570895
Lr derivatives =  [-0.41095164103483572, -123.10081934483104, 2.7329751272487819, -1.5938237190604561, 1.4927501296861854, -1.3105416393941063, 0.48908508649394733]
other derivatives =  [-5.2528776   3.39168764 -3.26926965  0.77397999  0.75688149  0.90876711]
Current x_clock array =  [-0.71476782 -0.57157465 -0.96065332  1.04668892 -2.23331036 -2.96270016
  0.82513883  0.         -0.25879212 -1.65923192 -0.20594671 -0.25901362
 -0.4762974 ]
Lr rates:  [ 2.27480268  1.          0.76983808  0.19301381  0.81006489  0.77098807
  0.62069551]
Process rates:  [ 0.49028981  0.56445002  0.38493379  2.83352702  0.10722661  0.04500566]
log likelihood =  8951.38534802
Lr derivatives =  [-3.4310084364286526, -124.91959956531309, -0.61034403466643639, -0.56026800910103702, 0.064085510766461518, -2.3443486253873829, 0.059006403717290823]
other derivatives =  [ 0.05984475  3.26908776  4.53092071 -1.5614205  -2.16696208  0.49330993]
Current x_clock array =  [-0.71275861 -0.57190343 -0.95468393  1.04152223 -2.23281087 -3.10096698
  0.82189331  0.         -0.26157507 -1.64499355 -0.21064093 -0.26008237
 -0.47691464]
Lr rates:  [ 2.28381745  1.          0.76860834  0.19507192  0.80657895  0.77335031
  0.62159263]
Process rates:  [ 0.4893991   0.56366377  0.38340028  2.82142972  0.10711036  0.04001515]
log likelihood =  8951.35109427
Lr derivatives =  [1.8793313488062178, -119.66337514461017, 2.8363484624380959, 5.0363223057556983, 2.001480524704851, 0.22103513701988575, 1.1670371644021174]
other derivatives =  [-5.13991836  0.32923708 -0.89057721  0.64337655 -0.79544407  0.27812348]
Current x_clock array =  [-0.71457696 -0.57329735 -0.95867573  1.03724375 -2.23389555 -3.21849722
  0.82584836  0.         -0.26317375 -1.63438699 -0.21495349 -0.25702315
 -0.47547033]
Lr rates:  [ 2.27674065  1.          0.76882037  0.19468762  0.8061062   0.77381948
  0.62077805]
Process rates:  [ 0.49034753  0.56342942  0.38347871  2.82197029  0.10753758  0.0393221 ]
log likelihood =  8951.33047562
Lr derivatives =  [-0.63584538603663621, -122.37675197524374, -0.12640022496540837, 1.7906454257170559, -0.0503837608828821, -0.56084160843217745, 0.46130881858387163]
other derivatives =  [ 1.01845217 -0.89039531 -1.0470103  -1.09575922 -0.29740477  0.21464075]
Current x_clock array =  [-0.7126409  -0.5737132  -0.95847117  1.03743532 -2.22991492 -3.2359687
  0.82274488  0.         -0.26289793 -1.63635896 -0.21553978 -0.25641666
 -0.47678167]
Lr rates:  [ 2.27516456  1.          0.76897503  0.19449902  0.80574686  0.77463777
  0.62053578]
Process rates:  [ 0.49034643  0.56351968  0.3836668   2.82312171  0.10774199  0.0387574 ]
log likelihood =  8951.32551868
Lr derivatives =  [-0.29283272966698348, -122.35748496604614, -0.44596946957250694, 1.1295204530392695, -0.44795444817757168, -0.27714203504030976, 0.36754766025725161]
other derivatives =  [ 1.04846549 -0.63664629 -0.25866029 -0.908949    0.72577677  0.18153514]
Current x_clock array =  [-0.71264314 -0.57355303 -0.95798082  1.03784326 -2.22801593 -3.25043347
  0.82205239  0.         -0.26269678 -1.63732815 -0.21598565 -0.25535975
 -0.47717202]
Lr rates:  [ 2.27587617  1.          0.76939131  0.19411929  0.80539327  0.77597054
  0.62019274]
Process rates:  [ 0.49031507  0.56351934  0.38369449  2.8258522   0.10773168  0.0376156 ]
log likelihood =  8951.31822529
Lr derivatives =  [-0.1603771873088129, -122.31906077072107, -0.58745901165286796, 0.55213868911216579, -0.62899323656054396, 0.37263776808783788, 0.30905813293920303]
other derivatives =  [ 0.80854079 -0.70758688 -0.04583853 -0.60754246  1.11722329  0.12350938]
Current x_clock array =  [-0.71270709 -0.57355362 -0.95790864  1.03880998 -2.22811159 -3.28033629
  0.82236511  0.         -0.26215558 -1.63928241 -0.21642459 -0.25364073
 -0.47772497]
Lr rates:  [ 2.28558641  1.          0.77108599  0.19309437  0.80600889  0.7754671
  0.61865005]
Process rates:  [ 0.49070758  0.56451768  0.38408563  2.83465783  0.1072936   0.0357162 ]
log likelihood =  8951.31513298
Lr derivatives =  [2.7500843371396138, -119.67405685438534, 2.23044032399903, 1.4181794014945659, 0.24251798025459248, 0.27938222842811555, -0.24774078199254213]
other derivatives =  [ 2.64481059  3.40551196  1.88410922  1.81717041  2.25099939  0.0509317 ]
Current x_clock array =  [-0.71190689 -0.57178358 -0.95688975  1.04192123 -2.23218629 -3.33215105
  0.82662263  0.         -0.25995539 -1.64457624 -0.21566051 -0.25428972
 -0.48021551]
Lr rates:  [ 2.28663487  1.          0.77058665  0.19288559  0.80537999  0.77630598
  0.61891755]
Process rates:  [ 0.49015357  0.56375727  0.38377408  2.83387168  0.10705994  0.03515845]
log likelihood =  8951.30671503
Lr derivatives =  [-0.14512678595009643, -122.1012249245787, -0.31485188660013819, -0.29281685234237464, -0.80626913292442559, 0.27954577469949982, -0.25025839163482821]
other derivatives =  [-0.60717866  0.31614036  0.57116267  0.26102498  0.30340743  0.01000444]
Current x_clock array =  [-0.71303653 -0.5731315  -0.95770124  1.04164386 -2.23436637 -3.34789025
  0.82708125  0.         -0.26060317 -1.64565804 -0.21644108 -0.25320854
 -0.47978321]
Lr rates:  [ 2.28735281  1.          0.77062972  0.19295862  0.80562653  0.77595559
  0.6189815 ]
Process rates:  [ 0.49022758  0.56368761  0.38364347  2.83312139  0.10699862  0.03518251]
log likelihood =  8951.30594187
Lr derivatives =  [-0.051875354505122928, -121.90546078635906, 0.0063962263624368632, 0.067248597712737279, -0.53281101342409443, 0.19308377546189703, -0.21519213802018733]
other derivatives =  [-0.14733814  0.05675247  0.04183676  0.26630005  0.07967174  0.01309672]
Current x_clock array =  [-0.71288555 -0.57325507 -0.95804162  1.04137907 -2.23493933 -3.34720626
  0.82739517  0.         -0.26054728 -1.64527951 -0.216135   -0.25365999
 -0.47967989]
Lr rates:  [ 2.2885738   1.          0.77067144  0.19289884  0.8061668   0.77554131
  0.61902955]
Process rates:  [ 0.4902478   0.56367635  0.38360826  2.8325644   0.10692369  0.03515311]
log likelihood =  8951.30549491
Lr derivatives =  [-0.041927109613442592, -121.82832715824934, 0.15078161709990923, 0.20410377946224756, -0.22122699067611151, 0.063568455791827461, -0.20214367052895987]
other derivatives =  [-0.04311005  0.02637535 -0.09658834  0.2410161  -0.12969394  0.01291482]
Current x_clock array =  [-0.7128443  -0.57327503 -0.95813342  1.04118245 -2.23563989 -3.34804221
  0.82792883  0.         -0.26049315 -1.64558937 -0.21546461 -0.25419402
 -0.47960228]
Lr rates:  [ 2.28978349  1.          0.77063436  0.19279071  0.80674325  0.77537572
  0.61928851]
Process rates:  [ 0.49027953  0.56362729  0.38361233  2.83129595  0.1069039   0.03500603]
log likelihood =  8951.30515847
Lr derivatives =  [0.030445770493164659, -121.79415127670023, 0.08304368861700695, 0.14131922840269162, 0.065158989001368184, 0.089423328854092432, -0.092440106938948219]
other derivatives =  [ 0.16862032 -0.19554136 -0.0854925   0.14097168 -0.07112249  0.00618456]
Current x_clock array =  [-0.71277959 -0.57336208 -0.95812278  1.04073454 -2.23582499 -3.35223507
  0.82845727  0.         -0.26054126 -1.64615006 -0.21474981 -0.25440757
 -0.47918403]
Lr rates:  [ 2.29052521  1.          0.77058884  0.1927437   0.80692424  0.77505892
  0.61951169]
Process rates:  [ 0.49022456  0.56384374  0.3835848   2.82953438  0.10689685  0.0347852 ]
log likelihood =  8951.30525108
Lr derivatives =  [-0.28146839997563244, -122.08801014969843, -0.27873405980142607, -0.140755898716451, -0.036913410169483463, -0.12885847828454189, -0.065628532493503755]
other derivatives =  [-0.11423253  0.71868271 -0.22009772 -0.22737368 -0.2059096  -0.00727596]
Current x_clock array =  [-0.7128917  -0.57297812 -0.95819457  1.04011217 -2.23589091 -3.3585632
  0.82878114  0.         -0.26060032 -1.64639397 -0.21452549 -0.25481623
 -0.4788237 ]
Lr rates:  [ 2.29006661  1.          0.77061698  0.19277276  0.80681234  0.77525477
  0.6193737 ]
Process rates:  [ 0.49025854  0.56370991  0.38360182  2.83062336  0.10690121  0.03492156]
log likelihood =  8951.30510311
Lr derivatives =  [-0.08866607790150649, -121.90636253528729, -0.055123862955973379, 0.033602444349487115, 0.026164661282378709, 0.006062371465453964, -0.082221004597784031]
other derivatives =  [ 0.06166374  0.1537046  -0.13533281  0.00218279 -0.12259989  0.00200089]
Current x_clock array =  [-0.71282239 -0.5732155  -0.95815019  1.04049695 -2.23585016 -3.3546508
  0.8285809   0.         -0.26056381 -1.64624317 -0.21466418 -0.25456357
 -0.47904648]
Lr rates:  [ 2.29026789  1.          0.77062539  0.19274811  0.8068759   0.77524072
  0.61947496]
Process rates:  [ 0.49024781  0.56368204  0.38362826  2.83024179  0.1069131   0.03487987]
log likelihood =  8951.30506977
Lr derivatives =  [-0.0091622606016930064, -121.86325194309262, -0.05062672894909781, 0.0042554705030628526, 0.053550385567619152, 0.01917939318144235, -0.041319562436170187]
other derivatives =  [ 0.0007276   0.02673914 -0.02946763 -0.00090949 -0.01837179 -0.0007276 ]
Current x_clock array =  [-0.71284428 -0.57326494 -0.95808127  1.04036215 -2.23573888 -3.3558453
  0.8286688   0.         -0.2605529  -1.64637109 -0.2145854  -0.25458169
 -0.478883  ]
Lr rates:  [ 2.29019797  1.          0.77065113  0.19275284  0.80682735  0.7752293
  0.61952081]
Process rates:  [ 0.49024548  0.56367482  0.38363792  2.83013026  0.10692002  0.03488527]
log likelihood =  8951.30506298
Lr derivatives =  [0.0031872009214577446, -121.85448721327454, -0.027593906819646463, -0.00014667474456864227, 0.024096451929295881, 0.0087379820650959061, -0.026718148709825584]
other derivatives =  [-0.01000444 -0.00436557  0.00600267 -0.00745786  0.00836735  0.0001819 ]
Current x_clock array =  [-0.71284903 -0.57327776 -0.9580561   1.04032274 -2.23567423 -3.35569059
  0.82863826  0.         -0.26051949 -1.64634654 -0.21464557 -0.25459642
 -0.47880899]
  status: 0
 success: True
    nfev: 36
     fun: 8951.30506297765
       x: array([-0.71284903, -0.57327776, -0.9580561 ,  1.04032274, -2.23567423,
       -3.35569059,  0.82863826,  0.        , -0.26051949, -1.64634654,
       -0.21464557, -0.25459642, -0.47880899])
 message: 'CONVERGENCE: REL_REDUCTION_OF_F_<=_FACTR*EPSMCH'
     jac: array([ -1.00044417e-02,  -4.36557457e-03,   6.00266503e-03,
        -7.45785655e-03,   8.36735126e-03,   1.81898940e-04,
         3.18720092e-03,  -1.21854487e+02,  -2.75939068e-02,
        -1.46674745e-04,   2.40964519e-02,   8.73798207e-03,
        -2.67181487e-02])
     nit: 33
