number of sites to be analyzed:  269
Now calculate MLE for pair ['YLR284C', 'YOR180C']
log likelihood =  -10100.3308234
Edge derivatives =  [226.32698628797948, 84.70987272623464, 53.38979848809187, 24.13767920560691, 362.5259451534771, 90.13624085968247, 207.1820015000444, 100.01706261047154, 62.0646485872099, 120.0590835781705, 56.95981812752886, 36.44312963514473]
other derivatives: [   7.73397915 -198.76297301  108.52490959  752.72255344  743.41278378
    9.33341653]
Current x array =  [-0.64353555 -0.48264002 -0.93307917  1.76977596 -2.44028574  1.19617746
 -3.90910406 -3.87159909 -4.30005794 -6.28014701 -2.83555499 -3.29056063
 -2.92359461 -3.49891453 -3.97438916 -3.10701318 -4.59465356 -2.01786889]
log likelihood =  -9059.6657473
Edge derivatives =  [191.87929465684996, 62.29680374522615, 35.90929895532357, 16.254091397625455, 317.75359077851783, 56.74103989281148, 179.76517328889435, 71.78527252713135, 39.77978859021776, 98.66526431803553, 45.69543547269178, -50.241859253843316]
other derivatives: [   1.06629159   93.44166756   66.88405847  475.09747674  575.07659221
  -29.86398613]
Current x array =  [-0.64304025 -0.6485065  -0.93234225  2.39791829 -1.81991235  1.20396614
 -3.72023558 -3.80090922 -4.25550448 -6.26000427 -2.53302932 -3.21534249
 -2.75070251 -3.41545091 -3.92259659 -3.00682461 -4.54712094 -1.98745732]
log likelihood =  -13331.1380213
Edge derivatives =  [4.3562500036287615, -311.9223240910288, -62.970276386400734, -12.631944529569662, -70.97920438562178, -193.16346856617997, 31.67091753614062, -260.4674516816364, -268.8955982652393, 7.082469880578252, -79.49008772837551, -263.3198111135027]
other derivatives: [  -760.60641732 -32146.97953808   -136.99482224  -1136.72740554
  -1183.23459901   -376.02530938]
Current x array =  [-0.66597111 -0.05       -0.97829555  4.27798081  0.64262334  1.02268041
 -2.87439366 -3.53880195 -4.10950102 -6.1938847  -1.1186359  -2.99107157
 -1.9528523  -3.11610108 -3.7641093  -2.5759889  -4.34909618 -2.31555034]
log likelihood =  -8484.65617928
Edge derivatives =  [103.00129105625956, 0.7333031936877227, -4.237255469792718, 7.019171884996743, 146.6191223286194, -33.292415657633526, 96.96635196421701, -8.545757187770612, -13.151832546006672, 44.04457405140186, 14.38913228279655, -203.7964652834016]
other derivatives: [ -35.52977432 -300.68167689  -19.87700671 -302.05865187  -72.52492651
  -82.76092558]
Current x array =  [-0.65076514 -0.44688325 -0.94782287  3.03126867 -0.99033999  1.14289509
 -3.43529064 -3.71261123 -4.20631923 -6.23773008 -2.05655229 -3.13979071
 -2.48192489 -3.31460675 -3.86920582 -2.86168584 -4.48041089 -2.09798441]
log likelihood =  -8347.23576964
Edge derivatives =  [96.97614507828699, 8.349453124522089, -1.005064900422924, 8.660017448407865, 132.80431462925486, -19.750433654118865, 99.28942504410135, -0.4596106475021963, -5.828911804872061, 44.61094067197876, 17.365158501113907, -146.35749235977985]
other derivatives: [  17.12851372  195.39784262    0.45347406 -215.32487153  -47.4130502
  -75.09497664]
Current x array =  [-0.68161553 -0.67169293 -0.95855183  2.86640558 -0.9315212   1.06364206
 -3.30606277 -3.69911753 -4.20274284 -6.22848465 -1.86237805 -3.15711809
 -2.36021602 -3.30718908 -3.87260479 -2.80302834 -4.45843895 -2.28742848]
log likelihood =  -8172.11213973
Edge derivatives =  [80.57387655765996, 25.587514263841967, 5.825385558375505, 13.438492111931437, 87.38578736317922, 3.56487438273605, 97.66976611486308, 17.42264435443933, 11.477652132813596, 41.65595452492795, 25.136690034599866, -34.14000489609447]
other derivatives: [  65.43841664  226.61879484   22.11463652  -53.89447324   -8.68321877
  -64.46853149]
Current x array =  [-0.70465022 -0.71385052 -0.96509917  2.54577056 -0.80746737  0.8942921
 -3.03866698 -3.66699577 -4.19486723 -6.20843719 -1.46336937 -3.18775003
 -2.10099977 -3.28851857 -3.87697708 -2.67973074 -4.41041174 -2.65867   ]
log likelihood =  -8056.81609787
Edge derivatives =  [42.328045874715635, 33.78230814697842, 10.404567229341072, 19.421244245016766, -10.266761620348882, 20.52052765542795, 67.02626911329436, 26.442731554747436, 24.681538429839726, 23.395375746674034, 30.912341993435877, 48.85912555847793]
other derivatives: [-436.87123252  248.30069378   -9.88939064  -12.7630301  -114.15877452
  -44.55960152]
Current x array =  [-0.5179675  -0.70368728 -0.91224617  2.20699525 -0.65996026  0.52218274
 -2.52597765 -3.53377725 -4.1609521  -6.13980499 -0.82819485 -3.18675443
 -1.5297006  -3.19409952 -3.82580618 -2.42601297 -4.27204721 -3.04285818]
log likelihood =  -7995.45361946
Edge derivatives =  [21.333646338235667, 44.73547574428974, 16.69156089603545, 23.487740211983454, -64.83859486709697, 36.32984749730736, 34.60032556719675, 38.832767922827934, 35.551938628222246, 11.336330868025389, 38.28740331850272, 87.54382225050554]
other derivatives: [ 203.08643798   12.26871973  -73.85388017   51.65675248 -133.42159946
  -24.11634341]
Current x array =  [-0.76395994 -0.58388351 -0.87961648  1.95897116 -0.65996998  0.22745939
 -2.13666013 -3.41309539 -4.12869855 -6.0756831  -0.40101081 -3.16918894
 -1.07919225 -3.10655701 -3.76933191 -2.23143953 -4.15019823 -3.2661557 ]
log likelihood =  -7951.16650687
Edge derivatives =  [37.35116365430571, 47.10452489430713, 18.43860545204763, 22.489028021249485, -16.712814267422715, 40.107684079796705, 50.011418453138276, 43.347614242801015, 37.03333406057186, 17.13723993467692, 39.60372672412157, 82.32865043228523]
other derivatives: [ 84.44612831 -88.56286513 -34.97780199  72.36712918 -34.20791472
 -12.83751772]
Current x array =  [-0.69492567 -0.54066653 -0.90049233  2.01302141 -0.8204565   0.2438704
 -2.19257574 -3.39712161 -4.12410336 -6.06648754 -0.54756767 -3.14684388
 -1.11795069 -3.09348196 -3.75001552 -2.25569259 -4.1406366  -3.1210426 ]
log likelihood =  -7894.77956004
Edge derivatives =  [41.84797066543226, 43.37400432479107, 17.92428745601121, 20.362151731825186, 11.675890189781247, 40.23067592050767, 42.444369911532604, 41.29086306185054, 35.4206686760332, 14.660873968992652, 38.618709331173655, 73.64755928143641]
other derivatives: [-119.63738871 -107.05180102   13.49299055   43.59399099   -0.36443453
    2.4383553 ]
Current x array =  [-0.60561461 -0.53378351 -0.94234435  2.07860069 -0.99910367  0.14460472
 -2.06722251 -3.27969193 -4.08568343 -6.00756867 -0.56049374 -3.06708413
 -0.93460244 -2.99513365 -3.66429419 -2.19106772 -4.03963043 -2.93824226]
log likelihood =  -7801.14720141
Edge derivatives =  [42.96121209045662, 32.578024399156796, 16.435304546660337, 16.51380721551902, 39.633600587960636, 40.12761586687424, 10.11935146700485, 34.249342741269, 30.88930746976948, 6.419084629553834, 35.81094312131938, 58.366954679863284]
other derivatives: [-282.02703106 -109.86404959   66.24177331  -21.03015504   26.65656211
   26.50103852]
Current x array =  [-0.54446997 -0.53391475 -1.000924    2.13846596 -1.37926316 -0.16413171
 -1.62568047 -2.95558259 -3.97869861 -5.84450725 -0.41318856 -2.86076712
 -0.36007476 -2.724477   -3.43597427 -1.97423367 -3.75122437 -2.5881423 ]
log likelihood =  -7693.33093768
Edge derivatives =  [40.197038760084126, 12.819843023337077, 13.983782799169685, 12.18014323080592, 51.19824900394903, 38.24414908478876, -46.37841870195862, 21.339369418974897, 22.528450586079693, -1.0641014336073134, 30.398693921948997, 36.9639995198581]
other derivatives: [-206.65429474  -58.69342203   55.53356459  -93.66922313   39.17948561
   41.04322215]
Current x array =  [-0.55904236 -0.55413536 -1.00401266  2.06777365 -1.93017828 -0.63066166
 -0.82867393 -2.41708156 -3.79050582 -5.56885185 -0.04299984 -2.49421207
  0.54410754 -2.26533268 -3.04814993 -1.61300027 -3.24856031 -2.0740168 ]
log likelihood =  -7572.56997905
Edge derivatives =  [30.708557185568033, 0.3245365515848855, 10.976069543386155, 8.935243258291031, 37.891247706675536, 34.678631414125654, -63.28583739678849, 12.485234497325623, 16.657427720762183, -0.8853931536190248, 26.151422883984754, 7.293553300623271]
other derivatives: [-183.68091332  -68.77980923   57.36019375  -82.45815479   44.86892067
   29.00851541]
Current x array =  [-0.56294939 -0.55459323 -1.0095852   1.64247279 -2.36985204 -0.9398993
  0.16001249 -1.82547258 -3.52568968 -5.22424529  0.47747433 -1.92079895
  1.14038781 -1.70010841 -2.54336017 -1.24659472 -2.58870758 -1.33554316]
log likelihood =  -7899.7915465
Edge derivatives =  [-106.45585999879421, -45.67222465798584, -3.798277677254942, 3.7180061547620995, 56.89057852246673, -72.06043633729692, 21.415369322411177, -57.79826319037397, -32.409077775992834, 28.187731680405324, -39.89498863281454, -51.08172164328241]
other derivatives: [  9.57408702e+01   3.88584886e+02  -1.39084996e+03  -2.57425472e+02
   4.32210072e+00   1.13868737e-01]
Current x array =  [-0.58644461 -0.8350988  -0.42143311  0.98424013 -2.90367685 -1.58864955
  1.9280846  -1.00271312 -2.91874411 -4.4922255   0.81834417 -0.29386057
  0.76542462 -0.62896338 -1.4230035  -0.59171133 -1.00902575 -0.46466985]
log likelihood =  -7523.59753893
Edge derivatives =  [16.58919718589556, -9.498955410013357, 5.684004883239336, 7.172031202417647, 35.796942880807485, 13.873661118520497, -34.62079453372812, -3.7305326088749395, 5.509447922270169, 4.86285087478231, 13.684815305645532, -4.019390220197591]
other derivatives: [-138.50458345  100.58101907 -137.80800145 -104.41317499   57.35046216
   15.73625923]
Current x array =  [-0.56962997 -0.63435161 -0.84235124  1.45531226 -2.52163869 -1.12436362
  0.6627425  -1.59153084 -3.35311202 -5.01610428  0.57439656 -1.45819862
  1.03377154 -1.39554122 -2.22480025 -1.06038652 -2.13954408 -1.08792082]
log likelihood =  -7476.8194317
Edge derivatives =  [-49.292429185557445, -7.177572502105492, 2.6342609589977926, 6.382829578980368, 11.200643257295011, 2.676997639503479, -15.672536148704925, -8.660382400201737, 5.7974440331636234, 8.503408433949627, 6.7866180950611685, -4.811224112396939]
other derivatives: [ 49.267328    24.10206434  14.74654709  -6.06360118  -7.16527211
  -2.18842615]
Current x array =  [-0.6311166  -0.60673587 -0.96789384  0.88311994 -2.60879555 -1.31366625
  1.47938697 -1.21785226 -3.12413811 -4.73620475  1.05290658 -0.92035708
  1.15305573 -0.97722448 -1.81780744 -0.77479847 -1.56936341 -0.68492854]
log likelihood =  -7464.11424313
Edge derivatives =  [-18.119086853539113, 2.078758443712926, 3.822908588443041, 7.140479759735884, 12.532759097420412, 7.596438036873075, -10.323529147865123, -0.8026819794955926, 10.057852474553425, 9.935065215056316, 12.221183897353983, 4.90028315529934]
other derivatives: [ 15.67450454  -6.54454198   0.65874701  13.60840542  21.27590051
  -4.04752427]
Current x array =  [-0.62393577 -0.59216688 -0.94784356  1.00023339 -2.43340618 -1.14640995
  1.04246074 -1.43787684 -3.21104651 -4.85065256  0.88707124 -1.11028719
  0.87207804 -1.18713858 -1.98498653 -0.91251861 -1.79661403 -0.89404888]
log likelihood =  -7460.26499338
Edge derivatives =  [-19.620585829447265, -2.5038421072694153, 1.7537814875922706, 6.316732885040845, -3.4851258403882563, -8.382476893846759, -11.209222506327636, -8.119164654570458, 2.735692590430705, 11.559021476282751, 4.712182063463144, -5.719846601535577]
other derivatives: [  4.46852937 -56.17266652 -23.87687346 -41.93616405 -34.55133992
 -10.32140062]
Current x array =  [-0.6204153  -0.56609808 -0.93045061  1.07941691 -2.27789972 -1.10484032
  0.84357518 -1.50195975 -3.20277204 -4.83659453  0.84273202 -1.0688228
  0.61518403 -1.23722668 -1.96067039 -0.91181079 -1.7652023  -0.92553563]
log likelihood =  -7456.63611561
Edge derivatives =  [-8.216303700752084, 0.35206712887518044, 1.7276376043484105, 6.366943492294714, 1.40485824317801, -10.132583084934458, -2.4988452029076083, -5.840483213220668, 2.669999008734664, 15.367628492906682, 4.127729211734562, -4.3259179274694795]
other derivatives: [ 12.32328941  31.25587682   7.44503268 -16.49432306 -10.96605047
 -14.12745405]
Current x array =  [-0.62582463 -0.60771765 -0.95428567  1.04045345 -2.25598142 -1.09491068
  0.76144999 -1.52289309 -3.18978138 -4.8157722   0.8269683  -1.03983239
  0.48287311 -1.25389439 -1.93494664 -0.89554309 -1.72990089 -0.9216502 ]
log likelihood =  -7454.90381495
Edge derivatives =  [-6.960911697648186, 0.47089245214089015, 1.7421009961750575, 6.326867061100688, 3.65077499557947, -10.514930555697665, -0.7361261690457203, -5.490978404018967, 2.26366121723441, 16.673184307962302, 3.2332227232500514, -4.082846831204814]
other derivatives: [  8.20982677  17.93196134   7.3897354   -4.4452463   -1.34677975
 -14.31844794]
Current x array =  [-0.62336063 -0.6023993  -0.95282479  0.9963705  -2.28413846 -1.1352359
  0.80365508 -1.48733228 -3.16588996 -4.77976881  0.86127001 -0.99735244
  0.4904936  -1.22313725 -1.88906292 -0.84909167 -1.66736669 -0.88458665]
log likelihood =  -7450.30883361
Edge derivatives =  [-3.3900027331673583, -1.0010623343282115, 1.5873038950578227, 6.092195644444957, -0.39974670007191904, -13.134090517816986, -1.4390607225343033, -5.330320665593875, -1.42027785321709, 20.49045488848936, -2.0907203777646464, -4.1855556566516565]
other derivatives: [-26.41390893   1.12113412   7.49514584   9.92540663  -1.0815711
 -13.06862032]
Current x array =  [-0.60982154 -0.59538647 -0.95048345  0.89504166 -2.31555008 -1.28959339
  0.84692544 -1.39889391 -3.09096015 -4.65367064  0.97289461 -0.89950997
  0.46466644 -1.16559927 -1.74497585 -0.66089232 -1.47127204 -0.80618785]
log likelihood =  -7447.59936131
Edge derivatives =  [13.37642954426711, -4.157749616478749, 1.9946330882608285, 5.722988771983427, -0.4434073576631019, -15.34230679231268, -3.9246966431266213, -4.08151479822868, -10.539521680671708, 29.866215161921158, -14.085684831721842, -4.915441364201785]
other derivatives: [ 123.95366866  -54.00324881   -7.71151463   25.99617801   22.25842763
   -9.35042408]
Current x array =  [-0.66048484 -0.57392205 -0.94007192  0.78606013 -2.37614704 -1.59655741
  0.81259171 -1.28488383 -2.96675563 -4.42432485  1.09738865 -0.79580849
  0.34413996 -1.12132485 -1.51487789 -0.27853274 -1.1589576  -0.71159368]
log likelihood =  -7441.04134327
Edge derivatives =  [17.40353344675557, -4.780000415098284, 2.223511571438844, 5.727235119910269, -5.359547506144622, -13.912790445489161, -7.023642825977734, -2.8808569374663953, -12.554863417715495, 30.656620357162296, -16.71610112944789, -3.2605409487185106]
other derivatives: [ 24.98227332 -31.50398697  -6.17110345  19.00853022  13.56484063
  -7.59728209]
Current x array =  [-0.62494737 -0.58223723 -0.93852854  0.79871253 -2.35443563 -1.67032428
  0.73630646 -1.29070379 -2.9502645  -4.38031889  1.10779272 -0.82329183
  0.29270973 -1.15128629 -1.49038146 -0.17814179 -1.12538708 -0.73556114]
log likelihood =  -7433.45233496
Edge derivatives =  [24.473482108240017, -5.351457311229168, 3.132319816110783, 5.921175022806036, -11.82106238736345, -8.88826684555641, -13.870889841681944, 0.6069767703600014, -16.549462548272622, 30.64602754451057, -21.89004625829997, 2.5651134175146217]
other derivatives: [-56.08890206  -1.60507625  -8.01483111   6.46859917   1.88974809
  -3.8451617 ]
Current x array =  [-0.5996057  -0.59356124 -0.93513573  0.84046858 -2.31420789 -1.84998119
  0.57579728 -1.3175481  -2.91803959 -4.28476453  1.10272537 -0.91238464
  0.16725616 -1.23106768 -1.45627127  0.0643651  -1.07533929 -0.81508496]
log likelihood =  -7426.03928563
Edge derivatives =  [31.611565425220263, -6.518195884325217, 4.77854107015095, 6.190779903056978, -14.32644135387748, -1.5902582751324728, -20.939438180500147, 5.433385824621279, -22.532482392869042, 21.906359315599865, -30.026258354184417, 9.233716368931743]
other derivatives: [-73.62868928  24.3406248  -11.91319825 -10.32021828 -10.84990799
  -0.94678398]
Current x array =  [-0.59540905 -0.60374421 -0.93273446  0.88974095 -2.29027299 -2.14113636
  0.40490936 -1.33904241 -2.85819775 -4.12547387  1.09218153 -1.03264664
 -0.00552303 -1.32641739 -1.40227748  0.46402619 -0.99561056 -0.90648992]
log likelihood =  -7414.03739603
Edge derivatives =  [33.44454039820114, -3.2702943528795845, 6.759599464359125, 7.100064211059419, -4.453530670689379, 6.579897702635129, -22.458917676342775, 10.816002912888251, -17.956123089415545, 5.501449412550791, -23.35553852786475, 12.031296923410691]
other derivatives: [-83.85059118   8.58281055  19.53194442  -2.25381882  -0.46775313
   0.39517545]
Current x array =  [-0.59405267 -0.59638613 -0.96022436  0.92241668 -2.31869597 -2.37121933
  0.40551884 -1.37066014 -2.80028656 -3.99142057  1.05751092 -1.14256297
 -0.14479779 -1.37122209 -1.45908453  0.81844246 -1.06975546 -0.93154168]
log likelihood =  -7418.62270256
Edge derivatives =  [2.141961689414086, 0.2955565340278585, 8.53895807942824, 8.75355287114267, 7.804638285913815, 14.134001707402556, -21.46773775217648, 11.8398581514897, -4.830861914933755, -41.859259891439244, -5.025807525270799, 1.4218836763062899]
other derivatives: [  22.93099897  144.80856407 -196.83429855  -14.60448402  -23.31371434
    0.55042619]
Current x array =  [-0.62218849 -0.67236006 -0.79936432  0.9071788  -2.48987979 -2.82379521
  0.86168091 -1.34697792 -2.61857961 -3.67214171  1.07614063 -1.21935888
 -0.33798715 -1.26816315 -1.63326422  1.5064561  -1.29531271 -0.79499452]
log likelihood =  -7404.00659823
Edge derivatives =  [21.355029326889127, -1.4963337563992607, 7.620747249941123, 7.883661144954226, 1.0141968859649815, 10.313261229658709, -22.88311661163438, 11.66165158797859, -11.372407256491728, -13.167163538538105, -13.923559831512181, 7.618459025493685]
other derivatives: [-35.94659574  74.57902029 -68.2955033   -4.58057912  -5.19103196
   0.3950845 ]
Current x array =  [-0.60694736 -0.6312051  -0.88650196  0.91543314 -2.39714978 -2.57863556
  0.61457862 -1.35980654 -2.71700998 -3.84509457  1.06604895 -1.17775866
 -0.23333677 -1.32399002 -1.53891135  1.13376018 -1.1731287  -0.86896191]
log likelihood =  -7391.61851989
Edge derivatives =  [-1.2064745996716755, 4.85608401074608, 7.184446299063881, 8.895469742905778, 11.925921721296005, 9.985258401317042, -18.08977297747837, 10.118184542363807, 0.5932409208037238, -9.786921065379158, 1.0849585066624148, -1.6140485065177361]
other derivatives: [  5.279162    10.2818376    6.2476829   13.24033292   5.01340764
  -0.18708306]
Current x array =  [-0.62270471 -0.60133333 -0.950389    0.90749831 -2.44484227 -2.54814068
  0.88248636 -1.38750207 -2.67506714 -3.81059545  1.03279572 -1.14119944
 -0.34027968 -1.2367764  -1.70783681  1.15919918 -1.4022837  -0.75746488]
log likelihood =  -7388.69599291
Edge derivatives =  [0.7183227376251685, 4.0198044156185215, 5.79223896298135, 8.311104618474255, 9.5792326693731, 2.9083125713739784, -12.263875311201428, 6.9754121919160985, -2.271745742026421, -23.432292672839317, -3.9253845305715553, -9.584995332806757]
other derivatives: [ 26.34469638 -24.03103281  16.73006409  12.14748409 -10.66264304
  -1.46401362]
Current x array =  [-0.62774887 -0.5862431  -0.96187744  0.83251672 -2.46349233 -2.69546862
  0.91921241 -1.33500496 -2.5614401  -3.63261002  1.10704726 -1.00995591
 -0.58857939 -1.16187274 -1.61479936  1.38146714 -1.27556248 -0.64687395]
log likelihood =  -7383.32978591
Edge derivatives =  [2.9222768325826527, 4.9882235166868725, 4.314831490933192, 8.555110651377788, 8.217642126797548, -4.114371464126656, -7.329064188785565, 2.2779458920604063, 0.0055932320522867895, -6.487348178028551, -1.7264867147168066, -10.870424695231124]
other derivatives: [ 26.27657523 -35.38079909  -1.19634933   9.06256901   8.69777068
  -2.52484824]
Current x array =  [-0.62787704 -0.58196298 -0.94478572  0.86077511 -2.45969161 -2.58393149
  0.90192277 -1.36335611 -2.53812548 -3.62289505  1.10959278 -0.94666679
 -0.79398483 -1.12002014 -1.68018193  1.20430482 -1.36742335 -0.65863098]
log likelihood =  -7385.71289203
Edge derivatives =  [-4.443810907437004, 2.9112998259498384, 1.8251226427791516, 9.053925184745028, -16.597336833942347, -13.607300935796085, -3.8848482343951494, -5.8502509882861835, 1.6814796316413558, -0.8111285062889021, -1.8854421567382413, -7.065986851266238]
other derivatives: [  60.75224519  127.92215784   46.11529221  -18.0591087   -27.64190867
   -3.18059392]
Current x array =  [-0.64579768 -0.66333114 -0.99180881  0.88923349 -2.406549   -2.56408146
  0.88821931 -1.37242229 -2.43848541 -3.47592008  1.18266322 -0.89135252
 -1.21149862 -1.05684939 -1.7548399   1.08676572 -1.47979013 -0.73314035]
log likelihood =  -7381.36137508
Edge derivatives =  [0.005056100890560966, 4.204628815586571, 3.3652413982921447, 8.767760456144323, -1.1811057139753958, -7.777074323347304, -5.6841923263013125, -0.8313197876352224, 0.6963185124111817, -4.1151124557488785, -1.6941774131116412, -9.290878859844192]
other derivatives: [ 40.50771167  34.44729373  18.09639798  -0.89821697  -4.70681698
  -2.85299393]
Current x array =  [-0.63496768 -0.61415786 -0.96339131  0.87203521 -2.43866472 -2.57607744
  0.89650073 -1.36694332 -2.49870097 -3.56474158  1.1385045  -0.92478064
 -0.95918218 -1.09502542 -1.70972179  1.15779822 -1.41188343 -0.68811205]
log likelihood =  -7378.47232521
Edge derivatives =  [3.238007429233542, 4.968556706728159, 2.7072102612464395, 9.394833982662664, -5.7078924536471165, -10.514464095316157, -3.138441081269316, -3.331489796376011, 2.7735575269840673, -5.017072725941616, 0.04348586297967, -6.180884362200362]
other derivatives: [  3.94138624  19.94603736  -0.34460754 -11.09601726  -5.00649548
  -2.77368599]
Current x array =  [-0.62242867 -0.60591872 -0.94604312  0.91692204 -2.42695131 -2.59837827
  0.85039066 -1.40158521 -2.44228992 -3.4717541   1.13967258 -0.9335401
 -1.23907735 -1.08757813 -1.78089515  1.15469733 -1.5123575  -0.74777101]
log likelihood =  -7376.67929468
Edge derivatives =  [6.084091911532238, 6.05490067436874, 2.441869799127636, 10.122380271696562, -5.871334503194877, -10.933109573044781, -1.2274738210808651, -4.1125787822775886, 4.843774735173888, -7.924282477294144, 1.5507659436147332, -2.2420312543600063]
other derivatives: [-15.72961992  12.78676791  -4.5487468   -6.58510544  -0.39244696
  -2.44181138]
Current x array =  [-0.61579551 -0.60260781 -0.94096567  0.91807753 -2.43201671 -2.66748892
  0.84441801 -1.40751842 -2.36338192 -3.333923    1.15194004 -0.93616791
 -1.5206681  -1.06883774 -1.81862062  1.20419925 -1.57284958 -0.78312492]
log likelihood =  -7374.16230137
Edge derivatives =  [6.016256482349471, 5.223996718624947, 1.7684347608125572, 11.001647786931958, -12.082624500941803, -10.889631098573325, 0.10669949273814791, -5.981703051480666, 6.339619721108205, -11.737074746802097, 2.7009941327895115, 3.9915211397732513]
other derivatives: [ 14.92726369 -10.31739885 -12.61350917  -8.42383088  -8.04957381
  -1.87110345]
Current x array =  [-0.62626022 -0.59167709 -0.93512237  0.92708248 -2.41472741 -2.77586575
  0.83516052 -1.40161829 -2.22925746 -3.08267364  1.17051211 -0.97287812
 -1.99149119 -1.05249309 -1.86709217  1.23325123 -1.66966073 -0.86264125]
log likelihood =  -7370.96772592
Edge derivatives =  [-4.250478004468, 3.3069624344411945, 0.37048297536038965, 10.813963376677135, -12.885166937851958, -8.84675477116272, 0.4969673038400897, -7.824934184419874, 8.927986539728249, -18.2647435290063, 4.672623781756795, 10.973834841069513]
other derivatives: [-65.729364    -5.45005605   1.34104994   2.4891051  -22.10563252
  -0.83200575]
Current x array =  [-0.59954592 -0.59300477 -0.94359121  0.86531128 -2.42337559 -3.03600381
  0.94800692 -1.32796922 -1.92977668 -2.51912153  1.21798834 -1.01124906
 -2.88293466 -0.98118364 -1.90490882  1.33941938 -1.79839343 -0.92157921]
log likelihood =  -7367.71511246
Edge derivatives =  [2.1066458813277635, 0.39122921104356795, -0.721464666653818, 8.252558697404979, -11.429101083054055, -7.561179101442067, 0.5490925305939643, -7.792730358025619, 7.880391046368883, -11.446534712973444, 4.741515544208727, 16.467743585176628]
other derivatives: [-12.63788363 -13.43787517   0.62991603  12.30237103  -7.00802048
  -0.61900209]
Current x array =  [-0.61641889 -0.59042499 -0.94262302  0.84670624 -2.42071266 -3.13885215
  0.92502412 -1.28709332 -1.77578134 -2.20584079  1.22433382 -1.06396607
 -3.40046002 -0.97727537 -1.89981816  1.28499322 -1.85010594 -0.99780931]
log likelihood =  -7365.6575856
Edge derivatives =  [4.087151810655166, -2.8160966741907263, -0.6147233005320751, 5.941290923287724, -5.298886959265974, -5.668810275673628, 0.6046151849966783, -6.3828832105256, 5.52820728694581, -3.762858794994601, 4.299137430945035, 15.73437674810987]
other derivatives: [ 12.78140189 -11.97849997  -0.79589881  15.67104846   8.16662578
  -0.65519998]
Current x array =  [-0.62488462 -0.59175148 -0.94112586  0.84350895 -2.42459654 -3.16572898
  0.92527335 -1.25486179 -1.73015882 -2.08544583  1.20383736 -1.1102726
 -3.53678613 -0.99711196 -1.86232279  1.21721043 -1.83744706 -1.00276471]
log likelihood =  -7363.68831385
Edge derivatives =  [1.1459584067201416, -7.901677424199172, -0.3451216806222095, 2.657563518236908, -0.9146654498256789, -3.908078767099762, 0.6338176482092798, -4.8459891990493045, 0.7300544550382995, 1.270574931513001, 2.3554480518416794, 9.48393075651474]
other derivatives: [ 22.1778464   -6.79256118  -4.22451194   3.79577614   9.15570126
  -0.79207894]
Current x array =  [-0.62796109 -0.59352292 -0.9394489   0.8570975  -2.41848484 -3.18705497
  0.9350634  -1.2222077  -1.71565685 -2.00450386  1.17141088 -1.17079248
 -3.54221366 -1.0389132  -1.79034258  1.15440333 -1.77827398 -0.96390165]
log likelihood =  -7362.60596423
Edge derivatives =  [2.9136849450070796, -6.5782400624481525, 1.1472443238433059, 2.017833159437364, 1.995425664255146, -1.2079574941538043, 0.7775184404656063, -1.0858986910352342, -1.7903663980869222, 4.1276736999271435, 0.8518455555951917, 2.4936356580959718]
other derivatives: [  4.79913069  -3.49500624   5.50635377   3.80032361  13.56911525
  -0.80981408]
Current x array =  [-0.62260093 -0.59473369 -0.94738738  0.86427543 -2.40436638 -3.1746933
  0.91001596 -1.25421952 -1.75382281 -2.03078912  1.14153482 -1.22391095
 -3.39763891 -1.09948208 -1.73973006  1.11066246 -1.70957157 -0.90448877]
log likelihood =  -7362.59670482
Edge derivatives =  [-2.8357588700136453, -4.710207326965495, 0.5352875810934918, -2.881919594862459, -1.4275793491869835, -0.5516088463971768, 0.5791958401850491, 0.11175226046257099, -3.1941647957328727, -2.58244342666325, -0.49744837882616094, -4.282839370562011]
other derivatives: [ -5.05997377  17.37435014 -23.18847692 -11.29674274  -8.88812792
  -0.6692062 ]
Current x array =  [-0.61834862 -0.60313279 -0.92376973  0.86805052 -2.38031616 -3.26404255
  0.91297237 -1.29511194 -1.6882361  -1.87199387  1.1264316  -1.28643013
 -3.57031059 -1.1359571  -1.73067507  1.15020507 -1.70468764 -0.86935921]
log likelihood =  -7362.23435257
Edge derivatives =  [0.08772547573847667, -5.637622657177179, 0.8669397454353893, -0.267572568650726, 0.3108793752661523, -0.8516848896892251, 0.6744206422138581, -0.47399770016503284, -2.4997012811332073, 0.8474423033568581, 0.20324719283050136, -0.8516295530250872]
other derivatives: [-0.12823875  6.86532076 -8.48676791 -3.50673872  2.62925823 -0.73596311]
Current x array =  [-0.62049384 -0.59889558 -0.93568445  0.86614605 -2.3924491  -3.2189673
  0.91148091 -1.27448238 -1.72132353 -1.95210349  1.13405093 -1.25489022
 -3.48320053 -1.11755604 -1.73524317  1.13025646 -1.70715151 -0.8870815 ]
log likelihood =  -7362.02938705
Edge derivatives =  [0.07441809880737438, -3.2502403312156627, 1.087659874127738, -0.02684601634198304, -1.377818838298988, -0.5403719367743461, 0.6709830958089332, 0.2744928203040736, -1.9569606314033339, -0.5743330344590922, 0.08381986615723647, -2.321906356166269]
other derivatives: [-3.75075615 -0.25765985 -0.13824319 -3.25517249 -1.50612323 -0.68093868]
Current x array =  [-0.61967429 -0.59529583 -0.94305836  0.86954581 -2.38049016 -3.21604977
  0.89803332 -1.3070036  -1.73142931 -1.9685844   1.12932426 -1.2653334
 -3.45167567 -1.13227552 -1.74228355  1.13255954 -1.70274707 -0.8774806 ]
log likelihood =  -7361.95764128
Edge derivatives =  [0.9732527389412288, -1.1057264305506005, 1.1857328418150497, 0.39324203114536227, -1.7379528914162443, -0.36698267197660944, 0.682786862219372, 0.6599680400703019, -1.0049041085447958, -1.1584707526067266, 0.3161745673357018, -1.9969550227580213]
other derivatives: [-2.0168045   4.45306796  1.55559974 -0.66183929 -1.03154889 -0.62855179]
Current x array =  [-0.62057488 -0.59761998 -0.94424416  0.87117554 -2.37461157 -3.21226891
  0.8858757  -1.33372532 -1.7359242  -1.98181867  1.12453814 -1.27036942
 -3.44160128 -1.13885891 -1.75657944  1.13230711 -1.70847163 -0.8821365 ]
log likelihood =  -7361.94999334
Edge derivatives =  [1.1846348254499923, 0.9714464093061579, 1.2027872334165044, 0.3060611454862462, -1.075456289004377, -0.13259311871166501, 0.6883011186111837, 0.9827723725763973, -0.10396370933952204, -0.9062386921833191, 0.49375672772658896, -1.0849032803534138]
other derivatives: [ -4.08772394 -12.4620783   -2.30593287   2.71475074   0.54396878
  -0.54697011]
Current x array =  [-0.61973177 -0.58986184 -0.94030928  0.87182772 -2.36733637 -3.21787143
  0.87818644 -1.35956925 -1.72677447 -1.9701391   1.11449503 -1.28332939
 -3.46113631 -1.14536453 -1.77067104  1.12350372 -1.7148348  -0.89445356]
log likelihood =  -7361.89988378
Edge derivatives =  [0.9600006200542324, 0.3335363302769255, 1.1041265252874897, 0.16045738730930365, -1.0268131184054372, -0.23087369468561142, 0.6832780298611123, 0.7675149021396152, -0.34893009020206256, -0.7104789360411279, 0.4254210255533627, -0.9959815682823163]
other derivatives: [ 0.33205652 -2.39379006  0.05356924  1.55923772  0.33933247 -0.56706995]
Current x array =  [-0.62139912 -0.59450299 -0.94261428  0.87257824 -2.36888282 -3.21853644
  0.88068535 -1.35258699 -1.72479664 -1.96639899  1.1153581  -1.28218902
 -3.46732943 -1.14307905 -1.76843306  1.12222147 -1.71516317 -0.89567935]
log likelihood =  -7361.88522123
Edge derivatives =  [0.6802602560516129, 0.21672758983646168, 1.08386341307073, 0.19866216760059105, -0.6275017744491936, -0.24358441764587924, 0.689699906192766, 0.6590770015942434, -0.4390021199080161, -0.37477573641760314, 0.32873331067426254, -0.914240200770873]
other derivatives: [ 2.0079824   0.06211849 -0.27794158  1.04610081  0.69367161 -0.57589205]
Current x array =  [-0.62202155 -0.59564715 -0.94237751  0.87446933 -2.36861873 -3.21650706
  0.8813619  -1.35282663 -1.72592369 -1.97037576  1.11222167 -1.283669
 -3.45821632 -1.14339151 -1.76827031  1.1175407  -1.7132974  -0.89771584]
log likelihood =  -7361.86430073
Edge derivatives =  [-0.002531980219849128, 0.22559194754133882, 0.9518353697246874, 0.11723819654056511, 0.0645860008652227, -0.3179426748989793, 0.6967972084923454, 0.3625119357446776, -0.47207198856413823, 0.32742055093749595, 0.13133787101722155, -0.40644193081919017]
other derivatives: [ 0.67238943  2.68109943 -0.14115358  0.04411049  0.91522452 -0.56852514]
Current x array =  [-0.62171674 -0.59675965 -0.94242706  0.8788121  -2.36578391 -3.21588743
  0.88122268 -1.35689574 -1.72258505 -1.97040548  1.10420706 -1.28977206
 -3.45264513 -1.14422002 -1.77113879  1.10576552 -1.71170066 -0.9066917 ]
log likelihood =  -7361.86042787
Edge derivatives =  [-0.8109841033498005, 0.4366075194248668, 0.8585976805941784, 0.10411167996478456, 0.3253680382087696, -0.34764671912564804, 0.7007674076120219, 0.15589842591085196, -0.5273076081706198, 0.5139841680269004, -0.16816828623908248, -0.39509483562313025]
other derivatives: [ 7.32316039 -0.43055479 -0.74542186 -1.22290658 -0.13333192 -0.56807039]
Current x array =  [-0.62403551 -0.59524476 -0.94222069  0.88311282 -2.3608205  -3.21534903
  0.87937355 -1.36401786 -1.72147231 -1.9761826   1.09597206 -1.29740027
 -3.43231546 -1.1472316  -1.77354418  1.09691369 -1.70655901 -0.91150623]
log likelihood =  -7361.84886693
Edge derivatives =  [-0.809584201353172, 0.4442304608110167, 0.8326978372018393, 0.16279150015284738, 0.2862730092770356, -0.3916621310295473, 0.701383199708384, 0.07865576735769347, -0.427353566836426, 0.49341159192212136, -0.1310884866977774, -0.1606736546358121]
other derivatives: [ 1.53258952  0.02746674 -0.33987817 -1.11358531 -0.21354936 -0.55897544]
Current x array =  [-0.62208905 -0.59538454 -0.94235425  0.88298763 -2.36074168 -3.21548911
  0.87931513 -1.36362152 -1.7204404  -1.97694926  1.0961573  -1.29672266
 -3.43221745 -1.1459135  -1.77510209  1.0973045  -1.70752202 -0.91337052]
log likelihood =  -7361.84310775
Edge derivatives =  [-0.8104449720205662, 0.4712055348570306, 0.8337189455166331, 0.22072831116428743, 0.20994669020227175, -0.38556413552367375, 0.7030197465067697, 0.06408087129733037, -0.37669712562751856, 0.3597559782676731, -0.1475853293774645, -0.13899265695953458]
other derivatives: [-1.1762495  -0.64565029 -0.12860255 -1.05956133 -0.52577889 -0.55460987]
Current x array =  [-0.62117405 -0.5950264  -0.94245069  0.88276002 -2.36008769 -3.21600057
  0.87865295 -1.36372658 -1.71992302 -1.97908926  1.09591599 -1.29726694
 -3.42626741 -1.14573019 -1.77578594  1.09824343 -1.70654618 -0.91338385]
log likelihood =  -7361.83238123
Edge derivatives =  [-0.8182275620001052, 0.48365354998056187, 0.841713114769116, 0.3336274307773761, 0.18297720383661964, -0.3337599487564056, 0.7095126414886519, 0.04460152911860108, -0.3136263822838606, 0.10631774792913357, -0.23453437242543163, -0.14185105101062995]
other derivatives: [-4.17758201 -1.77897164  0.13378667 -0.95278665 -1.06983862 -0.54615157]
Current x array =  [-0.62016542 -0.59443686 -0.94257235  0.88235911 -2.35843388 -3.2176456
  0.87696242 -1.36370017 -1.71830729 -1.9842093   1.09437409 -1.29990266
 -3.40889271 -1.14588512 -1.77676538  1.09953765 -1.70290673 -0.91320335]
log likelihood =  -7361.81158132
Edge derivatives =  [-0.6882208783678386, 0.38520363891303516, 0.8680854859988444, 0.5686935991919398, 0.4104432611559613, -0.17996312469334472, 0.7292491112601693, 0.013164389212858382, -0.2242798290640741, -0.23898501743814565, -0.43666962085666494, -0.06366053135352914]
other derivatives: [-7.0904207  -3.1844138   0.64137566 -0.41227395 -1.4680154  -0.53287295]
Current x array =  [-0.61919861 -0.59372952 -0.94284453  0.88119952 -2.35566355 -3.22154917
  0.87345718 -1.36184147 -1.71398011 -1.99488703  1.0905916  -1.30628382
 -3.36926091 -1.14605189 -1.7781581   1.10110288 -1.694253   -0.91327506]
log likelihood =  -7361.77806394
Edge derivatives =  [-0.2738813098450381, 0.07817644719423583, 0.8937176373929934, 0.908395129056586, 0.93042731188799, 0.10706792080294461, 0.7672964229712426, -0.03973623090372049, -0.11846251774841166, -0.6068933526365865, -0.8017330457842935, 0.16056783973997257]
other derivatives: [-8.25666575 -3.81951395  0.72004696  0.65656423 -1.47565515 -0.51431925]
Current x array =  [-0.6188135  -0.59341772 -0.94268897  0.87898198 -2.35184392 -3.22964868
  0.86729241 -1.35680385 -1.70419166 -2.01076951  1.0843975  -1.31835807
 -3.30067947 -1.14619309 -1.78011053  1.10229589 -1.67922734 -0.91414923]
log likelihood =  -7361.71878823
Edge derivatives =  [0.526300186629635, -0.36859865227694133, 0.6762053169590506, 1.1806121616144214, 0.2484015778305797, 0.3023730498013849, 0.8105813461858914, -0.2611685743949336, 0.0567992369869777, -1.112628762164011, -1.361858059725136, 0.25387574897987086]
other derivatives: [-8.1618964  -3.11028998 -0.31304808  0.16034392 -2.78341759 -0.47612048]
Current x array =  [-0.61882926 -0.59361148 -0.94177702  0.87908666 -2.34743731 -3.24762797
  0.85607538 -1.35129903 -1.68079155 -2.02768963  1.0817149  -1.33822237
 -3.19231529 -1.14691102 -1.78623286  1.10291842 -1.66151562 -0.91550205]
log likelihood =  -7361.91884412
Edge derivatives =  [7.04665438633941, -0.4014618741484947, 0.38574447421536867, 2.474013455344493, 4.9935265587023, 1.6177291936117635, 1.1318957391009306, 0.5007243457769728, 1.7073340736214022, 1.6016209329981725, -1.8180279434601772, 3.169462204294942]
other derivatives: [ -3.54975782  -7.84693839  16.51060302  12.78940545  14.21449269
  -0.28649083]
Current x array =  [-0.62079662 -0.59211559 -0.95528271  0.87080406 -2.35703185 -3.310392
  0.82804919 -1.33398104 -1.59473251 -2.06422323  1.07035903 -1.4000243
 -2.85944447 -1.14849067 -1.80927785  1.09223499 -1.62323433 -0.92766016]
log likelihood =  -7361.68086292
Edge derivatives =  [2.422379100773895, -0.37483127543880196, 0.6209505397474737, 1.5546389185012313, 1.6302488103904809, 0.7122669104729132, 0.8984324125017364, -0.035772136688038345, 0.5302291704577506, -0.3279227182412063, -1.481978712780612, 1.082435466893478]
other derivatives: [-6.87850843 -4.47198545  4.51873348  3.83952283  2.17032721 -0.4210051 ]
Current x array =  [-0.61938646 -0.59318781 -0.9456021   0.87674086 -2.35015468 -3.26540399
  0.84813781 -1.34639423 -1.65641793 -2.03803667  1.07849869 -1.3557259
 -3.09803967 -1.14735841 -1.79275966  1.09989266 -1.6506736  -0.91894547]
log likelihood =  -7361.60173077
Edge derivatives =  [3.033100568643207, -0.7283228627402762, 0.06606548534821846, 1.5946809599571867, 0.11129583800255893, 0.7153444085139674, 0.9290145702345227, -0.3013886126704653, 0.7054516926427354, -0.4023197146621641, -2.0637415452470598, 0.9509683921428129]
other derivatives: [-2.08838173 -1.7504135   1.64081939  1.48884283  0.33942342 -0.36852725]
Current x array =  [-0.62094791 -0.59426608 -0.94341347  0.88071298 -2.34739169 -3.29158587
  0.83702028 -1.34423001 -1.62094423 -2.0481175   1.07908356 -1.3812283
 -2.96767091 -1.15033688 -1.80199955  1.09523205 -1.63740733 -0.92080809]
log likelihood =  -7361.53247928
Edge derivatives =  [3.4324394351666925, -0.7916828721456823, -0.47467343324408384, 1.460182855488927, -1.2106461621019315, 0.6389482227306638, 0.9386121266196789, -0.2646388362860744, 0.8920270171127447, -0.06531681073908974, -2.1190329618357344, 0.6573640261592479]
other derivatives: [ 3.56531018  1.32358764 -0.49449227 -0.15543264  0.02764864 -0.3182322 ]
Current x array =  [-0.62278002 -0.59565078 -0.94191823  0.88373076 -2.35052509 -3.31596857
  0.83408258 -1.34344161 -1.58895621 -2.04446054  1.08551004 -1.39759354
 -2.87515258 -1.15304188 -1.80892032  1.09247945 -1.63810827 -0.91907236]
log likelihood =  -7361.45996981
Edge derivatives =  [3.135329747071186, -0.605175440228391, -1.047070356802812, 1.2216279265797505, -2.0420606387549896, 0.5374923892284226, 0.9349071785017282, -0.02439187834428845, 1.0636608516960613, 0.5900981031689493, -1.9155548800520543, 0.1934348203829928]
other derivatives: [ 8.44029273  2.43362592 -1.55632733 -1.61880962  0.29713192 -0.26011548]
Current x array =  [-0.62435236 -0.59614205 -0.94137967  0.88706796 -2.35600112 -3.34189377
  0.83786951 -1.34523499 -1.55639473 -2.034032    1.09178541 -1.41227774
 -2.78553566 -1.15695856 -1.81437191  1.08852027 -1.64594609 -0.91530861]
log likelihood =  -7361.36348585
Edge derivatives =  [1.845521270923757, -0.21774440275969847, -1.6809631615217706, 1.0208114891071725, -2.0400896462623415, 0.5360682230886473, 0.9084800898154547, 0.48936382181083754, 1.286779424864934, 1.2577747783151407, -1.5338445380125043, -0.39991137892763384]
other derivatives: [ 8.32251317  6.43303792 -1.3295903  -2.41716407  0.59835656 -0.17680577]
Current x array =  [-0.62426495 -0.59795367 -0.94173394  0.88871477 -2.36245778 -3.37676128
  0.84842378 -1.34792323 -1.5163793  -2.02263977  1.09452465 -1.43168708
 -2.65175086 -1.16235754 -1.81846128  1.08541313 -1.65650664 -0.90849836]
log likelihood =  -7361.57453357
Edge derivatives =  [-1.9750689831701895, 0.5311296918776587, -3.0295740312818906, 0.7781063567291538, -1.4802282285726251, 0.494812548230501, 0.6722498608731552, 1.396095096282854, 1.5663444861568956, 1.7702343464385126, -0.7393325988306344, -1.5046246552164564]
other derivatives: [  2.42001988e+01  -2.98641680e+01  -7.05531420e+00  -2.90492608e+00
  -4.71936801e-01  -1.09139364e-02]
Current x array =  [-0.6288105  -0.58144098 -0.93781786  0.8884279  -2.37140706 -3.45339071
  0.87361085 -1.35069776 -1.4359457  -2.00365512  1.09366143 -1.47379862
 -2.33180768 -1.17056028 -1.82139484  1.084427   -1.67659733 -0.89473854]
log likelihood =  -7361.32043588
Edge derivatives =  [0.7481162665194238, 0.0029087036635939145, -2.043076801951006, 0.9506541212984836, -1.8487637102107666, 0.5418989215418134, 0.8658136231896443, 0.761597400360229, 1.3697244499738044, 1.4244349009884243, -1.2949156496113645, -0.72012409425407]
other derivatives: [ 12.98913048  -3.9821316   -2.98614395  -2.47846401   0.39972292
  -0.12705641]
Current x array =  [-0.62559551 -0.59312015 -0.94058764  0.8886308  -2.36507737 -3.39919192
  0.85579643 -1.34873538 -1.49283512 -2.01708266  1.09427197 -1.44401379
 -2.55809847 -1.16475861 -1.81931998  1.08512448 -1.6623875  -0.90447065]
log likelihood =  -7361.23480202
Edge derivatives =  [-1.081486055339165, 0.3532516943504659, -2.229228947754895, 0.9299500424144704, -0.6985784901238521, 0.680658323369504, 0.8038938168319172, 1.272434869894013, 1.455894214372903, 1.5731816077607084, -0.8618872355107968, -1.0186674409266006]
other derivatives: [ 4.24424798 -0.53059921 -1.475928   -1.67656253  0.43655746 -0.06320988]
Current x array =  [-0.62260629 -0.59464034 -0.94157215  0.88621359 -2.36858323 -3.42182363
  0.8691242  -1.3499888  -1.47247981 -2.01035519  1.09056867 -1.45462549
 -2.45936746 -1.1672505  -1.81699437  1.08655943 -1.67134713 -0.89841418]
log likelihood =  -7361.18798536
Edge derivatives =  [-2.356509338224759, 0.514995599789553, -1.8873671740854743, 1.032536716479722, 0.6697602841912573, 0.8946698533328423, 0.7807740289696604, 1.50615391560354, 1.3478504387774168, 1.1297400001853255, -0.5597576444281973, -0.9850818705787991]
other derivatives: [-0.61281753 -0.17762432  0.3094101   0.07385097  0.27766873 -0.04802132]
Current x array =  [-0.62098747 -0.59483856 -0.94282098  0.88170584 -2.36808531 -3.42385253
  0.87777047 -1.34976266 -1.47881526 -2.00953406  1.08445692 -1.45200092
 -2.43710815 -1.16559256 -1.81000471  1.09221558 -1.67609668 -0.89559803]
log likelihood =  -7361.14816936
Edge derivatives =  [-2.582530347228732, 0.34061033690926285, -1.8638131635137687, 1.20620016275198, 1.0746242963326613, 1.0706295624550402, 0.7069810678554489, 1.4114118943419327, 1.254683585748027, 0.37015529212637027, -0.5759364527549196, -0.7961961604146813]
other derivatives: [-7.4250238  -1.69484338  0.89485184  0.76743163 -0.79726306 -0.0167347 ]
Current x array =  [-0.61863915 -0.59402351 -0.94305059  0.87846163 -2.36591205 -3.4377995
  0.87596887 -1.34612201 -1.47155368 -2.01504259  1.07954449 -1.46006939
 -2.35022526 -1.162409   -1.8057179   1.09857383 -1.67274385 -0.89527871]
log likelihood =  -7361.08488509
Edge derivatives =  [-3.035800836814257, 0.23097824905396602, -1.2722486480054433, 1.2783650222786787, 2.4536910001681393, 1.3918444279026412, 0.6688715191133204, 1.2802007032750575, 0.7766119685104211, -0.8389287034375259, -0.20263251992513343, -0.5299425233290602]
other derivatives: [-6.00130079 -1.5450496   1.84290911  2.88100637 -0.94041752 -0.01737135]
Current x array =  [-0.61906131 -0.59424499 -0.94376216  0.87190016 -2.36516554 -3.44093531
  0.87936671 -1.34284692 -1.48855842 -2.01214571  1.07347287 -1.45210621
 -2.31119998 -1.15380144 -1.79028356  1.11246222 -1.68034449 -0.89390218]
log likelihood =  -7360.97627503
Edge derivatives =  [-0.9052239499821965, -0.5261179368901564, -1.0191477760302508, 0.902887194743263, 1.6851782930056354, 1.5005583138338083, 0.48744847189936075, 0.09165891654391917, -0.40958987279723114, -2.334696214587637, 0.13541410902520257, -0.24395225961861924]
other derivatives: [ -1.75283276e+01  -5.61785782e+00   5.20412868e-01   9.85710358e-01
  -1.38252290e+00   8.27640179e-03]
Current x array =  [-0.61489872 -0.59214185 -0.94256447  0.87189797 -2.36988116 -3.4701125
  0.8655944  -1.33619836 -1.49810529 -1.99478569  1.07851939 -1.4463943
 -2.1523601  -1.13339587 -1.76488746  1.13120942 -1.69681916 -0.89591441]
log likelihood =  -7360.88352168
Edge derivatives =  [-0.09405216369159086, -0.47037239778432915, -0.9497238669234593, 0.5379480127520084, 1.5300602468828335, 1.5161906024225593, 0.4288336521657162, -0.14264546834529174, -0.8421471001731681, -2.174317704403904, 0.5564588907328102, -0.18229344487120624]
other derivatives: [-6.01494321 -2.50902303  2.22798917  0.98279997  0.38307917  0.01437002]
Current x array =  [-0.61871492 -0.59379129 -0.94454809  0.87196666 -2.37642962 -3.48402488
  0.86541046 -1.33699562 -1.50127831 -1.97598392  1.08482326 -1.43958958
 -2.10023668 -1.12631803 -1.75468772  1.13493153 -1.71324215 -0.89539199]
log likelihood =  -7360.8525543
Edge derivatives =  [0.773286926826245, -0.4842783774343448, -1.0000595596063062, 0.20638998994544247, 0.5534818536163393, 1.351336593554194, 0.45546518479164155, -0.4394947105750482, -1.0705985965798168, -1.6868816554270527, 0.6451840436454849, -0.19901542982559928]
other derivatives: [  6.59019861e-01  -9.10404196e-02   1.24391590e+00  -2.73394107e-01
   1.15114744e+00   1.00044417e-03]
Current x array =  [-0.62093631 -0.59499425 -0.94405783  0.87478841 -2.37994313 -3.48575673
  0.86222361 -1.33889214 -1.50721664 -1.96367012  1.09239306 -1.43160653
 -2.10632197 -1.12298947 -1.75198953  1.13202359 -1.72140368 -0.8970287 ]
log likelihood =  -7360.84073187
Edge derivatives =  [0.5673320445833748, -0.46453442167380793, -1.0891664111724513, 0.10401257161173438, 0.04566192649705314, 1.2933777499119958, 0.37870557711010794, -0.5185651437196996, -1.120756598905203, -1.5920034010330133, 0.6673642000234219, -0.24540497043095327]
other derivatives: [ 2.16205081  0.80326572 -0.13369572 -0.89721652  0.45884008  0.01355147]
Current x array =  [-0.62139163 -0.59539695 -0.9429772   0.87506236 -2.38040019 -3.49288686
  0.86253059 -1.33947812 -1.50462188 -1.95974547  1.09425236 -1.43161104
 -2.074124   -1.12213831 -1.75137759  1.13035602 -1.7236083  -0.89703481]
log likelihood =  -7360.80750107
Edge derivatives =  [0.648124257023489, -0.274973182833987, -0.995243740604403, -0.07201699182619026, -1.0808933679545345, 1.1405866229702126, 0.33999876841691584, -0.705513799332898, -1.1228760593566185, -0.9296158434567204, 0.6695916697680786, -0.03887556720765834]
other derivatives: [ 4.2829015   1.17443051 -2.22726158 -1.00008037  0.04683898  0.02182787]
Current x array =  [-0.62207501 -0.59564216 -0.94120989  0.87452332 -2.38003984 -3.49500913
  0.86111256 -1.34210403 -1.51707965 -1.9516009   1.09943757 -1.41939368
 -2.06082087 -1.11963654 -1.75102148  1.12244203 -1.72575046 -0.89976469]
log likelihood =  -7360.75421671
Edge derivatives =  [-0.12592080037050724, -0.003356154675174361, -0.8961573878338751, -0.20217397246767424, -2.201771681573338, 0.9066636981465189, 0.1005771564572045, -0.9178948169816808, -1.0045134209726772, -0.0955853224363109, 0.5500890720713779, 0.2473640926721387]
other derivatives: [ 4.18240234  2.47291609 -1.97969712 -0.87047738 -1.68674887  0.06366463]
Current x array =  [-0.62211561 -0.59626241 -0.94139995  0.87224817 -2.37730422 -3.50835062
  0.86106987 -1.34477335 -1.53265219 -1.94479226  1.10106554 -1.40325458
 -1.97181849 -1.11681531 -1.7518843   1.10925712 -1.72272728 -0.90267437]
log likelihood =  -7360.738607
Edge derivatives =  [0.0008258190195685744, 0.7091146733580592, -0.19128011349391377, -0.38186807699919967, 0.024875206252002235, 0.3264660709821655, 0.2248488759330839, -0.7696165953246007, -0.6465646293045766, 2.11802166509423, 0.4825544759678196, 0.6380362749388256]
other derivatives: [ 0.78816811 -3.15385478 -8.96352503  2.53676262  3.61142156  0.05402399]
Current x array =  [-0.62078904 -0.59411773 -0.9345686   0.86908462 -2.37883458 -3.49788826
  0.86427409 -1.35106818 -1.59782192 -1.93234713  1.09334834 -1.34787635
 -1.973912   -1.11656439 -1.75527514  1.08845771 -1.71808592 -0.90567852]
log likelihood =  -7360.6740801
Edge derivatives =  [-0.7909370036342916, 0.3160935910675288, -0.3723485366158865, -0.31777583365926787, -0.8060860726059376, 0.21709978064692673, 0.07895539605064616, -0.9720775246596831, -0.6741181825616142, 1.2441697274504906, 0.15214811945590923, 0.3926862515195654]
other derivatives: [-1.38061296  1.90548235 -1.82144504  0.37171048 -0.43710315  0.05766196]
Current x array =  [-0.62040494 -0.59615496 -0.94102073  0.87088039 -2.37315824 -3.50031198
  0.86169725 -1.34850114 -1.59327879 -1.94097793  1.09046794 -1.35320157
 -1.9486026  -1.11798829 -1.75796816  1.09078217 -1.71014872 -0.90554095]
log likelihood =  -7360.65838548
Edge derivatives =  [-0.8388066571016876, 0.07697423425200683, -0.40013792633238715, -0.1584964269048749, -0.31880992932071817, 0.2038186217197667, 0.0209859932395728, -0.9550262288565559, -0.604341849261237, 0.6706609154597338, -0.08447214544914394, 0.27564665530791244]
other derivatives: [ 0.04583853 -1.9822437   0.59208105  0.13778845 -1.16679075  0.05675247]
Current x array =  [-0.62094326 -0.59427607 -0.94323872  0.87153072 -2.37038281 -3.50058347
  0.8586367  -1.34583479 -1.59258118 -1.95024241  1.08473951 -1.35601858
 -1.9305228  -1.12029711 -1.76096019  1.0939483  -1.70187484 -0.90502526]
log likelihood =  -7360.64868609
Edge derivatives =  [-0.5211855342522628, -0.07537665964307455, -0.3033150115748523, -0.0613174211549731, 0.5720075085819455, 0.10758948796931023, 0.0731787618134281, -0.8539700463317248, -0.5057368453880479, 0.4320838936836544, -0.28348153863766573, 0.18828313775676403]
other derivatives: [-1.95468601  0.66729626  1.46292223  0.25574991 -0.47448339  0.04001777]
Current x array =  [-0.62037213 -0.59550726 -0.94383682  0.87233597 -2.36911763 -3.49462737
  0.8555772  -1.34441205 -1.60371368 -1.95658053  1.07901527 -1.34943211
 -1.94078002 -1.1232341  -1.76430656  1.09546433 -1.69497375 -0.90480905]
log likelihood =  -7360.64266691
Edge derivatives =  [-0.22046393229057515, -0.10890767338193386, -0.23464465040415314, -0.07845665677507233, 0.7420301739555393, -0.012339546361092024, 0.08149053291772625, -0.8011195019833307, -0.4689376569635171, 0.42062065652098524, -0.35648214893271735, 0.13881274495899482]
other derivatives: [-0.76870492  0.01191438  0.75688149  0.19035724 -0.03647074  0.03328751]
Current x array =  [-0.62076044 -0.59524109 -0.9432333   0.87308747 -2.36902308 -3.49284202
  0.85324453 -1.34437638 -1.61345508 -1.95696869  1.077792   -1.34221268
 -1.93886994 -1.12478624 -1.76597923  1.09518708 -1.69301904 -0.90500898]
log likelihood =  -7360.63649483
Edge derivatives =  [0.33669946641279114, -0.12811618376755474, -0.1403870101959022, -0.12992077313835831, 0.6953902999152244, -0.10942052160818036, 0.049246119351151425, -0.6236935645480841, -0.4361772860193964, 0.2878297164324265, -0.333152291747485, 0.06136897623453636]
other derivatives: [ 0.11596057 -0.27248461 -0.15297701  0.07121344  0.55151759  0.03610694]
Current x array =  [-0.62102857 -0.59514632 -0.94246756  0.87420625 -2.37020572 -3.49441795
  0.84972067 -1.34437582 -1.6235882  -1.95519882  1.07837029 -1.33454597
 -1.9210612  -1.12736627 -1.76751602  1.09695963 -1.69379263 -0.90475593]
log likelihood =  -7360.63267484
Edge derivatives =  [0.2726020069068421, -0.08870080345737608, -0.05665440507806163, -0.0978984594322757, 0.3017636555688966, -0.09552979651309931, 0.02242611237142779, -0.349064820578245, -0.3406253816369097, 0.001133498620591089, -0.2686627590397703, 0.0036804612973849113]
other derivatives: [ 1.08284439  0.04065441 -0.92213668  0.08467396 -0.04365575  0.04147296]
Current x array =  [-0.62135002 -0.5952993  -0.94184277  0.87423223 -2.36984922 -3.49367467
  0.84932214 -1.34462925 -1.62867767 -1.95598903  1.07974439 -1.33196662
 -1.91871552 -1.13088704 -1.7697242   1.09923923 -1.69476568 -0.90428878]
log likelihood =  -7360.6306935
Edge derivatives =  [0.2509691918255569, -0.03029970050417341, 0.005163953288937845, -0.06857110966161406, -0.021509020690474445, -0.04361970413863206, -0.007856209098301828, -0.04068852296713086, -0.22963786690923474, -0.18719684594154412, -0.1515903942865509, -0.05982041417189762]
other derivatives: [-1.31112756 -0.5585207  -0.90776666  0.0766704  -0.2662091   0.05375114]
Current x array =  [-0.62053929 -0.5949796  -0.94181357  0.87485681 -2.37067665 -3.49466878
  0.84959409 -1.34495314 -1.63005283 -1.95607172  1.08171723 -1.33178278
 -1.91180038 -1.13449277 -1.77199897  1.10160567 -1.69712539 -0.90349728]
log likelihood =  -7360.62942546
Edge derivatives =  [0.141510696525459, 0.030540063048148658, 0.02232432856828634, -0.050511918192436944, -0.1268036245234554, 0.01213397130451091, -0.008269073951317957, 0.07680457652543847, -0.18072455073627308, -0.17560064941402814, -0.07943312103578715, -0.04552776732661799]
other derivatives: [ 0.08321877  0.19344952 -0.29840521  0.27048372 -0.24692781  0.05775291]
Current x array =  [-0.62104148 -0.59535255 -0.94239558  0.87476549 -2.37119361 -3.49471589
  0.85087046 -1.34532732 -1.62886338 -1.95591014  1.08282386 -1.33298003
 -1.91339056 -1.13549544 -1.77264796  1.10195331 -1.69868943 -0.90326487]
log likelihood =  -7360.62904284
Edge derivatives =  [0.08478235826551173, 0.041248834051651695, 0.017556787740568097, -0.05057102992048142, -0.07710696777044146, 0.01539308660765984, 0.0035859028880976945, 0.07990455562800305, -0.17082100405229342, -0.11545713860148238, -0.06632155109269428, -0.04571363209247553]
other derivatives: [ 0.04138201  0.17698767  0.05811671  0.26329872 -0.1281478   0.05657057]
Current x array =  [-0.62104056 -0.59534414 -0.94271243  0.87498986 -2.37149158 -3.49419228
  0.85162192 -1.34546417 -1.62837972 -1.95584132  1.08290223 -1.33330083
 -1.91698916 -1.13550392 -1.7728585   1.10163272 -1.69914221 -0.90324569]
log likelihood =  -7360.62867359
Edge derivatives =  [-0.04562632987940152, 0.02022732850242087, 0.0016218066941765807, -0.05838733985490559, -0.052442323338639296, -0.011582119654426265, 0.010980135319335067, 0.06579569813432806, -0.15562119218728235, -0.0764243524491548, -0.06747823415716314, -0.08055210702016537]
other derivatives: [-0.03483365  0.12778401  0.23810571 -0.02955858 -0.16098056  0.05557013]
Current x array =  [-0.62102673 -0.59530304 -0.94290698  0.87579876 -2.3718052  -3.49337265
  0.85256326 -1.34552664 -1.62859326 -1.95607265  1.0828315  -1.33314823
 -1.92044298 -1.13574065 -1.77374667  1.1012528  -1.69964675 -0.90326831]
log likelihood =  -7360.62844581
Edge derivatives =  [-0.023903780370452377, 0.03091364869628882, 0.014787822148363466, -0.041845533356118084, 0.04630604768188862, -0.017684117048668485, 0.01917844422922378, 0.07750912843460647, -0.10129997890731443, -0.005360958535341354, -0.050757012870355, -0.04302236877505439]
other derivatives: [-0.09949872 -0.12623786  0.26857379  0.06039045  0.14897523  0.05466063]
Current x array =  [-0.62100949 -0.59519699 -0.94291751  0.87612037 -2.37222077 -3.49271472
  0.85280834 -1.34551092 -1.62970646 -1.95642278  1.08267765 -1.33241986
 -1.92118169 -1.1358714  -1.77496998  1.10084695 -1.70006079 -0.90359493]
log likelihood =  -7360.62823865
Edge derivatives =  [-0.07784733495264451, 0.010909983173836013, 0.009407556047253962, -0.02441057683382425, 0.04990765020244592, -0.028444019815807353, 0.015008230628875192, 0.05539871932625795, -0.057495498554018476, -0.004637959540716496, -0.05432029802141114, -0.025392487558756026]
other derivatives: [-0.05329639 -0.10522854  0.09213181 -0.04238245  0.10559233  0.05502443]
Current x array =  [-0.62102701 -0.59520033 -0.94276969  0.87648462 -2.37218817 -3.49226228
  0.85292008 -1.34530886 -1.62998198 -1.95726807  1.08242094 -1.33242816
 -1.92041314 -1.13585081 -1.77626359  1.10059814 -1.70015602 -0.90393701]
log likelihood =  -7360.62806478
Edge derivatives =  [-0.07294152333109294, -0.002688431229891708, 0.006553573564409859, 0.001952559775110746, 0.0217053665630359, -0.027051224868408108, 0.007971059576543489, 0.021492501151100657, -0.0021392964315832264, -0.004871111394444183, -0.05127580925445108, 0.014958630773767231]
other derivatives: [-0.01155058 -0.05466063 -0.06439222 -0.03356035  0.0689397   0.05557013]
Current x array =  [-0.62104419 -0.59522241 -0.94262603  0.87659163 -2.37197972 -3.49187219
  0.85254788 -1.34503603 -1.62992365 -1.95820665  1.08224298 -1.33274562
 -1.91834182 -1.13552955 -1.77763496  1.10028148 -1.70034864 -0.90437369]
log likelihood =  -7360.62797481
Edge derivatives =  [-0.046398413287770945, -0.012006212424236051, 0.00027005856463308, 0.013725154119449606, -0.029349710934937545, -0.02049266924814644, 0.003201081316344244, -0.009616997304454485, 0.023365909844110133, -0.012140925371330769, -0.04263463845694082, 0.022673804290998432]
other derivatives: [ 0.07767085 -0.13706085 -0.03574314 -0.03110472 -0.00509317  0.05629772]
Current x array =  [-0.62107825 -0.59518032 -0.94265174  0.87660069 -2.37170592 -3.49149472
  0.85205657 -1.3448883  -1.62936899 -1.95864284  1.08220588 -1.33336712
 -1.91712279 -1.13517347 -1.7782919   1.10006388 -1.70079523 -0.90449445]
log likelihood =  -7360.62828051
Edge derivatives =  [0.05341897639568438, -0.02232255116489329, -0.007178614034130337, 0.029476527152078894, -0.030585710025267998, -0.004545792215956773, 0.004827003123128268, -0.06934864349721281, 0.06528748647360944, 0.030719394225272922, -0.018837940295400035, 0.03836613397867604]
other derivatives: [-0.58307705  1.11167537  0.05948095  0.02801244  0.07266863  0.05593392]
Current x array =  [-0.620881   -0.5957571  -0.94268638  0.876592   -2.37140993 -3.4903015
  0.85111502 -1.34472833 -1.62856159 -1.95914479  1.08191705 -1.3343091
 -1.91646279 -1.1343667  -1.77929492  1.09933419 -1.70189197 -0.90466677]
log likelihood =  -7360.6279472
Edge derivatives =  [-0.024092182224656256, -0.014308908780726382, -0.0013913237574808002, 0.017244802686741237, -0.02962451370420005, -0.016927045297056575, 0.003564163747074682, -0.02295265692068449, 0.03273574724074846, -0.0025636135767085344, -0.037313618141203264, 0.026181463178255843]
other derivatives: [-0.06984919  0.14242687 -0.01464286 -0.01818989  0.01255103  0.05611582]
Current x array =  [-0.62103418 -0.59530918 -0.94265948  0.87659875 -2.37163979 -3.49122813
  0.85184621 -1.34485256 -1.6291886  -1.95875498  1.08214135 -1.33357757
 -1.91697534 -1.13499322 -1.778516    1.09990086 -1.70104027 -0.90453295]
log likelihood =  -7360.62791246
Edge derivatives =  [0.005360502033078474, -0.01444622174431398, -0.003372494800213288, 0.01793603643321695, -0.05083446359014221, -0.010670905631979422, 0.0034679879484369597, -0.03353462814773742, 0.035036755264692576, -0.0035918065520614273, -0.028628991050590913, 0.018572892120778367]
other derivatives: [ 0.00145519  0.07112249  0.04538379  0.00291038 -0.00482032  0.05620677]
Current x array =  [-0.62106026 -0.59527562 -0.94271335  0.87654697 -2.37149558 -3.49094165
  0.85154303 -1.34484708 -1.62884111 -1.95875727  1.0821438  -1.3339306
 -1.9169083  -1.13482722 -1.77856746  1.0998069  -1.70139956 -0.90446726]
log likelihood =  -7360.62787173
Edge derivatives =  [0.026424207064643546, -0.011771542909338073, -0.004768262292952408, 0.015176616008633403, -0.0556706682915139, -0.0028710923407854194, 0.00537110742229481, -0.03557919392808727, 0.03213133148743347, -8.633495374960054e-05, -0.014568870575154658, 0.00032962193652124466]
other derivatives: [ 0.06721166  0.02701199  0.0595719   0.01991793 -0.00090949  0.05466063]
Current x array =  [-0.62108352 -0.59525604 -0.94272543  0.87652388 -2.37138243 -3.49044128
  0.85133378 -1.34491352 -1.62846659 -1.95864179  1.08209143 -1.33432817
 -1.91742778 -1.13476745 -1.77852178  1.09969262 -1.70194628 -0.90432206]
log likelihood =  -7360.62780897
Edge derivatives =  [0.03338492907312118, -0.009202076515785917, -0.005539035186480246, 0.009774624818467761, -0.042529039636653665, 0.005468716809961471, 0.008032997178519873, -0.029828761279213793, 0.027587332702557033, 0.0003348927841344551, 0.010745938780688025, -0.031284518767795734]
other derivatives: [-0.07539711 -0.08412826  0.10641088  0.02046363 -0.01582521  0.05311449]
Current x array =  [-0.62103838 -0.59519934 -0.94276155  0.87658205 -2.37114964 -3.48926588
  0.85108465 -1.34506912 -1.62813971 -1.95845917  1.08181016 -1.33482632
 -1.91831733 -1.13485684 -1.77852311  1.09947864 -1.70295707 -0.90414094]
log likelihood =  -7360.62781935
Edge derivatives =  [0.02660119120483062, -0.0032792517728079673, -0.005464076889199171, -0.0023299607930835076, 0.03394978507670843, 0.013942172728436203, 0.015128887224124865, -0.009227088199542759, 0.015073694595330422, 0.0167257676453913, 0.04748866113106151, -0.07271020579425999]
other derivatives: [ 0.54424163  0.11150405  0.07858034  0.02391971  0.06493792  0.05047696]
Current x array =  [-0.62125406 -0.59529831 -0.94275217  0.87675443 -2.37097683 -3.48725322
  0.85098189 -1.34538627 -1.62799926 -1.95809127  1.08123196 -1.33528543
 -1.9202558  -1.13518883 -1.77847906  1.09909301 -1.70444681 -0.90396582]
log likelihood =  -7360.62777799
Edge derivatives =  [0.030231788152649153, -0.006446853052121337, -0.005503506828103966, 0.004146130861649389, -0.00696165569493401, 0.009410672729780967, 0.011335573446507374, -0.020247035485670334, 0.021768013175531398, 0.007958177337675232, 0.027843454892452407, -0.05054951419585936]
other derivatives: [ 0.21427695  0.00736691  0.09476935  0.02282832  0.02373781  0.05320544]
Current x array =  [-0.62113868 -0.59524537 -0.94275719  0.87666221 -2.37106927 -3.48832988
  0.85103686 -1.34521662 -1.62807439 -1.95828808  1.08154127 -1.33503983
 -1.91921883 -1.13501124 -1.77850262  1.0992993  -1.70364988 -0.9040595 ]
log likelihood =  -7360.62774008
Edge derivatives =  [0.01642659299213367, -0.005316080507756504, -0.0034167866486981002, 0.0024319725784894275, 0.023163069152130733, 0.010122338040096657, 0.012129332516932566, -0.009071784285420166, 0.020440474173307466, 0.007053428060032951, 0.039212012394988366, -0.0570576802814469]
other derivatives: [ 0.05647962 -0.02391971  0.03592504  0.01982698  0.03010427  0.05247784]
Current x array =  [-0.62108573 -0.59522832 -0.94269806  0.8767361  -2.37096899 -3.48757009
  0.85100897 -1.34531831 -1.62821732 -1.9582288   1.08126048 -1.33508001
 -1.91945157 -1.13520315 -1.77855348  1.09918554 -1.70408801 -0.90408895]
log likelihood =  -7360.62770714
Edge derivatives =  [-0.012170366872502947, -0.006850849394270275, -0.0012289934192320218, 0.0024424882076625742, 0.05099360448504475, 0.006015405312548322, 0.011151975036099285, 0.0022595723541266946, 0.0208057774680378, 0.0015207206171774512, 0.043922020093199454, -0.04963215623739551]
other derivatives: [-0.06866685 -0.01437002 -0.03692548  0.0007276   0.0172804   0.0518412 ]
Current x array =  [-0.6210443  -0.59522983 -0.9426297   0.87684318 -2.37087869 -3.48684732
  0.85104924 -1.34539946 -1.62858001 -1.95825421  1.0809681  -1.33493286
 -1.91929512 -1.1354477  -1.77866839  1.09909327 -1.70429969 -0.90427083]
log likelihood =  -7360.62767675
Edge derivatives =  [-0.03571939215959141, -0.008719031187832849, 0.0002730917546880096, 0.002728200002242248, 0.061096890836131346, 0.0011215816511651877, 0.009305015154713853, 0.010451023401644721, 0.020080513598234262, -0.006206695933882567, 0.04520510109782233, -0.03422803250001089]
other derivatives: [-0.11041266  0.01400622 -0.06548362 -0.01891749 -0.01191438  0.05156835]
Current x array =  [-0.62103244 -0.59524013 -0.94260399  0.87693302 -2.37077474 -3.48613396
  0.85104209 -1.34547479 -1.62894188 -1.95828639  1.08075838 -1.33476775
 -1.91896435 -1.13565834 -1.77874818  1.09901092 -1.70439873 -0.90452419]
log likelihood =  -7360.62761066
Edge derivatives =  [-0.0385325593785214, -0.004341210616018332, 0.007472702200868708, 0.007829843462712732, 0.09281271767075883, -0.002612291699435637, 0.007816728972412666, 0.030474899388473337, 0.023786500988544845, -0.001510834510014658, 0.051686175216488245, 0.019127183734510382]
other derivatives: [-0.14724719  0.0091859  -0.06275513  0.01791705  0.03346941  0.05002221]
Current x array =  [-0.62102566 -0.59523741 -0.9425949   0.87708181 -2.37062141 -3.48415419
  0.85083886 -1.3456776  -1.62969313 -1.95837349  1.08037513 -1.33448912
 -1.91816534 -1.13606898 -1.77893642  1.0987255  -1.70462494 -0.90519757]
log likelihood =  -7360.62780114
Edge derivatives =  [-0.14766522115584002, -0.03984371099623146, -0.011263429285790327, -0.020537720005724597, -0.1487865904113952, -0.043392088937990264, -0.010832394779766906, 0.008177400393184903, -0.02673130423204481, -0.09134268943596419, 0.037231730824368287, 0.04044565675967266]
other derivatives: [ 0.06612026  0.28003342 -0.30595402 -0.44337867 -0.61199898  0.04438334]
Current x array =  [-0.62110659 -0.5953221  -0.9424384   0.87778411 -2.36951336 -3.47841641
  0.84994567 -1.34628187 -1.63086429 -1.95821854  1.08009278 -1.33434973
 -1.91673136 -1.13679663 -1.7788396   1.09807143 -1.70537329 -0.90643646]
log likelihood =  -7360.62757053
Edge derivatives =  [-0.07057380983989825, -0.014759294914826582, 0.0019745918502939996, -0.0004920760683280873, 0.02188280949354604, -0.01457416747480575, 0.002346664866260284, 0.023934169068742475, 0.008962387100714952, -0.02788112244151647, 0.047444607821039986, 0.025394354555853815]
other derivatives: [-0.0853106   0.08767529 -0.13469617 -0.11741577 -0.15761543  0.04774847]
Current x array =  [-0.62104943 -0.59526228 -0.94254895  0.87728802 -2.37029606 -3.48246944
  0.8505766  -1.34585503 -1.63003701 -1.958328    1.08029222 -1.33444819
 -1.91774429 -1.13628263 -1.77890799  1.09853345 -1.70484467 -0.90556134]
log likelihood =  -7360.62750332
Edge derivatives =  [-0.0330356843544275, -0.006546844751200709, 0.007459849755752229, 0.0025717349538294243, 0.02056487286877806, -0.012575762401800139, 0.0026343465339626684, 0.0323375222166758, 0.009402786289146425, -0.013139421517364303, 0.04932923425617283, 0.06465591136842552]
other derivatives: [-0.04429239  0.04547474 -0.0606633  -0.06248229 -0.09040377  0.04747562]
Current x array =  [-0.6210672  -0.59524448 -0.94260665  0.877336   -2.37024031 -3.4808696
  0.85027171 -1.34602349 -1.63039697 -1.95833865  1.08024294 -1.33437581
 -1.91721269 -1.13644654 -1.77891484  1.09830636 -1.70488148 -0.90599873]
log likelihood =  -7360.62742048
Edge derivatives =  [0.0445635653211196, 0.007616542344862309, 0.013638723711142303, 0.001502079693724262, -0.009336046702816181, -0.006129869740416266, 0.003955206388591842, 0.03389559284166572, 0.0035137186080368976, 0.013160168062964439, 0.050098977694170155, 0.09887219938336671]
other derivatives: [ 0.03428795  0.03083187  0.03174137 -0.00336513 -0.01055014  0.04483809]
Current x array =  [-0.62109821 -0.59524051 -0.94268231  0.8773804  -2.37014214 -3.47799084
  0.84968032 -1.34632523 -1.63069755 -1.95824975  1.08031964 -1.33448514
 -1.91667029 -1.13654607 -1.77878358  1.09792327 -1.70496253 -0.90642895]
log likelihood =  -7360.62736003
Edge derivatives =  [0.07935094199812553, 0.017033436856694895, 0.016958159817059837, -0.0032033979459036577, -0.02594204128030697, -0.003903538974213472, 0.0045220683259280595, 0.026896707708974184, -0.003346435696092276, 0.02879378844542857, 0.04135990847774057, 0.09556049112743348]
other derivatives: [ 0.17598722 -0.19272193  0.03547029  0.00509317  0.01937224  0.0421096 ]
Current x array =  [-0.62114201 -0.59513905 -0.94269172  0.87739097 -2.37012825 -3.4759806
  0.849454   -1.34650582 -1.63089227 -1.95816927  1.08041014 -1.33451774
 -1.91630482 -1.13651719 -1.77862828  1.09774084 -1.70474013 -0.90645158]
log likelihood =  -7360.6272528
Edge derivatives =  [0.13517523533864317, 0.03351857013166404, 0.022059689576115732, -0.013880998857890098, -0.05064838155300644, 0.002543097847291148, 0.006293197480043672, 0.009986632626806866, -0.015747956162095317, 0.058234374356673224, 0.02299442072813873, 0.07043204036481282]
other derivatives: [ 0.18244464 -0.13023964  0.09713403  0.0084583   0.06630216  0.03756213]
Current x array =  [-0.62114214 -0.59516911 -0.94274642  0.87735718 -2.37016522 -3.47258273
  0.84916889 -1.34679145 -1.63109172 -1.95799291  1.08062183 -1.33463187
 -1.91589672 -1.13635717 -1.77830067  1.09747727 -1.70424811 -0.90625126]
log likelihood =  -7360.62708087
Edge derivatives =  [0.12287623431041761, 0.06178802076228779, 0.0359331176533082, -0.02887005110779861, -0.0487549832342391, 0.012699996038416261, 0.005460240897610012, -0.005543742434053665, -0.027833805160650427, 0.07330510454316042, -0.005235649922234797, 0.003938383279681122]
other derivatives: [ 0.27357601 -0.39271981  0.03692548  0.02655725  0.02955858  0.02864908]
Current x array =  [-0.62115922 -0.59504862 -0.94270091  0.87714041 -2.37006    -3.46589428
  0.84924518 -1.34718674 -1.63169829 -1.95778796  1.08061508 -1.33465158
 -1.91504734 -1.13622401 -1.77790754  1.09724314 -1.70340203 -0.90565264]
log likelihood =  -7360.626924
Edge derivatives =  [0.08979994234103883, 0.07537283851143434, 0.048173750065368004, -0.03454339066622664, -0.02641679874350833, 0.018231199745991827, 0.002974190865130899, -0.014605715792019795, -0.029911521964696736, 0.07587231821455298, -0.03241561988658792, -0.025245000371734938]
other derivatives: [-0.01982698 -0.04292815  0.05302354  0.04220055 -0.00563887  0.02164597]
Current x array =  [-0.62105786 -0.59521045 -0.94270325  0.87694661 -2.37004714 -3.46009483
  0.84949656 -1.34734732 -1.63236028 -1.95780051  1.08054672 -1.33445702
 -1.91378794 -1.13614988 -1.77773781  1.09719861 -1.70247931 -0.90534985]
log likelihood =  -7360.62685924
Edge derivatives =  [0.02295338100972366, 0.07007477684570235, 0.05222644158067291, -0.03246226236195611, 0.02659128273709377, 0.016588128961700505, 0.0008004905322597788, -0.01042765691629051, -0.0239124268022953, 0.058132332327998915, -0.039850095877819514, -0.04030735005483015]
other derivatives: [ 0.05902621  0.09058567 -0.02473826  0.04256435 -0.03346941  0.01891749]
Current x array =  [-0.62108055 -0.59527456 -0.94263675  0.87685503 -2.37009143 -3.4582217
  0.84997999 -1.3472119  -1.63265527 -1.95794135  1.08031879 -1.33422705
 -1.91327322 -1.13619586 -1.77785565  1.09740458 -1.70215137 -0.90515641]
log likelihood =  -7360.62686412
Edge derivatives =  [-0.05246768495846532, 0.047279965420561176, 0.05166332514354138, -0.026196416790744678, 0.05331245737245638, 0.006938511316688684, -0.0028802371386579192, -0.0052233151514325185, -0.017465300930288835, 0.025607288959325847, -0.04168082495870257, -0.034162672095237295]
other derivatives: [-0.61691026 -0.06793925 -0.02000888 -0.01464286 -0.12414603  0.01591616]
Current x array =  [-0.62084849 -0.59518685 -0.94262874  0.87690857 -2.37010777 -3.45611011
  0.85042514 -1.34691812 -1.63286264 -1.9581898   1.08014732 -1.33397001
 -1.91263221 -1.13632188 -1.77808255  1.09771305 -1.70205108 -0.90522481]
log likelihood =  -7360.62683154
Edge derivatives =  [-0.013274697848303263, 0.05912663523351819, 0.05195641948926297, -0.029452138969992242, 0.0394286546122018, 0.011953525198395348, -0.0009675559830962382, -0.007927150318422706, -0.020815238660005536, 0.04250934075793955, -0.04072922915127347, -0.03735546470286363]
other derivatives: [-0.26484486  0.01446097 -0.02282832  0.01518856 -0.0768523   0.0169166 ]
Current x array =  [-0.62096908 -0.59523243 -0.9426329   0.87688075 -2.37009928 -3.45720737
  0.85019382 -1.34707078 -1.63275488 -1.9580607   1.08023642 -1.33410358
 -1.9129653  -1.1362564  -1.77796464  1.09755275 -1.7021032  -0.90518927]
log likelihood =  -7360.62679495
Edge derivatives =  [-0.032280714843820224, 0.046479967772930064, 0.049279933656373565, -0.025324535758795258, 0.056081435623128506, 0.008865871078831383, -0.001334490595874073, -0.004811650221429327, -0.016969286658950478, 0.030499234862421898, -0.037157547838379545, -0.03213428597830736]
other derivatives: [-0.17735147  0.04365575 -0.0259206   0.00591172 -0.07657945  0.01737135]
Current x array =  [-0.62099835 -0.59524735 -0.94263455  0.87689676 -2.37018048 -3.45739748
  0.85038158 -1.34686918 -1.6326396  -1.95817671  1.08021398 -1.33404812
 -1.91296112 -1.13627347 -1.77808642  1.09774362 -1.70217517 -0.90520146]
log likelihood =  -7360.62668545
Edge derivatives =  [-0.04903195401271854, 0.006845144750522281, 0.04223892906950641, -0.013464631275359004, 0.08081499566795058, 0.0009463283622773988, -0.0017731633753407527, 0.0005583310769966196, -0.01029976529938903, 0.00321681152928871, -0.029586283769165167, -0.008195505572492996]
other derivatives: [ 0.04274625  0.08221832 -0.03446985 -0.02064553 -0.04147296  0.01546141]
Current x array =  [-0.62106724 -0.59526647 -0.94264027  0.87696462 -2.37048528 -3.45511453
  0.85074272 -1.34628749 -1.63231688 -1.95853433  1.08034736 -1.33393852
 -1.91253388 -1.13630979 -1.77836137  1.09826866 -1.70231565 -0.90534139]
log likelihood =  -7360.62659585
Edge derivatives =  [-0.034170982192825994, -0.029133149956359405, 0.036255212225779376, -0.002827065079469976, 0.07030948983009533, -0.0041405364739172945, -0.001850974113067061, 0.0013699401544580367, -0.007183343684218135, -0.016777039125824678, -0.024870474908431806, 0.012594553310447495]
other derivatives: [ 0.16125341  0.04620233 -0.00400178 -0.03765308 -0.00445652  0.00745786]
Current x array =  [-0.62109973 -0.59525074 -0.94268033  0.87699169 -2.37081218 -3.45017593
  0.85094575 -1.34576239 -1.63193827 -1.95886997  1.08072234 -1.3339255
 -1.9118231  -1.13628884 -1.77851986  1.09875095 -1.70237307 -0.90544572]
log likelihood =  -7360.62654946
Edge derivatives =  [0.010250126971992013, -0.032485914745364775, 0.031759471937240547, 0.008236106157901033, 0.021589232050972296, -0.0031789675605310708, -0.000946745206942809, 0.009384737738682737, 0.00116158535536115, -0.014513948565083812, -0.010600638290989561, 0.036172613511127646]
other derivatives: [ 0.09531504  0.00700311 -0.12714736  0.01300577  0.043201    0.00482032]
Current x array =  [-0.62106802 -0.59523575 -0.942565    0.87690888 -2.37100074 -3.44757331
  0.8508668  -1.34559965 -1.63141716 -1.95904216  1.08119923 -1.33403081
 -1.9115748  -1.13627385 -1.77861711  1.09892799 -1.70267553 -0.90554881]
log likelihood =  -7360.62652718
Edge derivatives =  [0.02135650512912135, -0.02592835656294612, 0.025869554136323303, 0.009737555072795084, -0.04544248683407681, -0.005596651075109732, -0.002171482567624096, 0.005515203947443981, 0.0030544724606390017, -0.015595230935425253, -0.008119758130858579, 0.02667826331260105]
other derivatives: [ 0.06275513 -0.05820766  0.11395969  0.01036824 -0.01891749  0.00100044]
Current x array =  [-0.62106005 -0.59520136 -0.94278544  0.87684364 -2.37101565 -3.4442128
  0.85084094 -1.34565156 -1.63103111 -1.95908922  1.08161695 -1.3341446
 -1.91126648 -1.13620025 -1.77858087  1.09896848 -1.70276757 -0.90541329]
log likelihood =  -7360.62651159
Edge derivatives =  [0.02024611259246778, -0.01947625153874144, 0.02573253165805775, 0.00713513320667486, -0.03280620185844241, -0.005298338563229338, -0.0015100264716754672, 0.004553916765527112, 0.0018582976775766702, -0.009203133326401103, -0.008348014329588649, 0.016788364392981522]
other derivatives: [ 0.01518856 -0.02119123  0.01919034  0.00609361 -0.00509317  0.00136424]
Current x array =  [-0.6210421  -0.59521949 -0.94269903  0.87685176 -2.37100424 -3.44490024
  0.85083435 -1.34574951 -1.63103022 -1.95902472  1.08153017 -1.3341632
 -1.91142628 -1.13619373 -1.77855009  1.0988893  -1.70279068 -0.90533712]
  status: 0
 success: True
    nfev: 117
     fun: 7360.626511586506
       x: array([-0.6210421 , -0.59521949, -0.94269903,  0.87685176, -2.37100424,
       -3.44490024,  0.85083435, -1.34574951, -1.63103022, -1.95902472,
        1.08153017, -1.3341632 , -1.91142628, -1.13619373, -1.77855009,
        1.0988893 , -1.70279068, -0.90533712])
 message: 'CONVERGENCE: REL_REDUCTION_OF_F_<=_FACTR*EPSMCH'
     jac: array([-0.01518856,  0.02119123, -0.01919034, -0.00609361,  0.00509317,
       -0.00136424, -0.02024611,  0.01947625, -0.02573253, -0.00713513,
        0.0328062 ,  0.00529834,  0.00151003, -0.00455392, -0.0018583 ,
        0.00920313,  0.00834801, -0.01678836])
     nit: 105
Lr rates:  [ 0.12113056  0.85801449  0.79292689  0.53210498  0.775371    0.81358928
  0.79214495]
Process rates:  [ 0.52502868  0.61491389  0.39120505  5.85872721  0.08624044  3.4499598 ]
log likelihood =  9926.67202412
Lr derivatives =  [-1466.3814418792681, -1201.4626323860127, -736.70752873763945, -305.57751839664007, -303.52620899700878, -119.70006900018598, 41.753650308367099]
other derivatives =  [   1.8531864   196.41629478 -114.46027202 -777.71219367 -746.64767453
   -4.52419044]
Current x_clock array =  [-0.64430238 -0.48627304 -0.93852343  1.76793238 -2.45061608  1.23836258
 -2.11088631 -0.15313429 -0.23202426 -0.63091448 -0.25441366 -0.20629961
 -0.23301088]
Lr rates:  [ 0.26980169  0.85808625  0.79302737  0.53228835  0.77547873  0.81368095
  0.77428649]
Process rates:  [ 0.52449759  0.55236863  0.39139492  8.95897223  0.12965764  3.45849431]
log likelihood =  8463.25641262
Lr derivatives =  [-770.72959221338328, -614.01660630980336, -273.55657977954161, 52.534217335387495, -95.774919027273299, -15.820616826527498, 51.868573091182469]
other derivatives =  [ -24.27113941    4.14111128  -54.93930075 -328.91712181 -495.84432418
  150.09554772]
Current x_clock array =  [-0.64531444 -0.59353964 -0.93803819  2.19265551 -2.04285786  1.24083332
 -1.31006805 -0.15305066 -0.23189755 -0.63056993 -0.25427472 -0.20618695
 -0.25581333]
Lr rates:  [ 0.74614095  1.          0.69451181  0.41448731  0.71981886  0.77002276
  0.72613714]
Process rates:  [  0.5396308    0.54167224   0.38929797  13.98689338   0.24582567
   2.89913315]
log likelihood =  8307.10299694
Lr derivatives =  [784.55765398473704, 722.92987393569047, 805.5972330424255, 796.93413293911647, 412.98181747437411, 245.15298825842271, 136.37172990740771]
other derivatives =  [  65.29735401 -192.92037905   85.80664144  738.74762165  634.71088652
  329.53212212]
Current x_clock array =  [-0.61687008 -0.61309419 -0.94341024  2.6381207  -1.40313267  1.06441178
 -0.29284075  0.         -0.36454611 -0.88071292 -0.32875568 -0.2613352
 -0.32001638]
Lr rates:  [ 0.4584691   0.92934372  0.74005004  0.46722187  0.74595041  0.79062487
  0.74880427]
Process rates:  [  0.5323317    0.5467673    0.39030053  11.3004631    0.18097141
   3.15465067]
log likelihood =  8047.89801151
Lr derivatives =  [-49.557907609375874, -12.584946377588473, 165.5956048640659, 346.36765468365741, 107.08913698264695, 83.642534342288641, 78.16778551263684]
other derivatives =  [  18.62290446  -56.3467438     4.23469828  181.4188181   -38.82432793
  241.58989618]
Current x_clock array =  [-0.63048849 -0.60373199 -0.94083824  2.42484371 -1.70941624  1.14887777
 -0.77986239 -0.07327662 -0.30103747 -0.76095104 -0.29309616 -0.23493167
 -0.28927765]
Lr rates:  [ 0.54361994  0.97330897  0.68441769  0.39502891  0.70933161  0.75986337
  0.71926079]
Process rates:  [  0.52988273   0.55546939   0.38966644  11.24067669   0.20112562
   2.80228789]
log likelihood =  7946.05656935
Lr derivatives =  [11.01296579251035, 6.8103927882972357, 122.42936817288697, 259.39322565427278, 48.963472973262547, 39.316513201821799, 54.393042545034035]
other derivatives =  [  15.78027877  -32.65267878   10.70347935  235.49455364   55.9189175
  210.43333618]
Current x_clock array =  [-0.63509956 -0.58794178 -0.94246419  2.41953905 -1.60382562  1.03043619
 -0.60950491 -0.0270537  -0.3791869  -0.92879632 -0.34343215 -0.27461664
 -0.32953128]
Lr rates:  [ 0.79670432  1.          0.62940029  0.24108815  0.72615889  0.748823
  0.64036925]
Process rates:  [ 0.52196363  0.57240842  0.38662317  7.56548746  0.21035212  1.6752326 ]
log likelihood =  7738.61880419
Lr derivatives =  [-244.32726221553673, -283.72186797319853, -228.4717396588903, -116.58058505423422, -157.55796875376154, -78.261663570933464, -14.790381758531417]
other derivatives =  [ -19.67118806   56.43178156  -18.56124072   24.44339771  -18.99479685
  102.37290553]
Current x_clock array =  [-0.65015736 -0.55790252 -0.95030477  2.02359678 -1.55897238  0.51595202
 -0.22727166  0.         -0.46298783 -1.42259266 -0.31998644 -0.28925264
 -0.44571031]
Lr rates:  [ 1.16301424  1.          0.64980231  0.18254238  0.79360712  0.77045693
  0.59877134]
Process rates:  [ 0.52356106  0.56741295  0.38605271  5.6856656   0.21775445  1.11988798]
log likelihood =  7639.06826747
Lr derivatives =  [-141.28217378853952, -228.71274321123911, -214.79491665710529, -161.98546336447293, -150.52925209887198, -69.842107935340891, -28.06599191395949]
other derivatives =  [-16.16335794  32.79683369 -13.20277079  30.44151526  90.05816537
  76.27913874]
Current x_clock array =  [-0.64710162 -0.56666793 -0.95178138  1.7379482  -1.52438724  0.11322866
  0.15101512  0.         -0.4310871  -1.70077292 -0.23116675 -0.26077153
 -0.51287549]
Lr rates:  [ 2.0308065   1.          0.8405983   0.13638316  1.          0.79407643
  0.54990735]
Process rates:  [ 0.52947832  0.61256088  0.39349734  3.4280824   0.16829667  0.50250659]
log likelihood =  7498.37120407
Lr derivatives =  [41.703377710659581, -53.083570737372199, -82.02505195506501, -98.012379815718205, nan, -12.766274172302495, -24.740929543479904]
other derivatives =  [ -23.03004294  244.51783247   17.56661732   38.97775969  176.51173039
   50.37063602]
Current x_clock array =  [-0.63586305 -0.49010694 -0.93268098  1.23200104 -1.78202694 -0.68814653
  0.708433    0.         -0.17364137 -1.99228703  0.         -0.23057556
 -0.59800546]
Lr rates:  [ 2.0308065   1.          0.8405983   0.13638316  1.          0.79407643
  0.54990735]
Process rates:  [ 0.52947832  0.61256088  0.39349734  3.4280824   0.16829667  0.50250659]
log likelihood =  7498.37120407
Lr derivatives =  [41.703377710659581, -53.083570737372199, -82.02505195506501, -98.012379815718205, nan, -12.766274172302495, -24.740929543479904]
other derivatives =  [ -23.03004294  244.51783247   17.56661732   38.97775969  176.51173039
   50.37063602]
Current x_clock array =  [-0.63586305 -0.49010694 -0.93268098  1.23200104 -1.78202694 -0.68814653
  0.708433    0.         -0.17364137 -1.99228703  0.         -0.23057556
 -0.59800546]
Lr rates:  [ 2.0308065   1.          0.8405983   0.13638316  1.          0.79407643
  0.54990735]
Process rates:  [ 0.52947832  0.61256088  0.39349734  3.4280824   0.16829667  0.50250659]
log likelihood =  7498.37120407
Lr derivatives =  [41.703377710659581, -53.083570737372199, -82.02505195506501, -98.012379815718205, nan, -12.766274172302495, -24.740929543479904]
other derivatives =  [ -23.03004294  244.51783247   17.56661732   38.97775969  176.51173039
   50.37063602]
Current x_clock array =  [-0.63586305 -0.49010694 -0.93268098  1.23200104 -1.78202694 -0.68814653
  0.708433    0.         -0.17364137 -1.99228703  0.         -0.23057556
 -0.59800546]
Lr rates:  [ 2.0308065   1.          0.8405983   0.13638316  1.          0.79407643
  0.54990735]
Process rates:  [ 0.52947832  0.61256088  0.39349734  3.4280824   0.16829667  0.50250659]
log likelihood =  7498.37120407
Lr derivatives =  [41.703377710659581, -53.083570737372199, -82.02505195506501, -98.012379815718205, nan, -12.766274172302495, -24.740929543479904]
other derivatives =  [ -23.03004294  244.51783247   17.56661732   38.97775969  176.51173039
   50.37063602]
Current x_clock array =  [-0.63586305 -0.49010694 -0.93268098  1.23200104 -1.78202694 -0.68814653
  0.708433    0.         -0.17364137 -1.99228703  0.         -0.23057556
 -0.59800546]
Lr rates:  [ 2.0308065   1.          0.8405983   0.13638316  1.          0.79407643
  0.54990735]
Process rates:  [ 0.52947832  0.61256088  0.39349734  3.4280824   0.16829667  0.50250659]
log likelihood =  7498.37120407
Lr derivatives =  [41.703377710659581, -53.083570737372199, -82.02505195506501, -98.012379815718205, nan, -12.766274172302495, -24.740929543479904]
other derivatives =  [ -23.03004294  244.51783247   17.56661732   38.97775969  176.51173039
   50.37063602]
Current x_clock array =  [-0.63586305 -0.49010694 -0.93268098  1.23200104 -1.78202694 -0.68814653
  0.708433    0.         -0.17364137 -1.99228703  0.         -0.23057556
 -0.59800546]
Lr rates:  [ 2.0308065   1.          0.8405983   0.13638316  1.          0.79407643
  0.54990735]
Process rates:  [ 0.52947832  0.61256088  0.39349734  3.4280824   0.16829667  0.50250659]
log likelihood =  7498.37120407
Lr derivatives =  [41.703377710659581, -53.083570737372199, -82.02505195506501, -98.012379815718205, nan, -12.766274172302495, -24.740929543479904]
other derivatives =  [ -23.03004294  244.51783247   17.56661732   38.97775969  176.51173039
   50.37063602]
Current x_clock array =  [-0.63586305 -0.49010694 -0.93268098  1.23200104 -1.78202694 -0.68814653
  0.708433    0.         -0.17364137 -1.99228703  0.         -0.23057556
 -0.59800546]
Lr rates:  [ 2.0308065   1.          0.8405983   0.13638316  1.          0.79407643
  0.54990735]
Process rates:  [ 0.52947832  0.61256088  0.39349734  3.4280824   0.16829667  0.50250659]
log likelihood =  7498.37120407
Lr derivatives =  [41.703377710659581, -53.083570737372199, -82.02505195506501, -98.012379815718205, nan, -12.766274172302495, -24.740929543479904]
other derivatives =  [ -23.03004294  244.51783247   17.56661732   38.97775969  176.51173039
   50.37063602]
Current x_clock array =  [-0.63586305 -0.49010694 -0.93268098  1.23200104 -1.78202694 -0.68814653
  0.708433    0.         -0.17364137 -1.99228703  0.         -0.23057556
 -0.59800546]
Lr rates:  [ 2.0308065   1.          0.8405983   0.13638316  1.          0.79407643
  0.54990735]
Process rates:  [ 0.52947832  0.61256088  0.39349734  3.4280824   0.16829667  0.50250659]
log likelihood =  7498.37120407
Lr derivatives =  [41.703377710659581, -53.083570737372199, -82.02505195506501, -98.012379815718205, nan, -12.766274172302495, -24.740929543479904]
other derivatives =  [ -23.03004294  244.51783247   17.56661732   38.97775969  176.51173039
   50.37063602]
Current x_clock array =  [-0.63586305 -0.49010694 -0.93268098  1.23200104 -1.78202694 -0.68814653
  0.708433    0.         -0.17364137 -1.99228703  0.         -0.23057556
 -0.59800546]
Lr rates:  [ 2.0308065   1.          0.8405983   0.13638316  1.          0.79407643
  0.54990735]
Process rates:  [ 0.52947832  0.61256088  0.39349734  3.4280824   0.16829667  0.50250659]
log likelihood =  7498.37120407
Lr derivatives =  [41.703377710659581, -53.083570737372199, -82.02505195506501, -98.012379815718205, nan, -12.766274172302495, -24.740929543479904]
other derivatives =  [ -23.03004294  244.51783247   17.56661732   38.97775969  176.51173039
   50.37063602]
Current x_clock array =  [-0.63586305 -0.49010694 -0.93268098  1.23200104 -1.78202694 -0.68814653
  0.708433    0.         -0.17364137 -1.99228703  0.         -0.23057556
 -0.59800546]
Lr rates:  [ 2.0308065   1.          0.8405983   0.13638316  1.          0.79407643
  0.54990735]
Process rates:  [ 0.52947832  0.61256088  0.39349734  3.4280824   0.16829667  0.50250659]
log likelihood =  7498.37120407
Lr derivatives =  [41.703377710659581, -53.083570737372199, -82.02505195506501, -98.012379815718205, nan, -12.766274172302495, -24.740929543479904]
other derivatives =  [ -23.03004294  244.51783247   17.56661732   38.97775969  176.51173039
   50.37063602]
Current x_clock array =  [-0.63586305 -0.49010694 -0.93268098  1.23200104 -1.78202694 -0.68814653
  0.708433    0.         -0.17364137 -1.99228703  0.         -0.23057556
 -0.59800546]
Lr rates:  [ 2.0308065   1.          0.8405983   0.13638316  1.          0.79407643
  0.54990735]
Process rates:  [ 0.52947832  0.61256088  0.39349734  3.4280824   0.16829667  0.50250659]
log likelihood =  7498.37120407
Lr derivatives =  [41.703377710659581, -53.083570737372199, -82.02505195506501, -98.012379815718205, nan, -12.766274172302495, -24.740929543479904]
other derivatives =  [ -23.03004294  244.51783247   17.56661732   38.97775969  176.51173039
   50.37063602]
Current x_clock array =  [-0.63586305 -0.49010694 -0.93268098  1.23200104 -1.78202694 -0.68814653
  0.708433    0.         -0.17364137 -1.99228703  0.         -0.23057556
 -0.59800546]
Lr rates:  [ 2.0308065   1.          0.8405983   0.13638316  1.          0.79407643
  0.54990735]
Process rates:  [ 0.52947832  0.61256088  0.39349734  3.4280824   0.16829667  0.50250659]
log likelihood =  7498.37120407
Lr derivatives =  [41.703377710659581, -53.083570737372199, -82.02505195506501, -98.012379815718205, nan, -12.766274172302495, -24.740929543479904]
other derivatives =  [ -23.03004294  244.51783247   17.56661732   38.97775969  176.51173039
   50.37063602]
Current x_clock array =  [-0.63586305 -0.49010694 -0.93268098  1.23200104 -1.78202694 -0.68814653
  0.708433    0.         -0.17364137 -1.99228703  0.         -0.23057556
 -0.59800546]
Lr rates:  [ 2.0308065   1.          0.8405983   0.13638316  1.          0.79407643
  0.54990735]
Process rates:  [ 0.52947832  0.61256088  0.39349734  3.4280824   0.16829667  0.50250659]
log likelihood =  7498.37120407
Lr derivatives =  [41.703377710659581, -53.083570737372199, -82.02505195506501, -98.012379815718205, nan, -12.766274172302495, -24.740929543479904]
other derivatives =  [ -23.03004294  244.51783247   17.56661732   38.97775969  176.51173039
   50.37063602]
Current x_clock array =  [-0.63586305 -0.49010694 -0.93268098  1.23200104 -1.78202694 -0.68814653
  0.708433    0.         -0.17364137 -1.99228703  0.         -0.23057556
 -0.59800546]
Lr rates:  [ 2.0308065   1.          0.8405983   0.13638316  1.          0.79407643
  0.54990735]
Process rates:  [ 0.52947832  0.61256088  0.39349734  3.4280824   0.16829667  0.50250659]
log likelihood =  7498.37120407
Lr derivatives =  [41.703377710659581, -53.083570737372199, -82.02505195506501, -98.012379815718205, nan, -12.766274172302495, -24.740929543479904]
other derivatives =  [ -23.03004294  244.51783247   17.56661732   38.97775969  176.51173039
   50.37063602]
Current x_clock array =  [-0.63586305 -0.49010694 -0.93268098  1.23200104 -1.78202694 -0.68814653
  0.708433    0.         -0.17364137 -1.99228703  0.         -0.23057556
 -0.59800546]
Lr rates:  [ 2.0308065   1.          0.8405983   0.13638316  1.          0.79407643
  0.54990735]
Process rates:  [ 0.52947832  0.61256088  0.39349734  3.4280824   0.16829667  0.50250659]
log likelihood =  7498.37120407
Lr derivatives =  [41.703377710659581, -53.083570737372199, -82.02505195506501, -98.012379815718205, nan, -12.766274172302495, -24.740929543479904]
other derivatives =  [ -23.03004294  244.51783247   17.56661732   38.97775969  176.51173039
   50.37063602]
Current x_clock array =  [-0.63586305 -0.49010694 -0.93268098  1.23200104 -1.78202694 -0.68814653
  0.708433    0.         -0.17364137 -1.99228703  0.         -0.23057556
 -0.59800546]
Lr rates:  [ 2.0308065   1.          0.8405983   0.13638316  1.          0.79407643
  0.54990735]
Process rates:  [ 0.52947832  0.61256088  0.39349734  3.4280824   0.16829667  0.50250659]
log likelihood =  7498.37120407
Lr derivatives =  [41.703377710659581, -53.083570737372199, -82.02505195506501, -98.012379815718205, nan, -12.766274172302495, -24.740929543479904]
other derivatives =  [ -23.03004294  244.51783247   17.56661732   38.97775969  176.51173039
   50.37063602]
Current x_clock array =  [-0.63586305 -0.49010694 -0.93268098  1.23200104 -1.78202694 -0.68814653
  0.708433    0.         -0.17364137 -1.99228703  0.         -0.23057556
 -0.59800546]
Lr rates:  [ 2.0308065   1.          0.8405983   0.13638316  1.          0.79407643
  0.54990735]
Process rates:  [ 0.52947832  0.61256088  0.39349734  3.4280824   0.16829667  0.50250659]
log likelihood =  7498.37120407
Lr derivatives =  [41.703377710659581, -53.083570737372199, -82.02505195506501, -98.012379815718205, nan, -12.766274172302495, -24.740929543479904]
other derivatives =  [ -23.03004294  244.51783247   17.56661732   38.97775969  176.51173039
   50.37063602]
Current x_clock array =  [-0.63586305 -0.49010694 -0.93268098  1.23200104 -1.78202694 -0.68814653
  0.708433    0.         -0.17364137 -1.99228703  0.         -0.23057556
 -0.59800546]
Lr rates:  [ 2.0308065   1.          0.8405983   0.13638316  1.          0.79407643
  0.54990735]
Process rates:  [ 0.52947832  0.61256088  0.39349734  3.4280824   0.16829667  0.50250659]
log likelihood =  7498.37120407
Lr derivatives =  [41.703377710659581, -53.083570737372199, -82.02505195506501, -98.012379815718205, nan, -12.766274172302495, -24.740929543479904]
other derivatives =  [ -23.03004294  244.51783247   17.56661732   38.97775969  176.51173039
   50.37063602]
Current x_clock array =  [-0.63586305 -0.49010694 -0.93268098  1.23200104 -1.78202694 -0.68814653
  0.708433    0.         -0.17364137 -1.99228703  0.         -0.23057556
 -0.59800546]
Lr rates:  [ 2.0308065   1.          0.8405983   0.13638316  1.          0.79407643
  0.54990735]
Process rates:  [ 0.52947832  0.61256088  0.39349734  3.4280824   0.16829667  0.50250659]
log likelihood =  7498.37120407
Lr derivatives =  [41.703377710659581, -53.083570737372199, -82.02505195506501, -98.012379815718205, nan, -12.766274172302495, -24.740929543479904]
other derivatives =  [ -23.03004294  244.51783247   17.56661732   38.97775969  176.51173039
   50.37063602]
Current x_clock array =  [-0.63586305 -0.49010694 -0.93268098  1.23200104 -1.78202694 -0.68814653
  0.708433    0.         -0.17364137 -1.99228703  0.         -0.23057556
 -0.59800546]
Lr rates:  [ 2.0308065   1.          0.8405983   0.13638316  1.          0.79407643
  0.54990735]
Process rates:  [ 0.52947832  0.61256088  0.39349734  3.4280824   0.16829667  0.50250659]
log likelihood =  7498.37120407
Lr derivatives =  [41.703377710659581, -53.083570737372199, -82.02505195506501, -98.012379815718205, nan, -12.766274172302495, -24.740929543479904]
other derivatives =  [ -23.03004294  244.51783247   17.56661732   38.97775969  176.51173039
   50.37063602]
Current x_clock array =  [-0.63586305 -0.49010694 -0.93268098  1.23200104 -1.78202694 -0.68814653
  0.708433    0.         -0.17364137 -1.99228703  0.         -0.23057556
 -0.59800546]
Lr rates:  [  2.65248843e+61   1.00000000e+00   1.00000000e+00   1.00000000e+00
   1.00000000e+00   1.00000000e+00   1.00000000e+00]
Process rates:  [  9.51229425e-01   3.23903283e-15   9.51229425e-01   3.42136346e-13
   1.68345985e-40   8.34767521e-34]
