number of sites to be analyzed:  382
Now calculate MLE for pair ['YDR502C', 'YLR180W']
log likelihood =  -6261.42005842
Edge derivatives =  [58.24251904607736, 29.638093059173865, 25.025132458520627, 10.589836432444448, 153.7438838726249, 36.374274511670464, 77.9153562851414, 69.07986330053724, 31.225713494192927, 30.417055043493992, 38.18414223289344, -61.54191248748477]
other derivatives: [-218.33111532 -153.4130206    59.70723578  337.12094591   39.59121386
    0.55097189]
Current x array =  [-0.64353555 -0.48264002 -0.93307917  1.76977596 -2.44028574  1.19617746
 -3.90910406 -3.87159909 -4.30005794 -6.28014701 -2.83555499 -3.29056063
 -2.92359461 -3.49891453 -3.97438916 -3.10701318 -4.59465356 -2.01786889]
log likelihood =  -6169.80168277
Edge derivatives =  [31.35212433281516, 0.557695645132198, 6.520474111296352, 5.292333133817664, 69.8298662759862, -3.1307287797058643, 15.100948578983271, 25.525857696541618, 3.900631587941143, 9.842404326678487, 20.349637978969717, -111.0152864459725]
other derivatives: [ 435.59912228  197.89049475   71.71584002  -60.18926797  -53.07674655
  -29.25617082]
Current x array =  [-1.09451269 -0.79952461 -0.93125511  2.46612123 -2.35850751  1.19731553
 -3.78880034 -3.81037968 -4.2483669  -6.25827301 -2.51798698 -3.2154272
 -2.76265537 -3.35622557 -3.90989042 -3.04418477 -4.51578173 -2.14498772]
log likelihood =  -6042.80281022
Edge derivatives =  [32.54370963431097, 4.401967190054963, 8.822147707620582, 5.919575254268801, 70.73843954868076, 1.9502609797487676, 20.356410867030437, 29.811689255970933, 7.742298796590954, 11.5540342461378, 22.86131762905629, -94.65380284524625]
other derivatives: [ 133.91854736  112.0334673     4.54592737   -9.39353413  -45.49783625
  -24.59328243]
Current x array =  [-0.80504469 -0.66703381 -0.86385025  2.4205371  -2.3940149   1.17813083
 -3.76931201 -3.81055359 -4.24454881 -6.25499712 -2.47501826 -3.21814112
 -2.7541762  -3.34075305 -3.90790224 -3.0382876  -4.50313942 -2.21662772]
log likelihood =  -6008.50023963
Edge derivatives =  [28.67850045830544, 4.576429675076928, 8.448626679006555, 6.404621698054698, 54.05926385264769, 0.2109602383878948, 15.015054147561992, 25.321831581811526, 8.424821363963892, 8.696922104016261, 22.397977932613806, -66.51925676938203]
other derivatives: [-196.96972231  -69.43691915  -17.41555025  -14.92853698  -47.32892194
  -18.1526957 ]
Current x array =  [-0.62700204 -0.51259716 -0.84466176  2.47276072 -2.46124015  1.13759451
 -3.70381722 -3.79732281 -4.22493941 -6.24308571 -2.32718729 -3.20760825
 -2.70486816 -3.27759815 -3.88883253 -3.01307739 -4.45768419 -2.38545465]
log likelihood =  -5987.77827615
Edge derivatives =  [25.972690941468688, 2.670033027890882, 7.102994460181029, 6.190340081149196, 42.18620642117886, -2.3083736451534627, 9.42307861352972, 20.260923419634228, 6.5783282470406945, 7.1110566149776835, 20.61122507991357, -56.95604957464533]
other derivatives: [-53.30211934 -51.17863111 -12.3857717  -44.53877409 -46.31428965
 -17.98589437]
Current x array =  [-0.68669617 -0.52494738 -0.84882064  2.50618325 -2.49750421  1.11883885
 -3.66847929 -3.78932147 -4.21383345 -6.23606045 -2.2506165  -3.20194797
 -2.67864806 -3.24374442 -3.8773562  -3.00002289 -4.4322335  -2.46516491]
log likelihood =  -5959.7698123
Edge derivatives =  [21.113151837666752, 2.0226491669104125, 5.798248554068263, 6.646007649945447, 16.652456304154832, -3.749526322360523, 1.6713686858822976, 11.122526011691484, 5.676591094168915, 5.176650390010463, 17.973598005922547, -20.74905907954074]
other derivatives: [ 46.54102668 -37.59032552   0.46084097 -70.88992788 -34.49204087
 -13.02969395]
Current x array =  [-0.73487591 -0.53464197 -0.85882348  2.53712773 -2.62690862  1.0550154
 -3.55946961 -3.76838276 -4.18098049 -6.21375775 -2.02670072 -3.19076958
 -2.60726202 -3.14401962 -3.84461669 -2.96175964 -4.3525921  -2.71538995]
log likelihood =  -5942.43616661
Edge derivatives =  [21.789593826082985, 8.712088335055421, 8.676528308633403, 8.479856040693084, 10.780252345722133, 4.849959881326604, 7.283516883982427, 12.734981125541669, 11.11670066622922, 8.50733203641201, 19.494062542602393, 18.371669118191356]
other derivatives: [ 40.29261618  52.57452358   0.53487383  -6.70552254  -2.33812898
  -6.15063982]
Current x array =  [-0.73907107 -0.60492578 -0.8578101   2.41718758 -2.79171148  0.98149441
 -3.43259284 -3.74678758 -4.14333575 -6.18207822 -1.82910585 -3.18877031
 -2.54994408 -3.04645147 -3.80656138 -2.92137136 -4.25391011 -2.93327461]
log likelihood =  -5935.42419973
Edge derivatives =  [20.427627034587815, 10.527246428298279, 9.386432999671174, 9.156004680173375, 1.5412840893909783, 6.611207887688505, 6.213402957288805, 9.836971536119938, 12.583946151372546, 8.34191161395203, 19.362239203305204, 33.51446539710033]
other derivatives: [ 42.8898602  -29.8267878   -2.46727723   3.02788976   6.4193955
  -5.27206794]
Current x array =  [-0.7394087  -0.54391816 -0.85433334  2.37317172 -2.88664347  0.92771484
 -3.31418789 -3.71484541 -4.1031424  -6.14704831 -1.68124695 -3.17460404
 -2.49604476 -2.95997708 -3.76073161 -2.8794732  -4.15744623 -3.02973893]
log likelihood =  -5928.02290898
Edge derivatives =  [17.553259180491086, 10.120890525515604, 8.74264321319598, 9.131893596782954, -10.705802204285607, 6.35466580600937, 2.8252106236442085, 3.7536198427934937, 11.53178929882895, 7.3780260208362956, 17.761250814549804, 39.36572127046837]
other derivatives: [-12.90454748 -14.95682227   1.50803317 -12.4964572    6.11998985
  -5.52690835]
Current x array =  [-0.70867922 -0.55110739 -0.85800209  2.35220479 -2.95911594  0.87167323
 -3.17260534 -3.6676485  -4.05074279 -6.10012432 -1.54198916 -3.14962707
 -2.43489167 -2.86405605 -3.69764094 -2.82720255 -4.03775966 -3.06000903]
log likelihood =  -5912.47109469
Edge derivatives =  [13.878640815794984, 10.670950457040787, 8.883615465189042, 8.78351207946492, -18.67344981842051, 8.329108973955998, 1.473082993945746, -2.1007008693642204, 10.718382623920752, 7.12167221554291, 16.092274255056385, 43.371697678158014]
other derivatives: [-87.95859685 -19.22253432   3.84034138  -9.11832103  12.16540113
  -7.52479536]
Current x array =  [-0.67409014 -0.54634595 -0.86155109  2.22781686 -3.07497047  0.75770698
 -2.87099118 -3.5561018  -3.93317642 -5.98888432 -1.34437472 -3.09112315
 -2.32707941 -2.68721457 -3.55275846 -2.71459742 -3.77226965 -2.97453622]
log likelihood =  -5881.11914527
Edge derivatives =  [1.0812462022396825, 9.56332045797603, 8.339363712016265, 6.820635262933257, -26.101798932403195, 10.426212655162127, -1.309530541452699, -13.08357688424996, 6.476589041059427, 6.329989304406545, 9.14318645945083, 37.03011182730872]
other derivatives: [-181.95478333  -14.42376742    6.51671144   -7.90168997   20.31574695
  -14.13609425]
Current x array =  [-0.64273335 -0.54801346 -0.86583881  1.89966589 -3.27676213  0.48594866
 -2.14978306 -3.27044482 -3.64054421 -5.70864933 -0.98214265 -2.93487048
 -2.08845227 -2.29803317 -3.19069111 -2.43967408 -3.12246228 -2.58309923]
log likelihood =  -5856.4933147
Edge derivatives =  [-13.038812749729702, 7.181817755603763, 7.584207345912547, 4.659654624242894, -20.070635393296666, 10.702155970476866, -1.6642068123733, -15.087058981848532, 2.228448911712936, 6.2010918784804225, 0.616487403216533, 16.46484373048736]
other derivatives: [ -1.37929965e+02  -9.27493602e+00   1.29966793e-01  -7.89095793e+00
   1.94386303e+01  -1.85350473e+01]
Current x array =  [-0.67659806 -0.55355599 -0.86030666  1.60218669 -3.33841319  0.24353376
 -1.61830529 -3.02854983 -3.39663608 -5.47701542 -0.81132416 -2.78934181
 -1.92494364 -2.05083022 -2.90074458 -2.21572116 -2.61253399 -2.11812996]
log likelihood =  -5840.39198512
Edge derivatives =  [-12.96650503422497, 6.641678944380026, 7.641844683437821, 3.8647258911119176, -1.2971294558704318, 11.052180194785413, 0.40577580142237785, -3.997964597763763, 2.6795372907109045, 6.577981647913502, -0.8561622980819885, -2.4098558829464882]
other derivatives: [-39.481165    -4.47798811  45.94030543  11.63380148   9.11068128
  -8.95961421]
Current x array =  [-0.73555967 -0.56034799 -0.91542596  1.4133516  -3.20305813  0.00846604
 -1.5423792  -2.8800783  -3.23919862 -5.34821056 -0.86825387 -2.65204549
 -1.87309688 -2.04363613 -2.77004363 -2.07389859 -2.42252654 -1.80138956]
log likelihood =  -5836.1346907
Edge derivatives =  [-7.7472276632298325, 5.02393132975273, 7.043957734985511, 3.6872646078652656, 3.7919582328586627, 9.908790957288986, 1.634091473868219, 0.5193298595757347, 1.697490184174174, 7.525593751199501, -0.37768911474835126, -9.283283126904891]
other derivatives: [ 17.79753802   3.8791768  -21.16285032   9.49421519  -0.32814569
  -2.74440026]
Current x array =  [-0.769213   -0.56798909 -0.84479779  1.40950573 -3.10817325 -0.06849565
 -1.63990052 -2.84711543 -3.2004937  -5.32776    -0.93118225 -2.59604273
 -1.88161119 -2.09793521 -2.76280292 -2.04047235 -2.43925408 -1.75235475]
log likelihood =  -5834.83711907
Edge derivatives =  [-7.107426210435697, 4.4595524322093105, 6.322264774194503, 3.8246059062346416, 2.3555460201286227, 8.524728734247853, 0.13788362231410825, 0.5331574540183819, 1.5354702298102365, 6.585666561578345, -0.6598125873090879, -6.287824573038976]
other derivatives: [ 26.66747605   1.16642696  -2.14695319   3.17240847  -2.63326001
  -0.44165063]
Current x array =  [-0.77337949 -0.56578405 -0.86356203  1.42345845 -3.09273575 -0.09558124
 -1.67899419 -2.8362409  -3.18450598 -5.32117483 -0.92872705 -2.57214376
 -1.87896182 -2.10984667 -2.76291936 -2.02424331 -2.44919994 -1.78340337]
log likelihood =  -5832.99147591
Edge derivatives =  [-5.997696083605754, 2.6914545294800445, 4.4972507716449615, 3.982359001392591, 0.19825098665641727, 5.131573599005025, -2.431329576512609, 0.8135920224901182, 0.6271844167459815, 4.78771775867908, -2.1939135893795534, -2.373900528430124]
other derivatives: [ 17.83364496  -2.951856    12.2387064   -6.4109372   -7.91478669
   3.90646164]
Current x array =  [-0.76841425 -0.56228025 -0.87855588  1.42315869 -3.06671925 -0.17671201
 -1.73233519 -2.78310318 -3.11743758 -5.27901062 -0.91331396 -2.49277978
 -1.8615431  -2.11714761 -2.73493153 -1.95865848 -2.42824206 -1.80994553]
log likelihood =  -5831.55453331
Edge derivatives =  [-3.3376258897377844, 1.226287367230286, 2.8926815184597725, 4.217695577150183, 0.5183740151395221, 2.0274966695782592, -2.9781183321838993, 1.6219696290906074, 0.1329282574103318, 3.6038298757727216, -2.9523060989591468, 1.9322784035935698]
other derivatives: [ -0.17435013  -5.18839443  11.37868821  -3.91082722  -7.18664523
   5.89252522]
Current x array =  [-0.75970796 -0.56103897 -0.87792484  1.39934615 -3.07542515 -0.23794611
 -1.78089525 -2.72145382 -3.03748416 -5.2212838  -0.89266267 -2.40364092
 -1.84919903 -2.11162091 -2.70028704 -1.87866403 -2.40359777 -1.82575337]
log likelihood =  -5830.68151069
Edge derivatives =  [-1.5745077860508083, -0.7965359391127884, 0.9467734917480443, 4.38250508977917, -2.0719114216314454, -1.480880153580033, -3.2630681839297004, 0.3517564760131671, -1.0410784512776006, 2.2292912455451197, -4.509424010140994, 5.923450543268938]
other derivatives: [ 4.65488483  2.50047378  0.76597644 -6.90424713 -3.06199581  5.32327249]
Current x array =  [-0.76506948 -0.5674153  -0.86592196  1.36682534 -3.12665179 -0.28518164
 -1.79447686 -2.64803182 -2.93959525 -5.13869933 -0.83314089 -2.30924181
 -1.83161354 -2.0725659  -2.65053412 -1.77711671 -2.35875944 -1.83403192]
log likelihood =  -5831.41524417
Edge derivatives =  [5.316421188417498, -2.2656205361746125, -0.4005317671589713, 4.533305171278336, 9.194605323641941, -4.38746236728349, 0.7662812505065205, 4.398096545365599, -0.6366134862099573, 1.338862285016879, -1.5193950809134535, -1.1030670095622632]
other derivatives: [-48.02323019 -21.12437869  -4.8155016   17.29076757   2.15231921
   2.09283826]
Current x array =  [-0.73793053 -0.55216788 -0.8619373   1.31467795 -3.13408905 -0.28201163
 -1.90485692 -2.58424408 -2.84062404 -5.03619298 -0.87786628 -2.21012862
 -1.86707915 -2.08616507 -2.62772933 -1.66734083 -2.39606149 -1.74346636]
log likelihood =  -5830.26337761
Edge derivatives =  [1.102271247474003, -1.3380500429118332, 0.4565807772106967, 4.43668814571589, 2.140448719789004, -2.54227586779018, -1.7506918807302398, 1.877509854425679, -0.8834162155417854, 1.9188102974332217, -3.357335636174467, 3.32554776562759]
other derivatives: [-14.52217475  -6.25605026  -1.4843863    2.30002115  -0.99153112
   4.1018211 ]
Current x array =  [-0.7548587  -0.5616786  -0.86442277  1.34720538 -3.12944999 -0.28398895
 -1.83600631 -2.62403229 -2.90235827 -5.10013229 -0.84996839 -2.27195142
 -1.84495714 -2.07768246 -2.64195403 -1.73581458 -2.37279399 -1.79995749]
log likelihood =  -5829.9446643
Edge derivatives =  [1.5657441041105984, -1.3578319662223588, 0.4943940396087725, 4.4257504709664754, 2.112013838483408, -2.332586318709474, -0.9834984981676029, 1.351477750767873, -0.9298675623891229, 1.9414434840013743, -2.879671853996539, 1.8745798629105335]
other derivatives: [-9.65328582  1.69802661 -3.11365511  2.79860615  1.34914444  2.05354809]
Current x array =  [-0.75747811 -0.56764657 -0.8625179   1.34660242 -3.14653729 -0.25794024
 -1.83708142 -2.62754885 -2.89983358 -5.0861433  -0.84567534 -2.27703404
 -1.85456337 -2.06995353 -2.64541641 -1.72849892 -2.38703435 -1.78959141]
log likelihood =  -5829.6705372
Edge derivatives =  [1.912973744787923, -1.546879134388886, 0.41797549831607056, 4.410949304407386, 0.894393866590847, -2.2654887720242343, -0.09369636936443823, -0.18190854251918886, -1.105293991990736, 1.4122732783829641, -2.117168027596528, -1.2136809982380592]
other derivatives: [ 6.91443347 -8.48194759 -4.61313903  0.78807716  4.52891982 -2.40888767]
Current x array =  [-0.76616195 -0.56085885 -0.86043899  1.34703048 -3.17576299 -0.21124275
 -1.83160791 -2.63287064 -2.88887537 -5.04605825 -0.82881336 -2.28698675
 -1.87155044 -2.04964577 -2.65012838 -1.7055933  -2.41379795 -1.76776405]
log likelihood =  -5829.50428718
Edge derivatives =  [1.754703150341516, -1.6074277011014908, 0.27771584558799056, 4.409678429127661, 0.5829538141014081, -2.2094325987366386, -0.0635078400080551, -0.4222221458470851, -1.1571774815891955, 1.0071875101450842, -1.8897813545394042, -3.1774160423804942]
other derivatives: [ 3.6300662   5.57502062 -0.15807018 -0.43228283  3.46526576 -2.98241503]
Current x array =  [-0.76483554 -0.57092203 -0.86503219  1.34284951 -3.17011794 -0.20955308
 -1.8282956  -2.63160559 -2.87856925 -5.02104365 -0.82588088 -2.28806076
 -1.87622418 -2.0451263  -2.64939708 -1.6903032  -2.42134422 -1.75066647]
log likelihood =  -5829.33702245
Edge derivatives =  [1.589259022039239, -1.5965733786762129, 0.09515374573155808, 4.4994213301604775, -0.25347771993058676, -2.3193026489175446, -0.32916933466368103, -0.5555432014060828, -1.0614353001481822, 0.4344474559952366, -1.5809286739186263, -3.587833364029156]
other derivatives: [ 1.85218596  7.80428309  2.61106834 -1.92221705  1.94504537 -2.7900569 ]
Current x array =  [-0.76397372 -0.5724923  -0.86783537  1.34307176 -3.16077326 -0.21354413
 -1.8310236  -2.63206594 -2.86871426 -4.99569474 -0.82171285 -2.28881053
 -1.88029877 -2.04398451 -2.65146606 -1.67536467 -2.43334284 -1.74914072]
log likelihood =  -5828.68194313
Edge derivatives =  [1.0012963870017544, -0.8831399888659167, -0.4281526741093109, 5.173892744667612, -4.480580942067614, -1.9901140977508613, -1.0073840451596834, -1.1781230488585859, -0.07951267188187808, -2.3070632143061283, 0.4244985725728212, -3.752057614327305]
other derivatives: [-4.73237378  9.80835466  7.90996637 -4.42760211 -3.53093128 -2.08447091]
Current x array =  [-0.76116578 -0.57408159 -0.87286586  1.34070305 -3.12661482 -0.22399036
 -1.83793841 -2.64356288 -2.82132868 -4.84982082 -0.79542067 -2.30620924
 -1.90643928 -2.03308869 -2.66774916 -1.60007277 -2.50513838 -1.7564245 ]
log likelihood =  -5828.07179954
Edge derivatives =  [1.2752212562550116, 0.16399691898683164, -0.7015336972331532, 6.079771213177196, -4.516756324822749, -1.030290346113914, -0.6980181157602716, -0.7344545648848626, 1.1120361578548366, -4.373845284182242, 2.3034861834573723, -2.3290748595887854]
other derivatives: [ 1.99652277  9.77797754  9.66974767 -0.06039045 -5.47843229 -0.47302819]
Current x array =  [-0.76612359 -0.57497222 -0.87396073  1.33149449 -3.104969   -0.24312615
 -1.84515758 -2.6544292  -2.77255797 -4.68106379 -0.79176368 -2.32572114
 -1.93602646 -2.02804737 -2.68172751 -1.53312102 -2.57332902 -1.77267763]
log likelihood =  -5827.32501674
Edge derivatives =  [-2.285352524773503, 3.310822765248745, -1.255300502529678, 8.710199991228102, -13.050204629719387, 3.4334179826855817, -0.03042290492317498, -6.181747087174462, 3.243656883708845, -12.351898278037506, 5.075080446909457, -1.153803164711107]
other derivatives: [-41.72470653  10.28829502 -15.49415174  -5.50762707  -9.2953087
   0.33824108]
Current x array =  [-0.74342849 -0.57454841 -0.84500034  1.34584816 -3.10032651 -0.23341081
 -1.76952826 -2.73954022 -2.63684228 -4.00585635 -0.74189514 -2.48272922
 -2.05416978 -1.96308353 -2.74400818 -1.34004601 -2.82682039 -1.84638321]
log likelihood =  -5825.38911642
Edge derivatives =  [-0.6361498491409459, 3.64852655920703, -1.933129514442722, 9.201289541800731, -5.818439711549263, 3.761767576006597, 1.046701771688647, -4.28839653754984, 3.7257587737794324, -13.298189430159663, 5.389045290815048, 1.2387565469512891]
other derivatives: [-8.23793016 -1.5792466  -2.17869456  2.30475052 -5.58638931  2.21953087]
Current x array =  [-0.76201549 -0.56723891 -0.85721853  1.33476058 -3.10295188 -0.26730574
 -1.78651128 -2.73562434 -2.58826361 -3.82102392 -0.77998588 -2.48463323
 -2.08030006 -1.97514722 -2.74429783 -1.30421196 -2.86874642 -1.87254536]
log likelihood =  -5823.56127078
Edge derivatives =  [-0.23461466333963382, 4.449889231573831, -2.0606836261914245, 8.579585708833493, 3.9548330264320475, 5.447802510110413, 2.7533102812756463, -3.2138708347431004, 3.9435212484410176, -13.012925804205386, 5.369714859501856, 3.660719787614773]
other derivatives: [ 15.60356395 -10.67119229   1.61389835   9.80380719   0.98207238
   4.81768438]
Current x array =  [-0.77494577 -0.56097304 -0.8597392   1.33876075 -3.12373459 -0.2973238
 -1.76516637 -2.75839363 -2.54173656 -3.48220107 -0.84579761 -2.5396942
 -2.12820617 -1.9891792  -2.75436618 -1.29487679 -2.94151848 -1.92574199]
log likelihood =  -5822.00582002
Edge derivatives =  [-0.9461982095343535, 3.7137913402135894, -1.807265118374094, 7.239648412246107, 10.508537226617886, 5.701965937641922, 3.585263149092353, -2.1039811814196474, 2.654074783642075, -9.236736414296859, 4.477525793874707, 3.9433195809124895]
other derivatives: [ 23.50652721 -11.20870365   1.00635589  10.55332177   6.28742782
   6.20129867]
Current x array =  [-0.7775113  -0.55956531 -0.85984059  1.35720673 -3.14870911 -0.30670133
 -1.74151142 -2.76049684 -2.55535654 -3.34518877 -0.90229366 -2.55887986
 -2.13332741 -2.01894804 -2.74368766 -1.37861745 -2.92639875 -1.95273824]
log likelihood =  -5821.66373967
Edge derivatives =  [-4.900769734534169, 1.770864697240655, -3.6203283141241664, -5.616805738378281, 7.486484644271781, 4.8452995011732725, 3.17080081523618, -3.856692142269358, -0.10212700391142537, -8.571682809173074, 2.578605123915452, 1.7491887338055052]
other derivatives: [ 27.08047759 -10.69538484  14.58492989 -18.8134436    0.82063707
   4.13374437]
Current x array =  [-0.77662931 -0.55530626 -0.87482611  1.40169578 -3.13598366 -0.29468307
 -1.70144531 -2.78330786 -2.50685007 -2.73433559 -0.90639622 -2.62234563
 -2.18051572 -2.0580409  -2.74980649 -1.44323586 -3.01218074 -2.03055959]
log likelihood =  -5820.73966553
Edge derivatives =  [-2.713940253008286, 2.814491825150512, -2.633506870706837, 3.0751388251887595, 9.13250603182745, 5.298301421289416, 3.3952697473743223, -2.891362704734063, 1.3840089271140976, -8.928280941134947, 3.5280258333421326, 2.9077401172008166]
other derivatives: [ 25.22692739 -11.21225068   7.19010131  -1.78351911   4.08217602
   5.38766471]
Current x array =  [-0.7771091  -0.55762312 -0.86667422  1.37749443 -3.1429061  -0.30122082
 -1.72324065 -2.77089902 -2.53323683 -3.06663022 -0.90416449 -2.58782124
 -2.15484601 -2.03677499 -2.74647794 -1.40808445 -2.96551667 -1.98822599]
log likelihood =  -5820.0202819
Edge derivatives =  [1.6963484395510202, -4.0309605393175945, -0.7948793225528489, -0.2884661293678842, 16.639888724734053, 0.7904588703899362, 7.315029976210676, 7.867492628675404, -5.221807964278877, 7.350807239440055, -1.9477013982052984, -3.1889515401664053]
other derivatives: [-19.40779839  -6.15491444  -2.13558451  15.83121048   8.71050361
  -0.95160431]
Current x array =  [-0.74912104 -0.55829232 -0.86982099  1.35741327 -3.14283384 -0.21300186
 -1.78814452 -2.65476854 -2.67350475 -2.9790711  -0.94426513 -2.41676623
 -2.04373853 -2.22225077 -2.6463015  -1.88620486 -2.69268845 -1.94458459]
log likelihood =  -5819.2540461
Edge derivatives =  [-2.3192707752217805, -3.3208417741470284, -2.0957089302666354, 0.4131002846719608, -2.595508725752746, 0.08121898562714203, 2.9542321559898355, 0.6329596945443965, -4.587159368523818, 2.9946889520454225, -1.7824309799911346, -3.9295024878220137]
other derivatives: [ 53.01717465  28.94257705 -23.99501682 -21.12965376  -0.57407306
  -3.18850653]
Current x array =  [-0.79167001 -0.58520452 -0.84340891  1.39573408 -3.1320441  -0.19111237
 -1.75863539 -2.70098198 -2.66932283 -3.06137765 -0.83087948 -2.45772981
 -2.03637327 -2.14260954 -2.69113432 -1.77678506 -2.75821143 -1.96435798]
log likelihood =  -5817.27798519
Edge derivatives =  [-1.2866253556360954, -0.790438142049991, -1.9331975143525195, 0.4250322591851829, 0.699427499768667, 1.813999053642473, 3.5112493286254285, 1.3098691728585434, -1.7610320713248497, -0.08347150038313467, 0.6613592061249869, -0.6800117482644632]
other derivatives: [ 4.20177457 -2.89637683 -0.60663297 -3.09364623  0.27021088 -1.24337021]
Current x array =  [-0.76391304 -0.56151449 -0.86674259  1.3659288  -3.1213481  -0.21771933
 -1.76765606 -2.71599382 -2.61674357 -2.98441509 -0.83534782 -2.48067988
 -2.0699277  -2.12016848 -2.7100653  -1.66558913 -2.83082236 -1.97371742]
log likelihood =  -5817.20161234
Edge derivatives =  [-0.7530640626653224, -0.9832555813416417, -1.8841943338350338, 1.0604043624031474, 0.36565239049247844, 1.4017746943714215, 3.4770646418678037, 1.852414404283365, -1.7745153049362716, 0.38897457830640714, 0.4992292961691458, -0.7839377700640175]
other derivatives: [ 0.08740244  0.47930371  1.10903784 -1.13450369 -0.14588295 -1.47829269]
Current x array =  [-0.76183925 -0.56409006 -0.86912543  1.36033545 -3.11659225 -0.21585811
 -1.77902911 -2.7078033  -2.62490032 -3.01577371 -0.83073227 -2.46242965
 -2.05762647 -2.1253545  -2.70662877 -1.67898463 -2.81343762 -1.96657266]
log likelihood =  -5817.08762598
Edge derivatives =  [-0.22304087214517168, -0.8937084722835367, -1.759660221669204, 0.9374723417274468, -0.7679678953526773, 1.037696359430908, 3.237214901410004, 2.091206179520816, -1.4544775245738395, 0.7822743943949158, 0.36262236865911723, -0.5730865772481473]
other derivatives: [-1.83890734  0.18026185 -0.74478521  0.15488695 -1.0988515  -1.59170668]
Current x array =  [-0.76120772 -0.56398976 -0.86766152  1.35366873 -3.11001767 -0.21635168
 -1.79124051 -2.70461035 -2.63318567 -3.00380023 -0.82011577 -2.44432588
 -2.03908808 -2.12597812 -2.71008496 -1.69017429 -2.80414954 -1.96701184]
log likelihood =  -5816.94081121
Edge derivatives =  [0.4013030168736397, -0.009607477499738892, -1.743452598201105, 0.47752816097612444, -3.4535427958233655, -0.029142286336187873, 1.1434587501066744, 0.873474908180977, 0.13115593236954562, 0.3973009011699561, -0.03125934639853914, 1.1807895645853559]
other derivatives: [ -3.59441401  14.06615411   8.6345608   -2.09320206  -3.18641469
   0.09913492]
Current x array =  [-0.76124672 -0.57437636 -0.87703187  1.34549616 -3.10168559 -0.24073675
 -1.82380998 -2.70758571 -2.65921286 -2.96443171 -0.79984754 -2.39592447
 -1.97077025 -2.10450295 -2.73421061 -1.6897437  -2.79104295 -1.98235799]
log likelihood =  -5816.76612941
Edge derivatives =  [0.802653556367266, 0.18325596140868478, -1.348577056756009, 0.7840083295773765, -2.7581673441290184, -0.32267542522072434, 0.7474994167553943, 0.871622060750421, 0.512357748825118, 1.1048258802612996, -0.340746398119547, 1.295792392988981]
other derivatives: [ -8.69658834e-01  -2.68255462e+00  -1.27329258e-03  -3.42060957e-01
  -2.39133442e+00   5.84805093e-01]
Current x array =  [-0.76258095 -0.5623568  -0.86795601  1.34348452 -3.10597284 -0.24515108
 -1.82975802 -2.70697367 -2.68317724 -2.97536865 -0.80435843 -2.37834036
 -1.94050899 -2.10055446 -2.73843056 -1.71121249 -2.77099036 -1.98068326]
log likelihood =  -5816.71551189
Edge derivatives =  [0.7055812422521727, 0.36038927154493244, -1.235913792001991, 0.3622613967615797, -1.0450102804102275, 0.12586079254283222, 0.927781446330965, 0.7231099011030807, 0.5618381478263967, 1.0688786233601382, -0.24260481236136477, 1.4198473343757279]
other derivatives: [-0.51868483 -1.36697054 -1.59370757  0.34588084 -1.02581907  1.09930625]
Current x array =  [-0.76267012 -0.56325964 -0.86590284  1.34562349 -3.113239   -0.24947145
 -1.82332284 -2.71115991 -2.68251307 -2.9539856  -0.81715095 -2.38736089
 -1.94373227 -2.09778011 -2.73980553 -1.70634789 -2.77820728 -1.98428908]
log likelihood =  -5816.6687958
Edge derivatives =  [0.56051127347052, 0.33030508063239483, -1.1265591682659306, 0.17274060845094602, 0.30029074844704884, 0.13823093401025455, 0.47752992024212926, -0.006820296182115715, 0.5411343231961969, 0.6423865833696042, -0.3441969658304346, 0.8506957464232777]
other derivatives: [ 4.51009328 -2.81725079  3.08327799 -1.31931301  0.20963853  0.93978088]
Current x array =  [-0.76515281 -0.56235651 -0.87002591  1.3480067  -3.12314262 -0.24822714
 -1.81966433 -2.71155591 -2.69582749 -2.95061811 -0.82822715 -2.38413554
 -1.92902367 -2.08779941 -2.74022479 -1.6970545  -2.77913442 -1.97787881]
log likelihood =  -5816.63373414
Edge derivatives =  [0.4581251952628055, 0.40795718741969855, -0.9836403410477965, 0.12832365184017075, 0.35022859229471326, 0.20343405066898534, 0.05197009870462435, -0.6936669978986163, 0.6358029339757653, 0.24917591148584273, -0.352128294633801, 0.39025279349894815]
other derivatives: [-0.06921255 -0.47602953  0.20500011 -2.24545147  0.51895768  0.87029548]
Current x array =  [-0.76264136 -0.56409394 -0.86649194  1.34818349 -3.12836745 -0.24661086
 -1.81734759 -2.71275725 -2.70768963 -2.95238454 -0.83070579 -2.38019681
 -1.91455894 -2.07685969 -2.74233056 -1.68458647 -2.78170413 -1.97225965]
log likelihood =  -5816.60932848
Edge derivatives =  [0.7442959755188266, 0.3853006491880304, -0.7639662745473563, 0.14022793694149752, 0.5572360032785092, 0.15907697658030406, -0.0414779727928995, -0.5766608059482643, 0.6752331478264673, 0.3000210248632246, -0.33805421696846905, 0.05632842682294337]
other derivatives: [-0.6872142   0.74105628  0.02373781 -0.76279321  0.66693246  0.41745807]
Current x array =  [-0.7626133  -0.56524095 -0.86629949  1.34224386 -3.12868639 -0.24186748
 -1.81972632 -2.70897564 -2.71893895 -2.95146632 -0.83000565 -2.37011062
 -1.90128728 -2.07454736 -2.74061961 -1.68313368 -2.77846516 -1.96516717]
log likelihood =  -5816.58741647
Edge derivatives =  [0.5918584592901817, 0.17850121518550277, -0.4616460183814756, 0.053688019675186854, 0.059974241700032294, 0.23355480195424017, -0.1499954951367334, -0.4430899387488303, 0.41128174518761607, 0.17376954499816133, -0.24197984212229492, -0.5186311864566364]
other derivatives: [-1.12731868  0.33023753 -0.09240466 -0.39799488  0.27648639 -0.48012225]
Current x array =  [-0.76262544 -0.56514007 -0.86617542  1.33741971 -3.12731756 -0.23180061
 -1.81292424 -2.70473361 -2.73301848 -2.94877588 -0.82562857 -2.3651469
 -1.89262927 -2.07384025 -2.73471319 -1.67859538 -2.78014123 -1.95726822]
log likelihood =  -5816.58155374
Edge derivatives =  [0.3947839928832173, 0.3472424042811808, -0.03693569566995469, 0.2593072715804827, 0.22717332861801742, 0.6158784851414997, -0.20388497687726606, 0.06659274553154976, 0.4672021290328484, -0.10902802136781287, 0.23691294754471987, 0.2664600896528362]
other derivatives: [ 2.48537617  0.73996489 -0.57234502  2.19379217  0.20263542 -0.10932126]
Current x array =  [-0.76536931 -0.56592695 -0.86531592  1.32962095 -3.12486371 -0.23587547
 -1.80255798 -2.70272073 -2.74509045 -2.94486898 -0.8236549  -2.36018602
 -1.88774807 -2.07282654 -2.72976191 -1.66267596 -2.78944482 -1.96013977]
log likelihood =  -5816.57339738
Edge derivatives =  [0.2367370606674654, 0.1850241411540199, -0.12404142886130239, 0.109404119451571, 0.03709865117619093, 0.4766415194616508, -0.2510708111617895, 0.0018420774499344206, 0.2912940570579114, -0.11823340644634006, 0.13223081992919364, 0.013957955537902356]
other derivatives: [-0.70867827 -0.80590326  0.51722964  1.0635631  -0.01973604 -0.25465852]
Current x array =  [-0.76330149 -0.56457865 -0.86658897  1.33222093 -3.12469343 -0.23453948
 -1.80165661 -2.70194592 -2.74446754 -2.94205895 -0.82392986 -2.36055997
 -1.88986189 -2.07459524 -2.72835549 -1.66606108 -2.78844801 -1.95958212]
log likelihood =  -5816.57098054
Edge derivatives =  [0.16151218573472192, 0.09209944904943215, -0.18718437668442767, 0.028094556984270408, -0.07328720167921965, 0.38467263701412857, -0.2704541989137931, -0.04369679793915493, 0.1874614840829021, -0.08815481064186648, 0.06334397783412624, -0.09672290993578114]
other derivatives: [-0.17844286 -0.61581886  0.14033503  0.18171704 -0.15043042 -0.26084308]
Current x array =  [-0.76349946 -0.56463719 -0.86620722  1.33398092 -3.12458948 -0.23485688
 -1.80134563 -2.70164777 -2.74393315 -2.94075483 -0.82418136 -2.36036895
 -1.89122307 -2.07555476 -2.72776793 -1.66802114 -2.78779514 -1.95992463]
log likelihood =  -5816.5682933
Edge derivatives =  [0.040087801407399926, -0.011628560858347597, -0.1871406365183795, -0.044804631731617944, -0.039236119556790294, 0.30203306260284346, -0.28096406449797806, 0.046680666828356865, 0.046949307385734135, -0.0500080551854577, 0.04988459463548889, -0.06995218597325814]
other derivatives: [ 0.08703864 -0.45192792 -0.02864908 -0.26411726 -0.2235538  -0.1538865 ]
Current x array =  [-0.76362239 -0.56471689 -0.86602968  1.33470554 -3.12447488 -0.23662116
 -1.79909477 -2.70035752 -2.74631306 -2.93782247 -0.8250184  -2.35775461
 -1.89209932 -2.0772343  -2.7255004  -1.66910419 -2.78767688 -1.96094391]
log likelihood =  -5816.56549515
Edge derivatives =  [-0.04225188705773805, -0.08592208802767176, -0.1288811530260701, -0.0423504117002485, 0.024300815959271804, 0.1641290381145204, -0.29210135156725003, 0.1604269955550297, -0.06219023259497061, 0.04247452964546217, 0.04380778821238199, 0.028007129536704145]
other derivatives: [ 0.16243575  0.06848495 -0.02837623 -0.25383997 -0.16298145 -0.03974492]
Current x array =  [-0.7637269  -0.565121   -0.86603743  1.33401827 -3.12517993 -0.23887981
 -1.79667097 -2.69836697 -2.75300968 -2.93691381 -0.82511505 -2.35076596
 -1.89088089 -2.07792582 -2.72262903 -1.67054874 -2.78593821 -1.96132961]
log likelihood =  -5816.56522561
Edge derivatives =  [-0.05316867304810774, -0.0706325949723243, -0.0655459239706548, -0.005961789919954663, 0.15324262211984385, 0.024923044289996144, -0.2302490752201365, 0.14568564956369767, -0.07497232199904705, 0.12714214247361455, 0.03903996427761147, 0.11401948991284594]
other derivatives: [ 0.44919943 -1.64636731 -0.97907105  0.00636646  0.07430572  0.06020855]
Current x array =  [-0.76392562 -0.563935   -0.86505018  1.33322077 -3.12701808 -0.24150556
 -1.7949816  -2.69757189 -2.75995037 -2.93693608 -0.82507358 -2.34341838
 -1.89139531 -2.07625176 -2.72106098 -1.67045476 -2.78415117 -1.96114601]
log likelihood =  -5816.56344313
Edge derivatives =  [-0.06392804523450704, -0.05422214281895385, -0.04880901614089028, 0.018140722240996776, 0.09291237192244439, 0.023595359245299652, -0.22569467954339287, 0.13817306456696976, -0.06438899797043854, 0.12353946553606876, 0.04595508924535341, 0.1393307447564136]
other derivatives: [ 0.02310117 -0.17053026 -0.21354936  0.10650183  0.06693881  0.04029062]
Current x array =  [-0.76373805 -0.56500896 -0.86585877  1.33271269 -3.12699409 -0.2413411
 -1.79468155 -2.69753745 -2.76106372 -2.93781083 -0.82429762 -2.34258636
 -1.89151745 -2.07586997 -2.72091024 -1.67015515 -2.7839711  -1.96091862]
log likelihood =  -5816.56291657
Edge derivatives =  [-0.06366396217031389, -0.02157555251030968, -0.04473552096332273, 0.033624013493378346, 0.04542418224320077, 0.03218652652956533, -0.2031242118531701, 0.07912580212762521, -0.03483878076133304, 0.104327810931241, 0.04809731397491318, 0.1320863075698735]
other derivatives: [-0.0777618   0.08831194  0.0169166   0.12278178  0.08121788  0.01109584]
Current x array =  [-0.76369166 -0.56519774 -0.86610167  1.33263726 -3.12717451 -0.24116765
 -1.79463561 -2.69804904 -2.76127381 -2.9385539  -0.82373113 -2.34272089
 -1.89257702 -2.07496419 -2.72132377 -1.66934049 -2.78411428 -1.96063214]
log likelihood =  -5816.56218079
Edge derivatives =  [-0.08400709225476843, 0.03365104311898123, -0.031995048085313255, 0.04978445582072519, -0.03219217886337522, 0.01686250161117575, -0.13372625200801364, -0.05152290972297624, 0.0030667027451560247, 0.07712270175180413, 0.04338276469405247, 0.10518244565602841]
other derivatives: [-0.17107595  0.20982043  0.13424142  0.05620677  0.11468728 -0.01891749]
Current x array =  [-0.76364944 -0.5652826  -0.86623404  1.3326851  -3.12772073 -0.24154894
 -1.79400756 -2.69897381 -2.76296362 -2.93950252 -0.82275223 -2.34177323
 -1.89578562 -2.07296542 -2.72174566 -1.66752818 -2.78417925 -1.96002876]
log likelihood =  -5816.56177626
Edge derivatives =  [-0.05709411995429495, 0.03544732046598409, -0.03409022504532394, 0.024135030124911083, 0.00806746537104397, -0.020525473819067552, -0.047028022934307384, -0.08174615655421197, 0.007441481639891223, 0.07043800804133926, 0.009185637964772175, -0.007511231246908334]
other derivatives: [ 0.54487828 -0.05438778  0.57398211 -0.07194103  0.04856702 -0.04893081]
Current x array =  [-0.76402706 -0.56508484 -0.86674792  1.3329072  -3.12709721 -0.24224359
 -1.79473623 -2.69912488 -2.76418502 -2.9392321  -0.82285373 -2.34077627
 -1.89956488 -2.07278683 -2.72191385 -1.66665255 -2.78330793 -1.95887697]
log likelihood =  -5816.56139031
Edge derivatives =  [-0.04988894875651634, 0.04677875913190696, -0.018409805410528585, 0.011585797014918658, 0.0014544604700749142, -0.01650704733387498, 0.012044976369325666, -0.09040465637951761, 0.012686350666981205, 0.05877992868125248, 0.008579972483141352, -0.05088435892133103]
other derivatives: [-0.04420144  0.02801244  0.02319211 -0.01091394 -0.00636646 -0.03074092]
Current x array =  [-0.76371757 -0.56513609 -0.8662055   1.33283672 -3.12669181 -0.24289165
 -1.79473616 -2.69926386 -2.76525383 -2.938841   -0.82276971 -2.34019244
 -1.90184053 -2.07247752 -2.72192799 -1.66523254 -2.78331498 -1.95838236]
log likelihood =  -5816.56132766
Edge derivatives =  [-0.0425842217106126, 0.033261184407059774, -0.01580144655629015, 0.004921697320145024, 0.024255510762799526, -0.011885840847998153, 0.0079646121537289, -0.051915022154253254, 0.002966896957294074, 0.05866940921382602, 0.010833799569333002, -0.048208497609307344]
other derivatives: [-0.01400622  0.00227374 -0.05065885  0.01718945 -0.02792149 -0.01455192]
Current x array =  [-0.76373883 -0.56512083 -0.86613175  1.33279357 -3.12643994 -0.24305084
 -1.79491203 -2.69899554 -2.76522018 -2.93845649 -0.82300017 -2.34020062
 -1.90162836 -2.07299042 -2.72177664 -1.66520978 -2.78328848 -1.95845852]
log likelihood =  -5816.56125877
Edge derivatives =  [-0.03860552076518897, 0.011012365636708571, -0.010533283121080483, -0.0024620512804791883, 0.017133799935992733, -0.009750035681746927, -0.003179825603433162, -0.01042228955695712, -0.01134860713938643, 0.036297589047393, 0.012282578210508543, -0.035393116281075665]
other derivatives: [-0.1285116  -0.10668373  0.00727596 -0.00982254 -0.04811227  0.00736691]
Current x array =  [-0.76366858 -0.56503705 -0.8661919   1.33288168 -3.12630911 -0.24336485
 -1.79520652 -2.69858774 -2.76554642 -2.93805228 -0.82301633 -2.34007404
 -1.90168753 -2.07359689 -2.72158544 -1.66460841 -2.78322395 -1.95867765]
log likelihood =  -5816.56124692
Edge derivatives =  [-0.009229404832024085, -0.007435998942209615, 0.004903338895376391, -0.00020770179156545665, -0.003239072016189115, 0.009660191449496924, -0.006860920463931025, 0.038488188511347776, -0.015800942114049865, 0.0040416531564523295, 0.018937013249134743, -0.003726726556606552]
other derivatives: [ 0.2746674   0.07130438 -0.17334969  0.00109139 -0.03392415  0.02892193]
Current x array =  [-0.76391432 -0.56518604 -0.86598333  1.33285594 -3.12639104 -0.2437036
 -1.79584614 -2.69813224 -2.76610831 -2.93789105 -0.82277623 -2.33999907
 -1.90181258 -2.07414155 -2.7215601  -1.66323442 -2.78316239 -1.95902186]
  status: 0
 success: True
    nfev: 58
     fun: 5816.561246920877
       x: array([-0.76391432, -0.56518604, -0.86598333,  1.33285594, -3.12639104,
       -0.2437036 , -1.79584614, -2.69813224, -2.76610831, -2.93789105,
       -0.82277623, -2.33999907, -1.90181258, -2.07414155, -2.7215601 ,
       -1.66323442, -2.78316239, -1.95902186])
 message: 'CONVERGENCE: REL_REDUCTION_OF_F_<=_FACTR*EPSMCH'
     jac: array([ -2.74667400e-01,  -7.13043846e-02,   1.73349690e-01,
        -1.09139364e-03,   3.39241524e-02,  -2.89219315e-02,
         9.22940483e-03,   7.43599894e-03,  -4.90333890e-03,
         2.07701792e-04,   3.23907202e-03,  -9.66019145e-03,
         6.86092046e-03,  -3.84881885e-02,   1.58009421e-02,
        -4.04165316e-03,  -1.89370132e-02,   3.72672656e-03])
     nit: 55
Lr rates:  [ 0.12113056  0.85801449  0.79292689  0.53210498  0.775371    0.81358928
  0.79214495]
Process rates:  [ 0.52502868  0.61491389  0.39120505  5.85872721  0.08624044  3.4499598 ]
log likelihood =  6226.10976777
Lr derivatives =  [-562.23757666223673, -536.02654429428208, -288.09292375993687, -238.5617422237404, -177.69106181593389, -36.683759113261701, 58.352220917343793]
other derivatives =  [ 235.28828024  166.98604668  -82.10072338 -377.47795432  -49.61475497
  -12.3422069 ]
Current x_clock array =  [-0.64430238 -0.48627304 -0.93852343  1.76793238 -2.45061608  1.23836258
 -2.11088631 -0.15313429 -0.23202426 -0.63091448 -0.25441366 -0.20629961
 -0.23301088]
Lr rates:  [ 0.258906    0.85819202  0.79317548  0.53255873  0.77563755  0.81381607
  0.73209419]
Process rates:  [ 0.38205819  0.49072318  0.39167494  9.75630665  0.09221934  3.50796883]
log likelihood =  6087.17379352
Lr derivatives =  [306.87055753709728, 198.7267396224328, 279.62315914561543, 217.88170331585832, 114.34675791169288, 103.82032731831103, 80.385298122043224]
other derivatives =  [-291.92115107 -150.7601155  -129.94050849  276.07602533  161.30461518
  125.71281331]
Current x_clock array =  [-0.96218234 -0.71187509 -0.93732301  2.27791391 -2.38358539  1.25503719
 -1.35129021 -0.1529274  -0.23171079 -0.6300621  -0.25406994 -0.20602089
 -0.31184609]
Lr rates:  [ 0.19518917  0.89719561  0.77602566  0.52477371  0.77704733  0.79698035
  0.73184635]
Process rates:  [ 0.44898881  0.54214654  0.41123017  7.92276638  0.08681439  3.37838094]
log likelihood =  5966.91166692
Lr derivatives =  [-75.681123923539133, -135.41776578832659, -6.7535497573357546, -9.0251257819723776, -37.408035452008029, 17.338603969847, 50.870446354977986]
other derivatives =  [-109.92362149  -34.44401955  -60.63855835  -25.79536158   48.28771125
   76.22275007]
Current x_clock array =  [-0.80075731 -0.61221894 -0.8886022   2.06974043 -2.44398291  1.21739658
 -1.63378606 -0.10848137 -0.25356969 -0.64478813 -0.25225401 -0.22692526
 -0.31218469]
Lr rates:  [ 0.1950747   0.94523966  0.77234443  0.52368759  0.78678343  0.7886993
  0.71643433]
Process rates:  [ 0.47796915  0.55586215  0.42372146  7.82050265  0.08450417  3.26086301]
log likelihood =  5949.32144152
Lr derivatives =  [-63.371389487091577, -117.89116408657186, 5.2111763529466408, -0.53149571051833, -29.57232602288839, 16.426922404885705, 46.210569271886833]
other derivatives =  [ -7.25540303  -9.84646249 -30.580577   -21.31146175  49.16246326
  77.18508641]
Current x_clock array =  [-0.73820909 -0.58723495 -0.85867897  2.05674883 -2.47095435  1.18199189
 -1.63437271 -0.05631678 -0.25832468 -0.64685997 -0.23980226 -0.23737015
 -0.33346869]
Lr rates:  [ 0.21244211  1.          0.73909159  0.50907642  0.80579338  0.76134192
  0.66403898]
Process rates:  [ 0.49499678  0.56805461  0.44899349  7.97823104  0.07782592  2.89870137]
log likelihood =  5923.97552853
Lr derivatives =  [-20.453815014917829, -79.648087765032727, 9.363151198089966, 6.5213446127328663, -22.729009642690563, 4.5348922989753859, 29.458029289709355]
other derivatives =  [ 53.55750545  11.81888365  25.3889084   22.30553946  53.94149412
  64.94610716]
Current x_clock array =  [-0.70320402 -0.56553772 -0.80074689  2.07671671 -2.5532807   1.06426283
 -1.54908574  0.         -0.30233343 -0.67515714 -0.21592793 -0.27267272
 -0.40941443]
Lr rates:  [ 0.24362778  1.          0.70782696  0.49434428  0.85661106  0.73591669
  0.59269398]
Process rates:  [ 0.49467204  0.56994313  0.45630275  7.93280466  0.06672979  2.37818916]
log likelihood =  5901.20448831
Lr derivatives =  [-2.1161439706114038, -68.742029265731929, -3.7975859079188026, 3.719876802106155, -13.392894007965163, -7.8532732448732769, 9.109340103220946]
other derivatives =  [ 48.3227268   12.76775947  40.83458407  54.06782293  43.74896889
  42.5797225 ]
Current x_clock array =  [-0.70386029 -0.56221869 -0.78459877  2.07100665 -2.70710377  0.86633934
 -1.41211371  0.         -0.34555562 -0.70452309 -0.1547713  -0.30663836
 -0.52307707]
Lr rates:  [ 0.32983845  1.          0.75015842  0.49527764  1.          0.73774405
  0.48367588]
Process rates:  [ 0.50331588  0.58330915  0.43621646  6.08495372  0.04417049  1.45197657]
log likelihood =  5870.82329507
Lr derivatives =  [40.084302261842822, -23.249927015140713, 48.663020956946831, 56.796296113080615, nan, 13.710324865155171, -6.6436499073216204]
other derivatives =  [ 95.87793102  41.05068001  -2.32193997  67.65030776   1.54032023
  29.27790774]
Current x_clock array =  [-0.68653732 -0.53903796 -0.82961669  1.80581912 -3.11969841  0.37292578
 -1.10915228  0.         -0.28747087 -0.70263679  0.         -0.30415833
 -0.72634026]
Lr rates:  [ 0.32983845  1.          0.75015842  0.49527764  1.          0.73774405
  0.48367588]
Process rates:  [ 0.50331588  0.58330915  0.43621646  6.08495372  0.04417049  1.45197657]
log likelihood =  5870.82329507
Lr derivatives =  [40.084302261842822, -23.249927015140713, 48.663020956946831, 56.796296113080615, nan, 13.710324865155171, -6.6436499073216204]
other derivatives =  [ 95.87793102  41.05068001  -2.32193997  67.65030776   1.54032023
  29.27790774]
Current x_clock array =  [-0.68653732 -0.53903796 -0.82961669  1.80581912 -3.11969841  0.37292578
 -1.10915228  0.         -0.28747087 -0.70263679  0.         -0.30415833
 -0.72634026]
Lr rates:  [ 0.32983845  1.          0.75015842  0.49527764  1.          0.73774405
  0.48367588]
Process rates:  [ 0.50331588  0.58330915  0.43621646  6.08495372  0.04417049  1.45197657]
log likelihood =  5870.82329507
Lr derivatives =  [40.084302261842822, -23.249927015140713, 48.663020956946831, 56.796296113080615, nan, 13.710324865155171, -6.6436499073216204]
other derivatives =  [ 95.87793102  41.05068001  -2.32193997  67.65030776   1.54032023
  29.27790774]
Current x_clock array =  [-0.68653732 -0.53903796 -0.82961669  1.80581912 -3.11969841  0.37292578
 -1.10915228  0.         -0.28747087 -0.70263679  0.         -0.30415833
 -0.72634026]
Lr rates:  [ 0.32983845  1.          0.75015842  0.49527764  1.          0.73774405
  0.48367588]
Process rates:  [ 0.50331588  0.58330915  0.43621646  6.08495372  0.04417049  1.45197657]
log likelihood =  5870.82329507
Lr derivatives =  [40.084302261842822, -23.249927015140713, 48.663020956946831, 56.796296113080615, nan, 13.710324865155171, -6.6436499073216204]
other derivatives =  [ 95.87793102  41.05068001  -2.32193997  67.65030776   1.54032023
  29.27790774]
Current x_clock array =  [-0.68653732 -0.53903796 -0.82961669  1.80581912 -3.11969841  0.37292578
 -1.10915228  0.         -0.28747087 -0.70263679  0.         -0.30415833
 -0.72634026]
Lr rates:  [ 0.32983845  1.          0.75015842  0.49527764  1.          0.73774405
  0.48367588]
Process rates:  [ 0.50331588  0.58330915  0.43621646  6.08495372  0.04417049  1.45197657]
log likelihood =  5870.82329507
Lr derivatives =  [40.084302261842822, -23.249927015140713, 48.663020956946831, 56.796296113080615, nan, 13.710324865155171, -6.6436499073216204]
other derivatives =  [ 95.87793102  41.05068001  -2.32193997  67.65030776   1.54032023
  29.27790774]
Current x_clock array =  [-0.68653732 -0.53903796 -0.82961669  1.80581912 -3.11969841  0.37292578
 -1.10915228  0.         -0.28747087 -0.70263679  0.         -0.30415833
 -0.72634026]
Lr rates:  [ 0.32983845  1.          0.75015842  0.49527764  1.          0.73774405
  0.48367588]
Process rates:  [ 0.50331588  0.58330915  0.43621646  6.08495372  0.04417049  1.45197657]
log likelihood =  5870.82329507
Lr derivatives =  [40.084302261842822, -23.249927015140713, 48.663020956946831, 56.796296113080615, nan, 13.710324865155171, -6.6436499073216204]
other derivatives =  [ 95.87793102  41.05068001  -2.32193997  67.65030776   1.54032023
  29.27790774]
Current x_clock array =  [-0.68653732 -0.53903796 -0.82961669  1.80581912 -3.11969841  0.37292578
 -1.10915228  0.         -0.28747087 -0.70263679  0.         -0.30415833
 -0.72634026]
Lr rates:  [ 0.32983845  1.          0.75015842  0.49527764  1.          0.73774405
  0.48367588]
Process rates:  [ 0.50331588  0.58330915  0.43621646  6.08495372  0.04417049  1.45197657]
log likelihood =  5870.82329507
Lr derivatives =  [40.084302261842822, -23.249927015140713, 48.663020956946831, 56.796296113080615, nan, 13.710324865155171, -6.6436499073216204]
other derivatives =  [ 95.87793102  41.05068001  -2.32193997  67.65030776   1.54032023
  29.27790774]
Current x_clock array =  [-0.68653732 -0.53903796 -0.82961669  1.80581912 -3.11969841  0.37292578
 -1.10915228  0.         -0.28747087 -0.70263679  0.         -0.30415833
 -0.72634026]
Lr rates:  [ 0.32983845  1.          0.75015842  0.49527764  1.          0.73774405
  0.48367588]
Process rates:  [ 0.50331588  0.58330915  0.43621646  6.08495372  0.04417049  1.45197657]
log likelihood =  5870.82329507
Lr derivatives =  [40.084302261842822, -23.249927015140713, 48.663020956946831, 56.796296113080615, nan, 13.710324865155171, -6.6436499073216204]
other derivatives =  [ 95.87793102  41.05068001  -2.32193997  67.65030776   1.54032023
  29.27790774]
Current x_clock array =  [-0.68653732 -0.53903796 -0.82961669  1.80581912 -3.11969841  0.37292578
 -1.10915228  0.         -0.28747087 -0.70263679  0.         -0.30415833
 -0.72634026]
Lr rates:  [ 0.32983845  1.          0.75015842  0.49527764  1.          0.73774405
  0.48367588]
Process rates:  [ 0.50331588  0.58330915  0.43621646  6.08495372  0.04417049  1.45197657]
log likelihood =  5870.82329507
Lr derivatives =  [40.084302261842822, -23.249927015140713, 48.663020956946831, 56.796296113080615, nan, 13.710324865155171, -6.6436499073216204]
other derivatives =  [ 95.87793102  41.05068001  -2.32193997  67.65030776   1.54032023
  29.27790774]
Current x_clock array =  [-0.68653732 -0.53903796 -0.82961669  1.80581912 -3.11969841  0.37292578
 -1.10915228  0.         -0.28747087 -0.70263679  0.         -0.30415833
 -0.72634026]
Lr rates:  [ 0.32983845  1.          0.75015842  0.49527764  1.          0.73774405
  0.48367588]
Process rates:  [ 0.50331588  0.58330915  0.43621646  6.08495372  0.04417049  1.45197657]
log likelihood =  5870.82329507
Lr derivatives =  [40.084302261842822, -23.249927015140713, 48.663020956946831, 56.796296113080615, nan, 13.710324865155171, -6.6436499073216204]
other derivatives =  [ 95.87793102  41.05068001  -2.32193997  67.65030776   1.54032023
  29.27790774]
Current x_clock array =  [-0.68653732 -0.53903796 -0.82961669  1.80581912 -3.11969841  0.37292578
 -1.10915228  0.         -0.28747087 -0.70263679  0.         -0.30415833
 -0.72634026]
Lr rates:  [ 0.32983845  1.          0.75015842  0.49527764  1.          0.73774405
  0.48367588]
Process rates:  [ 0.50331588  0.58330915  0.43621646  6.08495372  0.04417049  1.45197657]
log likelihood =  5870.82329507
Lr derivatives =  [40.084302261842822, -23.249927015140713, 48.663020956946831, 56.796296113080615, nan, 13.710324865155171, -6.6436499073216204]
other derivatives =  [ 95.87793102  41.05068001  -2.32193997  67.65030776   1.54032023
  29.27790774]
Current x_clock array =  [-0.68653732 -0.53903796 -0.82961669  1.80581912 -3.11969841  0.37292578
 -1.10915228  0.         -0.28747087 -0.70263679  0.         -0.30415833
 -0.72634026]
Lr rates:  [ 0.32983845  1.          0.75015842  0.49527764  1.          0.73774405
  0.48367588]
Process rates:  [ 0.50331588  0.58330915  0.43621646  6.08495372  0.04417049  1.45197657]
log likelihood =  5870.82329507
Lr derivatives =  [40.084302261842822, -23.249927015140713, 48.663020956946831, 56.796296113080615, nan, 13.710324865155171, -6.6436499073216204]
other derivatives =  [ 95.87793102  41.05068001  -2.32193997  67.65030776   1.54032023
  29.27790774]
Current x_clock array =  [-0.68653732 -0.53903796 -0.82961669  1.80581912 -3.11969841  0.37292578
 -1.10915228  0.         -0.28747087 -0.70263679  0.         -0.30415833
 -0.72634026]
Lr rates:  [ 0.32983845  1.          0.75015842  0.49527764  1.          0.73774405
  0.48367588]
Process rates:  [ 0.50331588  0.58330915  0.43621646  6.08495372  0.04417049  1.45197657]
log likelihood =  5870.82329507
Lr derivatives =  [40.084302261842822, -23.249927015140713, 48.663020956946831, 56.796296113080615, nan, 13.710324865155171, -6.6436499073216204]
other derivatives =  [ 95.87793102  41.05068001  -2.32193997  67.65030776   1.54032023
  29.27790774]
Current x_clock array =  [-0.68653732 -0.53903796 -0.82961669  1.80581912 -3.11969841  0.37292578
 -1.10915228  0.         -0.28747087 -0.70263679  0.         -0.30415833
 -0.72634026]
Lr rates:  [ 0.32983845  1.          0.75015842  0.49527764  1.          0.73774405
  0.48367588]
Process rates:  [ 0.50331588  0.58330915  0.43621646  6.08495372  0.04417049  1.45197657]
log likelihood =  5870.82329507
Lr derivatives =  [40.084302261842822, -23.249927015140713, 48.663020956946831, 56.796296113080615, nan, 13.710324865155171, -6.6436499073216204]
other derivatives =  [ 95.87793102  41.05068001  -2.32193997  67.65030776   1.54032023
  29.27790774]
Current x_clock array =  [-0.68653732 -0.53903796 -0.82961669  1.80581912 -3.11969841  0.37292578
 -1.10915228  0.         -0.28747087 -0.70263679  0.         -0.30415833
 -0.72634026]
Lr rates:  [ 0.32983845  1.          0.75015842  0.49527764  1.          0.73774405
  0.48367588]
Process rates:  [ 0.50331588  0.58330915  0.43621646  6.08495372  0.04417049  1.45197657]
log likelihood =  5870.82329507
Lr derivatives =  [40.084302261842822, -23.249927015140713, 48.663020956946831, 56.796296113080615, nan, 13.710324865155171, -6.6436499073216204]
other derivatives =  [ 95.87793102  41.05068001  -2.32193997  67.65030776   1.54032023
  29.27790774]
Current x_clock array =  [-0.68653732 -0.53903796 -0.82961669  1.80581912 -3.11969841  0.37292578
 -1.10915228  0.         -0.28747087 -0.70263679  0.         -0.30415833
 -0.72634026]
Lr rates:  [ 0.32983845  1.          0.75015842  0.49527764  1.          0.73774405
  0.48367588]
Process rates:  [ 0.50331588  0.58330915  0.43621646  6.08495372  0.04417049  1.45197657]
log likelihood =  5870.82329507
Lr derivatives =  [40.084302261842822, -23.249927015140713, 48.663020956946831, 56.796296113080615, nan, 13.710324865155171, -6.6436499073216204]
other derivatives =  [ 95.87793102  41.05068001  -2.32193997  67.65030776   1.54032023
  29.27790774]
Current x_clock array =  [-0.68653732 -0.53903796 -0.82961669  1.80581912 -3.11969841  0.37292578
 -1.10915228  0.         -0.28747087 -0.70263679  0.         -0.30415833
 -0.72634026]
Lr rates:  [ 0.32983845  1.          0.75015842  0.49527764  1.          0.73774405
  0.48367588]
Process rates:  [ 0.50331588  0.58330915  0.43621646  6.08495372  0.04417049  1.45197657]
log likelihood =  5870.82329507
Lr derivatives =  [40.084302261842822, -23.249927015140713, 48.663020956946831, 56.796296113080615, nan, 13.710324865155171, -6.6436499073216204]
other derivatives =  [ 95.87793102  41.05068001  -2.32193997  67.65030776   1.54032023
  29.27790774]
Current x_clock array =  [-0.68653732 -0.53903796 -0.82961669  1.80581912 -3.11969841  0.37292578
 -1.10915228  0.         -0.28747087 -0.70263679  0.         -0.30415833
 -0.72634026]
Lr rates:  [ 0.32983845  1.          0.75015842  0.49527764  1.          0.73774405
  0.48367588]
Process rates:  [ 0.50331588  0.58330915  0.43621646  6.08495372  0.04417049  1.45197657]
log likelihood =  5870.82329507
Lr derivatives =  [40.084302261842822, -23.249927015140713, 48.663020956946831, 56.796296113080615, nan, 13.710324865155171, -6.6436499073216204]
other derivatives =  [ 95.87793102  41.05068001  -2.32193997  67.65030776   1.54032023
  29.27790774]
Current x_clock array =  [-0.68653732 -0.53903796 -0.82961669  1.80581912 -3.11969841  0.37292578
 -1.10915228  0.         -0.28747087 -0.70263679  0.         -0.30415833
 -0.72634026]
Lr rates:  [ 0.32983845  1.          0.75015842  0.49527764  1.          0.73774405
  0.48367588]
Process rates:  [ 0.50331588  0.58330915  0.43621646  6.08495372  0.04417049  1.45197657]
log likelihood =  5870.82329507
Lr derivatives =  [40.084302261842822, -23.249927015140713, 48.663020956946831, 56.796296113080615, nan, 13.710324865155171, -6.6436499073216204]
other derivatives =  [ 95.87793102  41.05068001  -2.32193997  67.65030776   1.54032023
  29.27790774]
Current x_clock array =  [-0.68653732 -0.53903796 -0.82961669  1.80581912 -3.11969841  0.37292578
 -1.10915228  0.         -0.28747087 -0.70263679  0.         -0.30415833
 -0.72634026]
Lr rates:  [ 0.32983845  1.          0.75015842  0.49527764  1.          0.73774405
  0.48367588]
Process rates:  [ 0.50331588  0.58330915  0.43621646  6.08495372  0.04417049  1.45197657]
log likelihood =  5870.82329507
Lr derivatives =  [40.084302261842822, -23.249927015140713, 48.663020956946831, 56.796296113080615, nan, 13.710324865155171, -6.6436499073216204]
other derivatives =  [ 95.87793102  41.05068001  -2.32193997  67.65030776   1.54032023
  29.27790774]
Current x_clock array =  [-0.68653732 -0.53903796 -0.82961669  1.80581912 -3.11969841  0.37292578
 -1.10915228  0.         -0.28747087 -0.70263679  0.         -0.30415833
 -0.72634026]
Lr rates:  [  2.02188504e+00   1.00000000e+00   1.00000000e+00   1.19813993e-02
   1.00000000e+00   1.00000000e+00   6.55683680e-05]
Process rates:  [  5.10532932e-22   1.62503995e-06   8.41431084e-19   2.61860271e-23
   6.67396600e-21   7.65786790e-19]
