number of sites to be analyzed:  894
Now calculate MLE for pair ['YIR033W', 'YKL020C']
log likelihood =  -33815.1832515
Edge derivatives =  [813.7934263463334, 206.73043428333733, 167.30979451793658, 68.00651974722395, 1276.9521919052459, 352.21835940571657, 791.4101015109107, 292.96833692464986, 157.26493203108237, 427.13404063080935, 148.17913277212037, 48.17864374875758]
other derivatives: [ -183.57823137  -330.05781006   420.51906348  2414.46250584  2637.47933786
    32.57518983]
Current x array =  [-0.64353555 -0.48264002 -0.93307917  1.76977596 -2.44028574  1.19617746
 -3.90910406 -3.87159909 -4.30005794 -6.28014701 -2.83555499 -3.29056063
 -2.92359461 -3.49891453 -3.97438916 -3.10701318 -4.59465356 -2.01786889]
log likelihood =  -30231.0545648
Edge derivatives =  [693.281573480586, 133.6064122179479, 115.35188751438636, 48.55475223697405, 1132.9988962281986, 232.02595559340753, 709.4115112383666, 197.61319101731547, 92.66495163090481, 353.8691555673485, 112.61097530047583, -235.98522370406428]
other derivatives: [  220.3607437    368.72334022   298.07924875  1520.74971993  2084.55421671
   -95.58971215]
Current x array =  [-0.68891469 -0.5642278  -0.93286088  2.36661269 -1.78832094  1.2042298
 -3.70794053 -3.8204969  -4.25870023 -6.26333632 -2.51990214 -3.20349494
 -2.72796406 -3.42649499 -3.93551447 -3.0014289  -4.55802481 -2.0059595 ]
log likelihood =  -45484.5036422
Edge derivatives =  [-83.63466785948883, -677.8114689625228, -189.60828290125957, -32.0991291825211, -697.4875540606768, -668.8701482911313, -188.54740092612823, -758.5715535949141, -611.8393179207258, -84.38271218789255, -225.3990055293229, -1167.3513239079614]
other derivatives: [ -9.22264153e+03  -1.03963853e+05  -2.73597834e+01  -1.88586491e+03
  -5.08861194e+03  -2.25510739e+03]
Current x array =  [-0.14098182 -0.05       -0.9499211   4.31459826  1.21659476  0.98997967
 -2.67700026 -3.64666926 -4.103057   -6.19661726 -0.8086908  -2.89823395
 -1.65246109 -3.16301694 -3.82186773 -2.48106284 -4.39853227 -2.51882875]
log likelihood =  -28038.2795143
Edge derivatives =  [353.38083953621646, -83.87890263695493, -19.06245616451688, 19.16118820561506, 477.14577435128393, -126.747668239511, 396.33240408555554, -106.75126233147765, -98.28680367049871, 147.6052524786713, 1.1658119813016592, -791.078561006769]
other derivatives: [-1540.41917995  -311.27347029   101.46213754 -1258.474731    -548.1109838
  -365.17558328]
Current x array =  [-0.50925693 -0.39562135 -0.93845463  3.00532364 -0.8030608   1.13398087
 -3.36991296 -3.76350181 -4.2076675  -6.24146029 -1.95882539 -3.10340511
 -2.37532515 -3.34010507 -3.89825166 -2.83080982 -4.50572995 -2.1741205 ]
log likelihood =  -27452.9901686
Edge derivatives =  [339.89130480735685, -38.17743369962635, -4.431425234332906, 27.393225079703527, 455.6235121041713, -69.98991980279759, 409.2077108027037, -50.74703186538316, -55.85924647101709, 154.32759663106157, 22.57108132088003, -543.8809644761538]
other derivatives: [ 936.72824732  -21.64342732  -80.13666957 -803.97330748 -184.97412384
 -316.02321542]
Current x array =  [-0.83742649 -0.44353799 -0.89907859  2.82172698 -0.78591326  1.04450448
 -3.24345897 -3.77360172 -4.20432793 -6.23393176 -1.77436547 -3.11665014
 -2.2378554  -3.35107043 -3.91435862 -2.77370314 -4.49792764 -2.36999167]
log likelihood =  -26947.4961405
Edge derivatives =  [311.2876446375261, 15.307990815826166, 16.576448279566755, 39.337483491340095, 385.2476147007641, -2.809489388180907, 409.1718611788358, 9.269099578840555, -8.348380726274739, 149.64415560942604, 45.22265705404382, -268.5818173885626]
other derivatives: [ 962.44366432  -94.92687241  -97.62916306 -332.18129829   16.86603355
 -274.79472919]
Current x array =  [-0.83862445 -0.44560401 -0.8833207   2.59192415 -0.73111507  0.9211574
 -3.0780706  -3.7841696  -4.20037339 -6.22334675 -1.53091668 -3.13249952
 -2.05022881 -3.36236255 -3.93328681 -2.6979675  -4.48560488 -2.61657322]
log likelihood =  -26279.8175675
Edge derivatives =  [100.8514884621174, 70.10072334968005, 27.67032194863453, 67.15924802523706, -136.18539440044148, 49.38425928209573, 194.76307199919458, 54.29936688662652, 41.85152822385609, 47.30808978702107, 63.52896477977281, 124.2184100217321]
other derivatives: [  356.35603126  1062.56884465    53.21198842  -181.03164621  -659.33672886
  -222.13826014]
Current x array =  [-0.75810543 -0.60259028 -0.91527863  2.1305239  -0.40760973  0.43460159
 -2.44973877 -3.76005685 -4.16138369 -6.16028541 -0.66994391 -3.12235707
 -1.27403689 -3.33881665 -3.95254454 -2.40044352 -4.40489395 -3.25881642]
log likelihood =  -26409.3545368
Edge derivatives =  [81.83276062359391, 131.69086928568424, 65.46149847672264, 85.74572293654953, -176.07746397559785, 157.37116246312752, 107.38837362883821, 139.66355355859895, 103.03810890981822, 24.694342105116903, 98.67010553812551, 264.6736066899843]
other derivatives: [  -36.70902515 -4755.37563034  -115.24243746   136.33070921  -353.6883014
   -55.31146599]
Current x array =  [-0.68370554 -0.22346032 -0.86880546  1.92750503 -0.61090867  0.11662261
 -2.1235521  -3.70116894 -4.12409341 -6.09330355 -0.38489047 -3.07744536
 -0.83151598 -3.2879159  -3.92891983 -2.24429279 -4.33122571 -3.40780931]
log likelihood =  -26065.2970091
Edge derivatives =  [98.37367366750016, 101.60256989132544, 46.789963378751, 75.57017950740689, -126.32272240591438, 103.3462890089817, 173.879771833249, 97.83958119480849, 72.13309062102259, 40.416122107890644, 81.22627281553861, 199.96090997702214]
other derivatives: [ 257.56999094 -391.75574784  -24.09396984   43.40872692 -455.80600272
 -142.47525542]
Current x array =  [-0.72293827 -0.42338407 -0.89331181  2.03456145 -0.50370457  0.28430007
 -2.29555767 -3.73222186 -4.14375741 -6.12862459 -0.53520556 -3.10112831
 -1.0648672  -3.31475701 -3.94137767 -2.32663458 -4.37007263 -3.32924201]
log likelihood =  -25953.172209
Edge derivatives =  [135.4060006274956, 125.37184107375325, 62.47176720770128, 79.07409838857619, -16.46236545343851, 145.0530792570746, 206.89447999686178, 133.1999801339026, 92.32885543687111, 50.05843385848928, 94.1036411154185, 231.69581393036037]
other derivatives: [-237.43050406 -263.3270924     6.0259481   219.57894205 -112.28003132
  -61.97296898]
Current x array =  [-0.65009694 -0.43604852 -0.89435941  1.98792825 -0.6839742   0.19951594
 -2.23766983 -3.7022452  -4.13024839 -6.10216016 -0.54488739 -3.07657217
 -0.96609964 -3.28911049 -3.92296814 -2.29968916 -4.34267286 -3.28742608]
log likelihood =  -25808.9541417
Edge derivatives =  [146.65664696356302, 138.4120589845372, 69.50751280614074, 80.4169221604024, 54.96437575198725, 170.35360117272498, 176.81417790500365, 152.7524978903202, 105.55285345673644, 39.826584747322386, 101.20175516064766, 255.40630309263236]
other derivatives: [-387.13369577 -250.32240956    9.48966772  281.11680876   80.61288099
   19.50211299]
Current x array =  [-0.63012468 -0.43881087 -0.89538098  1.96607879 -0.88355905  0.03115383
 -2.05630314 -3.62372307 -4.08968806 -6.03901282 -0.46457115 -2.99908614
 -0.69886314 -3.21287935 -3.8734153  -2.2186752  -4.27159457 -3.23018984]
log likelihood =  -25397.4338044
Edge derivatives =  [148.96481007938374, 140.05364678319486, 65.17697403158448, 74.40397547714741, 161.6316129857233, 187.95298077282524, -10.561059400937816, 159.04930535979673, 115.91222887499765, 4.636297235302675, 102.2511448062051, 266.6754610597329]
other derivatives: [-234.20398065  -40.81957741   41.32416507  236.87862267  280.34373827
  142.25151972]
Current x array =  [-0.64454852 -0.46151367 -0.91315776  1.94456286 -1.48544583 -0.46312464
 -1.35848802 -3.2794541  -3.91430033 -5.77873395 -0.11544248 -2.63523289
  0.2418382  -2.86675842 -3.64355566 -1.94353575 -3.97136804 -2.91719652]
log likelihood =  -24959.8597821
Edge derivatives =  [154.14438749758477, 100.4053046152353, 39.19440608706246, 56.91918712122219, 151.20910483838574, 149.40104469298765, -118.33559886231727, 117.83998709316337, 98.70238682753167, -1.0427510853175144, 82.41990819698992, 195.08245229875072]
other derivatives: [-328.76123441  -50.15172064 -351.03075788   94.49431673  394.15062929
  142.6320523 ]
Current x array =  [-0.62477332 -0.46036625 -0.83294972  1.76661628 -2.2289529  -0.84496399
 -0.30382914 -2.66971883 -3.62513758 -5.3455015   0.51666325 -1.93638952
  1.09134154 -2.23992309 -3.19844652 -1.65657213 -3.45361976 -2.1944695 ]
log likelihood =  -25602.2920218
Edge derivatives =  [67.6287771974337, -67.95208510985205, -1.5803676389073065, 27.529962564980266, 112.49194763924814, -122.77280962234131, -101.83863777281717, -78.2074765491287, 15.96681933954975, 3.6833911447897494, 9.171222217267578, -173.21421371603162]
other derivatives: [  468.00887503  -720.5784641   1625.67957886  -497.2473107    446.08968892
    73.35365808]
Current x array =  [-0.68013268 -0.40432002 -1.6821404   1.20287006 -3.57701424 -1.54422265
  2.06374435 -1.31870504 -3.01202229 -4.37804756  1.81370507 -0.34682138
  2.49841466 -0.84393355 -2.16203427 -1.08024464 -2.28836895 -0.46939642]
log likelihood =  -24792.6206686
Edge derivatives =  [153.7898273571518, 65.55909089389118, 23.385884957817975, 46.41344690260923, 135.6088376687134, 93.5701290710159, -127.94055022876712, 77.1426067680008, 81.91499380688813, 0.49234848493459576, 65.28367265392694, 115.3147039371276]
other derivatives: [-138.72268028 -221.43030947  570.27937146   -9.48639354  438.96652642
  117.19494069]
Current x array =  [-0.64184289 -0.44308489 -1.09479018  1.5927901  -2.64461574 -1.06057423
  0.42619129 -2.25314563 -3.43608889 -5.0471956   0.91659467 -1.44626019
  1.52520014 -1.80948201 -2.87887793 -1.47886663 -3.09432494 -1.66255842]
log likelihood =  -24562.5155701
Edge derivatives =  [53.354729444523564, 19.902017807775966, 9.160754803824853, 37.03426548693347, 19.463666759992098, 23.222761672008005, -110.98355572195332, 27.963643821094163, 57.50406990172849, 1.9608436160985527, 45.04303740720003, 17.17118076068132]
other derivatives: [ -37.6458047    93.5382559   157.65726857 -144.48996808  244.35394153
   71.17596397]
Current x array =  [-0.64434962 -0.47226968 -0.97087303  1.31837751 -2.87900477 -1.15719021
  1.16133696 -1.83722839 -3.25101371 -4.75099127  1.39921313 -0.94498551
  1.77320867 -1.37549474 -2.54692637 -1.33847259 -2.73172232 -1.14745709]
log likelihood =  -24467.2831428
Edge derivatives =  [-30.032403945437334, 18.787905411531284, 5.826561607956416, 35.898409632335564, -75.06332377766377, 5.525202212505064, -64.11758549678126, 20.271226122751923, 56.50609339167143, 3.865432913841285, 43.93708188170588, -6.076123611517093]
other derivatives: [ -30.95374268    4.44888428 -126.14618754  -58.21602826   40.07561074
   20.02561814]
Current x array =  [-0.64467622 -0.46367571 -0.89681846  1.10875605 -2.69833102 -1.01850395
  1.28427706 -1.7500365  -3.2158404  -4.67404995  1.48233228 -0.82888882
  1.54541725 -1.27555674 -2.43450355 -1.35567889 -2.63441686 -1.01766091]
log likelihood =  -24431.4646446
Edge derivatives =  [-18.512794304562505, 17.21481481065653, 5.200775559283688, 35.055327651490494, -65.33209834917827, -3.367286355067198, 4.689213433925538, 12.45952204171654, 50.37431640286121, 8.913339096478044, 43.25310050796541, -29.237602132451006]
other derivatives: [ 41.05095286  19.69492587 -73.1623004   23.44640961  44.51576388
 -35.54014256]
Current x array =  [-0.65529819 -0.46653019 -0.90649526  1.0585488  -2.50131944 -0.83978961
  1.10926579 -1.78011416 -3.23858497 -4.67758718  1.30550513 -0.86834325
  1.20827748 -1.30149935 -2.39828942 -1.42752287 -2.63446534 -1.00883965]
log likelihood =  -24475.2139795
Edge derivatives =  [-65.29239454843213, -14.648928977776077, 0.2816746689629657, 31.198398870373826, -83.04663342397038, -48.805655518368205, -25.31376861176947, -35.91766435313197, 17.947137030327088, 6.58228624448612, 27.0861767008846, -72.84739771189093]
other derivatives: [-1045.42923509  -122.07819964    71.77732186  -176.06398615  -262.89089874
   -70.70157153]
Current x array =  [-0.55656255 -0.44450787 -0.94008469  1.13392217 -2.1995543  -0.76257124
  0.90141859 -1.79539353 -3.2586552  -4.63338601  1.00064512 -0.93297919
  0.92957749 -1.32504129 -2.29414582 -1.48300928 -2.57616356 -1.06177503]
log likelihood =  -24423.9996541
Edge derivatives =  [-31.288781002775416, 9.050535789460087, 3.954923367388063, 34.04135885107343, -70.3784961304013, -14.9123941657019, -3.87965053530821, 0.022470278298275803, 42.34925405374093, 8.359104260711367, 39.28595141472591, -40.22166545620943]
other derivatives: [-229.86896511  -18.0079951   -31.62240318  -29.94092938  -35.31458788
  -44.7860657 ]
Current x array =  [-0.62781076 -0.46039931 -0.91584636  1.07953231 -2.41730976 -0.81829246
  1.05140233 -1.78436785 -3.2441724  -4.66528183  1.22063386 -0.88633752
  1.13068901 -1.30805329 -2.36929644 -1.44296997 -2.61823446 -1.02357655]
log likelihood =  -24413.4651917
Edge derivatives =  [-16.519488809645193, 4.977530188512156, 3.861760610896421, 33.73392285501749, -48.25902255478864, -18.175260905015325, 8.580945180049257, -7.455943543128957, 35.04506910714714, 10.024742288929982, 37.16636031278112, -42.611401939190934]
other derivatives: [-88.56513887 -28.59487722  22.40267349 -35.26183718 -33.44212018
 -55.03970897]
Current x array =  [-0.64364703 -0.45934761 -0.92973877  1.104845   -2.32143728 -0.77599661
  0.92064395 -1.81804274 -3.26379236 -4.66996024  1.07463317 -0.94294415
  1.00410679 -1.34569192 -2.35532431 -1.47326263 -2.62292838 -1.07202176]
log likelihood =  -24401.7959409
Edge derivatives =  [-8.867547244782935, -3.3815954616800914, 3.5356040847384014, 33.226279137985294, -16.730754562759042, -22.4035513004015, 6.040720463736463, -18.31884918112933, 23.845911968480852, 10.59914983153369, 32.459069655759386, -38.86912610662206]
other derivatives: [  9.28121153 -16.64520823  49.73735486 -51.26676115 -25.36289685
 -46.51847121]
Current x array =  [-0.65462503 -0.4605062  -0.93781152  1.11043241 -2.28107644 -0.81232266
  0.87540204 -1.80270047 -3.25909918 -4.62201459  0.95845379 -0.95790645
  0.97682047 -1.34024829 -2.28871821 -1.46834718 -2.56651961 -1.09875068]
log likelihood =  -24386.9147533
Edge derivatives =  [3.1376985874802727, -13.295587979865033, 3.8946503838909807, 33.223311177204366, 32.95710145069123, -20.10381535735365, -1.157335244781358, -28.853581981048833, 5.740064062628457, 11.396073670974237, 24.791781331523495, -18.36218741926712]
other derivatives: [ 63.92911018 -29.58513505  37.45481081 -25.63174348  11.28428266
 -23.33363227]
Current x array =  [-0.66059944 -0.45980974 -0.93511937  1.06930052 -2.25878391 -0.9274267
  0.87449346 -1.74357386 -3.23006777 -4.49331282  0.82331674 -0.95295249
  1.00108104 -1.30626406 -2.13964535 -1.43010505 -2.42035775 -1.12821399]
log likelihood =  -24391.1239688
Edge derivatives =  [-20.270868831029624, -17.612202170228816, 4.07314479902767, 33.88547164872458, 20.152545298311427, -15.027595793897497, -36.41354863667179, -28.82280008268909, -11.836848259725206, 9.28521122364812, 15.689416919774317, 1.3682654239788181]
other derivatives: [  49.36518962  473.12714742   42.68986231  -51.25257303  -83.4268576
    2.11002771]
Current x array =  [-0.66150372 -0.51723252 -0.9375269   1.02955515 -2.21547911 -1.05143187
  0.89102365 -1.71588889 -3.19791002 -4.33800088  0.79960023 -0.97137166
  1.03357894 -1.3205572  -2.01918949 -1.37732609 -2.26700085 -1.17290956]
log likelihood =  -24383.66409
Edge derivatives =  [-5.834520668035929, -14.910734136510442, 3.963912054767613, 33.50764693273324, 28.09728724202294, -18.032926136388323, -14.676596233760979, -28.80524956240193, -0.8467288647050997, 10.60085354467747, 21.571409032335595, -10.369224384033672]
other derivatives: [  58.76026989  181.80217012   39.51208782  -34.90313247  -24.76845111
  -12.98431016]
Current x array =  [-0.66095353 -0.48229488 -0.93606209  1.05373735 -2.24182697 -0.97598364
  0.88096621 -1.73273321 -3.2174757  -4.43249704  0.81403002 -0.96016492
  1.0138063  -1.31186085 -2.09247823 -1.40943829 -2.36030751 -1.14571552]
log likelihood =  -24377.8067918
Edge derivatives =  [-10.993839939455624, -16.973653044544495, 4.398262351388297, 33.92875507370753, 35.37295470801627, -13.308414123027486, -24.884882757679648, -27.906995870957285, -8.245814751217127, 10.320472645988232, 17.499940177583827, 2.548582147322409]
other derivatives: [ 46.55630619  92.96709322   1.95032044  -8.27603799 -21.90063242
   0.32378011]
Current x array =  [-0.6586241  -0.47283106 -0.92672361  1.00864993 -2.26126982 -1.06199333
  0.94005191 -1.68776778 -3.18812455 -4.33487531  0.82244832 -0.93676916
  1.07135086 -1.28655127 -2.00709737 -1.36874794 -2.25762722 -1.14129104]
log likelihood =  -24372.1292342
Edge derivatives =  [-9.288921598884261, -13.33155011422362, 5.542970854789847, 34.9291087893942, 34.86017122064545, -3.3758421459526415, -22.392635092274748, -18.586164472295348, -12.115348166249385, 11.475186852464438, 14.848214995549581, 13.57152786104874]
other derivatives: [-17.05266186  38.8808985  -15.03976819  30.43205652  -2.55640771
   8.71659722]
Current x array =  [-0.65149002 -0.46738699 -0.92187579  0.97657996 -2.27383693 -1.11994488
  0.96122133 -1.67647144 -3.16546941 -4.23605662  0.85677447 -0.940126
  1.08047347 -1.30094675 -1.95362594 -1.33373156 -2.16980695 -1.14500953]
log likelihood =  -24363.4073047
Edge derivatives =  [-19.397733219833047, -9.110356946547439, 6.943083622352487, 35.96355779101039, 6.603477029656713, 8.240540498275301, -23.23937619950825, -3.184466103368106, -21.740106038245585, 13.326769271682926, 5.057328065867515, 20.74108517151251]
other derivatives: [-50.23575795 -51.54288374 -21.57503332  46.02952686 -25.83110472
  19.00625648]
Current x array =  [-0.64754955 -0.45763428 -0.92107459  0.94355821 -2.28569452 -1.21256614
  0.99296503 -1.67262737 -3.1210863  -4.02995513  0.96486379 -0.95324384
  1.07111266 -1.35040417 -1.87205784 -1.26340364 -2.00130525 -1.14264984]
log likelihood =  -24356.7148347
Edge derivatives =  [3.64891966601923, -1.8234112526814021, 9.205497410321785, 36.687073601290294, -5.160934759551503, 21.545013926193167, 3.7017538512350714, 13.42781850793286, -27.423623788496727, 19.33500220986694, -5.838108931855354, 20.988228513627163]
other derivatives: [-114.84553397  -29.15949153  -48.98502084   68.14261724   27.38379408
   21.07190085]
Current x array =  [-0.64108844 -0.45997722 -0.91312593  0.95096868 -2.2895658  -1.24175174
  0.93228106 -1.71625769 -3.09297128 -3.84155783  1.02508263 -1.00119169
  0.97685245 -1.43823228 -1.84799937 -1.21048998 -1.88054405 -1.15524603]
log likelihood =  -24351.2960998
Edge derivatives =  [-2.7060377842753813, -3.345750508902837, 8.831592381519656, 34.811338635518624, -47.157705420290036, 16.340597518701024, -3.5216314830717135, 16.415580601180018, -35.35662285725644, 21.17717733030991, -25.931075604545246, 5.685906691890368]
other derivatives: [ 31.98656486 -76.5940058    3.61906132 -21.54993126 -35.87811079
  24.08596629]
Current x array =  [-0.65625031 -0.45354211 -0.92999805  0.99714996 -2.28845083 -1.28186234
  0.90938735 -1.75346698 -3.05345025 -3.62230244  1.10095632 -1.02455292
  0.93505578 -1.50788871 -1.84581165 -1.13168617 -1.76314897 -1.15457834]
log likelihood =  -24347.1590261
Edge derivatives =  [10.343513692401714, -1.7997255311764961, 8.35896326835315, 34.84349933128464, -31.898373739529244, 11.540287562299694, 6.4817730489776135, 14.436846663927733, -29.432544879039426, 22.69840988031183, -22.68823852795503, -0.6215192632340074]
other derivatives: [ 29.34866643 -19.9132046   18.62099452 -25.18972906   1.83426891
  19.56650522]
Current x array =  [-0.65640937 -0.45941919 -0.9332062   1.02336642 -2.28790051 -1.23784549
  0.87206599 -1.77720851 -3.05985143 -3.63065521  1.06334614 -1.03017558
  0.90579313 -1.51485074 -1.89701563 -1.13361795 -1.80908554 -1.15638469]
log likelihood =  -24340.338948
Edge derivatives =  [23.576241069899485, -0.6254961662948856, 7.072121658054315, 33.823394936836316, -11.09108743190018, 0.2662260497024127, 13.730511852487657, 9.143009808566651, -23.254347859741994, 25.248050580118605, -26.95949869232775, -14.503187586032293]
other derivatives: [ 17.89994712  48.25778888  16.59645932 -50.93352229  26.89521352
  12.03152351]
Current x array =  [-0.65562712 -0.46621461 -0.93192841  1.06139737 -2.27027976 -1.18405699
  0.81351625 -1.81763181 -3.04577448 -3.52322992  0.99005472 -1.03746075
  0.85092145 -1.53309271 -1.97046139 -1.08830602 -1.830925   -1.16116771]
log likelihood =  -24328.3637695
Edge derivatives =  [42.54150195056548, 10.305399941319626, 5.849279957904552, 30.811686509661044, 20.860541540247365, -11.143941606164454, 24.937617016475965, 7.688857132801906, -4.442551443166578, 31.45618596372102, -35.460812475377566, -29.78855812170545]
other derivatives: [ 139.28802218  130.89811546   18.8141712   -32.37764759   87.71603461
   -0.66138455]
Current x array =  [-0.67004803 -0.47642372 -0.93174987  1.07250738 -2.26675007 -1.11937837
  0.77082515 -1.87944175 -2.98275933 -3.18077388  0.91685242 -1.03050602
  0.78802331 -1.56044637 -2.10245739 -0.93254373 -1.82045366 -1.16042736]
log likelihood =  -24318.97699
Edge derivatives =  [40.94562608142631, 28.150394005721466, 1.335907133305359, -2.571495067570607, 33.979535059091596, -39.27502334524525, 9.286168936880701, -1.9300924896401743, 20.178994641921925, 35.83732385339871, -64.3139571417855, -70.63713837497748]
other derivatives: [-107.18758858  204.05386749   78.17579899 -106.64116417   33.22384146
  -28.45627023]
Current x array =  [-0.64369399 -0.48203529 -0.94651067  1.10390498 -2.23243922 -1.03244
  0.73022939 -1.98187579 -2.84157277 -2.44250495  0.82987319 -1.01133164
  0.69037201 -1.61279511 -2.32713077 -0.59417562 -1.75691906 -1.15764478]
log likelihood =  -24303.5797321
Edge derivatives =  [27.1093460021344, 27.054001360641017, 2.778832738145262, 8.002433831982701, 42.44373096278987, -29.318054882417318, 4.310365178982424, 0.6411765421070945, 22.637347799999628, 33.572773383089526, -49.42154730139189, -45.08976719809248]
other derivatives: [ 91.51772247  98.73401723 -18.98042683 -10.32276487  53.8158929
 -22.2302333 ]
Current x array =  [-0.66471328 -0.47328834 -0.92105557  1.02209502 -2.25106695 -1.07025877
  0.82707117 -1.91544511 -2.83513797 -2.48277836  0.8443667  -0.97735734
  0.7736726  -1.54586072 -2.28308878 -0.58171251 -1.78758555 -1.16097252]
log likelihood =  -24295.0995961
Edge derivatives =  [0.44645644200362067, 25.678205729725203, 3.5948485165496322, 8.410383649785416, 26.086649693603285, -21.847727718082233, -11.708822079610554, 3.0200197985793853, 23.82236147238636, 29.952430127582, -44.34937114079745, -28.590346187382913]
other derivatives: [ 47.31373338   0.70103852 -22.10144885  26.06357157   7.02711986
 -16.651029  ]
Current x array =  [-0.65923708 -0.46296672 -0.9205289   0.96387991 -2.26051628 -1.11999883
  0.9198205  -1.86359774 -2.80649957 -2.40494858  0.89775085 -0.95464887
  0.83678588 -1.5071685  -2.24880103 -0.51744031 -1.78328085 -1.1683588 ]
log likelihood =  -24289.2975164
Edge derivatives =  [-17.449113181786558, 24.50833867452509, 4.605146056535318, -4.166559431393579, 8.771708654965266, -14.012115109967903, -24.93339624458801, 6.467172448304659, 24.16735565534624, 29.241219020056572, -44.653928299028756, -18.538973270656914]
other derivatives: [ 31.60639608 -30.47098289 -22.25315257  32.32962626 -31.53763828
 -13.526369  ]
Current x array =  [-0.65723253 -0.45947207 -0.92136117  0.93192412 -2.27364654 -1.1676271
  0.97899532 -1.83046334 -2.75404139 -2.19100365  0.95493418 -0.95321739
  0.8532737  -1.49903113 -2.23485965 -0.38782306 -1.76781565 -1.19177332]
log likelihood =  -24286.8912388
Edge derivatives =  [-11.275638883422099, 9.89999083058913, 7.405072256016645, -5.6725665968802215, 4.793675755478518, 0.3532918305527979, -25.74309135579991, 7.794568203998686, 19.799129059091086, 32.58091602361582, -23.203774987129087, 8.938244960400002]
other derivatives: [-144.06250557 -484.83525461   73.66979844   47.58949217    5.47952368
  -10.9870598 ]
Current x array =  [-0.63814375 -0.4164094  -0.94671225  0.95162458 -2.30489128 -1.19434378
  0.99220357 -1.75846842 -2.72198312 -2.11076765  0.99947363 -0.99254608
  0.82317295 -1.46832635 -2.21665903 -0.24238134 -1.93696057 -1.27256793]
log likelihood =  -24275.4146168
Edge derivatives =  [-20.36551269675246, 6.673088431088487, 7.763760047223979, -14.678113520058409, -7.525949627254597, 3.291338910845929, -32.607237526045424, 8.821761933317237, 16.245508995639803, 31.925043750438775, -24.72320961758531, 10.982060215529652]
other derivatives: [ -71.33094186 -167.3859515    38.08236215   28.45699782  -25.21046554
   -8.5834472 ]
Current x array =  [-0.64608573 -0.44505982 -0.93793498  0.94432685 -2.30635432 -1.22138953
  1.00621864 -1.74409895 -2.70087158 -2.02280654  1.02472718 -1.00044835
  0.81815094 -1.47161539 -2.19675497 -0.18841133 -1.92425219 -1.28716149]
log likelihood =  -24268.2207668
Edge derivatives =  [-12.841857554441397, -2.481107828752583, 8.470680327173465, -19.70973792984871, -5.3947156384955655, 6.3222361949188, -31.86474325274008, 6.626521350653724, 11.490865688078395, 33.99380589183917, -17.749116009657687, 17.785448943562372]
other derivatives: [-15.28605935  -7.45858415  18.22663762   8.28367774  -9.22991603
  -9.26629582]
Current x array =  [-0.65243649 -0.46115126 -0.93303241  0.96900977 -2.31177673 -1.22156627
  0.98067896 -1.72199785 -2.68796514 -1.98460881  1.01766813 -1.02842757
  0.77497824 -1.46585962 -2.19372062 -0.11886864 -2.01078208 -1.32843682]
log likelihood =  -24263.2285393
Edge derivatives =  [-1.58322929799774, -17.55266707049716, 9.581452869012848, -23.09702302790717, -1.5805435104984071, 10.535742895447864, -31.22670742471743, 2.064933929251886, 4.674603859889744, 36.01062766387929, -6.53545624035322, 28.824868567483918]
other derivatives: [ 12.5655788   68.91168596   3.39532562 -19.84044502  13.32700776
 -11.06564014]
Current x array =  [-0.65574008 -0.46904535 -0.92944834  1.00913682 -2.31756365 -1.21771981
  0.94123302 -1.68636428 -2.67368043 -1.96536313  1.00373243 -1.06953949
  0.70838266 -1.4503909  -2.19042072 -0.01895614 -2.1647627  -1.38931129]
log likelihood =  -24258.8013345
Edge derivatives =  [1.9230973792410853, -22.96255261255512, 9.786187388987557, -26.76077288788031, -2.171260994258416, 10.56680696923129, -33.56681870710104, -1.3064293078528602, 2.357421181856476, 35.11649710864366, -0.1917002751553018, 30.756449625030463]
other derivatives: [ 22.19057933  59.8578481  -15.4148438  -37.8175173    6.84485713
 -14.98265192]
Current x array =  [-0.65691597 -0.46781472 -0.92465082  1.02824761 -2.30510423 -1.21404618
  0.91010843 -1.6808374  -2.65515138 -1.9472197   0.98679243 -1.09023362
  0.63905425 -1.44135923 -2.19903147  0.07932512 -2.27511508 -1.41106926]
log likelihood =  -24271.8939058
Edge derivatives =  [32.79358526595973, -49.48518114577449, 23.06338098361075, 12.380402636377474, 17.053398454314614, 55.09380628859102, -29.289758121342103, -4.461595241573339, -8.149133793642136, -1.6490763631410708, 33.432679803277175, 87.39058968654298]
other derivatives: [-439.7770681   244.60714485  116.51973182   70.9813321    52.85037332
  -21.7318302 ]
Current x array =  [-0.61393905 -0.49050806 -0.955368    0.99804128 -2.28621952 -1.33052845
  0.83053446 -1.55554661 -2.54812062 -2.1761508   0.962576   -1.19942941
  0.21855307 -1.29850201 -2.08996148  0.72827176 -3.08651446 -1.5235118 ]
log likelihood =  -24251.2238868
Edge derivatives =  [14.227600104283212, -32.96353483915562, 14.261516183615802, -10.373466476179024, 5.1481016749074975, 27.34894032597683, -31.649224214543164, -1.3958781862456378, -1.773978014486138, 32.460398292354164, 18.809649843153018, 53.50711920695342]
other derivatives: [-146.27257769  131.92839106   36.98733053   14.06369847   39.08899089
  -17.55070116]
Current x array =  [-0.64051589 -0.47647454 -0.93637256  1.01672081 -2.29789778 -1.25849606
  0.87974283 -1.63302616 -2.61430821 -2.0345803   0.97755139 -1.13190297
  0.4785901  -1.3868446  -2.15741013  0.32696456 -2.58474682 -1.45397757]
log likelihood =  -24248.0942966
Edge derivatives =  [29.500214759108122, -27.400325001931435, 13.62199602093256, -33.823330873660865, 15.528767715466532, 18.25787659745629, -36.132878104010686, -12.198441445790847, 0.13076376048874339, -38.02550956817632, 24.628032607843174, 40.28356045507974]
other derivatives: [ 52.19808372  30.09736247  36.78942448 -50.87022146 -54.13094186
 -39.0868081 ]
Current x array =  [-0.6633023  -0.46546347 -0.93782416  1.04783826 -2.22125778 -1.25950589
  0.74927678 -1.69246289 -2.49858582 -1.89545411  0.87899605 -1.1759305
  0.11413413 -1.36855038 -2.22749403  0.82509111 -2.97270169 -1.45093341]
log likelihood =  -24242.6794092
Edge derivatives =  [21.436011995043852, -30.29681609967683, 14.102954843006515, -20.84513987209269, 9.583203791789686, 23.241761245523602, -35.00492236487118, -6.175472192456914, -0.8364681158122695, 9.190606780146663, 22.519214647853815, 47.22383852130574]
other derivatives: [-48.94463927  83.05978554  37.27800504 -11.85835572   3.84243322
 -28.2900146 ]
Current x array =  [-0.65145598 -0.47118797 -0.9370695   1.03166075 -2.2611018  -1.2589809
  0.81710418 -1.6615626  -2.55874821 -1.96778379  0.93023354 -1.15304123
  0.30360948 -1.37806128 -2.19105843  0.56612237 -2.77100961 -1.45251602]
log likelihood =  -24232.909571
Edge derivatives =  [26.56797395005763, -12.777378860440804, 11.230082943226735, -11.028068964965387, 17.24665451779467, 10.516372006061081, -28.57429489825872, -7.247390302399101, 3.430824347646498, 0.8896791352031971, 21.734703908874117, 18.54335738322845]
other derivatives: [-27.40744094   5.40094334 -83.76846381 -12.20178092  -7.98718247
 -32.85713319]
Current x array =  [-0.65319762 -0.46313584 -0.90494682  1.02955094 -2.22322523 -1.27156059
  0.77457996 -1.74142739 -2.5411589  -2.07668461  0.88327194 -1.1264358
  0.16597719 -1.38745546 -2.20430611  0.62822352 -2.80168009 -1.35646553]
log likelihood =  -24224.5783525
Edge derivatives =  [6.836156741936177, 4.119363248278007, 10.065649512477831, 0.6035522869699952, 5.74243361659473, 5.289545770680546, -27.081296553120584, 0.038749305216372765, 7.011611224962187, -1.8762613731110793, 22.90290899401832, 1.6547911154584845]
other derivatives: [ 173.57233446 -115.03470887   -5.41913323   33.41665433  -35.63145583
  -28.00225047]
Current x array =  [-0.67579734 -0.45200746 -0.92673736  0.96652295 -2.22445027 -1.37289676
  0.85318609 -1.76802478 -2.49839871 -2.14246608  0.93095856 -1.06583326
  0.10380205 -1.36846021 -2.15126235  0.7056167  -2.75916693 -1.2483724 ]
log likelihood =  -24218.7034553
Edge derivatives =  [-13.34728900789066, 13.992684491029834, 8.62322229691243, -4.206898323404286, -8.696664283072748, -0.18531439076245648, -29.142946289203294, 4.9032412949384, 8.311021533306194, -9.173235847223843, 21.01845524078321, -11.536758812365973]
other derivatives: [ 10.43335942 -67.66967999 -17.54160621  33.49923645 -79.88892321
 -23.51407602]
Current x array =  [-0.65708054 -0.45616349 -0.92340231  0.92789644 -2.23840792 -1.45747372
  0.92515553 -1.78103388 -2.44966139 -2.07467914  0.98304224 -1.02012818
  0.07633047 -1.36248216 -2.11503793  0.78523967 -2.67780573 -1.17941799]
log likelihood =  -24214.9342629
Edge derivatives =  [-15.181479844242995, 16.95312291722178, 8.643577259318558, -4.45458233265194, -5.436147928024615, -0.3519115330908358, -24.592220150494747, 8.765996749846398, 7.097027768163343, 3.1830542582805488, 19.458089769954274, -13.659790072498806]
other derivatives: [-29.43161235   1.39443728 -15.46140993  49.77082426 -44.90138963
 -18.00472091]
Current x array =  [-0.6524869  -0.46364313 -0.92401179  0.90902899 -2.27880176 -1.52120664
  0.98114288 -1.77162819 -2.42894267 -2.0524071   1.02499175 -0.99049395
  0.08870362 -1.35625153 -2.07487357  0.78408023 -2.59027939 -1.14634504]
log likelihood =  -24210.0134238
Edge derivatives =  [-11.55501120594765, 16.305497747838267, 8.523694166839144, -6.468351004600214, 1.9831378142084575, -2.3820670858306885, -17.213095445887372, 9.548238659254837, 0.6367843384325877, -4.111724896593729, 19.265800373905506, -17.319142090624418]
other derivatives: [-46.7265636   87.39698387   6.2318577   39.65033102 -11.57241059
 -12.44334271]
Current x array =  [-0.65048458 -0.47315085 -0.93076018  0.9021231  -2.33947665 -1.65237751
  1.0415443  -1.74957511 -2.3589987  -2.01108743  1.07946831 -0.9600125
 -0.00749988 -1.32967199 -2.00288241  0.93052978 -2.57152945 -1.1051291 ]
log likelihood =  -24206.8996263
Edge derivatives =  [-4.5005749696582455, 10.387222835876143, 7.746238503082812, -8.704433069708383, 8.16968704280506, -6.6938413199635916, -10.123363489460585, 6.591320303612578, -7.520092403665521, 7.048265917580544, 15.693554010697351, -19.11464338055339]
other derivatives: [-51.44356692 -24.96926754   6.20784704  14.22304194  37.91865311
  -7.66594894]
Current x array =  [-0.64871914 -0.46077445 -0.93197387  0.92088387 -2.39760187 -1.74951887
  1.08488802 -1.72235212 -2.32126592 -1.99477375  1.12709063 -0.93902217
 -0.04374    -1.31628738 -1.9455506   0.95438816 -2.48043895 -1.09010518]
log likelihood =  -24205.6573245
Edge derivatives =  [-6.1257632757399465, 4.903955452725525, 6.4023770605390125, -7.9318157991301685, 2.288761478560815, -11.884687687435694, -9.82339413033796, 0.6866516915882961, -12.878661690823389, 0.7658449299627816, 14.31470182736906, -22.19542258791866]
other derivatives: [ 44.69911801  40.50925781 -10.45191311 -27.16988092  20.21079126
  -6.78846845]
Current x array =  [-0.65897029 -0.46735779 -0.92896351  0.94229051 -2.39946236 -1.7867477
  1.07763494 -1.71400083 -2.30234876 -2.0255896   1.13293947 -0.94117191
 -0.10074844 -1.30686349 -1.93074098  0.98618735 -2.47999547 -1.09322026]
log likelihood =  -24204.8535623
Edge derivatives =  [-5.971745128180729, 3.213666771885064, 6.533765703538026, -6.4661081557168485, -0.6006489895036842, -11.264151398008636, -10.376336684243066, -0.7763739820123723, -13.100159940846677, -2.9141474121313458, 14.69713354030611, -19.042032874040657]
other derivatives: [ 31.48052201   2.7801434   -9.98261385 -30.5732101   10.1106707
  -6.88123691]
Current x array =  [-0.65756721 -0.4631972  -0.92899724  0.946148   -2.38966769 -1.78651155
  1.06501272 -1.70998416 -2.30094016 -2.04236679  1.12837197 -0.94993172
 -0.11670299 -1.3041954  -1.93510361  0.99166446 -2.49247654 -1.10646814]
log likelihood =  -24202.9726748
Edge derivatives =  [-5.968963508232648, 0.4220435942225791, 6.413852843119583, -3.1291232882635573, -9.088215644014406, -11.330920419906159, -11.112766707378228, -4.554288924349874, -11.962845446718788, -4.124216862976165, 13.29777461636836, -12.180236529230484]
other derivatives: [ 12.06608431 -57.93626769 -13.35210982 -36.69811122 -11.34394552
  -6.39047357]
Current x array =  [-0.65565799 -0.45655128 -0.92787007  0.95392371 -2.3613497  -1.78791848
  1.03095434 -1.70629241 -2.29899073 -2.08790523  1.11663033 -0.96950125
 -0.14847728 -1.30479416 -1.9550268   0.96549673 -2.46441394 -1.13891666]
log likelihood =  -24200.626812
Edge derivatives =  [-0.5780698830718786, -0.8623126310927227, 6.4631585709171855, 1.8550764726688986, -14.543170606710312, -10.896397120667725, -8.840597923195736, -8.088593898447614, -9.710089834620707, -6.831215915471377, 10.764923318522447, -2.6747385700417885]
other derivatives: [-13.20331648 -79.45600373  -7.58627721 -30.55756679 -21.32110239
  -4.72973625]
Current x array =  [-0.65349728 -0.45432682 -0.92888333  0.95398579 -2.33453786 -1.8286359
  0.99217522 -1.70199973 -2.27278776 -2.145794    1.10808507 -0.99076921
 -0.23278805 -1.30254614 -1.97220765  0.96435447 -2.40062715 -1.17194845]
log likelihood =  -24197.9761694
Edge derivatives =  [3.6279112565788827, -0.7637409661611929, 7.174615887719292, 3.9743647438181036, -17.32688776599802, -7.524504308638158, -5.011801398734665, -8.374537652542308, -5.094721295285494, -5.721448134496194, 3.9291671873553513, 10.454641100741998]
other derivatives: [ -6.87869033 -68.89349606 -24.7531716   -4.9261871  -18.60571501
  -1.2187229 ]
Current x array =  [-0.65469212 -0.45583254 -0.92416188  0.93565416 -2.31675043 -1.91514581
  0.97494998 -1.68872674 -2.21493563 -2.15909736  1.11088555 -1.0167739
 -0.33600225 -1.30781707 -1.98931825  0.97031605 -2.24629875 -1.20663018]
log likelihood =  -24203.830242
Edge derivatives =  [16.64209524535712, -8.073145038663345, 7.681618450871693, 6.586557964421721, -1.5164977558042358, -4.933938108647789, 1.5126518617353801, -11.429201888381884, -2.4397873566978316, 2.264433626638768, -5.985629354930703, 19.69767950617342]
other derivatives: [ -44.03809726   70.69356798  206.05257305   -8.56707629   12.62706064
    0.54751581]
Current x array =  [-0.65330445 -0.47015164 -0.98729997  0.95751653 -2.29983697 -1.98148553
  0.93479876 -1.66443034 -2.15508754 -2.21026675  1.06717859 -1.07707581
 -0.45420749 -1.32653209 -2.02546934  0.93790886 -2.10955859 -1.25011178]
log likelihood =  -24197.4690283
Edge derivatives =  [6.492971599677962, -2.2971420525307145, 7.326139352272773, 4.5704922870383795, -13.860464828686487, -6.84157497949615, -3.52609178624862, -9.001668715277951, -4.499357430784672, -3.9495232517337238, 2.012865883502904, 12.520780813304421]
other derivatives: [-15.30861482 -37.77568054  28.25108822  -5.21722541 -11.467273
  -0.82982297]
Current x array =  [-0.65438964 -0.45895372 -0.9379243   0.94041957 -2.31306374 -1.92960611
  0.96619809 -1.68343077 -2.20189034 -2.17025093  1.10135859 -1.02991812
 -0.36176785 -1.31189645 -1.99719823  0.96325215 -2.21649303 -1.21610802]
log likelihood =  -24196.6949412
Edge derivatives =  [4.253479330968576, -0.258998744958869, 7.429614080580544, 2.7097932993806157, -11.565704754882105, -5.980035370985207, -2.216548935175874, -6.72843310816365, -2.748996477688115, -3.961190005762812, -1.851426968937664, 11.750238693130484]
other derivatives: [  0.02219167  -5.75419108  14.23795766   4.79521987  -8.12069629
   0.49440132]
Current x array =  [-0.65606313 -0.46256009 -0.9344214   0.92653854 -2.31820484 -1.9751406
  0.98387019 -1.68083827 -2.1685836  -2.14304759  1.10825433 -1.03125812
 -0.39500017 -1.31744676 -1.99606772  0.98202519 -2.14545271 -1.20602458]
log likelihood =  -24196.2822358
Edge derivatives =  [5.03971799175079, 0.18069385354370116, 7.578604506117768, 0.781390411786069, -4.047305032517486, -5.118917259765544, -0.960386316446246, -5.026761691738418, -1.9413361417566248, -3.9642961158156873, -3.080351122482441, 8.124183659553442]
other derivatives: [-11.78377715  27.56169124   0.22409949   5.09535312   2.36141204
   0.6359187 ]
Current x array =  [-0.65481158 -0.46612447 -0.93069102  0.92732632 -2.32290316 -1.98628076
  0.9895663  -1.6814462  -2.15104774 -2.12569858  1.09845297 -1.03853624
 -0.41095796 -1.32569834 -2.00186273  0.99058702 -2.12820975 -1.19549226]
log likelihood =  -24196.0099212
Edge derivatives =  [5.3916906409647645, 1.2835923205393809, 7.956299339530323, -0.9456623219519809, 4.505482158856743, -3.555948161503758, 0.006693851691215863, -2.5367429731657314, 0.08980328593909948, -3.0029668889596035, -3.713610849881067, 4.020361911472588]
other derivatives: [ 21.9559297   21.47680789  -0.8749339   10.60398063  12.67362677
   0.3612513 ]
Current x array =  [-0.65852045 -0.46570656 -0.93053433  0.92745751 -2.32086499 -1.98215746
  0.99054854 -1.68561573 -2.13785191 -2.11072655  1.07988618 -1.05078824
 -0.41823462 -1.33861058 -2.01702393  0.98703761 -2.11923992 -1.18522091]
log likelihood =  -24195.7958514
Edge derivatives =  [3.4039814643281865, 0.3144437048022092, 7.744788256587633, -1.996203665384734, 6.743556234518045, -3.6901126841123686, -0.018312826703259955, -2.3267944909772944, 0.4118381352219924, -3.522749130401948, -4.297398357126338, 0.04328763119258694]
other derivatives: [  4.6180503   20.91328497  -3.57795216   0.42819011   7.77072273
   0.04874892]
Current x array =  [-0.65667409 -0.46533857 -0.92982692  0.93587255 -2.31476906 -1.97549279
  0.98655833 -1.68767459 -2.12909849 -2.11124747  1.06515067 -1.06281591
 -0.42624358 -1.3478417  -2.02855066  0.97927231 -2.12120643 -1.18063934]
log likelihood =  -24195.6167108
Edge derivatives =  [1.6132848867032679, -0.7046937893248325, 7.716989721891462, -1.921296551842501, 6.715149597785645, -3.262593584812768, -0.1630784566843221, -1.9252351241837555, 0.8494843619214817, -3.7772212466021378, -4.167910383751181, -1.9172586604129833]
other derivatives: [-0.74833224  0.56861609 -0.84219209 -5.69780241  1.39516487 -0.20118023]
Current x array =  [-0.65615014 -0.46296648 -0.93055146  0.94263635 -2.30602893 -1.96728843
  0.97965223 -1.68893614 -2.1199283  -2.1201477   1.05349309 -1.0770133
 -0.43512377 -1.35626382 -2.03960908  0.96826936 -2.1294502  -1.18104599]
log likelihood =  -24195.4714182
Edge derivatives =  [-0.24483999169894044, -1.6139874780864518, 7.865346087339297, -1.314605058488506, 5.285241769699112, -2.2543764124904495, -0.3567572182291511, -1.0964086264465591, 1.311377665004694, -4.791276564943236, -3.382412934220989, -2.3936143922471746]
other derivatives: [-4.02287696 -9.23319021  1.01135811 -8.43938324 -6.10234565 -0.29795046]
Current x array =  [-0.65591605 -0.46179614 -0.93101447  0.94664202 -2.29713888 -1.96205067
  0.9730982  -1.68897217 -2.10660088 -2.1306072   1.04571045 -1.09259787
 -0.4479723  -1.36361462 -2.04864682  0.96179309 -2.14279215 -1.18391136]
log likelihood =  -24195.2607924
Edge derivatives =  [-0.7299491762778559, -1.580271331245174, 8.450885072691289, -0.1923373996575061, 4.762411519090586, 0.19177229322807599, 0.3385574592535192, 1.6580258633346963, 2.4837417509877056, -4.666049895073488, -1.941905402801837, -1.4942180448965194]
other derivatives: [-18.89820851 -28.88518793   4.88835212  -1.22126949  -6.06887625
  -0.07166818]
Current x array =  [-0.65446183 -0.45975944 -0.93182847  0.94613559 -2.29084757 -1.96483367
  0.96937537 -1.68850332 -2.0757426  -2.13919524  1.04239145 -1.11440688
 -0.47213521 -1.37378264 -2.05690126  0.95811354 -2.15604764 -1.18633961]
log likelihood =  -24194.9736681
Edge derivatives =  [-3.330818749696694, -2.3866176086011044, 8.668653511685537, 1.361811768127939, 0.5529434647161029, 2.15078122568699, 0.689074371605333, 4.670303548182365, 3.149853999948189, -5.545726590533512, 0.6301056060351294, -1.4328426346029854]
other derivatives: [ -7.43566488 -15.47377906   5.28270903  -0.92550181 -14.49407137
   0.10913936]
Current x array =  [-0.65596295 -0.46110161 -0.93198525  0.94934787 -2.28107848 -1.96607432
  0.96330364 -1.68847857 -2.02667007 -2.15601731  1.04062392 -1.14662622
 -0.50788017 -1.38714056 -2.06653556  0.95329678 -2.18924493 -1.18927239]
log likelihood =  -24194.6429237
Edge derivatives =  [-2.166055617626606, -1.8988858382649205, 8.176687442621937, 2.812361431941906, -3.0836925219743714, 3.1594241679439694, 3.0727953602993074, 8.129748534079111, 4.096399596047913, -4.738474129459859, 0.5707789195375353, 2.1895358100491684]
other derivatives: [ -8.73624231 -34.25520845   3.59832484   9.44783096  -9.42236511
   1.58506737]
Current x array =  [-0.65587966 -0.45931588 -0.93159747  0.94325823 -2.28389566 -2.01721234
  0.96871793 -1.68321383 -1.92906151 -2.16075844  1.05907461 -1.18111639
 -0.58572564 -1.39617967 -2.06410905  0.96762413 -2.17127031 -1.19267857]
log likelihood =  -24194.2824655
Edge derivatives =  [2.4645286224748197, -1.2454202753601025, 6.882732564014026, 3.4262099118639577, -0.9500569697991528, 2.2533914439873737, 5.034201094244014, 8.878808587210056, 3.9010562313056782, -0.1443843593770478, 2.576701328729829, 1.4951022008029033]
other derivatives: [-2.70301825  4.88580554 -6.61384547  9.86947271  6.72735041  1.56942406]
Current x array =  [-0.65656386 -0.46350297 -0.92885378  0.94878998 -2.29015633 -2.01925633
  0.96490576 -1.68821453 -1.86606189 -2.16736089  1.06252413 -1.20462924
 -0.61329313 -1.39791636 -2.06427244  0.9588191  -2.20194439 -1.19087073]
log likelihood =  -24194.0953935
Edge derivatives =  [2.9163362393509606, -0.5763722993825873, 5.663626188274864, 2.443322809492132, -1.3387821942869322, 0.223908489610939, 5.380290214321373, 6.851660079546851, 3.0741905893094588, 1.281101351036669, 1.2488205118397244, 0.851597322846293]
other derivatives: [  5.50062396  15.18128556  -7.06168066   5.19758032   9.03637556
   1.70439307]
Current x array =  [-0.65732334 -0.4645714  -0.92893716  0.94824356 -2.2971609  -2.03142487
  0.97122938 -1.68996394 -1.8471059  -2.15768765  1.07102138 -1.19972458
 -0.61643381 -1.38949237 -2.05569567  0.96188937 -2.18644655 -1.18746546]
log likelihood =  -24193.8661441
Edge derivatives =  [2.427390942785711, 0.7960399923789294, 3.9007000028650674, 0.9520455419577653, -1.5855484218926839, -2.5518914996476783, 5.4608389461818465, 3.548900654466838, 1.8720731736499248, 2.5630390899795357, 0.04286551606185268, -0.3560640001772841]
other derivatives: [  5.63231879  18.75669113  -3.21851985  -0.51841198   9.21681931
   1.62763172]
Current x array =  [-0.65714875 -0.46487313 -0.93012675  0.94622598 -2.30494341 -2.04010718
  0.98079639 -1.69434046 -1.81992171 -2.14180122  1.07996919 -1.19322474
 -0.61094313 -1.37440394 -2.04268111  0.96565473 -2.17583603 -1.18156155]
log likelihood =  -24193.7915531
Edge derivatives =  [0.08231657489841415, 2.565330238917875, 1.3871624275783907, 0.13399761698914683, -6.14502163737253, -5.54115202154467, 4.310092003057462, -1.5204608983253536, -0.928827986756434, 1.5924638097863635, 2.3046924744065094, -0.1260988871003812]
other derivatives: [ 42.32460924 -20.05726856 -23.53153832  -4.89089871   0.71013346
   0.96588337]
Current x array =  [-0.66056415 -0.46086684 -0.9253184   0.94033649 -2.31157322 -2.02913648
  0.99172867 -1.70148649 -1.76920854 -2.12590589  1.09557638 -1.19242863
 -0.58299028 -1.34438598 -2.01654257  0.97406705 -2.21923409 -1.17756353]
log likelihood =  -24193.5415013
Edge derivatives =  [-0.975464431465632, 2.8973870038122116, 1.0139950064655152, -0.4671507537181875, -4.257174013395223, -5.798367267893342, 4.324351107668274, -1.8310770186582805, -0.561770086165072, 1.6942841930117942, 1.6558232622041245, -1.2464450420033872]
other derivatives: [-3.96939868  3.01915861 -3.03007255 -6.5410859  -1.36278686  0.86911314]
Current x array =  [-0.65577024 -0.46305235 -0.93031907  0.9406467  -2.30918386 -2.02843653
  0.99239929 -1.70282802 -1.76061618 -2.12188153  1.08917506 -1.19700698
 -0.58316574 -1.3450205  -2.01941171  0.97104358 -2.21212829 -1.1751928 ]
log likelihood =  -24193.4864487
Edge derivatives =  [-1.0993439689569786, 2.699430297443292, 1.467459664711249, -0.27805420979985296, -2.6208950594616316, -4.989315132960667, 4.23752417175465, -1.2192904102431794, -0.10011523159339353, 1.5063281117559542, 2.0117312394468074, -1.462661869256043]
other derivatives: [ -7.54662324e+00  -3.63797881e-04   2.63644324e+00  -4.53546818e+00
  -1.16197043e+00   6.88669388e-01]
Current x array =  [-0.65548445 -0.46273654 -0.93170042  0.94122512 -2.30548248 -2.02078613
  0.98921808 -1.70271584 -1.76506372 -2.12461215  1.08181605 -1.20167585
 -0.57934268 -1.34842341 -2.02430328  0.9671208  -2.21730385 -1.1758195 ]
log likelihood =  -24193.3620173
Edge derivatives =  [-2.1467967366290854, 2.6396893101747216, 1.6058603127187356, -0.25921804531931153, 0.3296219702132696, -3.7928073506530517, 3.8031976995354912, -1.334507042869581, 0.364565260081317, 0.4664862678380013, 2.409427079389942, -0.9754703149326736]
other derivatives: [-11.99114195   1.73240551   5.18921297   0.6522896   -3.44698492
   0.41691237]
Current x array =  [-0.65512449 -0.46296732 -0.93221828  0.93767339 -2.29869243 -2.01067639
  0.98637104 -1.70176749 -1.74970482 -2.12333436  1.06960753 -1.21652358
 -0.56966823 -1.34744259 -2.02752105  0.96430193 -2.22307261 -1.17758169]
log likelihood =  -24193.2594379
Edge derivatives =  [0.6345491920623196, 1.6859611335100402, 1.39136751464824, -0.8517004666076489, 7.9749941812713585, -2.2531971507333695, 4.233513747657096, -1.263565236854657, 0.8966841977842932, 1.3214993579861274, 1.606430931699725, -0.9231684354659784]
other derivatives: [ 14.88078851  -1.76551112  16.87112672   6.85613486   6.74881449
   0.16007107]
Current x array =  [-0.65816058 -0.46282452 -0.93535464  0.93625284 -2.29621486 -2.00585472
  0.98091797 -1.6968076  -1.71353292 -2.11783577  1.05335995 -1.24517609
 -0.56127295 -1.34970502 -2.03277943  0.96002726 -2.21017421 -1.17878832]
log likelihood =  -24193.1457415
Edge derivatives =  [-0.38365970566874574, 1.1673191186065888, 0.41082605762457436, -1.150850091483932, 7.424815311410091, -2.319847687986897, 3.639865544879215, -2.2757663431854356, 0.3167692020841178, 0.07918115350158328, 1.8505046931847584, -0.5195606111380411]
other derivatives: [ 0.97134034 -3.9311999   4.36921255  5.39184839  1.29039108  0.01855369]
Current x array =  [-0.65653877 -0.46251264 -0.93202179  0.9344194  -2.2939442  -2.00253495
  0.98058651 -1.69478961 -1.68123555 -2.1141623   1.0518052  -1.26163572
 -0.55387314 -1.34500122 -2.02913954  0.96171235 -2.21664355 -1.18014454]
log likelihood =  -24193.0702529
Edge derivatives =  [-1.269828003210721, 0.21059729340831385, 0.0036848607745378903, -1.7863114941465195, 5.30705264601891, -2.320319353923699, 2.8519363645032434, -3.2616650567409557, -0.4816627468980371, -1.163941013866979, 1.1297193185211711, -0.431156350930729]
other derivatives: [ 2.97732186  1.76223693 -4.51254891  0.66538632 -4.38303687  0.07712515]
Current x array =  [-0.65665206 -0.46303421 -0.92985783  0.93410906 -2.2948081  -2.00398489
  0.981515   -1.69115831 -1.66854378 -2.10906482  1.05555799 -1.26864136
 -0.54300064 -1.34204465 -2.02483063  0.96561928 -2.20801443 -1.18105456]
log likelihood =  -24192.9913263
Edge derivatives =  [0.9630747738540822, -1.0223800595613168, -0.6129527274904911, -2.293144498425713, 4.198403263867332, -1.9328491728167878, 2.6395594723651343, -3.482652304633444, -1.2434400622226467, -0.8020635014785227, 0.3732198899977116, 0.001790670245639392]
other derivatives: [ -0.88875822  -6.07469701 -11.86417649  -2.368688    -1.50284905
   0.22046152]
Current x array =  [-0.65606564 -0.46217184 -0.92804759  0.93563542 -2.29997418 -2.00679559
  0.98027344 -1.68592658 -1.64137156 -2.1045318   1.0625069  -1.28495466
 -0.53181058 -1.34188507 -2.0207083   0.96792264 -2.19669156 -1.18239473]
log likelihood =  -24192.9291126
Edge derivatives =  [1.3677766322459863, -2.231928449946781, -0.9888872777265107, -2.4824042027725124, 0.15207778207509792, -1.328355039069732, 1.7266757513201982, -3.075212113402567, -1.9499954619491204, -1.0253691337895852, 0.4047283332189436, 0.04296273123404326]
other derivatives: [  8.62492016  14.32345016  -8.35716492  -7.7932782   -4.97311703
   0.24301698]
Current x array =  [-0.65712078 -0.46424241 -0.92915394  0.93841263 -2.30269638 -2.00125066
  0.97808675 -1.682439   -1.62064984 -2.10436747  1.07082007 -1.30242588
 -0.51377455 -1.34482142 -2.01896813  0.96735959 -2.19771937 -1.18386935]
log likelihood =  -24192.8770721
Edge derivatives =  [2.218446729314493, -2.4055477594170886, -0.35674745320681667, -2.142243225466885, -0.5240480235328658, -0.382031968715395, 1.6295795895498213, -1.9009122193359933, -1.5878295250602903, -0.6367528766118253, 0.5206131083670439, 0.3795276906976177]
other derivatives: [ 4.97057044  2.15586624 -3.30874173 -5.87424438 -2.97914085  0.32378011]
Current x array =  [-0.65674204 -0.46296486 -0.93042946  0.93936636 -2.30327875 -1.9983735
  0.97629064 -1.68149264 -1.62237943 -2.10725647  1.07258137 -1.30753508
 -0.50823078 -1.3496445  -2.02171806  0.96533121 -2.19608551 -1.1847897 ]
log likelihood =  -24192.8466306
Edge derivatives =  [2.6895955745201667, -2.1674185517871325, 0.5070759322076875, -1.682307929393912, -0.7037854335991482, 0.7976374526620502, 1.458386991843814, -0.5503585372989945, -0.9763059483512053, -0.2500049408840562, 0.7859454328835705, 0.8557019889902446]
other derivatives: [ 0.02764864 -2.21225491  2.48583092 -1.87610567 -0.83964551  0.39253791]
Current x array =  [-0.65627488 -0.4625429  -0.93184893  0.93896626 -2.30325433 -1.99358597
  0.97521344 -1.68155151 -1.62643417 -2.11032031  1.07296277 -1.3118841
 -0.50021715 -1.35434108 -2.02510106  0.9628596  -2.19540079 -1.18547863]
log likelihood =  -24192.8305372
Edge derivatives =  [2.5295273953067694, -1.7983950529628732, 0.9244730581318552, -1.4813187424015894, -0.7706203135798582, 1.3809897690316615, 1.2628125897876767, 0.05556789949274987, -0.6253865224623743, -0.09612780333626725, 0.7766034557671174, 1.1407661870810133]
other derivatives: [-1.76296453 -1.46246748  3.09737516  0.57334546  0.00545697  0.47002686]
Current x array =  [-0.65609788 -0.46265473 -0.93197194  0.93786695 -2.30387708 -1.99168508
  0.97631519 -1.68203232 -1.62758926 -2.11104266  1.07375371 -1.3134858
 -0.49362861 -1.35595836 -2.02612976  0.962431   -2.19232228 -1.18537249]
log likelihood =  -24192.8053816
Edge derivatives =  [0.6562503801922921, -0.9553175161535442, 1.4445249521970507, -1.1531567888767504, -1.9011921747924416, 2.11690784593505, 0.4266630895718447, 0.8772505103283246, -0.06494594016362787, -0.3083406958596613, 0.6287841601941135, 1.1977302444884574]
other derivatives: [ 4.27753548 -6.33554009  1.69675332  2.57896318 -2.09001882  0.59771992]
Current x array =  [-0.65670879 -0.46217235 -0.93166479  0.93632129 -2.30519572 -1.98649063
  0.98100127 -1.68423098 -1.62888713 -2.11303909  1.07612585 -1.31555773
 -0.47562642 -1.35838396 -2.02762449  0.96217053 -2.18597146 -1.18414022]
log likelihood =  -24192.7959578
Edge derivatives =  [-0.3808051204367836, 0.1392924703090634, 1.410251619822067, -1.0839852659349287, 0.11184103475094492, 2.265783552254852, 0.07588365176344833, 1.1272732406681727, 0.5190244941389546, 0.10984659881286696, -0.08610066211951029, 0.9170840608076903]
other derivatives: [-11.27300493   8.58744897   1.11285772   4.45870683   0.47366484
   0.73305273]
Current x array =  [-0.65503233 -0.46372943 -0.93139381  0.93484237 -2.30875337 -1.98441241
  0.98735697 -1.68681544 -1.62316983 -2.11311356  1.07489598 -1.31711976
 -0.45993299 -1.35871563 -2.02854054  0.96278227 -2.17282849 -1.18144611]
log likelihood =  -24192.7772578
Edge derivatives =  [-0.5038772519663188, -0.04008945523131313, 1.1213790750062715, -1.1190100248669947, -0.5656132535309318, 1.7645157455622282, 0.16912606184149426, 0.7529620425695098, 0.24272959300402197, -0.0019020698152483195, 0.09892553475742838, 0.6489479742129312]
other derivatives: [-1.95068424  2.52439349 -0.63228072  2.29229045 -0.79562597  0.65992936]
Current x array =  [-0.65599209 -0.46308336 -0.93103264  0.93598233 -2.30843698 -1.98516694
  0.98682718 -1.68715237 -1.62453132 -2.11372062  1.07569662 -1.31427876
 -0.46471588 -1.35771842 -2.02769182  0.96293568 -2.17757467 -1.18138525]
log likelihood =  -24192.7696554
Edge derivatives =  [-0.7780306192791788, 0.05611948185593646, 0.7077791003980873, -1.1247118967382375, -0.4192665325277529, 1.2397351695447703, 0.19073976792810524, 0.42844055840589584, 0.13160781834655022, 0.05248067276047608, 0.11518078473714743, 0.25699094517937104]
other derivatives: [ 2.05254764  0.36343408 -1.44682417  0.56061253 -1.01063051  0.60208549]
Current x array =  [-0.65638484 -0.46283987 -0.93086932  0.93693252 -2.30905612 -1.9847255
  0.98775906 -1.68820705 -1.62195876 -2.1146065   1.07554669 -1.31313952
 -0.46493037 -1.3568562  -2.02730363  0.96292904 -2.17941911 -1.1805503 ]
log likelihood =  -24192.764914
Edge derivatives =  [-1.0485342477099047, 0.2444451286042742, 0.32223713191743114, -1.0677957568847716, -0.11527632895260712, 0.7791211947243891, 0.15131379180617346, 0.21996309581057605, 0.11902647049040782, 0.151399573394573, 0.08941285971711976, -0.15451033015631266]
other derivatives: [ 2.65572453 -0.55333658 -0.93823473 -0.8760253  -0.91167749  0.5329639 ]
Current x array =  [-0.65642278 -0.46272024 -0.9310251   0.93787792 -2.30994498 -1.98321951
  0.98892151 -1.6894774  -1.61898804 -2.1161128   1.07522004 -1.31252192
 -0.46265015 -1.35645008 -2.0273788   0.96267427 -2.1802113  -1.17950587]
log likelihood =  -24192.7594558
Edge derivatives =  [-0.6371518768193334, 0.46376970651230986, 0.07476504546197321, -0.8128460281315122, 0.13194377961530446, 0.4771364111811699, 0.12465751259164795, 0.19124805438980746, 0.17251423245800673, 0.2904433195752292, 0.19966591423701668, -0.20396781301232014]
other derivatives: [ 1.87355909 -0.83091436 -0.26011548 -0.61918399  0.23756002  0.44492481]
Current x array =  [-0.65632385 -0.46270307 -0.93117687  0.93800121 -2.31094952 -1.98038752
  0.98892516 -1.69028059 -1.61687143 -2.11862491  1.07564558 -1.31142117
 -0.45865056 -1.35598711 -2.02723444  0.96261305 -2.18164179 -1.17888839]
log likelihood =  -24192.7569112
Edge derivatives =  [-0.8402646930664561, 0.5318157779387636, -0.2785613429613335, -0.31791832276119547, -0.9662519410088019, -0.149000635713385, -0.1898350135114037, 0.05144314766998953, 0.1686850676846271, -0.20105730491801566, 0.38577974912008794, -0.3398224257887379]
other derivatives: [-4.33064997 -2.21007213  0.85456122 -1.78406481 -2.33230821  0.23901521]
Current x array =  [-0.65564318 -0.46251363 -0.93142056  0.93825578 -2.31046353 -1.97506721
  0.98804999 -1.69091368 -1.61822411 -2.1243783   1.07681409 -1.30715816
 -0.45350156 -1.35547001 -2.02721758  0.96273    -2.18488524 -1.17831555]
log likelihood =  -24192.7534195
Edge derivatives =  [-0.046060128885174856, 0.6476911765179457, -0.16519700402037094, -0.16315092026630879, -0.2260873525368733, 0.031845855808014856, -0.08628265694754281, 0.25515374604209673, 0.2955460008083013, 0.11509460831607621, 0.39385604152520837, -0.06625207159148339]
other derivatives: [-0.67266228  1.31985871  1.22963684  0.25975169  0.35288394  0.23137545]
Current x array =  [-0.65605377 -0.46295021 -0.93149829  0.93747875 -2.3114098  -1.97415995
  0.98772118 -1.69063715 -1.6177448  -2.1250352   1.0767992  -1.30738605
 -0.45112629 -1.35557881 -2.02722993  0.96281242 -2.18342638 -1.17835492]
log likelihood =  -24192.7526595
Edge derivatives =  [0.05916315429522401, 0.5720757977114703, -0.07274112433650817, -0.18567130817808408, -0.15508712452363566, 0.13280922825555103, -0.0464622837595598, 0.2702190300272442, 0.28730379268440165, 0.09947242693897962, 0.36363603884514173, 0.03975044092184565]
other derivatives: [-0.98880264  0.38744474  0.44456101  0.68102963  0.52568794  0.25320332]
Current x array =  [-0.6560164  -0.46286064 -0.93128514  0.93718778 -2.31121692 -1.97477924
  0.9874871  -1.69015844 -1.61859078 -2.12458576  1.07668631 -1.30732128
 -0.4520636  -1.35553896 -2.02711029  0.96298597 -2.18271441 -1.17859723]
log likelihood =  -24192.7515954
Edge derivatives =  [0.03694562518733757, 0.36858494187853996, -0.032589736246358914, -0.15351949602696421, -0.2949408799027768, 0.11006356772375031, -0.07073754224952292, 0.18239907877033096, 0.22101933243505784, -0.0894864290741757, 0.29103956545555537, 0.10948775543116707]
other derivatives: [-0.71704562  1.00299076 -0.70467649  0.59480953 -0.17826096  0.22700988]
Current x array =  [-0.65604568 -0.46292703 -0.93098526  0.93688113 -2.31066604 -1.97474828
  0.9870022  -1.68928015 -1.62041126 -2.1250865   1.07652172 -1.30620279
 -0.45275189 -1.35528658 -2.02685096  0.96333785 -2.18171341 -1.17884305]
log likelihood =  -24192.7506207
Edge derivatives =  [0.18568240006063141, 0.17545378289941144, 0.017270450399836046, -0.06173593125407145, -0.0240766543591778, 0.09017386668169042, -0.0730910251582153, 0.09904385425354134, 0.18940470147374672, -0.193293537338188, 0.14464998896807096, 0.19883129830985924]
other derivatives: [-0.87748049 -0.71195245 -0.2917659   0.9618816  -0.03819878  0.16661943]
Current x array =  [-0.65602629 -0.46275869 -0.93108649  0.93646518 -2.31051215 -1.97410689
  0.98676727 -1.68821053 -1.62227787 -2.12611755  1.07602668 -1.30480747
 -0.45202499 -1.35496666 -2.02656048  0.96373401 -2.1792664  -1.17889397]
log likelihood =  -24192.7500708
Edge derivatives =  [0.11684594976913898, 0.03470076038216324, -0.05764518448652817, -0.04349038627735552, 0.06171366522820823, -0.04049841913747254, -0.09376259214201596, -0.03460944124853027, 0.11138881508581905, -0.2352832908568584, 0.05120706099549349, 0.08441773654445361]
other derivatives: [-0.18189894  0.06330083 -0.24338078  0.29322109 -0.26811904  0.12514647]
Current x array =  [-0.65609617 -0.46283187 -0.93111167  0.93672787 -2.31058241 -1.97346574
  0.98686328 -1.68782466 -1.62266004 -2.12689254  1.07573548 -1.30412274
 -0.45148198 -1.35474882 -2.02637016  0.96375136 -2.17839387 -1.17871364]
log likelihood =  -24192.749911
Edge derivatives =  [0.1126913530663346, -0.008070014096207057, -0.09438197137640009, -0.0357121020448494, 0.13707250319474212, -0.09559279574735424, -0.08366976328108147, -0.07963520305865168, 0.07492959062374183, -0.18383284307390402, 0.023805547141953598, 0.012128257375256357]
other derivatives: [ 0.05238689  0.04984031  0.05056791 -0.03237801 -0.13606041  0.09931682]
Current x array =  [-0.65611859 -0.46282726 -0.93119234  0.93696555 -2.31077891 -1.97309262
  0.98700985 -1.68777069 -1.62264115 -2.12724873  1.07567503 -1.30395199
 -0.45120565 -1.35470596 -2.02627799  0.9636097  -2.17821766 -1.17857274]
log likelihood =  -24192.7498086
Edge derivatives =  [0.10599136581342328, -0.03130356175016191, -0.08678560866796359, -0.02878901357385935, 0.13558016824113336, -0.09266263003154551, -0.06724222066013877, -0.07747313723233751, 0.05310931879535358, -0.12108288553457525, 0.017623347569632797, -0.011257920996270876]
other derivatives: [ 0.04074536  0.05384209  0.10513759 -0.11750672 -0.02946763  0.09313226]
Current x array =  [-0.65611566 -0.46282586 -0.93120778  0.93706811 -2.31088674 -1.97289522
  0.98711583 -1.68772718 -1.62283279 -2.12742005  1.07575625 -1.30390549
 -0.45125314 -1.35475511 -2.02619357  0.9634264  -2.17814715 -1.17852497]
log likelihood =  -24192.7497864
Edge derivatives =  [0.010791698130450111, -0.035283481498984304, -0.05634365953148335, 0.03707259295246246, -0.07961360803135137, -0.08110845620339552, -0.046861662290552275, -0.02499419481144588, 0.012248056154431253, 0.024919975382094783, 0.05150607747836994, -0.0380008092485431]
other derivatives: [ 1.32058631 -0.94041752  0.03747118 -0.15788828 -0.03165042  0.06475602]
Current x array =  [-0.65624623 -0.46272365 -0.93120113  0.93717873 -2.31102286 -1.97195403
  0.98740491 -1.6878253  -1.62353574 -2.12820381  1.07628257 -1.30361528
 -0.45131211 -1.35496069 -2.02593831  0.96286159 -2.17847488 -1.17842262]
  status: 0
 success: True
    nfev: 98
     fun: 24192.749786417276
       x: array([-0.65624623, -0.46272365, -0.93120113,  0.93717873, -2.31102286,
       -1.97195403,  0.98740491, -1.6878253 , -1.62353574, -2.12820381,
        1.07628257, -1.30361528, -0.45131211, -1.35496069, -2.02593831,
        0.96286159, -2.17847488, -1.17842262])
 message: 'CONVERGENCE: REL_REDUCTION_OF_F_<=_FACTR*EPSMCH'
     jac: array([-1.32058631,  0.94041752, -0.03747118,  0.15788828,  0.03165042,
       -0.06475602, -0.0107917 ,  0.03528348,  0.05634366, -0.03707259,
        0.07961361,  0.08110846,  0.04686166,  0.02499419, -0.01224806,
       -0.02491998, -0.05150608,  0.03800081])
     nit: 89
Lr rates:  [ 0.12113056  0.85801449  0.79292689  0.53210498  0.775371    0.81358928
  0.79214495]
Process rates:  [ 0.52502868  0.61491389  0.39120505  5.85872721  0.08624044  3.4499598 ]
log likelihood =  33101.1409665
Lr derivatives =  [-4908.2564215716193, -3956.7102577295254, -2104.6380778045414, -647.62937053651922, -747.99030318080031, -330.36225426118909, 160.74300553024062]
other derivatives =  [  210.85215849   352.83155739  -435.42677304 -2502.18072324 -2648.39982265
   -32.83203114]
Current x_clock array =  [-0.64430238 -0.48627304 -0.93852343  1.76793238 -2.45061608  1.23836258
 -2.11088631 -0.15313429 -0.23202426 -0.63091448 -0.25441366 -0.20629961
 -0.23301088]
Lr rates:  [ 0.26981175  0.85803593  0.79295691  0.53215976  0.77540318  0.81361667
  0.77163896]
Process rates:  [ 0.50727295  0.58051317  0.39126177  8.81275963  0.13285593  3.46849096]
log likelihood =  28164.0829274
Lr derivatives =  [-2631.8327500796827, -2024.8933485632738, -534.22323371406469, 513.16926317320656, -29.751338079411909, 46.597579040526568, 222.54992260867868]
other derivatives =  [ -200.11902961  -327.03974284  -248.67440516 -1026.59541881 -1808.0107111
   452.61949708]
Current x_clock array =  [-0.67870607 -0.54384279 -0.93837845  2.17620063 -2.01849     1.24371962
 -1.31003079 -0.1531093  -0.2319864  -0.63081154 -0.25437215 -0.20626595
 -0.25923851]
Lr rates:  [ 0.85844523  1.          0.64149855  0.3915259   0.67922539  0.75122329
  0.70765043]
Process rates:  [  0.539743     0.64222548   0.39347744  14.20772532   0.2849215
   2.95545539]
log likelihood =  27516.4541168
Lr derivatives =  [2916.4477518740096, 2754.527750997262, 3103.2730441481153, 3028.7481203243528, 1671.6256222123698, 945.52750735464656, 510.75850448244995]
other derivatives =  [  2.58926957e+02  -2.67376163e+02  -2.00234354e+00   2.55800442e+03
   2.37646673e+03   1.16821648e+03]
Current x_clock array =  [-0.61666217 -0.44281583 -0.93273154  2.65378585 -1.25554159  1.08365275
 -0.1526324   0.         -0.44394836 -0.9377036  -0.38680227 -0.28605235
 -0.34580505]
Lr rates:  [ 0.58126512  0.96398462  0.61982963  0.3676881   0.66014337  0.73751579
  0.70258436]
Process rates:  [  0.52573588   0.63688217   0.39923482  11.30668497   0.21532586
   2.88450768]
log likelihood =  26014.4990018
Lr derivatives =  [-225.91853578754734, -233.03699079565661, 262.42095137214898, 790.39628670681816, 175.06733728084703, 86.54508130258003, 175.10907683695751]
other derivatives =  [ 108.49653336  -19.5697794   -42.25767043  652.71706262   14.43913789
  625.37073973]
Current x_clock array =  [-0.64295633 -0.45117062 -0.91820552  2.42539414 -1.53560275  1.05935424
 -0.54254831 -0.03667994 -0.47831063 -1.00052026 -0.41529824 -0.30446778
 -0.3529898 ]
Lr rates:  [ 0.62118308  1.          0.58985338  0.33180601  0.6384952   0.72350934
  0.68668121]
Process rates:  [  0.52530113   0.64777651   0.40172976  10.90665772   0.22295738
   2.6986091 ]
log likelihood =  25843.5687366
Lr derivatives =  [-335.34284139930753, -381.71497366546731, 39.424530473096169, 523.3088971874422, -3.7565261449555578, -26.86654257929861, 120.12168226366506]
other derivatives =  [ 119.68295439  174.38323994  -22.4357791   561.7759598    30.10027285
  559.23701439]
Current x_clock array =  [-0.6437836  -0.43420953 -0.91197566  2.3893734  -1.50077464  0.99273649
 -0.47612943  0.         -0.52788128 -1.1032048  -0.44864112 -0.32364182
 -0.37588513]
Lr rates:  [ 0.85287791  1.          0.5357525   0.24176121  0.61327413  0.71370593
  0.63903573]
Process rates:  [ 0.50995944  0.60963097  0.4065784   9.17139404  0.24523364  2.03488691]
log likelihood =  25469.7453638
Lr derivatives =  [-461.94464020380462, -666.09474698144913, -394.089311678228, -63.14826639842439, -350.57167717955002, -225.79715849819564, 0.89279589874091414]
other derivatives =  [ -15.46832209 -358.94590837   21.25598257  372.92229536  170.97481759
  381.66799641]
Current x_clock array =  [-0.67342409 -0.49490146 -0.8999785   2.2160893  -1.40554391  0.71044024
 -0.15913887  0.         -0.62408298 -1.41980476 -0.48894326 -0.33728426
 -0.44779491]
Lr rates:  [ 1.33322359  1.          0.54090594  0.16838461  0.65930306  0.75791408
  0.5874285 ]
Process rates:  [ 0.50397471  0.70395359  0.40883596  6.21026001  0.24052856  1.26398995]
log likelihood =  25140.2308656
Lr derivatives =  [-450.99077837840093, -827.8108254219469, -681.01062698545252, -507.36370692878825, -508.39716172907356, -263.97137119320882, -76.446724836854628]
other derivatives =  [ -107.58049029  1431.56648846    57.42695066    96.46282706   310.61499612
   236.82914616]
Current x_clock array =  [-0.68522919 -0.35104286 -0.89444127  1.82620276 -1.42491644  0.23427334
  0.28759976  0.         -0.61450989 -1.78150458 -0.41657197 -0.27718525
 -0.53200074]
Lr rates:  [ 1.77840126  1.          0.58765557  0.13768935  0.73310929  0.81086779
  0.55869192]
Process rates:  [ 0.51133049  0.64215663  0.40700812  4.44084594  0.21668496  0.86990823]
log likelihood =  24827.8839736
Lr derivatives =  [-366.0954124470482, -795.54807150547322, -718.47569910927109, -631.52819029517536, -463.0195429677895, -174.59573287967856, -95.462484344938375]
other derivatives =  [   1.56578608  199.72030714   42.65311873  -56.60804163  385.35472413
  162.8017344 ]
Current x_clock array =  [-0.67073915 -0.44292303 -0.89892215  1.49084488 -1.52931076 -0.13936756
  0.57571479  0.         -0.53161427 -1.98275524 -0.31046049 -0.20965025
 -0.58215708]
Lr rates:  [ 2.40055859  1.          0.7672997   0.12220217  0.92657024  0.9135577
  0.53656883]
Process rates:  [ 0.51813694  0.61714091  0.40125854  2.68924501  0.15817604  0.51734419]
log likelihood =  24480.0150906
Lr derivatives =  [-296.13385997621396, -571.41801568077676, -445.86512557771005, -440.09195204483046, -20.731672746668636, 257.67955852466434, -39.640914733806653]
other derivatives =  [  72.22079148 -128.07286112   -1.58252078 -277.83971746  206.80345187
  148.20834622]
Current x_clock array =  [-0.65751571 -0.4826579  -0.91314931  0.98926049 -1.84404666 -0.65904688
  0.87570146  0.         -0.26487781 -2.10207845 -0.07626542 -0.09040874
 -0.62256044]
Lr rates:  [ 3.07777112  1.          0.9699204   0.12743969  0.94295791  0.77442052
  0.52315961]
Process rates:  [ 0.4997686   0.60542447  0.39936024  2.27723623  0.11706897  0.34823287]
log likelihood =  24343.1272873
Lr derivatives =  [87.081022243360778, -39.545869013929931, 356.43573391401821, 49.35565665352226, 217.12340544868925, 17.992069896606822, -31.123646581034308]
other derivatives =  [-300.92232919 -285.70138966   22.37684384 -111.53933883  137.51559891
  136.48314052]
Current x_clock array =  [-0.69361009 -0.50182546 -0.91789141  0.82296253 -2.14499203 -1.05488387
  1.12420567  0.         -0.03054127 -2.06011205 -0.05873363 -0.25564025
 -0.64786868]
Lr rates:  [ 3.0432359   1.          0.91154463  0.13259407  0.88931371  0.75393128
  0.53056374]
Process rates:  [ 0.52681203  0.6181008   0.3979181   2.526588    0.11726515  0.3563851 ]
log likelihood =  24305.1178741
Lr derivatives =  [96.187383440989151, -73.364793104562011, 188.98007294079699, 10.092605792937556, 88.780126470527108, -47.662537773717624, -41.798729102402504]
other derivatives =  [ 170.27741706 -154.72360246    0.8749339   -33.51597115  171.62928998
  124.42396837]
Current x_clock array =  [-0.64091147 -0.48110373 -0.92150908  0.92686978 -2.1433177  -1.0317434
  1.11292139  0.         -0.09261472 -2.02046289 -0.11730522 -0.28245405
 -0.63381518]
Lr rates:  [ 3.13018013  1.          0.88057685  0.1357783   0.85430359  0.7418947
  0.53754474]
Process rates:  [ 0.52154407  0.63105944  0.39710366  2.63830238  0.11074904  0.33237095]
log likelihood =  24281.1412904
Lr derivatives =  [46.921239559291998, -121.39991055945862, 97.148988853105578, -9.6340245142866934, 22.344168953265523, -82.812455472884736, -44.615375996872132]
other derivatives =  [  64.38203854   35.50594556   -0.90512913  -15.15400072  107.04061424
  102.08132153]
Current x_clock array =  [-0.6509615  -0.46035523 -0.92355793  0.97013567 -2.20048849 -1.10150362
  1.14109055  0.         -0.12717808 -1.99673186 -0.15746865 -0.29854796
 -0.62074329]
Lr rates:  [ 3.52535006  1.          0.85716346  0.13681332  0.82420406  0.74201379
  0.54842111]
Process rates:  [ 0.52337339  0.64178616  0.39546494  2.61394491  0.09562963  0.26246683]
log likelihood =  24257.2049374
Lr derivatives =  [10.112863199336637, -138.63522266295311, 41.567949483180286, 10.581222533066793, 0.3261758861650641, -82.720965510907462, -34.200088997472648]
other derivatives =  [  73.85860954  209.63234419   -8.1370672    -9.35178832   -6.88196451
   63.74793884]
Current x_clock array =  [-0.64746013 -0.44350011 -0.92769316  0.96086054 -2.34727253 -1.33763059
  1.25997974  0.         -0.15412664 -1.98913789 -0.19333714 -0.29838746
 -0.60071185]
Lr rates:  [ 3.83378363  1.          0.82848095  0.13458347  0.80918327  0.77239898
  0.56141441]
Process rates:  [ 0.51200803  0.63471248  0.39623243  2.58732269  0.08983171  0.220729  ]
log likelihood =  24246.3578461
Lr derivatives =  [48.939920699418579, -120.13857018780105, -7.4422466402413008, 18.183709290362543, 4.6711550568894058, -33.842018428205492, -13.237729064277753]
other derivatives =  [-136.1946488   102.11551853   12.44807208   16.67103788   -5.78584149
   40.17456376]
Current x_clock array =  [-0.66941497 -0.45458317 -0.92575429  0.95062363 -2.40981723 -1.51081958
  1.34385221  0.         -0.18816143 -2.00557067 -0.21172985 -0.25825405
 -0.57729595]
Lr rates:  [ 3.96687987  1.          0.83108137  0.13259116  0.80925904  0.79420843
  0.56829233]
Process rates:  [ 0.51946163  0.62738047  0.39496935  2.50264111  0.0857558   0.19706435]
log likelihood =  24242.461129
Lr derivatives =  [-5.7564031812387029, -153.16618124847861, -35.380223204836597, 3.6438240194045797, 9.9587865767175501, -0.094874171354724979, -2.2349743412193543]
other derivatives =  [ -6.18783815  -3.39205144  -2.52439349 -23.48424459 -65.11836546
  30.03515303]
Current x_clock array =  [-0.65496234 -0.46620211 -0.92894711  0.91734662 -2.45625157 -1.62422494
  1.37797986  0.         -0.18502757 -2.02048484 -0.21163621 -0.23040935
 -0.56511932]
Lr rates:  [ 4.01689111  1.          0.83381094  0.13117876  0.80705393  0.80072027
  0.56954957]
Process rates:  [ 0.52077126  0.62658762  0.39498319  2.49498868  0.0865279   0.19098401]
log likelihood =  24241.3487277
Lr derivatives =  [44.630779757752983, -117.3493004284424, -11.948635546656387, 12.067682406766938, 15.1933598680538, 13.381105436899858, 1.6645334636766762]
other derivatives =  [ 16.40473783 -21.69945219  -0.24847395  -2.03435775 -18.95896276
  27.60862117]
Current x_clock array =  [-0.65244438 -0.46746666 -0.92891207  0.91428419 -2.44728832 -1.65556557
  1.39050825  0.         -0.18174859 -2.0311943  -0.21436479 -0.22224361
 -0.56290945]
Lr rates:  [ 3.97478674  1.          0.83930267  0.13042824  0.80348472  0.80466046
  0.57113199]
Process rates:  [ 0.52082638  0.62528609  0.39492877  2.50332109  0.08787824  0.1876105 ]
log likelihood =  24240.2155292
Lr derivatives =  [50.67166497377049, -114.27696893466522, -8.6448152987552014, 1.9879314197820221, 6.4358498901227783, 16.121282124013419, 2.422191101789231]
other derivatives =  [ 20.49964678 -43.5844413   -0.64719643   1.71530701  -0.22628228
  25.59318091]
Current x_clock array =  [-0.65233854 -0.46954599 -0.92904987  0.91761829 -2.43180304 -1.67338727
  1.3799711   0.         -0.17518389 -2.03693211 -0.2187971  -0.21733488
 -0.56013494]
Lr rates:  [ 3.81501023  1.          0.86038443  0.1298298   0.79404627  0.81228108
  0.57711646]
Process rates:  [ 0.52088761  0.62539065  0.39502496  2.53958014  0.091127    0.17351489]
log likelihood =  24237.2863874
Lr derivatives =  [48.156819041335446, -109.81460700360316, 13.385400609907688, -14.831706881388161, -11.503893608555785, 22.257024397597796, 6.631288358018077]
other derivatives =  [ 27.88292477 -47.64915502   0.60244929  10.642907    23.16883183
  19.15213943]
Current x_clock array =  [-0.65222099 -0.46937879 -0.92880632  0.93199877 -2.3955011  -1.75149186
  1.33894335  0.         -0.15037598 -2.04153095 -0.23061354 -0.20790885
 -0.5497112 ]
Lr rates:  [ 3.65000046  1.          0.87070326  0.13138725  0.803595    0.81050131
  0.57930033]
Process rates:  [ 0.51953575  0.62919206  0.39418619  2.53782634  0.09466287  0.15164576]
log likelihood =  24234.2472984
Lr derivatives =  [21.266366913934505, -125.19536818508961, 7.0754948209053374, -31.67153078583291, -10.246359516507507, 18.019264553829004, 6.8591931045961623]
other derivatives =  [  9.66974767   9.11750249  -6.98200893  -2.53967301  24.7702701
  10.15141606]
Current x_clock array =  [-0.65481965 -0.46331872 -0.93093192  0.93130794 -2.35743342 -1.88620797
  1.29472729  0.         -0.13845405 -2.0296062  -0.21865986 -0.21010232
 -0.54593423]
Lr rates:  [ 3.38711284  1.          0.87189183  0.13842181  0.80671552  0.7878396
  0.57967443]
Process rates:  [ 0.52016641  0.62466988  0.39522961  2.63062535  0.09890875  0.13046504]
log likelihood =  24232.7067398
Lr derivatives =  [-6.2710362024260107, -135.60281468336743, 0.54860157833848788, -23.609698904825063, -13.345013706230013, -19.560324700537478, 1.0126250718611622]
other derivatives =  [ 31.92726581 -65.32391126   1.48393156  18.63882062  13.62277544
   2.07437552]
Current x_clock array =  [-0.6536065  -0.47053196 -0.92828838  0.96722159 -2.31355761 -2.03665
  1.21997789  0.         -0.13708991 -1.97744968 -0.21478418 -0.23846076
 -0.54528866]
Lr rates:  [ 3.44459663  1.          0.87195004  0.14047739  0.81544787  0.79788034
  0.58014028]
Process rates:  [ 0.51894301  0.63167017  0.39559751  2.56586424  0.09740033  0.11701113]
log likelihood =  24231.9058867
Lr derivatives =  [11.008774569939533, -109.89434496879454, 25.991050697597178, 12.073143592772986, 24.35408061556112, 12.085175816171756, 10.097410102909038]
other derivatives =  [  0.61918399  44.0646545    8.71550583  13.938552     0.49330993
  -0.21427695]
Current x_clock array =  [-0.65596122 -0.4593879  -0.92735797  0.94229536 -2.32892564 -2.14548623
  1.23680681  0.         -0.13702315 -1.96270874 -0.20401779 -0.22579664
 -0.54448533]
Lr rates:  [ 3.46681347  1.          0.86626654  0.13973631  0.81165698  0.79584181
  0.57892471]
Process rates:  [ 0.51863786  0.62915382  0.39503544  2.56527832  0.09694367  0.12058836]
log likelihood =  24231.6239513
Lr derivatives =  [-6.1017070792984782, -130.57180531947017, -3.3701932981077789, -6.8281615282016794, 6.949915974334143, 0.80897704373730051, 5.4367936719519445]
other derivatives =  [-2.44181138  7.64302968  2.0605512   3.14430508 -5.47879608 -0.07457857]
Current x_clock array =  [-0.6565494  -0.4633795  -0.92877981  0.94206698 -2.33362521 -2.11537251
  1.24323586  0.         -0.14356264 -1.9679981  -0.20867747 -0.22835485
 -0.54658284]
Lr rates:  [ 3.47472124  1.          0.86582954  0.13990397  0.81035387  0.79525155
  0.57826091]
Process rates:  [ 0.51878155  0.6287587   0.39487095  2.56288011  0.09683893  0.1205424 ]
log likelihood =  24231.5897535
Lr derivatives =  [-3.1093745613182335, -128.38152029897341, -2.509735451122296, -5.3297860756028612, 5.594826234333933, -0.65626643684802133, 4.6016220221882023]
other derivatives =  [ 0.09204086  1.47083483  0.45838533  4.0334271  -3.84970917 -0.05456968]
Current x_clock array =  [-0.65627239 -0.46400772 -0.92919627  0.94113167 -2.33470615 -2.11575369
  1.24551426  0.         -0.14406723 -1.96679898 -0.21028426 -0.2290968
 -0.54773012]
Lr rates:  [ 3.48776653  1.          0.86535451  0.1405957   0.80721423  0.7944366
  0.57610982]
Process rates:  [ 0.51888096  0.62845481  0.39463828  2.55067141  0.09676196  0.11929552]
log likelihood =  24231.53217
Lr derivatives =  [1.8114954414859383, -124.25200441200062, -0.58203508336426424, -2.0522354618191159, 2.2208561752174312, -3.5849125431002804, 2.141842813160947]
other derivatives =  [ 1.6130798  -2.92457116 -1.79425115  3.00824468 -0.99425961 -0.28412614]
Current x_clock array =  [-0.65608078 -0.46449115 -0.92978568  0.93635662 -2.33550139 -2.12615152
  1.24926157  0.         -0.14461602 -1.96186688 -0.21416618 -0.23012209
 -0.55145699]
Lr rates:  [ 3.48073371  1.          0.8658125   0.14116944  0.80539211  0.79568936
  0.57462848]
Process rates:  [ 0.51868806  0.62837986  0.39492815  2.54424762  0.09702743  0.11862723]
log likelihood =  24231.5057042
Lr derivatives =  [2.5120779395159687, -123.03007108322637, 1.1566392920496433, -0.6525726552226061, 0.66250818270298595, -2.6350653971985523, 0.9075388279746317]
other derivatives =  [-1.79643393 -3.68127075  0.9782525   1.45300874  0.27357601 -0.36561687]
Current x_clock array =  [-0.65645262 -0.46461043 -0.92905144  0.93383498 -2.33276151 -2.13176926
  1.24724311  0.         -0.1440869  -1.95779437 -0.21642602 -0.22854642
 -0.55403157]
Lr rates:  [ 3.4622158   1.          0.86548809  0.14204123  0.80305118  0.79806256
  0.5725295 ]
Process rates:  [ 0.52001517  0.6291487   0.39459345  2.53853312  0.09750005  0.11810768]
log likelihood =  24231.5296379
Lr derivatives =  [-3.7326507666097513, -127.9385816549119, -3.0518427835692314, -2.6023298391122047, -3.3170090493204363, -1.4617510575673478, -1.1737560762355521]
other derivatives =  [ 22.79193723   7.86640157  -3.45935405  -3.73547664  -1.42172212
  -0.52132236]
Current x_clock array =  [-0.65389729 -0.46338764 -0.92989929  0.9315864  -2.32790235 -2.13615853
  1.24190879  0.         -0.14446167 -1.9516379  -0.21933684 -0.22556829
 -0.55769101]
Lr rates:  [ 3.47486303  1.          0.86570983  0.14144474  0.80465059  0.79643959
  0.57396343]
Process rates:  [ 0.51910766  0.62862305  0.3948222   2.54243788  0.09717675  0.11846257]
log likelihood =  24231.4991812
Lr derivatives =  [0.53592015288796091, -124.58322100872374, -0.17529215515456542, -1.2702769663339915, -0.59855743931051464, -2.2692285520510111, 0.24763595439689468]
other derivatives =  [ 5.96119207 -0.03310561 -0.43255568 -0.19135769 -0.26338967 -0.41472958]
Current x_clock array =  [-0.65564399 -0.46422348 -0.92931974  0.93312342 -2.33122383 -2.13315824
  1.24555506  0.         -0.1442055  -1.95584616 -0.21734715 -0.227604
 -0.5551896 ]
Lr rates:  [ 3.46537922  1.          0.86593659  0.1417406   0.80409398  0.79757107
  0.57334272]
Process rates:  [ 0.5188121   0.62864073  0.39494623  2.54212829  0.0974126   0.11847569]
log likelihood =  24231.4923731
Lr derivatives =  [0.21513563716068518, -124.48093433659612, 0.58433595933652072, -0.67205682269406353, -0.72005118039273697, -0.73075620293982269, -0.062541609215658767]
other derivatives =  [ 0.84583007  0.39835868  0.79089659 -0.47584763  0.1375156  -0.36852725]
Current x_clock array =  [-0.65621351 -0.46419537 -0.92900566  0.93300164 -2.32879973 -2.13304751
  1.24282207  0.         -0.1439436  -1.95375664 -0.21803913 -0.22618433
 -0.55627163]
Lr rates:  [ 3.4615984   1.          0.86572901  0.14183364  0.80402626  0.79791586
  0.57314755]
Process rates:  [ 0.51874153  0.62865499  0.39490457  2.54390843  0.09748647  0.11888575]
log likelihood =  24231.4903971
Lr derivatives =  [0.13657399631438949, -124.59359284830629, 0.49654225837809207, -0.35006948384418379, -0.5458083833619547, -0.16307537678262918, -0.12448297986565571]
other derivatives =  [-0.3085006   0.56024874  0.35724952 -0.00472937  0.17535058 -0.25138434]
Current x_clock array =  [-0.65634953 -0.46417267 -0.92911113  0.93370165 -2.32804169 -2.12959236
  1.24173045  0.         -0.14418334 -1.95310042 -0.21812335 -0.22575212
 -0.55661209]
Lr rates:  [ 3.45996333  1.          0.86536881  0.14187645  0.80423563  0.79827897
  0.57303774]
Process rates:  [ 0.51875663  0.62855874  0.39491937  2.54479245  0.09749962  0.11951813]
log likelihood =  24231.4894767
Lr derivatives =  [-0.27811067890532115, -125.02474750651886, 0.066627953418883834, -0.078015910838900027, 0.024412574417603139, 0.60292617885519206, -0.058148868348848026]
other derivatives =  [ -7.27595761e-04  -8.50195647e-01   4.26007318e-01   8.11269274e-02
  -3.38332029e-01  -6.69388101e-02]
Current x_clock array =  [-0.65632043 -0.4643258  -0.92907366  0.93404909 -2.3279068  -2.12428721
  1.24125799  0.         -0.14459949 -1.95279866 -0.21786298 -0.22529716
 -0.5568037 ]
Lr rates:  [ 3.45908639  1.          0.86516921  0.14189583  0.80418682  0.79786114
  0.573015  ]
Process rates:  [ 0.51872663  0.62865938  0.39484512  2.54594772  0.09753182  0.11980262]
log likelihood =  24231.4893935
Lr derivatives =  [-0.20311776720304664, -125.2239575326042, -0.39176929811370798, -0.28273724240280629, -0.38965877757290457, -0.21497692021628723, -0.23590425922971825]
other derivatives =  [ -4.70754458e-01   5.98811312e-01  -3.19778337e-01   3.21961124e-01
  -3.63797881e-04  -7.27595761e-03]
Current x_clock array =  [-0.65637825 -0.4641657  -0.92926169  0.93450297 -2.3275766  -2.1219097
  1.24100451  0.         -0.14483017 -1.95266205 -0.21792368 -0.2258207
 -0.55684338]
Lr rates:  [ 3.45988204  1.          0.86526191  0.14188829  0.80428048  0.79796389
  0.57306717]
Process rates:  [ 0.51875688  0.62861039  0.39486477  2.54517267  0.09751644  0.11967026]
log likelihood =  24231.4891999
Lr derivatives =  [0.056927262475788609, -124.89139794044638, 0.020796267379466826, -0.020497235631601995, -0.042107555582187928, 0.1052021050350902, -0.10976405214202956]
other derivatives =  [ 0.02546585 -0.13315002 -0.11314114  0.29031071  0.02655725 -0.02874003]
Current x_clock array =  [-0.65631994 -0.46424363 -0.92921194  0.9341985  -2.3277343  -2.12301515
  1.2412345   0.         -0.14472303 -1.95271521 -0.21780721 -0.22569193
 -0.55675234]
Lr rates:  [ 3.46021164  1.          0.86524924  0.14188628  0.80430821  0.79794923
  0.57308718]
Process rates:  [ 0.51875851  0.62860611  0.39487524  2.54480719  0.09750958  0.11967394]
log likelihood =  24231.4891645
Lr derivatives =  [-0.046425361718100078, -124.97546495075593, -0.060708109987068326, -0.060002150585333425, -0.029753005169496305, 0.088916922060569448, -0.095869116059011716]
other derivatives =  [ 0.04547474 -0.15206751 -0.01600711  0.13169483 -0.07021299 -0.02874003]
Current x_clock array =  [-0.6563168  -0.46425044 -0.92918542  0.93405488 -2.32780465 -2.1229844
  1.24132976  0.         -0.14473767 -1.95272942 -0.21777274 -0.2257103
 -0.55671742]
  status: 0
 success: True
    nfev: 33
     fun: 24231.489164542956
       x: array([-0.6563168 , -0.46425044, -0.92918542,  0.93405488, -2.32780465,
       -2.1229844 ,  1.24132976,  0.        , -0.14473767, -1.95272942,
       -0.21777274, -0.2257103 , -0.55671742])
 message: 'CONVERGENCE: REL_REDUCTION_OF_F_<=_FACTR*EPSMCH'
     jac: array([  4.54747351e-02,  -1.52067514e-01,  -1.60071068e-02,
         1.31694833e-01,  -7.02129910e-02,  -2.87400326e-02,
        -4.64253617e-02,  -1.24975465e+02,  -6.07081100e-02,
        -6.00021506e-02,  -2.97530052e-02,   8.89169221e-02,
        -9.58691161e-02])
     nit: 31
