number of sites to be analyzed:  133
Now calculate MLE for pair ['YER074W', 'YIL069C']
log likelihood =  -1341.43218031
Edge derivatives =  [6.331616408495784, 5.909076258570883, -4.201047450029427, -0.12959598187048813, 18.586753449402877, -4.257946529512916, -7.390189406280137, 11.039461339579745, -5.35094304945661, 8.124248995797727, -2.5128448108409707, -34.172970180218755]
other derivatives: [-22.0880338   -7.80808023  14.36380899 -30.33303528   0.78455287
  38.38185876]
Current x array =  [-0.64353555 -0.48264002 -0.93307917  1.76977596 -2.44028574  1.19617746
 -3.90910406 -3.87159909 -4.30005794 -6.28014701 -2.83555499 -3.29056063
 -2.92359461 -3.49891453 -3.97438916 -3.10701318 -4.59465356 -2.01786889]
log likelihood =  -1316.73364131
Edge derivatives =  [7.663258448754445, 7.213775160853386, -2.0852480836910354, 0.2567080869380631, 18.237592886344757, 0.3852823593622459, 1.0203480399576081, 10.753145382675523, -2.012948898401787, 9.770717594358505, -1.3337313326684743, -9.859234366012355]
other derivatives: [ 102.01842997   27.84963726   14.02979706   18.73602287   12.42181042
   30.53787623]
Current x array =  [-0.96086487 -0.59481536 -0.92039235  1.33399424 -2.42901441  1.74759318
 -3.81814044 -3.78670592 -4.36041259 -6.28200886 -2.56852707 -3.35173272
 -3.02976629 -3.34031532 -4.05126387 -2.99029558 -4.63075452 -2.50881731]
log likelihood =  -1286.97906163
Edge derivatives =  [6.713369974899196, 6.416920597377453, -1.9657925448578297, 0.26269065052013213, 13.05596544396308, 0.45913341391200624, 2.8081334885258262, 7.540546975406393, -1.4435733472660786, 9.272681661276629, -1.3907316379698873, -4.969538961630165]
other derivatives: [ 28.2210749   13.87220436   2.20320544  30.90995051  12.90945875
  17.45518148]
Current x array =  [-0.74877514 -0.54851886 -0.85725555  1.20152998 -2.38052754  2.10459625
 -3.75008094 -3.72297217 -4.39509853 -6.28195803 -2.38360229 -3.37816437
 -3.07441396 -3.23075624 -4.09319875 -2.90318393 -4.65180363 -2.76616735]
log likelihood =  -1275.99199054
Edge derivatives =  [4.662075346056027, 3.8657096223245087, -2.6006600124538823, 0.09633662247879923, 4.824142075817764, -1.3849081359838955, 2.0569134906651265, 1.599207800320492, -1.972649364711436, 7.5032510273651, -2.131984559170638, -3.9640296411812983]
other derivatives: [-29.78692919  -9.72108865  -4.94337655  27.35878297   8.9313744
  -0.5810989 ]
Current x array =  [-0.64109847 -0.48700342 -0.82503346  1.25167482 -2.28399593  2.44517722
 -3.66689855 -3.64428894 -4.43229131 -6.28079194 -2.18614823 -3.39829648
 -3.09556782 -3.11496178 -4.13313551 -2.79200064 -4.6755415  -2.99125946]
log likelihood =  -1270.75773401
Edge derivatives =  [3.3329546962953454, 1.8045625768471694, -3.0711254523738405, -0.054052383845980705, 0.2377804867797571, -2.8251163379110666, 0.4553558385245317, -1.5535387172609247, -2.6441867294497943, 5.7037522741955495, -2.6461678821866523, -4.583717636412204]
other derivatives: [-10.22428933  -5.42599992  -4.49192612  14.26994913   3.82724465
  -5.00390342]
Current x array =  [-0.67303957 -0.49632832 -0.82954486  1.38859545 -2.21422064  2.55022826
 -3.62090714 -3.60321579 -4.45442075 -6.27995291 -2.10325861 -3.40951515
 -3.09230951 -3.07164694 -4.15336336 -2.72543556 -4.69168623 -3.07389825]
log likelihood =  -1268.5595446
Edge derivatives =  [1.8198810379068253, -0.127792265087868, -3.4515092739173614, -0.1655670991416876, -4.146389317564738, -4.090794172859263, -1.7963221789548758, -3.4321392749131157, -3.252335895652017, 3.144075036667216, -3.0342385152981297, -5.129489262721089]
other derivatives: [-5.53920927  3.54655185  0.42973625 -5.37563665 -2.78569132 -2.15343334]
Current x array =  [-0.67935617 -0.51613052 -0.85816007  1.56746086 -2.15245169  2.55647675
 -3.57098277 -3.57012451 -4.49180835 -6.2801257  -2.06618947 -3.44010526
 -3.08729    -3.06741373 -4.18624564 -2.64602033 -4.72276793 -3.14887799]
log likelihood =  -1267.60182597
Edge derivatives =  [1.7320382807252002, -0.31530931873687773, -3.31280523875345, -0.13264767103869632, -3.9559378435918946, -3.6783455804055807, -1.9651904737654178, -3.2108798256007156, -2.9834657966247544, 2.67985888568915, -2.948089203130673, -3.8857560213475244]
other derivatives: [ 6.950836   -8.12760845  1.21140147 -4.25259259 -2.23039933 -2.2052518 ]
Current x array =  [-0.70201393 -0.48892849 -0.86239594  1.56689947 -2.15245991  2.57095348
 -3.54098818 -3.55799558 -4.52733533 -6.28126395 -2.07232429 -3.47752709
 -3.10125047 -3.08176904 -4.21969493 -2.59831417 -4.75291024 -3.21962566]
log likelihood =  -1265.94462461
Edge derivatives =  [1.5385038896157281, -0.6353282513215524, -2.9829393986077735, -0.045033226779001956, -3.3782178686988718, -2.7221625005426664, -2.2565808022525187, -2.492941480342564, -2.3527985497793344, 1.6516009888081646, -2.7154137144975343, -1.312385467592957]
other derivatives: [ 15.05566161  -9.9695626    2.73009846  -1.41949386  -1.14632712
  -1.7020966 ]
Current x array =  [-0.71771003 -0.48543214 -0.86952913  1.56196484 -2.15546687  2.59121441
 -3.47513939 -3.53400557 -4.60814405 -6.28387401 -2.0935592  -3.562582
 -3.13479649 -3.11887276 -4.29516657 -2.49408839 -4.82183688 -3.3732302 ]
log likelihood =  -1263.70603675
Edge derivatives =  [0.9302077882965345, -1.2528333873294069, -2.3661529636970218, 0.13482396569353955, -2.219674929794055, -0.9060808446070443, -2.9324480760250964, -0.6314314271603642, -1.2496586081632195, -1.1178617546205067, -2.2364243300418987, 2.5434980933681635]
other derivatives: [ 12.70495886  -2.38360371  -1.88615559   0.79191977  -0.09154064
   1.27822659]
Current x array =  [-0.71239083 -0.50351543 -0.84530518  1.58041063 -2.1628405   2.60393428
 -3.33994669 -3.49877089 -4.78533344 -6.28831943 -2.16786347 -3.73956744
 -3.21947818 -3.20949142 -4.45285064 -2.29289301 -4.97523229 -3.64350433]
log likelihood =  -1262.95066981
Edge derivatives =  [0.44113301590343645, -1.3491261820975209, -1.9357745580405317, 0.22715637122820506, -0.7422387968375905, 0.05010100029484499, -2.8921160846142766, -0.017647448193902626, -0.7519830301873982, -2.4985984654953115, -1.9207227776962923, 3.57917776890615]
other derivatives: [  0.38075996  -0.64130745  11.79128049   3.16126716   0.86122327
   1.29421096]
Current x array =  [-0.68827321 -0.50693167 -0.91546299  1.60449511 -2.16937251  2.64625966
 -3.24734103 -3.50620093 -4.933262   -6.28748353 -2.25303509 -3.85398828
 -3.33130431 -3.26697357 -4.56540971 -2.21295547 -5.10695738 -3.74200258]
log likelihood =  -1262.16530978
Edge derivatives =  [0.23732412817632376, -1.2747396846151402, -1.8328867336810548, 0.23791398899994515, -0.21215270793013957, 0.3347958299909216, -2.904782351488417, 0.3984241593173534, -0.6752329367778891, -2.8091954423313616, -1.8275614305279169, 3.344865282445644]
other derivatives: [-4.31093667  0.11361863  6.04673005  2.53146482  0.96181338  2.29917987]
Current x array =  [-0.67915963 -0.50878586 -0.8834257   1.62942609 -2.17317946  2.64671154
 -3.21980241 -3.52230739 -4.99086748 -6.2858947  -2.30082308 -3.8896041
 -3.38369597 -3.293623   -4.6037681  -2.20930086 -5.16009652 -3.73390162]
log likelihood =  -1260.50167388
Edge derivatives =  [-0.6751575489509274, -1.0795318614804388, -1.5746918380346524, 0.20977538529300366, 1.2348674584456851, 0.8410700911976358, -2.6609759924133436, 0.6291613521221722, -0.627206073373188, -2.9991748949615626, -1.6105915654619252, 1.3234114108707984]
other derivatives: [-12.5396582    4.46880222  -5.33207185   0.46320565   1.03148068
   2.63999027]
Current x array =  [-0.66324032 -0.51956308 -0.8253961   1.71740173 -2.17582967  2.69981847
 -3.13721068 -3.59408839 -5.18803328 -6.27731678 -2.45145726 -3.9864452
 -3.58969042 -3.36082807 -4.72450081 -2.25089794 -5.34396674 -3.64737635]
log likelihood =  -1259.39610338
Edge derivatives =  [-1.874168488658314, -0.9640299755214862, -1.3489026298548883, 0.17314742436278657, 2.217108471008468, 1.1526380472236641, -2.3360545779164066, 0.3201809151320121, -0.5906010320175007, -2.9355868085787153, -1.4306480747295565, -0.8253800566560101]
other derivatives: [-11.67888968   3.88338321  -6.67478162  -1.36053586   0.7961944
   1.4403895 ]
Current x array =  [-0.66370056 -0.5179259  -0.81815722  1.79673771 -2.1674827   2.77778262
 -3.06251892 -3.66505488 -5.38449953 -6.26806964 -2.57230541 -4.0725174
 -3.80156862 -3.41567981 -4.84387796 -2.30326505 -5.52763247 -3.57575822]
log likelihood =  -1257.43187139
Edge derivatives =  [-3.242518458016363, -0.39456799461061387, -0.8996285838338305, 0.21544467888837307, 1.5453809126975384, 1.5180926225500577, -1.5646330072438794, -0.22177404402661427, -0.14602960192662587, -1.0796555807287123, -1.0199422373841736, -1.7751402336709687]
other derivatives: [ -0.86074579  13.46900262  -5.90439413   0.53726126   0.14683792
  -1.53627298]
Current x array =  [-0.68334718 -0.54322577 -0.81951185  1.88395888 -2.09937759  2.93650205
 -3.02642692 -3.80774917 -5.80150022 -6.24624255 -2.62662166 -4.18726734
 -4.26663409 -3.51006716 -5.09802078 -2.46142173 -5.92286871 -3.62900484]
log likelihood =  -1256.51371368
Edge derivatives =  [-5.512333593951055, -0.3591773801756498, -0.5908065759136819, 0.19676536038033204, -1.9346001267477586, 1.2531845698447115, -1.139832469878822, -2.125427489938117, 0.20506041687170623, -0.030470921260447703, -0.7320289962132912, -2.3188891643682084]
other derivatives: [ -9.40622158 -13.19378953  -3.26720055  -2.69246812  -3.37247457
  -6.02155978]
Current x array =  [-0.66779346 -0.47649183 -0.83352046  2.02659202 -1.98416526  3.15174642
 -3.02497428 -3.97372619 -6.32995575 -6.21596721 -2.6156316  -4.30148495
 -4.85913485 -3.60892631 -5.41692031 -2.65752956 -6.42517063 -3.76875313]
log likelihood =  -1255.63903247
Edge derivatives =  [-3.940624018994525, 0.25448407704875853, -0.5464288643369505, 0.2845940485310407, -1.8296840936543215, 1.363810857459329, -0.978134660098075, -1.2014875761912878, 0.34941589837884823, 1.1701831597254542, -0.6686180779332396, -0.9310392403513034]
other derivatives: [ 1.60523541  1.15901457 -0.37598511  1.75909918 -1.75677997 -4.41491466]
Current x array =  [-0.68823479 -0.50967055 -0.84604297  1.98844269 -1.98875929  3.11654906
 -3.08994404 -3.98151202 -6.33365454 -6.21375931 -2.57730282 -4.27239329
 -4.87683442 -3.61475048 -5.41382759 -2.68560745 -6.4318795  -3.81431916]
log likelihood =  -1255.31510634
Edge derivatives =  [-3.471658182484132, 0.5658853256926769, -0.4992950314488674, 0.3347607703014276, -1.8418175446117016, 1.4581410369030943, -0.8979451161177063, -0.5769045457056039, 0.45033625134349586, 1.4917110880199722, -0.6082768126840816, -0.22158274969393987]
other derivatives: [ 3.06590664  3.3694505   0.53876192  2.60247361 -1.29848559 -2.80699624]
Current x array =  [-0.69078574 -0.51507606 -0.85033374  1.99690906 -1.98849644  3.10183721
 -3.12586272 -4.00056495 -6.39795138 -6.20884685 -2.57790187 -4.27472345
 -4.95135694 -3.63785739 -5.4493555  -2.70496046 -6.4943626  -3.85413463]
log likelihood =  -1254.47734262
Edge derivatives =  [-2.3883316305827753, 1.2604082945073243, -0.3955870550264443, 0.3879624367977042, -1.8412641756217125, 1.337523690129871, -0.6782075660617364, 0.7323944407675138, 0.6172243644642633, 2.1998466933043486, -0.46918464718151726, 0.6180227036998666]
other derivatives: [ 2.99905878  4.99205726  1.68022325  2.12417035 -0.60474576  1.29277851]
Current x array =  [-0.68940683 -0.51851822 -0.85599533  2.07615005 -1.98823377  3.08548559
 -3.25861954 -4.08187215 -6.66955717 -6.18519198 -2.62544236 -4.28164638
 -5.27287212 -3.72002262 -5.59098505 -2.79097258 -6.75832086 -3.93568687]
log likelihood =  -1253.8184065
Edge derivatives =  [-1.231089576832258, 1.0636627023674248, -0.3038950027896265, 0.35909531434780384, -0.13490354915214464, 1.1395968739909677, -0.472128775969015, 1.4827811434272393, 0.8074893906890281, 1.052934336574644, -0.35689767194020594, 1.745224526035881]
other derivatives: [ 14.17881776  -3.38839072   0.26236648   1.85075351   1.11283498
   3.02507033]
Current x array =  [-0.70836939 -0.49853646 -0.84825292  2.19012224 -2.01043181  3.14777712
 -3.42364738 -4.14711994 -7.08200793 -6.14781202 -2.77096547 -4.3248487
 -5.7284439  -3.82700183 -5.80581877 -2.79307274 -7.15449602 -4.08368749]
log likelihood =  -1253.22805977
Edge derivatives =  [-0.03752025697201411, 0.901870588916621, -0.24641139126391787, 0.1481511243205085, -0.09706792426511143, -0.020522768263050772, -0.29000564268761403, 0.990149495764753, 0.8461768784828222, 1.039236485596095, -0.291476546884418, 1.3784622988601374]
other derivatives: [-1.96034762  3.55028078  0.59458216 -0.152545    0.94282768  2.51420715]
Current x array =  [-0.67698349 -0.51423227 -0.84942663  2.32320328 -2.00270819  3.25112774
 -3.62937599 -4.24639129 -7.51989683 -6.10391782 -2.87745859 -4.32787759
 -6.24805782 -3.91472617 -6.01878646 -2.89039326 -7.57954923 -4.16912767]
log likelihood =  -1253.1034349
Edge derivatives =  [-0.19333803620583523, 0.5569431307027094, -0.24722986394008184, 0.08587100466589975, -0.02783697519209341, -0.1441811346269587, -0.28994052330212744, 0.38476551769361045, 0.8181554310622962, 0.5915486770149502, -0.29554305935732994, 0.9640467963048985]
other derivatives: [-0.61490937  0.83589384 -0.22866971 -0.72361672  0.67720975  0.9034693 ]
Current x array =  [-0.67929137 -0.50772377 -0.84538653  2.3332219  -1.99782899  3.29153487
 -3.62725856 -4.2432559  -7.55229303 -6.10045465 -2.89589485 -4.3369355
 -6.2814868  -3.911963   -6.03163038 -2.87834601 -7.61010361 -4.16420862]
log likelihood =  -1253.05178291
Edge derivatives =  [-0.12919296519671664, 0.3088559991608971, -0.2500501946571555, 0.04841093222710538, 0.3439008724734395, -0.16194723854025972, -0.28328328829591104, -0.004098318664864875, 0.774999268358933, 0.33552462174448083, -0.3008347243344073, 0.5098859096213852]
other derivatives: [-0.80924565 -0.60392722 -0.26793714 -0.32487151  0.66347638 -0.44551598]
Current x array =  [-0.67905693 -0.50439111 -0.84486999  2.32639603 -1.99469272  3.3136683
 -3.62665573 -4.23050584 -7.54978433 -6.09897263 -2.91000795 -4.33827003
 -6.27826447 -3.90268444 -6.01683814 -2.8600276  -7.60816774 -4.14074102]
log likelihood =  -1253.01447822
Edge derivatives =  [1.1980211995388235e-05, 0.13034854366402204, -0.2509412008822379, 0.0054105665777077205, 0.12525550970181745, -0.2867080450079694, -0.27896673973417846, -0.22935415401229753, 0.7142128531779988, 0.18757013718569143, -0.30245395789886503, 0.13609949280348843]
other derivatives: [ 0.69869657 -0.44099124  0.0015234  -1.00183115  0.11975771 -0.88325578]
Current x array =  [-0.68197444 -0.50471433 -0.84636485  2.32602336 -1.98001074  3.31757028
 -3.64430377 -4.22271852 -7.55933727 -6.09571765 -2.90487825 -4.33181783
 -6.29402392 -3.89684329 -5.99832169 -2.85557626 -7.61945336 -4.12166899]
log likelihood =  -1252.95868765
Edge derivatives =  [0.44747667971652183, 0.007454790951901602, -0.2468555059173809, -0.007662063944160857, 0.2773165625914764, -0.21594377678240573, -0.2582472358880718, -0.14441222514455676, 0.6307686546779282, 0.09759929386085806, -0.2976131999155224, -0.20478369175701683]
other derivatives: [ 0.87857188 -0.50331437 -0.12282726 -0.41140993 -0.23230768 -1.0325266 ]
Current x array =  [-0.68277577 -0.50455055 -0.84564232  2.3038002  -1.96101786  3.30340485
 -3.6698473  -4.20043802 -7.55401632 -6.09213792 -2.89614403 -4.32222281
 -6.29457908 -3.88658758 -5.94664234 -2.83461845 -7.61854179 -4.0869791 ]
log likelihood =  -1252.89466867
Edge derivatives =  [0.3036187537889048, -0.25513015740555467, -0.20450281359141878, -0.039320551861346226, -0.04893549934147165, 0.2035186123883923, -0.2315118051532915, -0.04825939061054929, 0.5182601635422637, -0.6848981141097843, -0.2507176261587654, -0.46660695441402034]
other derivatives: [ 2.32596449  2.17135039  2.60629349 -1.45671493 -1.55891939 -0.97008979]
Current x array =  [-0.68606019 -0.51080947 -0.85931821  2.30085309 -1.92120961  3.30528667
 -3.66914379 -4.18884705 -7.70649696 -6.07730495 -2.89155074 -4.36086516
 -6.46297633 -3.89726262 -5.91149381 -2.80272203 -7.77267867 -4.07901848]
log likelihood =  -1252.81438223
Edge derivatives =  [0.559767441387462, -0.11044443880285415, -0.18524951636719447, -0.017087220667731037, -0.017095880929831858, 0.42976293844744673, -0.20431140020549626, 0.2940767566311393, 0.5063076270128983, -0.450524454754316, -0.22774693315605285, -0.28285193853845647]
other derivatives: [ 0.70815531  1.19327979  0.74687705 -0.29019702 -1.41694727 -0.5667971 ]
Current x array =  [-0.68333718 -0.50845746 -0.84991366  2.28785673 -1.91471878  3.29439521
 -3.67880019 -4.188286   -7.7690957  -6.07099501 -2.88265413 -4.36786542
 -6.53568033 -3.90156186 -5.89252999 -2.80305897 -7.83693053 -4.0805107 ]
log likelihood =  -1252.73522764
Edge derivatives =  [0.631190930964894, 0.13454949437998853, -0.15008064556984343, 0.0032919331322780743, -0.08233114380784154, 0.7851832163096525, -0.16775917724919753, 0.7193851513490952, 0.5067810202650702, -0.16348801583438133, -0.18610650117289118, 0.09027006491666034]
other derivatives: [-1.00394573  0.04636149 -0.56923     0.77225195 -1.13593615  0.08035386]
Current x array =  [-0.68030688 -0.50568152 -0.84331363  2.28679039 -1.91306951  3.2905626
 -3.67841425 -4.20244918 -7.93244417 -6.05753716 -2.87816089 -4.39329277
 -6.71911243 -3.91731969 -5.88910575 -2.81483308 -8.00034329 -4.10215204]
log likelihood =  -1252.66334134
Edge derivatives =  [0.5883523399812954, 0.27895907511221407, -0.12019019169120383, -0.008248747923898514, -0.14609754519276152, 1.04014376225954, -0.13711825022225796, 0.8790551517966287, 0.4744449973006967, 0.06236596397961497, -0.15043182387965467, 0.2694819802400933]
other derivatives: [-1.1259317   0.07644303 -1.26904069  1.29239197 -0.83523446  0.29574494]
Current x array =  [-0.68004766 -0.5058075  -0.83971852  2.29212349 -1.91806446  3.29543753
 -3.67191804 -4.21602333 -8.12136645 -6.0417955  -2.8780431  -4.4161819
 -6.93179269 -3.92718702 -5.8798507  -2.82787044 -8.18957904 -4.11799896]
log likelihood =  -1252.8020326
Edge derivatives =  [0.11499179031233886, 0.37141609915722995, -0.06629983684460136, -0.10701312510157789, -1.1103792429309536, 1.3694346657272116, -0.08395342950472184, 0.6855821868410756, 0.07621298972354121, 0.3861211538608935, -0.08336246790389926, -0.04603750230184955]
other derivatives: [ -9.79023298 -14.46212536   2.50363428  -0.56095359  -1.37622465
   0.92486516]
Current x array =  [-0.66425914 -0.47232117 -0.85925101  2.29839574 -1.92775476  3.26591276
 -3.6292517  -4.2132561  -8.63659902 -5.99696313 -2.8351888  -4.4322083
 -7.52242542 -3.90282754 -5.72618804 -2.84499107 -8.71583337 -4.09260658]
log likelihood =  -1252.60214993
Edge derivatives =  [0.42921730759388577, 0.31362411564679615, -0.09720260839351537, -0.042340380578541476, -0.4793447544380658, 1.163848271903409, -0.1151427200258283, 0.8130238554711866, 0.33943743090045797, 0.18495644928151697, -0.12185083027119809, 0.15810979660137603]
other derivatives: [-4.1675321  -4.8707534   0.10172698  0.67743713 -1.01595106  0.52596079]
Current x array =  [-0.67441515 -0.49386134 -0.84668669  2.2943611  -1.92152145  3.28490465
 -3.65669693 -4.21503613 -8.30517432 -6.02580167 -2.86275494 -4.42189927
 -7.14249936 -3.91849684 -5.82503195 -2.83397818 -8.37731889 -4.10894029]
log likelihood =  -1252.4652472
Edge derivatives =  [0.26969898474215226, 0.39780424230252787, -0.06680264206650514, -0.11090941425420563, -0.48784893229324366, 1.3822270680334046, -0.08051276629530738, 0.7124138360370238, 0.19581616795257842, 0.4987603380860519, -0.08454466654174106, 0.13763848681073365]
other derivatives: [-1.91528216 -2.82032033 -0.52325504  0.78746325 -0.43798991  0.37246082]
Current x array =  [-0.678204   -0.49880447 -0.84323267  2.30446795 -1.94227073  3.29409556
 -3.63826655 -4.22770474 -8.64683095 -5.99678558 -2.86461227 -4.44337773
 -7.53013039 -3.91738347 -5.77677383 -2.85152121 -8.72194463 -4.11536253]
log likelihood =  -1252.34773642
Edge derivatives =  [0.16804313055965597, 0.28642691731453795, -0.045941403158515956, -0.22509120318486078, -0.3664355069608426, 1.336239309570156, -0.053337049389293956, 0.2607881313524454, -0.09776695383015863, 0.6897655928431664, -0.05767334812866651, -0.2504836351515147]
other derivatives: [-2.18421974  0.17344064 -0.70917849  0.2365141  -0.00688942 -0.23674147]
Current x array =  [-0.67747875 -0.50601606 -0.84186673  2.30740021 -1.96982278  3.2943884
 -3.61788228 -4.22024824 -9.01637174 -5.96495911 -2.86319751 -4.43486992
 -7.95472385 -3.89159367 -5.67238915 -2.85434017 -9.09900947 -4.09190531]
log likelihood =  -1252.44292691
Edge derivatives =  [0.30383922948745895, 0.25105513251156153, -0.03220901602852327, -0.2899862116079973, 0.2843018743327821, 1.2092430827860747, -0.0346418966617367, 0.15281158334233003, -0.513980347594366, 0.8573787226973663, -0.038984984801991474, -0.42349245964406546]
other derivatives: [ 12.2884785   -4.30079581   0.39574388   0.18712853   0.93355084
   0.027444  ]
Current x array =  [-0.70399193 -0.49605301 -0.84689791  2.28197329 -2.00484361  3.25135475
 -3.58912806 -4.1864585  -9.34976904 -5.93883165 -2.85066129 -4.3878721
 -8.3419224  -3.84489032 -5.50563279 -2.82991696 -9.44540545 -4.04843978]
log likelihood =  -1252.31597792
Edge derivatives =  [0.21443880679359528, 0.27566402117189015, -0.040827057686766484, -0.2466892879117976, -0.1494834406281173, 1.2966641223626447, -0.04623473178677064, 0.2253728305527587, -0.22861148841314688, 0.7465313251586887, -0.0506528366561204, -0.3067861906564462]
other derivatives: [ 2.74751528 -1.29114142 -0.34208369  0.23489974  0.3112973  -0.14758825]
Current x array =  [-0.68626825 -0.50271317 -0.84353464  2.29897082 -1.98143269  3.28012213
 -3.60834985 -4.20904646 -9.12689771 -5.95629748 -2.85904158 -4.41928947
 -8.0830857  -3.87611084 -5.61710703 -2.84624353 -9.21384468 -4.07749586]
log likelihood =  -1252.28107955
Edge derivatives =  [0.23443368260967307, 0.17301508571439472, -0.03860338234570293, -0.2785943456334473, 0.018012746063103657, 1.112816459716703, -0.0420325646401716, -0.007393361679498112, -0.37618752328534466, 0.7263623381575642, -0.04707150209811684, -0.5181143651120907]
other derivatives: [ 1.50837423 -0.08242296  0.17741968 -0.16211743  0.39274255 -0.34629011]
Current x array =  [-0.68393153 -0.5055733  -0.84588784  2.29275932 -1.99303458  3.26896524
 -3.59962514 -4.19385847 -9.19694892 -5.95104599 -2.8557941  -4.39392377
 -8.16658011 -3.85482354 -5.56234704 -2.83553552 -9.28827603 -4.05617507]
log likelihood =  -1252.24210471
Edge derivatives =  [0.25848124501320774, 0.09101688730183477, -0.03991438202232952, -0.2782592046392971, 0.21417872838305566, 0.7943127367852557, -0.04166034965999916, -0.1313760039204579, -0.46851659984343136, 0.5917461798662578, -0.047248619799185265, -0.55162323438198]
other derivatives: [ 0.49349183  0.58998921  0.40845407 -0.5893753   0.36957317 -0.25195277]
Current x array =  [-0.68206361 -0.50717276 -0.84694078  2.28144393 -2.00099484  3.24875246
 -3.58934792 -4.17436247 -9.18937308 -5.9552348  -2.85010357 -4.35192052
 -8.16188932 -3.83251067 -5.51895602 -2.81580331 -9.28475052 -4.03946013]
log likelihood =  -1252.18908773
Edge derivatives =  [0.2860730228248342, 0.0426891501080372, -0.04213128866937176, -0.24235470338863496, 0.4954914583507575, 0.3153625481840392, -0.04169001064293684, -0.11443481479174977, -0.511788537054457, 0.29223426050752016, -0.04769291521693707, -0.3011162939813904]
other derivatives: [-0.43073669  0.86456566  0.54603788 -0.67554993  0.26427642 -0.02305569]
Current x array =  [-0.68054968 -0.50787354 -0.84750012  2.25768558 -2.00389615  3.21984842
 -3.57066626 -4.14761173 -9.16348215 -5.96692964 -2.83921694 -4.28736873
 -8.13607701 -3.8074829  -5.47759915 -2.77866075 -9.26362567 -4.03020205]
log likelihood =  -1252.14255973
Edge derivatives =  [0.12223926622536846, 0.021345146951927907, -0.039609795689103104, -0.20665251832600262, 0.3319188865713931, -0.09121317461767642, -0.038609735078029436, -0.09675093778368549, -0.49198584451941313, -0.032438254292918745, -0.04325835347321427, 0.0540962859084726]
other derivatives: [-0.45847628  0.15450041 -0.5972197  -0.77025106 -0.04065441 -0.16207196]
Current x array =  [-0.68075901 -0.50627744 -0.84205641  2.23571939 -1.99984815  3.20620561
 -3.54183516 -4.13020311 -9.24476611 -5.9756057  -2.81793458 -4.23675009
 -8.22921515 -3.79185477 -5.45978741 -2.74587771 -9.34854834 -4.03549758]
log likelihood =  -1252.14526752
Edge derivatives =  [0.0726423358149175, 0.3080611978147837, -0.0321040890872297, -0.09741865347861917, 0.25585750221987963, -0.1945883167636694, -0.030625325984612546, 0.40872287753118175, -0.3520264770591917, -0.04146479591588195, -0.03376437594761604, 0.8561488529901032]
other derivatives: [ -1.11617737e-01   1.35416940e+00   2.77336767e+00   9.76751835e-01
  -1.13686838e-04   1.52795110e-01]
Current x array =  [-0.68210435 -0.50922338 -0.8583595   2.19621886 -1.99052453  3.18385064
 -3.50538676 -4.11849939 -9.41780577 -5.98532866 -2.78429155 -4.19614108
 -8.42415984 -3.78785379 -5.46070305 -2.71403274 -9.52505175 -4.0556051 ]
log likelihood =  -1252.12389634
Edge derivatives =  [0.09926154016750727, 0.1604576118570592, -0.03579241224739285, -0.1535732922134495, 0.296361753582139, -0.1402281610758005, -0.0345248801965721, 0.14757061684230321, -0.42431303502615103, -0.03583979112839536, -0.038409583840234345, 0.44405489900462347]
other derivatives: [-0.29201601  0.73428055  1.04350875  0.07978542 -0.01818989 -0.01043645]
Current x array =  [-0.68140706 -0.5076965  -0.84990962  2.21669196 -1.99535696  3.19543721
 -3.52427794 -4.12456542 -9.32811942 -5.98028926 -2.80172871 -4.2171887
 -8.32312013 -3.7899275  -5.46022847 -2.73053797 -9.43357014 -4.04518338]
log likelihood =  -1252.1066198
Edge derivatives =  [-0.03578259870448658, 0.20779743609644952, -0.03073175807376081, -0.1416251188260264, 0.0664253193452766, -0.1121156438681955, -0.029881563397134776, 0.1996835640692578, -0.39402999956619045, -0.03486650761850327, -0.032779958464599676, 0.5771516161274277]
other derivatives: [-0.0837872  -0.09902124 -0.12075816  0.26211637 -0.04913545 -0.15281785]
Current x array =  [-0.68187121 -0.50577496 -0.84430458  2.21059512 -1.99462452  3.19722432
 -3.50896819 -4.12511982 -9.47297329 -5.97759922 -2.78994654 -4.21571232
 -8.48632641 -3.79019248 -5.46335087 -2.72667883 -9.57947131 -4.05120348]
log likelihood =  -1252.09483486
Edge derivatives =  [-0.16853556751298965, 0.22200368508400892, -0.026931273949817244, -0.13683100123990133, -0.1831808483985517, -0.03376467877380196, -0.026579313350151276, 0.19474637944033524, -0.36563411758500325, -0.02366347463740795, -0.028802368770130295, 0.5698671986902945]
other derivatives: [ 0.25579538 -0.34726781 -0.43010004  0.13119461 -0.13467343 -0.23276243]
Current x array =  [-0.68251607 -0.50518714 -0.84295696  2.21012534 -1.99400021  3.19942384
 -3.49917919 -4.12637463 -9.59752939 -5.97513775 -2.78095966 -4.22193931
 -8.6265257  -3.79104239 -5.47228671 -2.72785885 -9.70452922 -4.05128686]
log likelihood =  -1252.07069269
Edge derivatives =  [-0.29620455181669486, 0.25043115636857316, -0.02024887082132306, -0.1156262213865409, -0.3716510668500748, 0.12284864877834267, -0.019906631993469627, 0.17015235004494245, -0.3095575153151367, 0.108170777650682, -0.021786703353209744, 0.4491912276823199]
other derivatives: [ 0.05125003 -0.91019956 -0.63682819  0.28717295 -0.03781224 -0.3363084 ]
Current x array =  [-0.68218095 -0.50385    -0.84206793  2.20274246 -1.99988447  3.19462878
 -3.48091507 -4.12012288 -9.8610627  -5.97254913 -2.76613047 -4.22590677
 -8.92445223 -3.78364387 -5.48280821 -2.7271501  -9.97041314 -4.03597731]
log likelihood =  -1252.14181477
Edge derivatives =  [-0.7158437604308215, 0.08254506024381214, -0.01280707750157368, -0.021940400328856524, -1.0881308799411962, 0.2161872273806248, -0.012785202027027827, 0.06213197115293867, 0.022751202262966647, -0.12277572979616047, -0.014027342064180912, 0.04692763090168639]
other derivatives: [ 5.26069925  6.53872121 -2.54854058 -1.04610081 -0.65838321 -0.1176204 ]
Current x array =  [ -0.6922131   -0.52251264  -0.83351572   2.19052817  -1.99635242
   3.17408378  -3.44653023  -4.09266033 -10.31386904  -5.99397256
  -2.73110736  -4.21740975  -9.43309702  -3.76604563  -5.58218092
  -2.70870475 -10.42574404  -3.99314738]
log likelihood =  -1252.05916911
Edge derivatives =  [-0.4085014225885573, 0.20625925088912478, -0.017896343843743848, -0.09008263399391886, -0.5633652704178977, 0.14856732739069511, -0.01768058986647115, 0.14097903813501245, -0.21565648391292255, 0.04664353126007542, -0.019355413206491694, 0.342351432967141]
other derivatives: [ 1.47451829  1.15612693 -1.147896   -0.06393748 -0.20197604 -0.27594069]
Current x array =  [ -0.68488792  -0.50888573  -0.83976029   2.19944669  -1.99893142
   3.18908514  -3.47163704  -4.11271268  -9.98324306  -5.9783298
  -2.75668022  -4.22361403  -9.06169943  -3.77889535  -5.50962187
  -2.72217301 -10.0932747   -4.02442054]
log likelihood =  -1252.03238804
Edge derivatives =  [-0.4630498930280028, 0.17938878471181163, -0.013374541002126159, -0.05438476232932157, -0.5566761294191646, 0.2378154832653201, -0.012860376368279507, 0.06180373495690006, -0.14154943339676204, 0.14588483557667553, -0.014550583407934189, 0.07659705741273082]
other derivatives: [ 0.63810148  0.26022917 -0.60922503 -0.01393801 -0.06994014 -0.2395609 ]
Current x array =  [ -0.6833555   -0.50665104  -0.84247896   2.18742537  -2.0086643
   3.17230155  -3.45393187  -4.09442526 -10.25580738  -5.98183023
  -2.74261841  -4.21462519  -9.37075983  -3.7609544   -5.52148041
  -2.71414214 -10.36948185  -3.99161665]
log likelihood =  -1252.01700698
Edge derivatives =  [-0.3995664849341047, 0.108467243920224, -0.011378671880805633, -0.019166388555717062, -0.3455751740912273, 0.2080216222928003, -0.010516733081189611, 0.0015130795493738525, -0.066437838997049, 0.13372826923842948, -0.012392271413146269, -0.12668996210394345]
other derivatives: [ 0.24053861 -0.19272193 -0.10347776  0.01427907  0.03026344 -0.07355538]
Current x array =  [ -0.68263027  -0.50552005  -0.84496779   2.17622703  -2.01555285
   3.15329764  -3.44696768  -4.07381635 -10.41300931  -5.99003844
  -2.7373459   -4.19678333  -9.54931136  -3.74353842  -5.53462827
  -2.70133955 -10.52953386  -3.9628907 ]
log likelihood =  -1252.01700678
Edge derivatives =  [-0.2927934064373163, 0.03674670500334842, -0.010885853323393192, 0.00714860748793264, -0.21663063419861023, 0.20428949325577472, -0.009822115736843573, 0.005475903576192209, 0.02952854045355824, 0.04488561347053585, -0.011915824324461987, -0.15619739487866602]
other derivatives: [-2.74592367  0.765408   -0.20277184  0.13289991 -0.05577476  0.02828529]
Current x array =  [ -0.67733291  -0.50771983  -0.84444687   2.17494865  -2.01225704
   3.1498214   -3.4555839   -4.06638242 -10.46088379  -5.99749766
  -2.7417542   -4.19439701  -9.60188436  -3.74264923  -5.56791457
  -2.69578022 -10.57697751  -3.95819122]
log likelihood =  -1252.01389415
Edge derivatives =  [-0.3462184710418453, 0.0727972932695311, -0.011130091731769966, -0.006022102432489546, -0.28123758538570764, 0.20617866194368617, -0.010164833337488115, 0.0034077237460650167, -0.01801368938670539, 0.08941221267732027, -0.012152548142316399, -0.14134978884554128]
other derivatives: [-1.24523467  0.28692284 -0.15315891  0.0738055  -0.01248281 -0.02257821]
Current x array =  [ -0.67998359  -0.50661911  -0.84470753   2.17558833  -2.01390619
   3.15156083  -3.45127254  -4.07010219 -10.43692848  -5.99376524
  -2.73954839  -4.19559107  -9.57557802  -3.74309416  -5.55125885
  -2.69856198 -10.55323778  -3.96054273]
log likelihood =  -1252.00956628
Edge derivatives =  [-0.2484659293907176, 0.020959691943490122, -0.011196114969614871, 0.0046864843751450724, -0.09941111108831453, 0.15759418111093426, -0.010020192976782891, -0.008155187147071086, 0.01462824076824068, 0.03311777232208796, -0.012235125026747593, -0.18061397109345811]
other derivatives: [-0.58528258  0.05168204  0.04540652  0.09422365  0.02185061  0.08726602]
Current x array =  [ -0.68115284  -0.50606205  -0.84565348   2.17380597  -2.01425101
   3.14597546  -3.45709115  -4.06318479 -10.43615249  -5.99857173
  -2.7438226   -4.1884559   -9.57458659  -3.73920808  -5.5609029
  -2.69352105 -10.55268752  -3.9542395 ]
log likelihood =  -1252.00672604
Edge derivatives =  [-0.1800082598833616, -0.016497654123541428, -0.011355514603967106, 0.004175524452501744, -0.024517174017744225, 0.1248112442826822, -0.010054877260889822, -0.016966963969367255, 0.03199754797758389, -0.019136884321422187, -0.01243021644130561, -0.15092127422384793]
other derivatives: [-0.24674591 -0.0582304   0.01962235  0.10913936  0.01552962  0.08853931]
Current x array =  [ -0.68174612  -0.50580706  -0.84551034   2.17593248  -2.01245801
   3.14801192  -3.4648125   -4.06287456 -10.42847691  -5.99991362
  -2.74876941  -4.18811348  -9.56526631  -3.74109702  -5.5699049
  -2.69290894 -10.54448291  -3.95797922]
log likelihood =  -1252.00166938
Edge derivatives =  [-0.07019501229468622, -0.08336326073253708, -0.010972292067986947, -0.004354040320580843, 0.04234625801367761, 0.08076534594285512, -0.009506052117476477, -0.04835059522750318, 0.05862801031921672, -0.09278506374441847, -0.012065138546765847, -0.0697689764931605]
other derivatives: [ 0.18103492 -0.18812898 -0.07210019  0.1440867   0.01830358 -0.0005457 ]
Current x array =  [ -0.68247337  -0.50551112  -0.84503385   2.18214776  -2.00950067
   3.15629653  -3.47961324  -4.06540227 -10.47447111  -5.9990125
  -2.75738249  -4.1916429   -9.61568297  -3.7470353   -5.58761986
  -2.69491993 -10.58956605  -3.9695781 ]
log likelihood =  -1251.99591032
Edge derivatives =  [0.010107901503684402, -0.1236320696410752, -0.009436151053407208, -0.016695296801315956, 0.05393383676957425, 0.04141117851100928, -0.007928632928944369, -0.06445044104118058, 0.07661553424951745, -0.12201935439908396, -0.01040310550775897, 0.044705645676745176]
other derivatives: [ 0.41020485 -0.13044428  0.06873506  0.20461357  0.06580194 -0.08733423]
Current x array =  [ -0.68283661  -0.50565571  -0.84568534   2.18816642  -2.00860563
   3.16445518  -3.49107775  -4.06922356 -10.63422172  -5.99424544
  -2.76303316  -4.19498855  -9.7946586   -3.75314681  -5.60189024
  -2.69845392 -10.74939421  -3.9828922 ]
log likelihood =  -1251.9924811
Edge derivatives =  [0.05416149130046166, -0.19511814226793156, -0.006167440939035612, -0.056945805416398765, -0.042570069188394094, -0.08232773409862126, -0.004874030781646078, -0.09876014926179955, 0.07453621990136855, -0.1968815965149219, -0.006797156840444333, 0.130732378149094]
other derivatives: [  3.63479558e-01  -9.65633262e-01  -1.34778020e+00  -3.57067620e-01
   1.15051080e-02  -3.86535248e-04]
Current x array =  [ -0.68250031  -0.50364447  -0.83903959   2.20311918  -2.00893535
   3.17268304  -3.50802338  -4.07681468 -11.08425377  -5.98126005
  -2.77153659  -4.19765892 -10.30096139  -3.76199141  -5.61746253
  -2.70734958 -11.20145371  -3.99982972]
log likelihood =  -1251.98357839
Edge derivatives =  [0.0777999991141538, -0.14546567477831363, -0.005081205008330283, -0.06562327464175248, -0.023644943763534182, -0.0617994639402184, -0.00390762916337751, -0.07681409737357292, 0.0593757462637749, -0.08451270361346624, -0.0055947263268939324, 0.18552141506609832]
other derivatives: [ 0.30765932 -0.03178684 -0.19140316 -0.07871677  0.16070771 -0.05095444]
Current x array =  [ -0.68242913  -0.50586211  -0.84447073   2.20298745  -2.01182523
   3.17480107  -3.50758036  -4.08014015 -11.27218467  -5.9743744
  -2.77078253  -4.19925071 -10.5131858   -3.7635557   -5.61257586
  -2.71153594 -11.39082478  -4.00356795]
log likelihood =  -1251.98015984
Edge derivatives =  [0.03954339399960799, -0.09951227661315021, -0.004107626588712394, -0.06874269566832893, -0.06497414968511503, -0.03934254229991396, -0.0030948568658166714, -0.06110172170610717, 0.04968356961011189, 0.007380991377651247, -0.004513525760332657, 0.14754652879418417]
other derivatives: [ 0.07705694  0.19720119  0.12353212 -0.04170033  0.21971118 -0.0189857 ]
Current x array =  [ -0.68201447  -0.50639264  -0.84599739   2.2011727   -2.01479511
   3.17184796  -3.50163106  -4.08051629 -11.47904605  -5.96938028
  -2.76650171  -4.19835339 -10.74720483  -3.76160113  -5.60724732
  -2.71376606 -11.59972237  -3.99874512]
log likelihood =  -1251.9769635
Edge derivatives =  [0.00044363203038966237, -0.04749232334293685, -0.0029348226850691196, -0.0738682064893185, -0.10725469243135749, -0.020343348085621993, -0.002129962954459686, -0.038319027600329125, 0.04827821964794565, 0.09407526907416694, -0.0032174889536409125, 0.08151006827334772]
other derivatives: [-0.08487859  0.23710527  0.14392754 -0.02996785  0.22814675  0.02271463]
Current x array =  [ -0.68173643  -0.50646965  -0.84612051   2.19968741  -2.01571305
   3.16925108  -3.49669622  -4.08197376 -11.81110523  -5.96292522
  -2.7632341   -4.19791929 -11.12227812  -3.76066849  -5.60630387
  -2.71668778 -11.93461127  -3.99284413]
log likelihood =  -1251.97542574
Edge derivatives =  [-0.0321248712684194, 0.03061675580467793, -0.0018644045062197253, -0.09468788951121353, -0.08156463303893448, -0.026878233706955634, -0.001275219965247383, -0.007135282303042834, 0.023255984141985486, 0.06364050658285808, -0.0020349422576005703, 0.020548900136063142]
other derivatives: [-0.76586275 -1.02543254  0.63866992 -0.02542038 -0.01105036 -0.02648903]
Current x array =  [ -0.68057387  -0.50334886  -0.84855264   2.20234215  -2.00484502
   3.17536537  -3.49946618  -4.09267948 -12.26841136  -5.95455836
  -2.77004385  -4.20317221 -11.63785598  -3.76814439  -5.60506256
  -2.7205204  -12.39491209  -3.99519049]
log likelihood =  -1251.97216903
Edge derivatives =  [-0.049045828411877324, 0.04677270670559619, -0.0014252493942562715, -0.10192309785424594, -0.09565499753541558, -0.034371501101558954, -0.0009428573828482921, 0.008553332971721117, 0.028191625310731466, 0.07575581358232136, -0.0015531604657054417, -0.03639021121978481]
other derivatives: [-0.16791546  0.14322268  0.11261818 -0.13853878 -0.07223662  0.0351065 ]
Current x array =  [ -0.68169939  -0.50618355  -0.84597429   2.20296233  -2.00320253
   3.17447326  -3.49942377  -4.09442611 -12.53937614  -5.9505586
  -2.77076816  -4.20320985 -11.94352545  -3.76899635  -5.60858598
  -2.72218763 -12.6678964   -3.99219453]
log likelihood =  -1251.97180466
Edge derivatives =  [-0.0250311527262298, 0.04242922947227823, -0.0013791615490066945, -0.10015712480273824, -0.05104372738993304, -0.039475427761686444, -0.0009039053186104368, 0.012349587844363796, 0.03484774981752925, 0.0673352038864215, -0.0015029366569299398, -0.03985521416885118]
other derivatives: [-0.12082637  0.11812062  0.05622951 -0.08938059 -0.0637101   0.04297362]
Current x array =  [ -0.68179014  -0.50613044  -0.84567947   2.20263455  -2.00276837
   3.17420056  -3.50104583  -4.09386645 -12.57301524  -5.95115444
  -2.77226904  -4.20254566 -11.98137555  -3.76896781  -5.61089739
  -2.72148202 -12.70175616  -3.99166104]
log likelihood =  -1251.9717948
Edge derivatives =  [-0.010013499052338504, 0.05232671018421731, -0.001199895039680785, -0.09640374922788733, 0.011808306942317465, -0.020529332779820497, -0.0007704409800932976, 0.019298544163368625, 0.036415630116129, 0.06511923658227967, -0.0013064224654224486, -0.05451534846791195]
other derivatives: [ 0.85221927 -0.28628619  0.00452474  0.0539103  -0.01537046  0.00320597]
Current x array =  [ -0.68357038  -0.50521405  -0.84539093   2.20050683  -2.00268539
   3.17411564  -3.50010541  -4.09325463 -12.70955536  -5.95209471
  -2.77306908  -4.20257592 -12.13555809  -3.7682099   -5.60962431
  -2.71964175 -12.83949626  -3.98952201]
log likelihood =  -1251.97148096
Edge derivatives =  [-0.01746550239799982, 0.0474164303595076, -0.0012857781754286408, -0.09826492407908319, -0.01937935660879994, -0.02992656040523134, -0.0008340429302201265, 0.015853464064196965, 0.03563660080907752, 0.06622009356871447, -0.001400546843679088, -0.04723296255028231]
other derivatives: [ 0.36991423 -0.08524239  0.03033165 -0.01705303 -0.0392447   0.02314664]
Current x array =  [ -0.68268653  -0.50566901  -0.84553418   2.20156319  -2.00272659
   3.1741578   -3.50057231  -4.09355838 -12.64176622  -5.95162789
  -2.77267188  -4.2025609  -12.05900987  -3.76858618  -5.61025637
  -2.7205554  -12.77111135  -3.99058399]
log likelihood =  -1251.97114478
Edge derivatives =  [0.011297948999326513, 0.042911282264510464, -0.001193043181281372, -0.09588983700614118, 0.036346421999601336, -0.03129350330828207, -0.0007618854934487732, 0.018284857272606203, 0.04282041285344834, 0.056403365630889574, -0.001299242809421336, -0.051421949172653525]
other derivatives: [ 0.21072992 -0.09742962 -0.03828973  0.06518803 -0.02255547  0.01687113]
Current x array =  [ -0.68240754  -0.50564515  -0.8451651    2.20095286  -2.0024235
   3.17406587  -3.50220635  -4.09283352 -12.71689023  -5.95234224
  -2.774388    -4.20201452 -12.14367643  -3.76843002  -5.61251872
  -2.71946604 -12.84678932  -3.98988473]
log likelihood =  -1251.97068544
Edge derivatives =  [0.01980063147637423, 0.03519255582424752, -0.0010733317210157758, -0.09409537920747765, 0.0630148330364518, -0.025541025377849524, -0.0006753216595234579, 0.012135981834208165, 0.044213865535315394, 0.03524429741617788, -0.0011681960664868699, -0.05581801252284624]
other derivatives: [ 0.10600161 -0.08778898 -0.07844392  0.09458745 -0.01421085 -0.00429736]
Current x array =  [ -0.6822209   -0.50567544  -0.84495118   2.20054313  -2.00255161
   3.17426516  -3.5024391   -4.09209041 -12.82222877  -5.95333759
  -2.77512834  -4.20217715 -12.26253497  -3.7680195   -5.61258844
  -2.71798096 -12.95297694  -3.98940152]
log likelihood =  -1251.9693477
Edge derivatives =  [0.015801005463668694, 0.005913878431351716, -0.0007371996229542213, -0.08752677381901784, 0.09723239784323875, 0.005791969845249989, -0.00044378994467073274, -0.0129458945393357, 0.03983745840400005, -0.04261165994505467, -0.0008002861535707178, -0.058732697216795304]
other derivatives: [-0.10736585 -0.04270078 -0.12792043  0.10197709  0.01268745 -0.06602932]
Current x array =  [ -0.68182616  -0.5058063   -0.84467975   2.19950802  -2.00419055
   3.17455826  -3.50083441  -4.08930401 -13.19497517  -5.95753276
  -2.77541027  -4.20356555 -12.68331459  -3.76616238  -5.60893614
  -2.71279569 -13.32884465  -3.98845442]
log likelihood =  -1251.96829828
Edge derivatives =  [-0.0020321725159648807, -0.010728461430590475, -0.0005100470501222701, -0.07998669310382667, 0.08937665203212175, 0.03705025177669219, -0.0002951566137839438, -0.014130918102975176, 0.030794835446287444, -0.09239973562518317, -0.0005517230681830199, -0.03964729979696213]
other derivatives: [-0.14924808 -0.01264198 -0.093587    0.06170922  0.02571596 -0.05363745]
Current x array =  [ -0.68173735  -0.50588823  -0.84484717   2.1988874   -2.00562604
   3.17359328  -3.49867475  -4.08724667 -13.55967846  -5.96206294
  -2.77421483  -4.2049106  -13.09508408  -3.7649694   -5.6033828
  -2.70946936 -13.69662285  -3.98870833]
log likelihood =  -1251.96644128
Edge derivatives =  [0.004106162771995381, -0.02555962605725204, -0.0002416929892744871, -0.06330877874813062, 0.04471622937121866, 0.052220035497136386, -0.00012749055116612371, -0.012188535967058822, 0.011256001231634505, -0.07071626433777245, -0.00025906572336302757, 0.016911435678321984]
other derivatives: [-0.2109573   0.04392859 -0.03969944  0.136788    0.02228262 -0.07296421]
Current x array =  [ -0.68166574  -0.50602817  -0.84507989   2.19745411  -2.00519173
   3.17351284  -3.49813559  -4.08548074 -14.30239562  -5.97415646
  -2.77151041  -4.20489897 -13.93344146  -3.76413441  -5.59244128
  -2.70937795 -14.44540878  -3.99145513]
log likelihood =  -1251.97132771
Edge derivatives =  [-0.02071245715248965, -0.20402249469050515, -3.989473657445068e-05, -0.029510298416710767, -0.11207430443134125, -0.09475311005900444, -1.678773966220877e-05, -0.09837698547608276, -0.011190787545318132, -0.2540050540613957, -4.1824588257758035e-05, 0.004810507851204404]
other derivatives: [ 0.19670097 -0.72188868 -0.43021373 -0.95676569 -0.2397428   0.27794158]
Current x array =  [ -0.68219977  -0.50410454  -0.8435315    2.20555026  -2.0058594
   3.16490695  -3.50594231  -4.07524968 -16.12335835  -6.01168794
  -2.77016761  -4.19487264 -15.98827626  -3.75920366  -5.58388977
  -2.7069662  -16.28108369  -3.9911852 ]
log likelihood =  -1251.96571912
Edge derivatives =  [-0.002226222513988352, -0.07202322997151189, -0.00015073381024387856, -0.05414347897282523, 0.003797096299221564, 0.014068313357083695, -7.493848031534101e-05, -0.03449166391683023, 0.005417607023602167, -0.11858523585756081, -0.00016062404832142677, 0.01387621598634281]
other derivatives: [-0.10404619 -0.15611477 -0.14169927 -0.14797479 -0.04570211  0.01955414]
Current x array =  [ -0.68180572  -0.50552396  -0.84467404   2.1995762   -2.00536674
   3.17125713  -3.50018182  -4.08279906 -14.77969133  -5.9839939
  -2.77115845  -4.20227095 -14.47203779  -3.762842    -5.59019983
  -2.7087458  -14.92656073  -3.99138438]
log likelihood =  -1251.96475083
Edge derivatives =  [0.020232168468393874, -0.06577750915234204, -7.462495160592287e-05, -0.03945804293582056, -0.01414714180490001, 0.0015679678549239684, -3.376908106274356e-05, -0.021340859840421667, -0.009581842889790387, -0.05731883176247618, -7.879059420451439e-05, 0.044648268010473835]
other derivatives: [ 0.07767085  0.07751169  0.10265921 -0.05379661 -0.05775291  0.02830802]
Current x array =  [ -0.68218895  -0.50607887  -0.84581599   2.19880823  -2.00376127
   3.17116607  -3.50163759  -4.08293787 -15.48151523  -5.99582332
  -2.77008995  -4.20070732 -15.26407978  -3.76310338  -5.5824099
  -2.71134826 -15.63400075  -3.99300914]
log likelihood =  -1251.9644206
Edge derivatives =  [0.016208055791878007, -0.04423133409533664, -4.4100729351709725e-05, -0.030761384034795308, -0.053613799285838676, -4.288398970275775e-05, -1.8661980015642087e-05, -0.007411495373199406, -0.023270356123449715, 0.005773007592119045, -4.623094148895473e-05, 0.04983745461975442]
other derivatives: [ 0.0336513  -0.0437467  -0.04763479  0.01189164 -0.05888978  0.01932676]
Current x array =  [ -0.68213389  -0.50578934  -0.84507393   2.19818231  -2.00318594
   3.17139387  -3.50087367  -4.08420699 -16.00607049  -6.00315672
  -2.76837485  -4.20015827 -15.85615254  -3.76344085  -5.57569639
  -2.71414409 -16.16278533  -3.99324291]
log likelihood =  -1251.96416721
Edge derivatives =  [0.02468479202367413, -0.037876086672398834, -3.1800977147566895e-05, -0.024577145844421444, -0.03114863279033442, -0.01219305773422874, -1.2863082842826065e-05, -0.005611870013344289, -0.02388240516697976, 0.015243296410897972, -3.32065794757703e-05, 0.030112604574423996]
other derivatives: [ 0.08330971  0.06580194 -0.01405169  0.01202807 -0.04151843  0.03306013]
Current x array =  [ -0.68221837  -0.50605565  -0.84521889   2.19848055  -2.00374455
   3.171039    -3.50156118  -4.08448237 -16.33422615  -6.0084858
  -2.76917984  -4.19895803 -16.22644008  -3.76332498  -5.57489859
  -2.71460871 -16.49355759  -3.99183425]
log likelihood =  -1251.96404287
Edge derivatives =  [0.03309331549659944, -0.017422624254735064, -1.876021241315006e-05, -0.014169218388437863, 0.018864858117274036, -0.026457530444449096, -7.056902656629004e-06, -0.005858933524080179, -0.02364807391710083, 0.024990376834383238, -1.9468061932828143e-05, -0.013439585419036226]
other derivatives: [-0.09956693 -0.1895387   0.16800641  0.04060894  0.00875389  0.03008154]
Current x array =  [ -0.68185585  -0.50543415  -0.84608144   2.19897382  -2.00538296
   3.17097422  -3.5019171   -4.08550507 -16.86337185  -6.01706406
  -2.77079879  -4.19738227 -16.82353637  -3.76314903  -5.57407715
  -2.71491964 -17.02693487  -3.98884736]
log likelihood =  -1251.96388983
Edge derivatives =  [0.025980556442019742, -0.015504730626501817, -1.8212468542336e-05, -0.014380210186472273, 0.018833101502354038, -0.023523830647549926, -6.833266193455254e-06, -0.007640584206196177, -0.02287475828466415, 0.016883264676070986, -1.8895609126048423e-05, -0.02430956763892178]
other derivatives: [ 0.02662546  0.02632987 -0.00059117  0.02446541  0.01523404  0.02216893]
Current x array =  [ -0.68208466  -0.50597182  -0.84525374   2.19903733  -2.00583401
   3.17116965  -3.50133458  -4.08573717 -16.89319923  -6.01714809
  -2.77089859  -4.1976408  -16.8572118   -3.76307975  -5.57427777
  -2.71451093 -17.0570134   -3.98825682]
log likelihood =  -1251.96386793
Edge derivatives =  [0.020905675130559243, -0.01519329458397578, -1.9058420872907742e-05, -0.015269462803651795, 0.012175181025969234, -0.020139421447441186, -7.201211157560242e-06, -0.008767123513722108, -0.0229033411900057, 0.01265918008324149, -1.9783951560046982e-05, -0.022450391099254396]
other derivatives: [-0.00350155  0.01928129 -0.00959517  0.01966782  0.01166427  0.01605258]
Current x array =  [ -0.68203028  -0.50595489  -0.84521428   2.19903294  -2.0058107
   3.17135625  -3.50096851  -4.08583927 -16.84753991  -6.01637782
  -2.77070661  -4.19799476 -16.8056991   -3.7631288   -5.57436784
  -2.71434112 -17.01099472  -3.98847085]
log likelihood =  -1251.96382057
Edge derivatives =  [0.003484347581217795, -0.009258264545875527, -1.961022014104226e-05, -0.01579098578442445, -0.0018037004113504729, -0.011420844494918425, -7.463217013718839e-06, -0.013309778295014452, -0.022492839963765193, -0.0022374220496010344, -2.036473831192065e-05, -0.02459489025439865]
other derivatives: [ 0.06903065 -0.05411493 -0.00750333  0.00677574  0.01009539 -0.00982254]
Current x array =  [ -0.68215746  -0.50578474  -0.84523159   2.19915933  -2.00594989
   3.17220198  -3.4997487   -4.08657879 -16.8185323   -6.01592027
  -2.77042459  -4.1989937  -16.77299485  -3.76336426  -5.57468757
  -2.71380212 -16.98176994  -3.9887385 ]
log likelihood =  -1251.96377986
Edge derivatives =  [-0.011113307869908329, -0.004435149366099234, -1.8199184038015906e-05, -0.013778116589970774, -0.017745562570897072, -0.01273874549950249, -6.874638623741609e-06, -0.018485723467902115, -0.021502809006105017, -0.014630272103066055, -1.887829667742428e-05, -0.02847558203677436]
other derivatives: [-0.13428689  0.01703029 -0.00127329 -0.02703473 -0.00629825 -0.02180514]
Current x array =  [ -0.68178938  -0.50594904  -0.84526695   2.19968557  -2.00583201
   3.17291516  -3.4992269   -4.08742975 -16.89385521  -6.01781267
  -2.77041905  -4.19938351 -16.85798594  -3.76372232  -5.57525188
  -2.71372337 -17.05768956  -3.98905921]
log likelihood =  -1251.96373914
Edge derivatives =  [-0.009838463567691913, -0.002795843903139028, -1.6966052384931303e-05, -0.012004711542415794, -0.015508100826820859, -0.015456212704233474, -6.3481784086255365e-06, -0.017291256340679073, -0.021018664087114503, -0.013311122558393368, -1.7583189386420907e-05, -0.028370513417463883]
other derivatives: [-0.06691607  0.01566605  0.01432454 -0.02623892 -0.0062073  -0.018008  ]
Current x array =  [ -0.68191163  -0.50594737  -0.84534053   2.19979687  -2.00573844
   3.17296007  -3.49945751  -4.08761006 -16.96432742  -6.01925558
  -2.77059962  -4.19921665 -16.937496    -3.76384621  -5.57532137
  -2.71389787 -17.12871668  -3.98912304]
log likelihood =  -1251.96364804
Edge derivatives =  [-0.009838399254803343, 0.004792857490360403, -1.3428772584705632e-05, -0.005106516927710275, -0.011977077831222233, -0.024026382317025363, -4.870991256322111e-06, -0.013025660357826263, -0.017192593140232526, -0.014529755133786765, -1.3873361490105342e-05, -0.024556221344372853]
other derivatives: [ 0.06186838  0.03144578  0.05379661 -0.02833076 -0.01214175 -0.0060254 ]
Current x array =  [ -0.68214654  -0.50598696  -0.8455265    2.20038937  -2.00525535
   3.17343914  -3.50018306  -4.08860181 -17.1994181   -6.02467069
  -2.77134692  -4.19894329 -17.20271557  -3.76455887  -5.57644492
  -2.71445502 -17.36564687  -3.98980364]
log likelihood =  -1251.96358596
Edge derivatives =  [-0.009299845605082235, 0.01008832748153643, -1.2259305764873841e-05, -0.0006109134471337097, -0.006696067653626708, -0.02558232042017139, -4.392807881756379e-06, -0.007508591527826125, -0.011876537748410021, -0.018143568253657455, -1.2648279880250503e-05, -0.014956357205328064]
other derivatives: [ 0.08481038  0.025193    0.05049969 -0.01425633 -0.0131422   0.00277396]
Current x array =  [ -0.68218956  -0.50597392  -0.84550481   2.20077217  -2.00488624
   3.17390657  -3.50069876  -4.08932377 -17.2911305   -6.02765274
  -2.77200439  -4.19914868 -17.30614505  -3.76523717  -5.57821538
  -2.71469702 -17.45805814  -3.99073996]
log likelihood =  -1251.96349214
Edge derivatives =  [-0.005090879198287268, 0.0069266033625119405, -1.2086587416769124e-05, 0.004307054325505294, 0.006204930276412335, -0.019687218316086774, -4.320147882757348e-06, -0.001634973722080657, -0.000820289205779895, -0.0227013075393718, -1.247125429424305e-05, 0.0018761031608663936]
other derivatives: [ 0.05136371 -0.05175025 -0.01541594  0.00952696 -0.00268301  0.01432454]
Current x array =  [ -0.68211862  -0.5057912   -0.84518176   2.20165937  -2.00471516
   3.17480779  -3.50185042  -4.08984664 -17.30598443  -6.03048714
  -2.77333469  -4.2003446  -17.32278556  -3.76635625  -5.58248077
  -2.71526628 -17.47297171  -3.99246413]
log likelihood =  -1251.96346037
Edge derivatives =  [-0.00613787543722516, 0.0025213609924670255, -1.3002030635123504e-05, 0.0056750754388513736, 0.005333589843462688, -0.011332366105057168, -4.694599326598775e-06, -0.001074254427561927, 0.005841156062286135, -0.02500830850567387, -1.3432288029546492e-05, 0.014594847389147403]
other derivatives: [ 0.00898126  0.01678018  0.01407443  0.02273737 -0.00025011  0.01093667]
Current x array =  [ -0.68204099  -0.50595442  -0.84532114   2.20224288  -2.00453678
   3.17567031  -3.50232897  -4.09015423 -17.23291485  -6.03090457
  -2.77389146  -4.20162873 -17.24026184  -3.76712569  -5.58538789
  -2.71570142 -17.39928429  -3.99384531]
log likelihood =  -1251.96344097
Edge derivatives =  [-0.006367892995266022, -0.0034755853914490986, -1.3397969568696785e-05, 0.0050032815547387255, 0.001244540460181881, -0.009274195963116405, -4.857426824627314e-06, -0.004309911270760081, 0.006527243729615495, -0.02223342210501575, -1.3850956679851632e-05, 0.012103869125519973]
other derivatives: [ -2.21461960e-02   2.27373675e-05  -4.61568561e-03   1.10276233e-02
  -3.18323146e-04   7.73070497e-03]
Current x array =  [ -0.68197859  -0.50591117  -0.84523625   2.20258772  -2.00461237
   3.17591573  -3.50259607  -4.09001905 -17.20309834  -6.0306618
  -2.77399975  -4.20208033 -17.20659939  -3.76725933  -5.58605253
  -2.71611827 -17.36922271  -3.99395232]
log likelihood =  -1251.96341869
Edge derivatives =  [-0.00603573667267715, -0.012264666936120383, -1.3854595497856084e-05, 0.0037263365813714755, -0.006448388331331795, -0.005888905862914462, -5.046068560145373e-06, -0.009525536874685603, 0.00634413702758399, -0.013002015557869562, -1.4337190562173842e-05, 0.0051875179908696945]
other derivatives: [-0.03501555 -0.00743512 -0.01157332 -0.00447926  0.00031832 -0.00068212]
Current x array =  [ -0.68194801  -0.50588927  -0.84521054   2.20310326  -2.00472729
   3.17633436  -3.50302724  -4.08984752 -17.16974554  -6.03029861
  -2.77408631  -4.20279588 -17.16894486  -3.76746915  -5.58667647
  -2.71698728 -17.33559581  -3.99394237]
log likelihood =  -1251.96340127
Edge derivatives =  [-0.003693263750191189, -0.010982972630371068, -1.3777631806571203e-05, 0.0035886275933605938, -0.0057222194720560615, -0.00044675635556945537, -5.013695458179088e-06, -0.006759403512334172, 0.00587495601495111, -0.0004480387640943273, -1.4261186167465202e-05, -0.001112544250566394]
other derivatives: [-0.02139586 -0.00604814 -0.00866294  0.01025455  0.00857199 -0.00507043]
Current x array =  [ -0.68197071  -0.50589253  -0.84522096   2.20337968  -2.00478197
   3.17672798  -3.50336082  -4.09019742 -17.17500745  -6.03043151
  -2.7743259   -4.20349416 -17.17487161  -3.76790227  -5.58687211
  -2.71782054 -17.34089452  -3.99384163]
log likelihood =  -1251.96338965
Edge derivatives =  [-0.007742595444714506, -0.008477243739660856, -1.3104864007071546e-05, 0.004087192572767795, -0.013164228771288172, 0.0003116767711166535, -4.741638694423559e-06, -0.0035448894474285897, 0.005138634360259686, 0.003413689887365595, -1.3558514565840608e-05, -0.010859728253426848]
other derivatives: [ 0.02526122  0.01678018 -0.00161435 -0.0234877  -0.00313776  0.00591172]
Current x array =  [ -0.68204849  -0.50594243  -0.84526336   2.20438598  -2.00440686
   3.17730866  -3.50407905  -4.09119007 -17.22585953  -6.03177939
  -2.77496268  -4.20439469 -17.23221687  -3.76883687  -5.58753188
  -2.71898281 -17.39213267  -3.99406739]
log likelihood =  -1251.96338313
Edge derivatives =  [-0.004070333549608007, -0.00403775945718976, -1.3054682249746815e-05, 0.004375769048903577, -0.005902289894013479, 0.0018765937871400018, -4.718045007526626e-06, 0.0005807986598387327, 0.005024686392382627, 0.006951816374700548, -1.3504830875022118e-05, -0.008701541570555138]
other derivatives: [ 0.0069349  -0.0148475   0.02157776  0.00086402  0.00254659  0.00716227]
Current x array =  [ -0.68201766  -0.50586587  -0.84536892   2.2042566   -2.00434014
   3.17733355  -3.50420857  -4.0914154  -17.22937389  -6.03175906
  -2.77513874  -4.20444613 -17.23618173  -3.76898123  -5.58738804
  -2.71904335 -17.39567441  -3.99414672]
log likelihood =  -1251.96337867
Edge derivatives =  [-0.0029605570202443365, -0.0012298608971377245, -1.321396743464124e-05, 0.0040615086411133206, -0.002356548828586602, 0.0022608922848372792, -4.782138135714846e-06, 0.002737607767395289, 0.004707870249481438, 0.005841806136387573, -1.3669849340388069e-05, -0.006864399317658365]
other derivatives: [ 0.01164153  0.00065938  0.01100489  0.01020908  0.0037744   0.00832188]
Current x array =  [ -0.68202874  -0.50590536  -0.84531292   2.20414054  -2.00428113
   3.17730771  -3.50419312  -4.09155393 -17.2171234   -6.03140933
  -2.7752117   -4.20442078 -17.22236239  -3.76901542  -5.58720268
  -2.71890132 -17.38332841  -3.99421489]
log likelihood =  -1251.96337259
Edge derivatives =  [-0.002824666023472533, 0.002310999076331588, -1.3420304965673705e-05, 0.003272078829846453, -0.00022822025106830623, 0.0018196884018455428, -4.866084504243818e-06, 0.004257509964754824, 0.003702243028554264, 0.0025601522830670798, -1.3883571010864125e-05, -0.005740873096876653]
other derivatives: [ 0.00011369  0.00884484  0.00227374  0.01082299 -0.00015916  0.00929958]
Current x array =  [ -0.68200964  -0.50592529  -0.84526791   2.20423825  -2.00407278
   3.17747036  -3.50434643  -4.09196471 -17.20177874  -6.03100527
  -2.77546038  -4.20455853 -17.20504607  -3.76923154  -5.58702958
  -2.71887796 -17.36786063  -3.99446659]
log likelihood =  -1251.96337034
Edge derivatives =  [-0.00231598112650655, 0.003501679548570058, -1.4197126458780853e-05, 0.0015834947777252362, 0.0025662314646558715, 0.0023328698021588545, -5.185121131780031e-06, 0.003095524134803851, 0.0032510143221667065, -0.004223142538065994, -1.4696493787892432e-05, -0.0007945103352249294]
other derivatives: [ 0.05243237 -0.01336957 -0.0060254   0.00986802 -0.00284217  0.00441105]
Current x array =  [ -0.68210234  -0.50587427  -0.84522523   2.20458921  -2.0038101
   3.17802946  -3.50476314  -4.09252679 -17.14588794  -6.0301271
  -2.7759842   -4.20508466 -17.1419606   -3.76964642  -5.58740579
  -2.7189241  -17.31151585  -3.9952566 ]
  status: 0
 success: True
    nfev: 90
     fun: 1251.9633703418785
       x: array([ -0.68210234,  -0.50587427,  -0.84522523,   2.20458921,
        -2.0038101 ,   3.17802946,  -3.50476314,  -4.09252679,
       -17.14588794,  -6.0301271 ,  -2.7759842 ,  -4.20508466,
       -17.1419606 ,  -3.76964642,  -5.58740579,  -2.7189241 ,
       -17.31151585,  -3.9952566 ])
 message: 'CONVERGENCE: REL_REDUCTION_OF_F_<=_FACTR*EPSMCH'
     jac: array([ -5.24323696e-02,   1.33695721e-02,   6.02540240e-03,
        -9.86801751e-03,   2.84217094e-03,  -4.41104930e-03,
         2.31598113e-03,  -3.50167955e-03,   1.41971265e-05,
        -1.58349478e-03,  -2.56623146e-03,  -2.33286980e-03,
         5.18512113e-06,  -3.09552413e-03,  -3.25101432e-03,
         4.22314254e-03,   1.46964938e-05,   7.94510335e-04])
     nit: 82
Lr rates:  [ 0.12113056  0.85801449  0.79292689  0.53210498  0.775371    0.81358928
  0.79214495]
Process rates:  [ 0.52502868  0.61491389  0.39120505  5.85872721  0.08624044  3.4499598 ]
log likelihood =  1303.24073333
Lr derivatives =  [3.3886274979061342, -7.6476205019999881, -26.376518544735067, 1.2210370487099498, -21.99870644418829, -8.0243558987820798, -0.56793506969623664]
other derivatives =  [ 21.69185791   7.0008582  -15.2837174   20.76874352  -3.43318334
 -31.1855274 ]
Current x_clock array =  [-0.64430238 -0.48627304 -0.93852343  1.76793238 -2.45061608  1.23836258
 -2.11088631 -0.15313429 -0.23202426 -0.63091448 -0.25441366 -0.20629961
 -0.23301088]
Lr rates:  [ 0.11218129  0.86099569  0.79710498  0.5175904   0.77985197  0.81739984
  0.79633673]
Process rates:  [ 0.32122127  0.52474483  0.39915787  3.66020187  0.0932143   6.99165878]
log likelihood =  1324.82179306
Lr derivatives =  [-46.168931265806961, -41.052841334117772, -44.180662501134087, -14.5389923709367, -29.738499963236031, -13.373376244361744, -3.0342926721073091]
other derivatives =  [-138.88090962  -39.07489372  -15.65563252  -26.97581749  -13.22825938
  -25.41212325]
Current x_clock array =  [-1.13562509 -0.64484317 -0.91839829  1.2975183  -2.37285414  1.94471784
 -2.18763906 -0.14966578 -0.22676889 -0.65857109 -0.24865117 -0.2016269
 -0.22773316]
Lr rates:  [ 0.11841193  0.8588951   0.79416026  0.52777043  0.77669355  0.81471439
  0.79338236]
Process rates:  [ 0.45402174  0.58674212  0.39354044  5.09779584  0.08824678  4.25147458]
log likelihood =  1297.20542173
Lr derivatives =  [-15.00455333606563, -20.685605762150942, -34.341638591592897, -4.9980309159508431, -25.456436096220283, -10.253055328717785, -1.457132108517553]
other derivatives =  [-48.95823622  -9.92827154 -15.26009328   5.01488557  -7.00531473
 -31.12947979]
Current x_clock array =  [-0.78961019 -0.53316987 -0.93257146  1.62880826 -2.42761813  1.44726588
 -2.1335858  -0.15210849 -0.23046999 -0.63909387 -0.25270941 -0.20491767
 -0.23145   ]
Lr rates:  [ 0.12039007  0.89894013  0.85719645  0.53046504  0.82236911  0.83403517
  0.7967409 ]
Process rates:  [ 0.45627871  0.5803193   0.40867469  4.58210479  0.09101519  5.24917235]
log likelihood =  1285.48053966
Lr derivatives =  [-5.2471095930802862, -7.291062819224349, -17.969804851525119, 5.8881490863231614, -16.361772976662706, -5.3977596750732895, 0.13559904284341373]
other derivatives =  [-45.6406724  -13.55695076  -8.63026344   6.70968348  -4.77568847
 -26.3504262 ]
Current x_clock array =  [-0.78465145 -0.54417681 -0.89483581  1.52215845 -2.39672891  1.65807042
 -2.11701819 -0.10653884 -0.15408816 -0.63400123 -0.19556594 -0.18147971
 -0.22722575]
Lr rates:  [ 0.11654002  0.95651265  1.          0.46488457  1.          0.88937094
  0.79573715]
Process rates:  [  0.51303127   0.60196581   0.46032238   2.71432972   0.10321744
  13.8692464 ]
log likelihood =  1282.06752198
Lr derivatives =  [5.3610514016380941, 19.168577925734986, nan, 29.736047134290651, nan, 5.450780252061671, 3.3146735492565869]
other derivatives =  [ 19.31423412   1.92017069  12.53245046 -38.2889084   -6.83294274
  25.28965979]
Current x_clock array =  [-0.66741848 -0.50755463 -0.77582822  0.99854504 -2.27091742  2.6296739
 -2.14952056 -0.04446126  0.         -0.76596613  0.         -0.11724088
 -0.22848636]
Lr rates:  [ 0.11654002  0.95651265  1.          0.46488457  1.          0.88937094
  0.79573715]
Process rates:  [  0.51303127   0.60196581   0.46032238   2.71432972   0.10321744
  13.8692464 ]
log likelihood =  1282.06752198
Lr derivatives =  [5.3610514016380941, 19.168577925734986, nan, 29.736047134290651, nan, 5.450780252061671, 3.3146735492565869]
other derivatives =  [ 19.31423412   1.92017069  12.53245046 -38.2889084   -6.83294274
  25.28965979]
Current x_clock array =  [-0.66741848 -0.50755463 -0.77582822  0.99854504 -2.27091742  2.6296739
 -2.14952056 -0.04446126  0.         -0.76596613  0.         -0.11724088
 -0.22848636]
Lr rates:  [ 0.11654002  0.95651265  1.          0.46488457  1.          0.88937094
  0.79573715]
Process rates:  [  0.51303127   0.60196581   0.46032238   2.71432972   0.10321744
  13.8692464 ]
log likelihood =  1282.06752198
Lr derivatives =  [5.3610514016380941, 19.168577925734986, nan, 29.736047134290651, nan, 5.450780252061671, 3.3146735492565869]
other derivatives =  [ 19.31423412   1.92017069  12.53245046 -38.2889084   -6.83294274
  25.28965979]
Current x_clock array =  [-0.66741848 -0.50755463 -0.77582822  0.99854504 -2.27091742  2.6296739
 -2.14952056 -0.04446126  0.         -0.76596613  0.         -0.11724088
 -0.22848636]
Lr rates:  [ 0.11654002  0.95651265  1.          0.46488457  1.          0.88937094
  0.79573715]
Process rates:  [  0.51303127   0.60196581   0.46032238   2.71432972   0.10321744
  13.8692464 ]
log likelihood =  1282.06752198
Lr derivatives =  [5.3610514016380941, 19.168577925734986, nan, 29.736047134290651, nan, 5.450780252061671, 3.3146735492565869]
other derivatives =  [ 19.31423412   1.92017069  12.53245046 -38.2889084   -6.83294274
  25.28965979]
Current x_clock array =  [-0.66741848 -0.50755463 -0.77582822  0.99854504 -2.27091742  2.6296739
 -2.14952056 -0.04446126  0.         -0.76596613  0.         -0.11724088
 -0.22848636]
Lr rates:  [ 0.11654002  0.95651265  1.          0.46488457  1.          0.88937094
  0.79573715]
Process rates:  [  0.51303127   0.60196581   0.46032238   2.71432972   0.10321744
  13.8692464 ]
log likelihood =  1282.06752198
Lr derivatives =  [5.3610514016380941, 19.168577925734986, nan, 29.736047134290651, nan, 5.450780252061671, 3.3146735492565869]
other derivatives =  [ 19.31423412   1.92017069  12.53245046 -38.2889084   -6.83294274
  25.28965979]
Current x_clock array =  [-0.66741848 -0.50755463 -0.77582822  0.99854504 -2.27091742  2.6296739
 -2.14952056 -0.04446126  0.         -0.76596613  0.         -0.11724088
 -0.22848636]
Lr rates:  [ 0.11654002  0.95651265  1.          0.46488457  1.          0.88937094
  0.79573715]
Process rates:  [  0.51303127   0.60196581   0.46032238   2.71432972   0.10321744
  13.8692464 ]
log likelihood =  1282.06752198
Lr derivatives =  [5.3610514016380941, 19.168577925734986, nan, 29.736047134290651, nan, 5.450780252061671, 3.3146735492565869]
other derivatives =  [ 19.31423412   1.92017069  12.53245046 -38.2889084   -6.83294274
  25.28965979]
Current x_clock array =  [-0.66741848 -0.50755463 -0.77582822  0.99854504 -2.27091742  2.6296739
 -2.14952056 -0.04446126  0.         -0.76596613  0.         -0.11724088
 -0.22848636]
Lr rates:  [ 0.11654002  0.95651265  1.          0.46488457  1.          0.88937094
  0.79573715]
Process rates:  [  0.51303127   0.60196581   0.46032238   2.71432972   0.10321744
  13.8692464 ]
log likelihood =  1282.06752198
Lr derivatives =  [5.3610514016380941, 19.168577925734986, nan, 29.736047134290651, nan, 5.450780252061671, 3.3146735492565869]
other derivatives =  [ 19.31423412   1.92017069  12.53245046 -38.2889084   -6.83294274
  25.28965979]
Current x_clock array =  [-0.66741848 -0.50755463 -0.77582822  0.99854504 -2.27091742  2.6296739
 -2.14952056 -0.04446126  0.         -0.76596613  0.         -0.11724088
 -0.22848636]
Lr rates:  [ 0.11654002  0.95651265  1.          0.46488457  1.          0.88937094
  0.79573715]
Process rates:  [  0.51303127   0.60196581   0.46032238   2.71432972   0.10321744
  13.8692464 ]
log likelihood =  1282.06752198
Lr derivatives =  [5.3610514016380941, 19.168577925734986, nan, 29.736047134290651, nan, 5.450780252061671, 3.3146735492565869]
other derivatives =  [ 19.31423412   1.92017069  12.53245046 -38.2889084   -6.83294274
  25.28965979]
Current x_clock array =  [-0.66741848 -0.50755463 -0.77582822  0.99854504 -2.27091742  2.6296739
 -2.14952056 -0.04446126  0.         -0.76596613  0.         -0.11724088
 -0.22848636]
Lr rates:  [ 0.11654002  0.95651265  1.          0.46488457  1.          0.88937094
  0.79573715]
Process rates:  [  0.51303127   0.60196581   0.46032238   2.71432972   0.10321744
  13.8692464 ]
log likelihood =  1282.06752198
Lr derivatives =  [5.3610514016380941, 19.168577925734986, nan, 29.736047134290651, nan, 5.450780252061671, 3.3146735492565869]
other derivatives =  [ 19.31423412   1.92017069  12.53245046 -38.2889084   -6.83294274
  25.28965979]
Current x_clock array =  [-0.66741848 -0.50755463 -0.77582822  0.99854504 -2.27091742  2.6296739
 -2.14952056 -0.04446126  0.         -0.76596613  0.         -0.11724088
 -0.22848636]
Lr rates:  [ 0.11654002  0.95651265  1.          0.46488457  1.          0.88937094
  0.79573715]
Process rates:  [  0.51303127   0.60196581   0.46032238   2.71432972   0.10321744
  13.8692464 ]
log likelihood =  1282.06752198
Lr derivatives =  [5.3610514016380941, 19.168577925734986, nan, 29.736047134290651, nan, 5.450780252061671, 3.3146735492565869]
other derivatives =  [ 19.31423412   1.92017069  12.53245046 -38.2889084   -6.83294274
  25.28965979]
Current x_clock array =  [-0.66741848 -0.50755463 -0.77582822  0.99854504 -2.27091742  2.6296739
 -2.14952056 -0.04446126  0.         -0.76596613  0.         -0.11724088
 -0.22848636]
Lr rates:  [ 0.11654002  0.95651265  1.          0.46488457  1.          0.88937094
  0.79573715]
Process rates:  [  0.51303127   0.60196581   0.46032238   2.71432972   0.10321744
  13.8692464 ]
log likelihood =  1282.06752198
Lr derivatives =  [5.3610514016380941, 19.168577925734986, nan, 29.736047134290651, nan, 5.450780252061671, 3.3146735492565869]
other derivatives =  [ 19.31423412   1.92017069  12.53245046 -38.2889084   -6.83294274
  25.28965979]
Current x_clock array =  [-0.66741848 -0.50755463 -0.77582822  0.99854504 -2.27091742  2.6296739
 -2.14952056 -0.04446126  0.         -0.76596613  0.         -0.11724088
 -0.22848636]
Lr rates:  [ 0.11654002  0.95651265  1.          0.46488457  1.          0.88937094
  0.79573715]
Process rates:  [  0.51303127   0.60196581   0.46032238   2.71432972   0.10321744
  13.8692464 ]
log likelihood =  1282.06752198
Lr derivatives =  [5.3610514016380941, 19.168577925734986, nan, 29.736047134290651, nan, 5.450780252061671, 3.3146735492565869]
other derivatives =  [ 19.31423412   1.92017069  12.53245046 -38.2889084   -6.83294274
  25.28965979]
Current x_clock array =  [-0.66741848 -0.50755463 -0.77582822  0.99854504 -2.27091742  2.6296739
 -2.14952056 -0.04446126  0.         -0.76596613  0.         -0.11724088
 -0.22848636]
Lr rates:  [ 0.11654002  0.95651265  1.          0.46488457  1.          0.88937094
  0.79573715]
Process rates:  [  0.51303127   0.60196581   0.46032238   2.71432972   0.10321744
  13.8692464 ]
log likelihood =  1282.06752198
Lr derivatives =  [5.3610514016380941, 19.168577925734986, nan, 29.736047134290651, nan, 5.450780252061671, 3.3146735492565869]
other derivatives =  [ 19.31423412   1.92017069  12.53245046 -38.2889084   -6.83294274
  25.28965979]
Current x_clock array =  [-0.66741848 -0.50755463 -0.77582822  0.99854504 -2.27091742  2.6296739
 -2.14952056 -0.04446126  0.         -0.76596613  0.         -0.11724088
 -0.22848636]
Lr rates:  [ 0.11654002  0.95651265  1.          0.46488457  1.          0.88937094
  0.79573715]
Process rates:  [  0.51303127   0.60196581   0.46032238   2.71432972   0.10321744
  13.8692464 ]
log likelihood =  1282.06752198
Lr derivatives =  [5.3610514016380941, 19.168577925734986, nan, 29.736047134290651, nan, 5.450780252061671, 3.3146735492565869]
other derivatives =  [ 19.31423412   1.92017069  12.53245046 -38.2889084   -6.83294274
  25.28965979]
Current x_clock array =  [-0.66741848 -0.50755463 -0.77582822  0.99854504 -2.27091742  2.6296739
 -2.14952056 -0.04446126  0.         -0.76596613  0.         -0.11724088
 -0.22848636]
Lr rates:  [ 0.11654002  0.95651265  1.          0.46488457  1.          0.88937094
  0.79573715]
Process rates:  [  0.51303127   0.60196581   0.46032238   2.71432972   0.10321744
  13.8692464 ]
log likelihood =  1282.06752198
Lr derivatives =  [5.3610514016380941, 19.168577925734986, nan, 29.736047134290651, nan, 5.450780252061671, 3.3146735492565869]
other derivatives =  [ 19.31423412   1.92017069  12.53245046 -38.2889084   -6.83294274
  25.28965979]
Current x_clock array =  [-0.66741848 -0.50755463 -0.77582822  0.99854504 -2.27091742  2.6296739
 -2.14952056 -0.04446126  0.         -0.76596613  0.         -0.11724088
 -0.22848636]
Lr rates:  [ 0.11654002  0.95651265  1.          0.46488457  1.          0.88937094
  0.79573715]
Process rates:  [  0.51303127   0.60196581   0.46032238   2.71432972   0.10321744
  13.8692464 ]
log likelihood =  1282.06752198
Lr derivatives =  [5.3610514016380941, 19.168577925734986, nan, 29.736047134290651, nan, 5.450780252061671, 3.3146735492565869]
other derivatives =  [ 19.31423412   1.92017069  12.53245046 -38.2889084   -6.83294274
  25.28965979]
Current x_clock array =  [-0.66741848 -0.50755463 -0.77582822  0.99854504 -2.27091742  2.6296739
 -2.14952056 -0.04446126  0.         -0.76596613  0.         -0.11724088
 -0.22848636]
Lr rates:  [ 0.11654002  0.95651265  1.          0.46488457  1.          0.88937094
  0.79573715]
Process rates:  [  0.51303127   0.60196581   0.46032238   2.71432972   0.10321744
  13.8692464 ]
log likelihood =  1282.06752198
Lr derivatives =  [5.3610514016380941, 19.168577925734986, nan, 29.736047134290651, nan, 5.450780252061671, 3.3146735492565869]
other derivatives =  [ 19.31423412   1.92017069  12.53245046 -38.2889084   -6.83294274
  25.28965979]
Current x_clock array =  [-0.66741848 -0.50755463 -0.77582822  0.99854504 -2.27091742  2.6296739
 -2.14952056 -0.04446126  0.         -0.76596613  0.         -0.11724088
 -0.22848636]
Lr rates:  [ 0.11654002  0.95651265  1.          0.46488457  1.          0.88937094
  0.79573715]
Process rates:  [  0.51303127   0.60196581   0.46032238   2.71432972   0.10321744
  13.8692464 ]
log likelihood =  1282.06752198
Lr derivatives =  [5.3610514016380941, 19.168577925734986, nan, 29.736047134290651, nan, 5.450780252061671, 3.3146735492565869]
other derivatives =  [ 19.31423412   1.92017069  12.53245046 -38.2889084   -6.83294274
  25.28965979]
Current x_clock array =  [-0.66741848 -0.50755463 -0.77582822  0.99854504 -2.27091742  2.6296739
 -2.14952056 -0.04446126  0.         -0.76596613  0.         -0.11724088
 -0.22848636]
Lr rates:  [ 0.11654002  0.95651265  1.          0.46488457  1.          0.88937094
  0.79573715]
Process rates:  [  0.51303127   0.60196581   0.46032238   2.71432972   0.10321744
  13.8692464 ]
log likelihood =  1282.06752198
Lr derivatives =  [5.3610514016380941, 19.168577925734986, nan, 29.736047134290651, nan, 5.450780252061671, 3.3146735492565869]
other derivatives =  [ 19.31423412   1.92017069  12.53245046 -38.2889084   -6.83294274
  25.28965979]
Current x_clock array =  [-0.66741848 -0.50755463 -0.77582822  0.99854504 -2.27091742  2.6296739
 -2.14952056 -0.04446126  0.         -0.76596613  0.         -0.11724088
 -0.22848636]
Lr rates:  [ 0.11654002  0.95651265  1.          0.46488457  1.          0.88937094
  0.79573715]
Process rates:  [  0.51303127   0.60196581   0.46032238   2.71432972   0.10321744
  13.8692464 ]
log likelihood =  1282.06752198
Lr derivatives =  [5.3610514016380941, 19.168577925734986, nan, 29.736047134290651, nan, 5.450780252061671, 3.3146735492565869]
other derivatives =  [ 19.31423412   1.92017069  12.53245046 -38.2889084   -6.83294274
  25.28965979]
Current x_clock array =  [-0.66741848 -0.50755463 -0.77582822  0.99854504 -2.27091742  2.6296739
 -2.14952056 -0.04446126  0.         -0.76596613  0.         -0.11724088
 -0.22848636]
Lr rates:  [  2.28760705e+01   1.00000000e+00   1.00000000e+00   1.47050366e-03
   1.00000000e+00   1.00000000e+00   6.95708316e-01]
Process rates:  [  9.51229425e-01   9.51229425e-01   9.51229425e-01   5.58581450e-03
   1.07936668e+01   1.45859770e+12]
