number of sites to be analyzed:  499
Now calculate MLE for pair ['YDR518W', 'YCL043C']
log likelihood =  -16776.3032629
Edge derivatives =  [425.6935839552082, 89.60440756470896, 76.99334509971749, 28.054816812181716, 630.3819008548074, 169.46873654517745, 333.546666160306, 141.09505804594693, 79.23361254591647, 153.48498751902292, 81.95372205132539, -22.484673343619953]
other derivatives: [ -254.42786864  -213.56572688   277.85172279  1142.57672976  1224.96130643
    17.3713488 ]
Current x array =  [-0.64353555 -0.48264002 -0.93307917  1.76977596 -2.44028574  1.19617746
 -3.90910406 -3.87159909 -4.30005794 -6.28014701 -2.83555499 -3.29056063
 -2.92359461 -3.49891453 -3.97438916 -3.10701318 -4.59465356 -2.01786889]
log likelihood =  -15167.117604
Edge derivatives =  [363.53633206566525, 46.3602982989182, 49.98201910555528, 19.072879747780373, 525.4984993969018, 96.03136555677835, 271.55240571737363, 86.50758370424549, 43.075700979706504, 116.68070845849877, 57.16497243613521, -179.32907026112167]
other derivatives: [ 323.05015338  153.45158317  308.6968718   585.22655308  917.41458164
  -50.04294508]
Current x array =  [-0.77568248 -0.59356362 -0.93262051  2.36321727 -1.80405482  1.20519994
 -3.68800367 -3.82505958 -4.26006848 -6.26557566 -2.50814183 -3.2025405
 -2.75035428 -3.42563137 -3.93323613 -3.02729483 -4.55208773 -2.02954717]
log likelihood =  -18386.2753182
Edge derivatives =  [26.611368182073768, -319.4688589300679, -78.40353553056887, -10.436260981085017, -150.93613959203677, -268.55608380057276, 33.51193913627963, -303.91812102533197, -289.23143804414764, -3.8603628825247434, -80.14509415066559, -531.7108908780451]
other derivatives: [-2400.55342147 -3746.36765628  -603.17797761 -1425.03449752 -1967.53098862
  -667.81612986]
Current x array =  [-0.16407789 -0.32220073 -0.65421806  3.80246985  0.33517677  1.1059038
 -2.85264478 -3.71123289 -4.14140127 -6.22056671 -1.29750897 -2.97009274
 -2.12314671 -3.21862608 -3.82830503 -2.75569564 -4.41762798 -2.40288202]
log likelihood =  -14400.3839868
Edge derivatives =  [275.487476253986, -5.2355152336874164, 16.451749748218674, 12.221881932769293, 359.97871011531964, 6.379928689038547, 190.4361061062415, 12.446463617466717, -5.1770126635955505, 68.71237213760662, 29.619376393933944, -329.7904279710238]
other derivatives: [-243.84899007   67.77463568  203.92108127 -126.47469703  311.93449104
 -112.81808838]
Current x array =  [-0.62210694 -0.52542368 -0.86271291  2.72461742 -1.26688808  1.18026641
 -3.47824283 -3.7964774  -4.23027082 -6.25427379 -2.2041487  -3.14417225
 -2.59286079 -3.37365179 -3.90688765 -2.95909555 -4.51832453 -2.12329254]
log likelihood =  -14095.2310274
Edge derivatives =  [168.65906792254688, -47.24051467026967, -13.845084780255522, 8.799871494190668, 120.66969579872578, -68.6926231522514, 101.79318949620824, -51.171968659274775, -44.62868852687934, 24.652188077534515, 3.318241159248384, -338.29220963840646]
other derivatives: [ 262.2795364  -212.98146748 -171.06358428 -717.33793447 -380.090205
 -167.7299224 ]
Current x array =  [-0.77713636 -0.44678574 -0.70899923  2.7736203  -0.77888852  1.07557939
 -3.15824274 -3.78856968 -4.20374703 -6.23915763 -1.77346693 -3.11379478
 -2.36625341 -3.34104816 -3.89996144 -2.87246606 -4.47905411 -2.43848298]
log likelihood =  -13802.4453448
Edge derivatives =  [155.13120989899912, -16.51909730698352, -1.8422483587463383, 14.747835759740386, 74.82594389860553, -30.19582913558472, 105.81200481138711, -17.22782392121215, -17.69778642860471, 28.22584226972252, 17.70921945822963, -174.1227166425581]
other derivatives: [ 116.882984     92.28660929 -213.89259928 -424.57577365 -272.47206162
 -148.06682884]
Current x array =  [-0.73533138 -0.52705775 -0.69178946  2.52306589 -0.71298278  0.96238805
 -2.94404387 -3.802639   -4.19652732 -6.22825623 -1.5304586  -3.12543098
 -2.22096107 -3.34537259 -3.9137427  -2.82210814 -4.45914987 -2.70783723]
log likelihood =  -13549.4994894
Edge derivatives =  [128.23087272659663, 38.97065374033922, 22.962101213600004, 30.716352049449302, -17.89900696263783, 38.55499330864641, 87.5817894748241, 42.373771485075544, 31.855128975794614, 23.704421688376204, 45.011338021652, 54.09143606265832]
other derivatives: [  -3.98667908 -556.58765632  114.08155842   29.1131073  -104.66701497
 -100.68652045]
Current x array =  [-0.70706043 -0.3914483  -0.83544227  2.01763372 -0.6463382   0.65473399
 -2.41250362 -3.81330492 -4.17107123 -6.19067257 -1.0183029  -3.13156705
 -1.84753278 -3.33308222 -3.92822381 -2.69533528 -4.39309742 -3.22137164]
log likelihood =  -13476.8768155
Edge derivatives =  [105.95797413010646, 47.34373281801788, 26.627176743607897, 34.542532729177466, -67.57911983869727, 52.71717739567514, 64.32977065850713, 52.66178529210421, 40.166036407303125, 18.076615100386, 49.51991125367931, 90.90858135025017]
other derivatives: [ -66.47842383  251.52075978   80.49264579   56.01577868 -142.86979422
  -66.08497642]
Current x array =  [-0.69748653 -0.59122851 -0.8154821   1.8842717  -0.64878421  0.47161622
 -2.12308574 -3.78793388 -4.14454305 -6.15580535 -0.83068392 -3.10355049
 -1.64391581 -3.29547389 -3.90914792 -2.62994611 -4.3362919  -3.36982146]
log likelihood =  -13442.8179113
Edge derivatives =  [118.54948442287936, 50.672392559551085, 29.015128398460092, 34.61334960911885, -36.76493072433638, 59.796912162845686, 66.65531433039239, 58.19715298092535, 43.216304852205255, 20.134136068006626, 51.28897738141495, 94.49138040827984]
other derivatives: [ -11.73029887  198.89539544   38.75211405   89.71637726  -66.66323316
  -47.6698915 ]
Current x array =  [-0.71061135 -0.5751482  -0.79134657  1.88113147 -0.72494962  0.42871274
 -2.06769364 -3.76937175 -4.133901   -6.14064692 -0.85334448 -3.08473817
 -1.60783843 -3.27516926 -3.89380176 -2.62036024 -4.31461345 -3.34048031]
log likelihood =  -13288.3585339
Edge derivatives =  [127.69552571771634, 60.08273182170276, 33.18448668468493, 34.647221124571246, 30.009630692648884, 80.18367364403042, 24.473438405099472, 70.73732680189268, 52.307104828791516, 15.342307410537043, 55.13368816380804, 111.95143034816967]
other derivatives: [  39.7905751  -128.36389942 -163.20409486  116.17757991   98.41987776
   22.27407094]
Current x array =  [-0.72151963 -0.48476391 -0.69476114  1.85989949 -1.07801176  0.07591473
 -1.46768198 -3.6126275  -4.03430122 -6.01017161 -0.82320382 -2.91151668
 -1.22841186 -3.0916477  -3.76403999 -2.50782063 -4.1202689  -3.22867159]
log likelihood =  -13151.6240166
Edge derivatives =  [79.89659656831327, 60.29657137389798, 30.100201593649494, 32.49748335595936, 61.62542782342058, 82.10047812913184, -13.203641307252289, 66.47002817842808, 54.331583517331374, 12.347467286084145, 52.700511685182285, 116.62710112190722]
other derivatives: [  97.16131899 -285.69847927  -47.50654625   72.70700735  145.89677448
   56.28699   ]
Current x array =  [-0.74376538 -0.45568643 -0.72816437  1.84493684 -1.47164267 -0.3492234
 -0.62934003 -3.37888297 -3.88877793 -5.82351452 -0.75526593 -2.64333945
 -0.75184669 -2.8177966  -3.56857742 -2.35867064 -3.84012564 -3.04098375]
log likelihood =  -13055.5894132
Edge derivatives =  [-97.64325380822221, 50.15099057202459, 20.299551201569304, 26.850911747378277, 64.00634615039436, 71.6866227646302, -12.923476637226045, 47.95488097402424, 47.86834386397554, 14.036975947439348, 44.96853911391928, 104.01110123382249]
other derivatives: [ -73.17266864 -105.19815987 -403.5729944   -18.58279575   60.57325663
   72.69118214]
Current x array =  [-0.70471634 -0.49911657 -0.62607414  1.69254194 -1.94851656 -0.84093112
  0.5820738  -2.96230597 -3.64641337 -5.50891288 -0.56405132 -2.1478536
 -0.16285158 -2.34762679 -3.21156202 -2.13393575 -3.36530174 -2.61714942]
log likelihood =  -12983.9162379
Edge derivatives =  [-80.13484091840171, 35.17129875449228, 12.557144531414526, 21.106481041186434, 87.22869223463056, 41.30637720950545, 15.775896634115426, 24.598811166697335, 37.26090732105842, 18.395038316712085, 34.35199499613983, 64.7181802111065]
other derivatives: [  31.17820597   29.42415449  176.23151507  -80.87572496  112.22309695
   62.65690899]
Current x array =  [-0.73307852 -0.53128869 -0.80975582  1.68507498 -2.08751129 -0.84101318
  0.71641822 -2.77855209 -3.55782482 -5.39112187 -0.57364982 -1.92003205
 -0.10577873 -2.15787392 -3.04679767 -2.08368143 -3.18683005 -2.25846901]
log likelihood =  -12927.9834592
Edge derivatives =  [-57.58342343200077, 30.29901331766439, 10.435800782533523, 19.288973467496174, 77.38807878613086, 30.20826628403116, 8.640916464876236, 19.393060668360466, 33.05684165030667, 16.39220573200673, 32.18796675040259, 44.76403897015737]
other derivatives: [  17.66002242   58.68296284  159.46479834  -89.90446076   70.51476132
   46.39023246]
Current x array =  [-0.72825889 -0.53798009 -0.80262387  1.6249712  -1.95339914 -0.68065016
  0.51893531 -2.74421894 -3.5517952  -5.37989913 -0.52308972 -1.86904073
 -0.21506864 -2.1358663  -3.00913915 -2.09231439 -3.16712349 -2.13916537]
log likelihood =  -12902.5442062
Edge derivatives =  [-56.90583597972322, -3.2325313828151816, 0.24936104048721608, 10.37666902874471, 1.9592010886845441, -34.4090415157996, 6.885422463179023, -15.960286756301327, 7.438971222864791, 11.651267977813205, 13.649300355217328, -69.69198477360867]
other derivatives: [ 588.01651903  144.19038052  -91.83586371  -13.68625817 -200.09174477
 -102.8080078 ]
Current x array =  [-0.92936999 -0.57107645 -0.71215001  0.99256514 -1.73868594 -0.33077245
  0.48483984 -2.22030186 -3.32634041 -5.05026261  0.10974533 -1.26467069
 -0.24694194 -1.66540654 -2.49859199 -1.90597355 -2.6328249  -1.34234769]
log likelihood =  -12848.3863614
Edge derivatives =  [-54.79042117772335, 16.497056997166723, 5.407245049978853, 14.684785801753025, 49.99255871470934, 4.70745620746067, 8.805095635280507, 5.721400522013567, 22.408620779423334, 14.332827594829773, 24.77606258017627, -2.0603503477454117]
other derivatives: [ 335.62755561  105.18524505   40.0479621   -50.85403245  -32.48078428
   -7.80892151]
Current x array =  [-0.82977184 -0.55468583 -0.75695623  1.30575757 -1.84502039 -0.5040457
  0.50172527 -2.47976627 -3.43799451 -5.21351162 -0.20365955 -1.56397858
 -0.23115703 -1.89839677 -2.75143509 -1.99825688 -2.89743064 -1.73696324]
log likelihood =  -12843.9884754
Edge derivatives =  [-19.79703000725067, -3.6390197614460935, -0.19187381256931704, 9.573457815950594, 26.211282179314445, -39.311109964471356, 16.729185474923526, -19.318909409964157, 6.227891716626903, 13.877651309063452, 15.175201465754885, -86.68551971498323]
other derivatives: [-399.80623114   46.80368875  -10.06537786    2.53276085  -93.7097866
 -100.79384083]
Current x array =  [-0.63656858 -0.53384074 -0.73308022  1.01047391 -1.83417028 -0.34140872
  0.43947505 -2.17577004 -3.30807194 -5.02063907  0.08941919 -1.22045894
 -0.24691027 -1.62777872 -2.45378742 -1.89436008 -2.58801454 -1.23923241]
log likelihood =  -12813.6317719
Edge derivatives =  [-36.57351073417597, 7.86457976082005, 2.746760434092133, 12.174444663370101, 40.090454336825815, -14.0618197191484, 12.637953506537412, -4.954223745288416, 15.39145767093604, 14.098289919430167, 20.71924631362795, -38.03799604344342]
other derivatives: [ 42.08413884  78.24455679  17.286402   -27.17606549 -55.17249519
 -45.78814696]
Current x array =  [-0.73804068 -0.54478877 -0.74562012  1.16555956 -1.83986885 -0.42682713
  0.47216943 -2.33543161 -3.37630845 -5.12193748 -0.06450842 -1.40087857
 -0.23863652 -1.76990978 -2.61011467 -1.94892762 -2.75052268 -1.50064515]
log likelihood =  -12799.9099701
Edge derivatives =  [-46.20409515146586, 9.55349785048381, 3.1443629557362796, 12.52777847360983, 33.753061978761124, -9.624273305088058, 8.929489890586881, -2.7938488929575582, 16.836869404776724, 13.580506933193247, 21.30156186023076, -22.335535760998805]
other derivatives: [-42.87921911  29.24352884 -10.92521416  16.9087798  -46.00296961
 -36.65827535]
Current x array =  [-0.71872353 -0.53179177 -0.73485684  1.06002754 -1.91222755 -0.52528169
  0.61872986 -2.24379731 -3.32790923 -5.04966474  0.08256795 -1.31329477
 -0.1207177  -1.68486636 -2.52046684 -1.8849044  -2.63474987 -1.46406014]
log likelihood =  -12785.3414174
Edge derivatives =  [-39.00308010859603, 5.9005133834679055, 3.2029388277517143, 12.20260393475142, 24.466907936249488, -9.595339696220119, 4.101742361884468, -5.356061917701402, 13.771756978982214, 13.543210524417141, 17.981691705127115, -11.752554242591122]
other derivatives: [-31.92089935 -40.59875209 -36.76486813  39.70890248 -21.94665285
 -24.11052265]
Current x array =  [-0.7247443  -0.51441797 -0.72531857  0.954186   -2.04329789 -0.67356264
  0.77075531 -2.0921417  -3.25174513 -4.92982425  0.31667396 -1.18098904
  0.04516917 -1.55439956 -2.36577902 -1.78160939 -2.44143587 -1.3876724 ]
log likelihood =  -12778.2062244
Edge derivatives =  [6.505489214814938, 0.38507787882861455, 4.606739517819649, 12.068295022568714, 12.289948135495226, -4.180113544816684, 2.206784996085262, -5.840695469038648, 7.826538658084409, 15.174820179608554, 13.555043133057138, 0.5791776604338683]
other derivatives: [ -58.56927601  117.39466572  -88.90638128   53.46028047   47.89053492
   -6.40775397]
Current x array =  [-0.72058663 -0.56030782 -0.70617845  0.90288974 -2.19452381 -0.83611466
  0.7758542  -1.96138404 -3.1868264  -4.8077757   0.57047055 -1.10805593
  0.1828203  -1.47202011 -2.21171773 -1.66639867 -2.24819413 -1.35819074]
log likelihood =  -12771.6308917
Edge derivatives =  [2.140680372715945, -4.549497354184502, 3.8637417286841607, 11.732944310831904, -5.462617469108286, -9.377985763327313, -8.030004429739755, -11.312396386496225, 3.038696532746007, 13.931832173404151, 8.870581506795297, -0.09692243516378762]
other derivatives: [ -6.38992788 -30.78075679 -22.80339686   5.85005182  10.18852345
  -1.19853212]
Current x array =  [-0.73313574 -0.51704768 -0.73101269  0.93662152 -2.20210642 -0.89141695
  0.78363354 -1.9347509  -3.17030689 -4.77275605  0.64190821 -1.10308053
  0.22070101 -1.46211535 -2.17331768 -1.62892625 -2.19611139 -1.36916464]
log likelihood =  -12770.7438928
Edge derivatives =  [2.6327602151998315, -3.64397119293187, 4.08504430271783, 11.931871767733899, -6.668876877516489, -7.788351374791273, -9.29479698700864, -9.973500643068329, 3.381802401565537, 13.845596337927638, 9.427712129812326, 0.7853254822498958]
other derivatives: [  0.95151336 -12.8065949   -4.16966941  -1.0462827    6.21857907
  -0.61045284]
Current x array =  [-0.73461719 -0.52143826 -0.73791627  0.96323643 -2.17801087 -0.87635425
  0.74481503 -1.96564547 -3.18327139 -4.78802144  0.61006108 -1.13939846
  0.19152371 -1.49592891 -2.1986934  -1.63761203 -2.22459464 -1.39851174]
log likelihood =  -12769.59999
Edge derivatives =  [4.912063319759547, -3.5364788196798953, 4.3407331448360695, 12.027793764825018, -9.930379738660575, -6.201099379134688, -10.532284321670168, -8.401184704646463, 2.317265140135247, 14.064332091177551, 8.950716180008595, -0.05630779994923152]
other derivatives: [  9.00308805   7.89896148  14.37074388  -8.60891305   0.60499588
  -0.88493834]
Current x array =  [-0.7362701  -0.52657871 -0.74506083  0.98394869 -2.15262231 -0.86506315
  0.69893252 -1.98898452 -3.18718416 -4.78185416  0.58972147 -1.17567153
  0.1553651  -1.53266656 -2.20759718 -1.62472241 -2.22855299 -1.41749375]
log likelihood =  -12767.421628
Edge derivatives =  [7.936847475722658, -3.389894155250549, 4.910704932139547, 12.16161624819523, -13.32483552480116, -2.559836812741375, -11.85518457746303, -4.729205590575875, -0.42215758862048214, 14.988926112786553, 7.181885809018869, -2.1647231133670664]
other derivatives: [ 14.74236342  30.6748916   36.77432687 -16.96480467  -5.49880497
  -1.47792889]
Current x array =  [-0.73699071 -0.53221678 -0.75412659  1.00894858 -2.11541991 -0.85673612
  0.6353795  -2.02136249 -3.18112033 -4.74343141  0.55709644 -1.23556262
  0.08952639 -1.59724145 -2.2060533  -1.57373537 -2.20607652 -1.43877309]
log likelihood =  -12762.9793761
Edge derivatives =  [8.879677654585137, -3.0592145062957816, 6.257585633185466, 12.359638038768153, -17.10424003849332, 5.690787925241021, -15.023763569851123, 3.2614631346616605, -6.912650585501909, 17.218171458435947, 1.2097004537240397, -5.7282777964855995]
other derivatives: [ 24.14708433  51.03847798  43.343789   -30.06189218 -18.93095032
  -2.1633241 ]
Current x array =  [-0.73795476 -0.53694759 -0.75823201  1.0434413  -2.05361266 -0.86344258
  0.54811897 -2.07457159 -3.14950438 -4.62726718  0.49597885 -1.34552446
 -0.03865152 -1.72121289 -2.18367473 -1.42885631 -2.12251566 -1.47159317]
log likelihood =  -12759.3459655
Edge derivatives =  [14.679007033850569, -1.115458933650532, 9.155708400946454, 12.30457739245887, -9.649295338223409, 19.29532486276176, -14.322096305253352, 17.52197024240107, -18.27749470740427, 23.18284456922724, -20.011559345690554, -9.233419759876245]
other derivatives: [  19.3291271    92.45432011  175.60560082    5.21449692   -8.7713488
   -9.77015588]
Current x array =  [-0.73698963 -0.54918329 -0.81397671  0.97347577 -2.01206803 -0.93461031
  0.50956706 -2.07974112 -3.0064766  -4.26408681  0.47096125 -1.4346667
 -0.25194525 -1.86165065 -2.0475864  -1.01066419 -1.81646317 -1.43862711]
log likelihood =  -12750.8543798
Edge derivatives =  [6.897289385619414, -0.452873407264056, 10.21415366191748, 12.26377977667082, -7.330198814354277, 23.741675201241282, -18.581575020981614, 21.382541564715748, -21.633569412683823, 22.038430527821134, -27.299429917064035, -9.879612698289803]
other derivatives: [ 42.75079846  53.14686859  67.18346413 -16.60646376 -28.88627932
  -9.14205884]
Current x array =  [-0.74183376 -0.53724585 -0.76932251  1.01733485 -1.97318895 -0.95159686
  0.47782211 -2.13347455 -2.97733531 -4.17143128  0.39544219 -1.50747311
 -0.35739296 -1.94614371 -2.06163466 -0.883462   -1.78316902 -1.48370267]
log likelihood =  -12741.960885
Edge derivatives =  [-2.5923725160245326, 1.2946358729630332, 9.688103176703208, 12.695268509829821, 4.839429204069205, 22.13381428365211, -17.353380044302636, 21.111585230450032, -18.857859786030367, 23.23952825242419, -28.709742965614105, -5.339413394964238]
other derivatives: [  6.97618816 -11.37013896 -49.89269655  -1.82590156 -13.36302375
  -6.95927156]
Current x array =  [-0.73271238 -0.52042656 -0.7247844   0.99086418 -2.01735416 -1.0134792
  0.57157437 -2.11381231 -2.91578605 -4.05699628  0.3963311  -1.45620284
 -0.38233334 -1.91158155 -2.05182727 -0.74169686 -1.73432359 -1.47561654]
log likelihood =  -12735.284414
Edge derivatives =  [-11.35511258036188, 2.4068853985686762, 9.75498477566789, 12.266081019221279, 16.772890518091902, 22.275946784037785, -16.985694274813365, 22.934719266088152, -20.885037838384264, 19.366592268993593, -44.74508685364449, -3.5106280763911104]
other derivatives: [-11.740849   -58.22603271 -86.31541277  13.81085895 -11.5875082
  -8.20127752]
Current x array =  [-0.7296298  -0.50944326 -0.71154662  0.9245307  -2.05883973 -1.12538553
  0.67342037 -2.07475362 -2.77450122 -3.75962359  0.41710236 -1.40656446
 -0.49130103 -1.90336173 -1.97602361 -0.38780238 -1.54616522 -1.44080544]
log likelihood =  -12724.5401019
Edge derivatives =  [-12.67608855573486, 4.066723915963847, 6.886105448178324, 12.88798121917694, 33.50933888866018, 10.682872580686789, -12.022196787843273, 18.126314218117038, -13.860856575849741, 17.723357098033574, -41.284626742947935, 0.628015638979657]
other derivatives: [ 16.52297215 -76.58563845 -94.46939657  37.63907443  22.94436854
  -7.11679604]
Current x array =  [-0.73919029 -0.50676766 -0.70707154  0.86443725 -2.15002902 -1.22862015
  0.80398071 -2.0145702  -2.65247792 -3.54364876  0.47264853 -1.2660371
 -0.55619025 -1.79119434 -1.96783843 -0.12552655 -1.51448016 -1.4018333 ]
log likelihood =  -12777.4496743
Edge derivatives =  [-34.678351271894876, 2.9737876384936124, -7.687950606550501, 4.472614188549489, 28.50617443883744, -36.96934037558587, -12.451944044341518, -2.600559957642421, -4.733161503812652, -85.83801789375973, -49.37717062683225, -2.091753094840965]
other derivatives: [-700.24998422  -89.504465      4.91763785  -67.41793186 -115.07927411
   -1.75259629]
Current x array =  [-0.59773399 -0.50270915 -0.73872308  0.84531533 -2.25996768 -1.58312773
  0.98729276 -1.93828695 -2.20994984 -2.65227256  0.61541263 -0.99945151
 -1.05117802 -1.60291391 -2.00170773  0.99226083 -1.45628177 -1.40505733]
log likelihood =  -12716.6241126
Edge derivatives =  [-18.35781884012697, 3.864108988307685, 3.5516463285846678, 12.306088632290052, 31.875874142273993, -1.700821073882199, -13.087808351997255, 12.713557235622922, -11.112652416651457, 1.2167893367918632, -43.470261153271, 0.6417109036183968]
other derivatives: [-147.46019588  -80.6454409   -65.74719009   15.31407179   -1.03827915
   -5.90353011]
Current x array =  [-0.70069519 -0.5056632  -0.71568501  0.85923352 -2.17994709 -1.3250938
  0.85386619 -1.99381091 -2.53205088 -3.30107479  0.51149953 -1.19349004
 -0.69089336 -1.73995679 -1.97705542  0.17866165 -1.49864238 -1.40271067]
log likelihood =  -12702.8340402
Edge derivatives =  [-10.067636877066464, 4.206775680856953, -1.4424777611728545, 12.592095578181548, 34.770295788208045, -22.84365612434035, -10.332170157148218, 2.9168373777280543, -1.928083359247369, -10.643113394522365, -29.895368290203443, 2.2902999913932107]
other derivatives: [-37.98249963 -36.88801371  -3.62360879   0.32323442   8.71896191
  -5.0116796 ]
Current x array =  [-0.72887655 -0.51781994 -0.73612611  0.86468396 -2.24006591 -1.40209765
  0.88919065 -1.96750246 -2.43143323 -3.12355863  0.57482253 -1.06563167
 -0.82047453 -1.61573861 -2.0551893   0.40585815 -1.63996057 -1.40740694]
log likelihood =  -12696.9746895
Edge derivatives =  [4.933599208052362, 5.126268238972567, -2.1178953211567006, 14.878373223122964, 22.50480829521212, -27.890465985275178, -9.456839621349276, -1.3467285772642312, 5.071949044036198, -3.312826492222266, -14.287803573000488, 5.647979926959898]
other derivatives: [-25.33324732  14.16701707  32.26341505  -2.4372639   25.75907274
  -3.81496648]
Current x array =  [-0.73207662 -0.53088527 -0.74808009  0.91242736 -2.23079216 -1.36992018
  0.80620124 -1.99371584 -2.47152793 -3.20494712  0.60401009 -1.06817165
 -0.85962983 -1.57081316 -2.1642665   0.30355711 -1.87401116 -1.45202914]
log likelihood =  -12694.4396085
Edge derivatives =  [14.634960190338763, 6.323464574667953, -1.7396205204118527, 13.234537503057652, -5.435463605054165, -19.8227568887397, -10.939122171777145, 1.532391217303834, 7.2432810808384716, -36.47811119872231, -9.089711098465605, 4.180876176794739]
other derivatives: [ 74.00176401   9.23428161  28.9757736  -26.50049282 -32.56245691
  -3.5704943 ]
Current x array =  [-0.75890618 -0.52908401 -0.75008265  0.93960876 -2.16642818 -1.41266598
  0.68406261 -2.03861797 -2.40207169 -2.98252347  0.63939239 -1.17298319
 -1.12001391 -1.61383423 -2.22975347  0.53402059 -2.00812264 -1.50656494]
log likelihood =  -12690.2113496
Edge derivatives =  [12.423752987040226, 6.259465347360049, 0.3188180428840002, 15.02775828117294, -4.092901277140431, -13.544840587700344, -9.867558513312705, 2.27891220091124, 7.844937096965643, -16.66430301960019, -5.234048098465069, 5.495283832022252]
other derivatives: [ 21.4917236    7.98318069   9.72067937  -0.50931703  -4.95965651
  -2.76686478]
Current x array =  [-0.74442483 -0.52863855 -0.74259644  0.92311145 -2.17750101 -1.38921612
  0.71186154 -2.02079776 -2.44661747 -3.06908823  0.65269415 -1.18456695
 -1.05011026 -1.59259828 -2.22142608  0.3844184  -2.03936479 -1.48952708]
log likelihood =  -12687.9627311
Edge derivatives =  [9.25502279893163, 5.418895756215782, 1.7516854558707453, 14.770450020886345, -4.627658138720026, -7.31471737566304, -8.602151851736092, 2.4903765423264144, 7.61683181733209, -12.45096818679135, -2.6625113000868974, 4.485078279283082]
other derivatives: [-13.96365406   5.66233211 -11.32339094   9.89439286   1.95032044
  -1.83772499]
Current x array =  [-0.73531118 -0.52792497 -0.73540941  0.90998918 -2.18908908 -1.40573775
  0.74176059 -2.0001146  -2.43748096 -3.01797253  0.67334098 -1.20919157
 -1.07960261 -1.57239871 -2.2101295   0.36835126 -2.07051536 -1.47456411]
log likelihood =  -12684.7919908
Edge derivatives =  [3.3742592700830487, 2.6430468758646954, 4.667283896614444, 12.85534932754349, -7.349243637850608, 4.706464521128374, -6.1432379863503686, 1.9903389639780609, 6.248847159934114, -7.788311376749843, 1.893999425826268, 0.6150906061680299]
other derivatives: [-37.51247277 -30.62759788 -25.25503078  20.42179403   7.8274752
  -0.34578989]
Current x array =  [-0.72953183 -0.51798121 -0.73180787  0.89222737 -2.2079076  -1.449574
  0.79384963 -1.95745399 -2.40144568 -2.85802615  0.7166409  -1.2748977
 -1.18989907 -1.53325812 -2.18681564  0.36678761 -2.1495443  -1.44571631]
log likelihood =  -12684.1611907
Edge derivatives =  [-8.451124118828018, -1.8516213349123964, 6.829833099857058, 6.89982952987847, -7.139358366139881, 13.153910410812927, -4.3585198101387235, 0.4545992958047863, 2.501404161067944, -9.104819456026126, 3.5542052022893547, -5.33595364426467]
other derivatives: [-37.71274351  80.43352864 -69.84337233   9.95842129  -1.86100806
   1.07083906]
Current x array =  [-0.73017873 -0.54857927 -0.71792855  0.88256939 -2.23111783 -1.51743299
  0.86325553 -1.91240501 -2.32944107 -2.6117966   0.7442137  -1.33818794
 -1.35013885 -1.49890521 -2.14872555  0.42657238 -2.20153166 -1.41975683]
log likelihood =  -12682.0131132
Edge derivatives =  [-5.472727441454943, -2.1350689510714282, 6.740989744718044, 6.491518746418286, -6.977249360527702, 12.951528125158832, -4.011438887011509, -0.11785808468276815, 2.334084746297152, -8.547618848373789, 3.8807459500986874, -5.584231911880858]
other derivatives: [-18.39562174   6.31243893 -12.44861778   7.91769708   1.70457497
   0.7385097 ]
Current x array =  [-0.73483431 -0.52740608 -0.73797013  0.89191031 -2.22686372 -1.51567419
  0.84957797 -1.91553505 -2.32809052 -2.59883295  0.74173016 -1.35014784
 -1.37240808 -1.50176501 -2.15265622  0.41623506 -2.22224183 -1.42488011]
log likelihood =  -12681.5695561
Edge derivatives =  [-4.67630065634646, -2.551748673511277, 6.060770761492911, 5.612976398741766, -5.772031849581726, 11.174160283602719, -3.896097716259297, -0.7674804461877867, 1.7150312747545051, -9.64062473501918, 3.2151231895938284, -6.006704665943756]
other derivatives: [-0.03947207 -4.81159077  4.62478056  1.0822987   0.87748049  0.44256012]
Current x array =  [-0.73943719 -0.52434024 -0.74406457  0.90078106 -2.22489923 -1.51761942
  0.84239463 -1.91928301 -2.31967172 -2.58059849  0.73328336 -1.34812995
 -1.38986541 -1.5055989  -2.15267652  0.42265612 -2.22266214 -1.43096551]
log likelihood =  -12681.1489776
Edge derivatives =  [-4.02806205028645, -3.133436902884545, 5.015859318212937, 4.2529900175004665, -3.645738133482186, 8.489050550535605, -3.626306362600629, -1.7010515628960934, 0.7745008232529177, -10.236020245548602, 2.3438378174865626, -6.314926774837226]
other derivatives: [ 17.42610038  -5.42004273  14.55537131  -7.467861     0.74542186
   0.11059456]
Current x array =  [-0.74385308 -0.52410965 -0.74747909  0.91113278 -2.22317542 -1.52154345
  0.83523464 -1.92341863 -2.30538827 -2.55108968  0.7210541  -1.34129433
 -1.41493658 -1.50877735 -2.15089199  0.42506126 -2.22309961 -1.44033507]
log likelihood =  -12680.5675584
Edge derivatives =  [-2.8042555583414925, -3.511777646244333, 3.6518025882618765, 2.5275148111464696, -1.4681804088247166, 5.085632772872162, -3.1776792457026115, -2.386832467589182, -0.37464900868271295, -9.652182924116095, 1.5263954743059236, -5.854978730072939]
other derivatives: [ 26.87556844  -2.76122591  19.59342626 -14.85750545   1.53195288
  -0.2746674 ]
Current x array =  [-0.74616554 -0.52468911 -0.74893667  0.92101345 -2.21618091 -1.52474163
  0.82090115 -1.93124465 -2.28613034 -2.51217016  0.70383521 -1.33204035
 -1.45040007 -1.51544815 -2.14785759  0.4121431  -2.22651978 -1.45720454]
log likelihood =  -12679.4446005
Edge derivatives =  [0.5769647265716438, -2.679713019291689, 1.009222336601633, -0.7451359151240365, 0.5494516213599108, -1.1596412132346328, -2.287099790932928, -2.1899648328799386, -1.4975839575086047, -7.760087030924651, 0.9862532698124857, -2.5856123578434453]
other derivatives: [ 26.38753358  -5.92845026  15.44594852 -17.82245818   2.09129212
  -0.94551069]
Current x array =  [-0.74578065 -0.52358732 -0.74659804  0.92598865 -2.19005993 -1.53028515
  0.78176374 -1.95314445 -2.24386302 -2.4305773   0.67175867 -1.31170331
 -1.53120626 -1.53222324 -2.14616312  0.37246183 -2.24150005 -1.4999193 ]
log likelihood =  -12687.8064244
Edge derivatives =  [-13.435796955058171, -0.5654763091684702, -1.4639012964077431, 2.6044511636400425, 9.64034879763022, -9.01753150844366, 0.665333624192177, -2.7506764076407078, -1.8627789378893713, 22.480365780674838, 1.5902652659928715, 5.147969359161874]
other derivatives: [ 110.5152478   110.08069123   97.14749467   19.28092388   15.83266567
   -1.57760951]
Current x array =  [-0.76907545 -0.55699727 -0.77637414  0.87008949 -2.14176451 -1.50964154
  0.80963536 -1.95502466 -2.23540982 -2.47360262  0.63098374 -1.24270019
 -1.49834392 -1.51319114 -2.11245572  0.03797262 -2.23542743 -1.52647603]
log likelihood =  -12679.2919047
Edge derivatives =  [-0.9964073846863835, -2.429533296341682, 0.7260827187994512, -0.3467985655678937, 1.4816213561889107, -2.0139716617372456, -1.9933506802223768, -2.245472674059325, -1.5303955846764459, -3.7539649219095836, 1.0621662304622643, -1.6755161692705032]
other derivatives: [ 36.28683771   8.28913471  25.33124643 -13.29372026   4.2578904
  -1.03773345]
Current x array =  [-0.74846482 -0.52743702 -0.75002902  0.91954761 -2.18449504 -1.52790647
  0.78497527 -1.9533611  -2.24288899 -2.43553494  0.66706034 -1.30375236
 -1.52741967 -1.53003024 -2.14227915  0.33391997 -2.24080033 -1.50297933]
log likelihood =  -12678.7319632
Edge derivatives =  [-1.2221118963145436, -1.302756789823364, -0.6635597132136029, -2.008134789606911, 0.35846451828094383, -5.041251820892993, -1.654070927958168, -1.5607132024949024, -1.6618438183482125, -1.899391189137168, 1.2311543387515957, 0.8488631349889629]
other derivatives: [ 11.74539648   1.11595     10.38224582  -9.04201443  -0.28740033
  -1.28857209]
Current x array =  [-0.74187452 -0.5252142  -0.74421218  0.91126262 -2.16095168 -1.53191759
  0.76430151 -1.96615889 -2.21773648 -2.39051232  0.65212504 -1.2918264
 -1.57375651 -1.53851274 -2.14098177  0.2969544  -2.24909982 -1.52701535]
log likelihood =  -12678.6106314
Edge derivatives =  [-0.4622145614048241, -0.3468310831003094, -0.338903392726786, -1.2865274649897058, 0.0669942063247635, -4.205926339536682, -1.5451566136332888, -0.5943564998332083, -0.9354779168585869, -0.6769318593778946, 1.677568888473397, 1.9377745473295394]
other derivatives: [ 3.9646693  -3.20687832 -2.20970833 -0.43528416  2.10511644 -1.18197931]
Current x array =  [-0.73982949 -0.52413168 -0.73961351  0.90194646 -2.15553992 -1.53094379
  0.75950058 -1.96920945 -2.21839044 -2.39757074  0.65176794 -1.29196381
 -1.57291526 -1.54040352 -2.14279065  0.28316983 -2.2475996  -1.52865438]
log likelihood =  -12678.5808424
Edge derivatives =  [-0.7620432771469468, -0.17429230797718404, -0.0689400753296934, -1.1178121638946588, -0.5848667060684368, -3.397701693559246, -1.5712835359875976, -0.42694902518414546, -0.7070925295263824, -0.5122168683992102, 1.8229295065586164, 1.8453955531122492]
other derivatives: [-6.34699973 -1.38552423  0.52914402  1.67237886  1.54159352 -1.04973878]
Current x array =  [-0.73721686 -0.52457258 -0.74064072  0.89905987 -2.15383274 -1.53212404
  0.75983629 -1.96877428 -2.21928389 -2.39944765  0.65353051 -1.29666527
 -1.5735712  -1.54010535 -2.14343735  0.28056938 -2.24713964 -1.52597153]
log likelihood =  -12678.5548886
Edge derivatives =  [-0.8784949138364384, -0.08722575518660158, 0.15554528449935645, -1.0487042973197007, -1.0948474648918616, -2.7075191627099997, -1.5948090224196505, -0.3007804784467942, -0.576683993445604, -0.46970246146414596, 1.8603425789654475, 1.622589533519565]
other derivatives: [-6.15782483 -0.44274202 -0.69339876  2.65335984  0.96861186 -0.96752046]
Current x array =  [-0.7372697  -0.52481893 -0.74028743  0.89770467 -2.15226327 -1.53328312
  0.75904942 -1.96887442 -2.21980906 -2.40083958  0.6542287  -1.30135704
 -1.57517885 -1.5404817  -2.14433001  0.27902521 -2.24624891 -1.5238454 ]
log likelihood =  -12678.4382769
Edge derivatives =  [0.21242497686307193, 0.21973857983618167, 1.0107756708299602, -1.3447241672569021, -1.520680103560312, 0.21216101864757086, -1.431974680789326, 0.11563835723933757, -0.1661969705079912, 0.03651814203199877, 1.7014565544076152, 0.1723674445640206]
other derivatives: [-5.56356099  0.8238203   0.80017344  5.32836566  1.95905159 -0.59826561]
Current x array =  [-0.7373091  -0.52507451 -0.74107132  0.8970386  -2.14415831 -1.5417441
  0.74775198 -1.97259896 -2.21660128 -2.39858579  0.64876938 -1.3286204
 -1.59889915 -1.5458508  -2.15024619  0.26829034 -2.24102366 -1.51632422]
log likelihood =  -12678.5983078
Edge derivatives =  [-5.8071117921334885, -0.7948856942085398, 0.5391668275001535, -2.5648403242173923, -7.272742140279282, 0.24714340980935778, -1.98122336490689, -1.3574501253298532, -0.9736607059072547, -1.1299405533076041, -0.006058999187898317, -3.0793347682547636]
other derivatives: [ -3.33802745  24.48632586 -15.84903657 -11.0885594  -20.11274773
  -0.34160621]
Current x array =  [-0.73755978 -0.53089852 -0.73575422  0.91023691 -2.115943   -1.55306246
  0.73081962 -1.98181089 -2.20533602 -2.40152689  0.63171103 -1.357795
 -1.64095723 -1.55665249 -2.1601168   0.24261667 -2.2291269  -1.51570422]
log likelihood =  -12678.4015422
Edge derivatives =  [-1.5972077861456102, -0.08309793755616462, 0.8740165090675318, -1.7093389771751777, -3.2492298514560396, 0.23122755803734552, -1.5991068147921164, -0.32504927265996025, -0.40710233746789726, -0.31429090136644794, 1.1954678746659964, -0.7995094496879666]
other derivatives: [-4.89089871  8.01210263 -4.1882231   0.42091415 -4.65079211 -0.51823008]
Current x array =  [-0.73738476 -0.52683242 -0.73946641  0.90102236 -2.13564184 -1.54516041
  0.74264114 -1.97537947 -2.21320099 -2.39947353  0.64362051 -1.33742642
 -1.6115939  -1.54911116 -2.15322552  0.26054104 -2.23743276 -1.51613708]
log likelihood =  -12678.3401002
Edge derivatives =  [-0.6146025001057078, 0.07208690373579779, 1.0286128272612238, -2.103405914725312, -2.4616490612284028, 1.125422069024663, -1.3814107112444114, -0.22518479477088543, -0.3033868056202276, 0.2966147428602568, 0.8030811772927571, -1.5323102595105917]
other derivatives: [ 0.29867806  1.34496076 -2.37341737  0.47457434 -3.25835572 -0.3781679 ]
Current x array =  [-0.73852571 -0.52494242 -0.74016936  0.90385905 -2.12825265 -1.55102926
  0.73126265 -1.98044831 -2.20714704 -2.39636422  0.63353966 -1.35274408
 -1.63444465 -1.55501695 -2.15787983  0.24826498 -2.23272759 -1.51614671]
log likelihood =  -12678.3023772
Edge derivatives =  [0.906634640304286, 0.09946461358142544, 0.9365993750098589, -2.358073486233806, -0.5043852322669328, 1.2447206278630412, -1.1253050651415222, -0.21460709141190737, -0.2882986657417336, 0.5873401914342864, 0.36768789332613644, -1.8224842384438475]
other derivatives: [ 2.22971721  1.7502316  -1.33313733 -0.53532858  0.23101165 -0.28539944]
Current x array =  [-0.73884886 -0.52502877 -0.74040639  0.90926841 -2.12535985 -1.55521219
  0.72160906 -1.98491774 -2.20136342 -2.39637112  0.62244653 -1.36160978
 -1.65299116 -1.56058029 -2.16207196  0.2429609  -2.22796217 -1.51911257]
log likelihood =  -12678.2749385
Edge derivatives =  [-0.2117143869767315, 0.07612728771774946, 0.428746238776956, -2.0745305613521188, 0.16873631281911683, 0.3369790819056394, -1.0772789801592886, -0.45922697193041684, -0.24988888443397528, 0.7551821247393381, -0.24789441879585036, -1.462965226690117]
other derivatives: [ 2.99914973 -8.59399734  2.84235284 -3.01279215 -2.08219717 -0.21718733]
Current x array =  [-0.73886996 -0.52211502 -0.74185289  0.91386249 -2.11679874 -1.55860657
  0.71491495 -1.98964052 -2.19464829 -2.40808977  0.61027985 -1.36523247
 -1.66990636 -1.5664761  -2.16688779  0.23136232 -2.22063094 -1.52651178]
log likelihood =  -12678.2456467
Edge derivatives =  [0.2551401053454798, 0.13147039519176668, 0.4051831937149464, -1.6672861165513384, 1.0040373577458104, 0.23830699299762625, -1.0310997048254253, -0.3189497361402822, -0.09644696281780257, 0.5777841289456873, -0.2820290923445913, -1.0257070407307523]
other derivatives: [ 1.62835931 -3.88954504  1.06556399 -2.38378561 -0.24192559 -0.15734258]
Current x array =  [-0.73851983 -0.52343748 -0.74110262  0.91487112 -2.11844769 -1.5585066
  0.71459042 -1.98994534 -2.19467683 -2.41651143  0.60838427 -1.364177
 -1.66959447 -1.56765228 -2.16837895  0.23483851 -2.21827468 -1.52861327]
log likelihood =  -12678.2208751
Edge derivatives =  [0.18380957077248983, 0.31697193760154585, 0.34466601924900925, -0.7924642717117207, 1.5361800986829373, 0.06643621495026308, -1.0195437145391557, -0.019960356692464654, 0.2654010584732833, 0.3746649605574618, -0.3095487679504187, -0.053801472045040044]
other derivatives: [-0.59826561  1.10157998 -0.28176146 -0.61681931  0.60990715 -0.0347427 ]
Current x array =  [-0.73797768 -0.52484576 -0.74050733  0.91447849 -2.11799198 -1.5587081
  0.71433887 -1.9906058  -2.19406639 -2.43393781  0.60597045 -1.36265591
 -1.6705522  -1.56991319 -2.17118756  0.23674249 -2.21372782 -1.53291473]
log likelihood =  -12678.2138741
Edge derivatives =  [0.052348537275967555, 0.35861305247120784, 0.37410488582530405, -0.44158011862058444, 1.2848515462980543, 0.18169417390103826, -1.032671605512544, 0.11261346740804223, 0.4033696420006153, 0.2559763964375049, -0.3095100235052506, 0.2268094643166685]
other derivatives: [-1.12595444  1.23127393 -0.34924597  0.02182787  0.25374902  0.03547029]
Current x array =  [-0.73785666 -0.52488738 -0.74049219  0.91404082 -2.11717817 -1.55941802
  0.71407689 -1.99050181 -2.19339289 -2.44120663  0.60620051 -1.36378302
 -1.67310527 -1.57086383 -2.17223851  0.23725322 -2.21197776 -1.53383927]
log likelihood =  -12678.2002019
Edge derivatives =  [0.2920942894296332, 0.28256152908377513, 0.37628547286506053, 0.049802210302705485, 0.3101821300129193, 0.3360143220549249, -1.0076456644127454, 0.28853638197695264, 0.4732416911450585, 0.16637164361615975, -0.2945826825474029, 0.4643983980946567]
other derivatives: [ 1.5283149   1.89156708  1.98397174  0.35888661 -0.41018211  0.10986696]
Current x array =  [-0.73857981 -0.52506273 -0.74137984  0.91378127 -2.11627783 -1.56101176
  0.7127141  -1.98945626 -2.19017146 -2.45221313  0.60925503 -1.36629712
 -1.68357143 -1.57221406 -2.17260506  0.23799552 -2.210327   -1.53411808]
log likelihood =  -12678.1945162
Edge derivatives =  [1.0829380167310958, 0.149172179728155, 0.48028363103818333, 0.5848795509583286, -1.166752330301604, 0.9300577633808473, -0.9117615152150556, 0.5962648726450978, 0.49930402880591673, 0.07920679673100439, -0.2519615291563211, 0.43865617569417903]
other derivatives: [-4.09218046 -3.45899025 -2.10256985  0.90149115 -0.67793735  0.26702764]
Current x array =  [-0.73707846 -0.52356942 -0.73997182  0.91403794 -2.11498437 -1.56456506
  0.70887432 -1.98806932 -2.18367426 -2.46543669  0.61358938 -1.3735581
 -1.70585738 -1.57464518 -2.17290401  0.23834912 -2.20834316 -1.53275391]
log likelihood =  -12678.1831703
Edge derivatives =  [1.1417820917733457, 0.0483977067774673, 0.3634475514225063, 0.3985417926585898, -0.9983721448274159, 0.5948207060576434, -0.8898158385770991, 0.46027725282518583, 0.332923885479307, 0.1617258322398195, -0.2387647998394531, 0.3275900922323208]
other derivatives: [ 0.78307494 -1.72240107 -0.10713848  0.05784386 -0.49622031  0.16771082]
Current x array =  [-0.73836135 -0.52405392 -0.74067958  0.91447611 -2.11636069 -1.56356528
  0.71013008 -1.98752264 -2.18346119 -2.46139324  0.61440386 -1.37069241
 -1.70494103 -1.57349031 -2.17131347  0.23915221 -2.21016726 -1.5324137 ]
log likelihood =  -12678.1760724
Edge derivatives =  [1.3909547950389118, -0.08410282590836271, 0.25860260027026477, 0.19304887967271325, -0.9497944758943636, 0.36950622480909345, -0.8279721570390876, 0.34460817786528863, 0.12409644316521773, 0.2773607187851489, -0.21314251387654992, 0.08237848486883403]
other derivatives: [ 2.08638085 -0.6864866   1.22145138 -0.81236067 -0.13187673  0.0860382 ]
Current x array =  [-0.73870402 -0.52432844 -0.7411415   0.91512627 -2.11766807 -1.56327093
  0.7106728  -1.98681277 -2.18164348 -2.45738982  0.61563701 -1.36941939
 -1.70942438 -1.57257433 -2.16941078  0.23975234 -2.21218613 -1.53127228]
log likelihood =  -12678.1646856
Edge derivatives =  [1.5880969676937533, -0.2687034312080373, 0.09979713572149129, 0.009906716386137604, -0.8548300730892027, 0.1289648773991452, -0.6890889383236273, 0.25230673711356655, -0.17702570296869005, 0.4843896406546683, -0.14345156591348968, -0.2501869533170933]
other derivatives: [ 3.5366611   0.0340151   1.0986696  -1.69166015  0.33032848 -0.01837179]
Current x array =  [-0.73907885 -0.52451788 -0.74108121  0.91563055 -2.11905876 -1.5636858
  0.71180042 -1.9856174  -2.17651334 -2.45409289  0.61726819 -1.36879256
 -1.7237333  -1.57152671 -2.16640988  0.24046269 -2.21496276 -1.5293231 ]
log likelihood =  -12678.1541876
Edge derivatives =  [1.2180565086460546, -0.4409387278590343, -0.2133355853372431, -0.20606117896950402, -0.41098209400709584, -0.20340045187244943, -0.38379177591186553, 0.14443996777621648, -0.6074786620054793, 0.9461986573321078, 0.0758004291274465, -0.7060242375688706]
other derivatives: [-2.76013452  2.91311153  7.57681846 -1.91666913  0.6872142  -0.17571438]
Current x array =  [-0.737508   -0.52524141 -0.74335882  0.91451049 -2.11974583 -1.56578368
  0.71561552 -1.98372241 -2.16372297 -2.449076    0.61894479 -1.36958742
 -1.76105757 -1.56945131 -2.16078955  0.2405451  -2.22017049 -1.52544427]
log likelihood =  -12678.1359898
Edge derivatives =  [1.0937873900948663, -0.48184462038176373, -0.25941979950918714, -0.07357229705447066, -0.15378762294154036, -0.13012748538339536, -0.2589382988102962, 0.2537530354285008, -0.7076495125717125, 1.0034635832139918, 0.19323416898395973, -0.7504889884169673]
other derivatives: [ 1.31421984  1.68820407  1.59216142 -1.44973455  1.12977432 -0.21354936]
Current x array =  [-0.73855416 -0.52495885 -0.741215    0.91376721 -2.12049264 -1.56694874
  0.71752398 -1.98277655 -2.15810976 -2.45162991  0.61975696 -1.37041663
 -1.77831488 -1.56893545 -2.15906695  0.24265542 -2.22138307 -1.52413643]
log likelihood =  -12678.1286049
Edge derivatives =  [0.5751215241454684, -0.39202167947508026, -0.25838440720475386, 0.15395018434564087, 0.07337562970129374, -0.008756412103037459, -0.2110391612973753, 0.35402626277702465, -0.6166664857712578, 0.904797056540068, 0.2592543971437548, -0.5737180805501667]
other derivatives: [ 1.09157554  0.63319021 -0.73032425 -0.54715201  0.8581992  -0.19153958]
Current x array =  [-0.73851022 -0.52469607 -0.74038923  0.9125929  -2.11985041 -1.56805038
  0.71924967 -1.98272434 -2.15497187 -2.45576348  0.61913954 -1.37160151
 -1.78885803 -1.56886205 -2.15915301  0.24415346 -2.22097509 -1.52415695]
log likelihood =  -12678.124507
Edge derivatives =  [-0.12928891144251398, -0.28303701618076665, -0.29708753158122947, 0.3005253791162831, 0.22674023961645973, -0.005349560474434245, -0.18796066924161325, 0.343351446718715, -0.518580886845178, 0.7188170353582797, 0.29366779313511376, -0.3905964558665894]
other derivatives: [ 0.27102942 -0.70722308 -0.93841663 -0.01073204  0.04401954 -0.18480932]
Current x array =  [-0.73832523 -0.52434126 -0.74032555  0.91148938 -2.118938   -1.56899555
  0.72127805 -1.98298243 -2.15233339 -2.45807351  0.6184605  -1.3720976
 -1.79822855 -1.56826281 -2.15942453  0.2459616  -2.22071226 -1.52454094]
log likelihood =  -12678.1222168
Edge derivatives =  [-0.3688387161771445, -0.1628767083326378, -0.2942824817806293, 0.39019596324232386, 0.2070756657260615, 0.048977864915094815, -0.17575392947408897, 0.3034738536651763, -0.38731754476372643, 0.5375425111018413, 0.3040258963206191, -0.198778771214634]
other derivatives: [-0.67884685  0.9446012  -1.06047082  0.45511115 -0.33433025 -0.15952537]
Current x array =  [-0.73811438 -0.52479692 -0.74027669  0.91074855 -2.11857846 -1.56983848
  0.72207259 -1.98344107 -2.15111026 -2.4591724   0.61857641 -1.37254453
 -1.80426333 -1.56753445 -2.16022479  0.24800325 -2.22020538 -1.52522045]
log likelihood =  -12678.118605
Edge derivatives =  [-0.5194998218881131, 0.02258950004841237, -0.3167525173954902, 0.3656309998932411, 0.36409302897996354, 0.03782811432509636, -0.14093609405799506, 0.1338120491475573, -0.22532183980212447, 0.27877526126184504, 0.30338696178563895, 0.00831284487738343]
other derivatives: [-0.7899871  -0.37416612  0.17716957  0.87220542 -0.45147317 -0.16207196]
Current x array =  [-0.73812385 -0.52445755 -0.74070985  0.91000409 -2.11876557 -1.57089507
  0.7233493  -1.98428438 -2.14958957 -2.45711196  0.6189196  -1.37240094
 -1.81297468 -1.56566604 -2.16116069  0.25163263 -2.22014891 -1.5260893 ]
log likelihood =  -12678.1150124
Edge derivatives =  [-0.39940864975606605, 0.1307244174639295, -0.3444780632909725, 0.2149207241804335, 0.14370993480070804, -0.019760167099413528, -0.1330182391378958, -0.15332863286889337, -0.10967670774531502, -0.061682281331387645, 0.22873993161375744, 0.08088568428149434]
other derivatives: [-0.61645551  0.22882887  0.51586539  0.30322553 -0.83800842 -0.15988917]
Current x array =  [-0.7382001  -0.52462411 -0.74082762  0.91035614 -2.11944791 -1.571983
  0.72364599 -1.98513959 -2.14922893 -2.45328544  0.62033203 -1.3720911
 -1.81972474 -1.56358027 -2.16243739  0.25582468 -2.21992292 -1.5269799 ]
log likelihood =  -12678.1146503
Edge derivatives =  [0.7251439586068511, 0.31865931353295124, -0.2260978743810705, 0.15319628024561996, 0.6181108004403346, 0.209327862866045, -0.029175966719372753, -0.16368846162555867, 0.1334000105257484, -0.03875917503125115, 0.2302442471360599, 0.3125957066645755]
other derivatives: [ 0.12350938 -0.2068191   0.81636244  1.42590579  1.80152711 -0.1031367 ]
Current x array =  [-0.73840526 -0.52456219 -0.740873    0.9103817  -2.12213544 -1.57354098
  0.72311149 -1.98563365 -2.14998025 -2.44992878  0.62189622 -1.37223957
 -1.82620457 -1.56243558 -2.16415351  0.25953912 -2.21896582 -1.52778543]
log likelihood =  -12678.1127062
Edge derivatives =  [0.25632109325425545, 0.16488513591345527, -0.3012671280401438, 0.056549592388438596, 0.08593588479892511, 0.03548027468232107, -0.09158787615007705, -0.27236276654004393, -0.013358007032807429, -0.15959428191236885, 0.1620103159586287, 0.08529865577015605]
other derivatives: [-0.20500011 -0.1195076   0.10641088 -0.02182787  0.13096724 -0.12405508]
Current x array =  [-0.73830738 -0.52454233 -0.74066112  0.9112529  -2.12131802 -1.57322965
  0.72324145 -1.98531018 -2.15022813 -2.44945341  0.62222582 -1.37190777
 -1.82446442 -1.56265403 -2.16364833  0.25885102 -2.21922539 -1.52736887]
log likelihood =  -12678.1124175
Edge derivatives =  [0.18795757153012205, 0.129739989164533, -0.2959056970272878, 0.058060273653805644, 0.03197686883140638, 0.04122208550132178, -0.09666736195339384, -0.23595351662371422, -0.031119990080680338, -0.1317792532156502, 0.155809900156628, 0.04908069091865752]
other derivatives: [ 0.21645974  0.07385097  0.01600711 -0.13587851 -0.00418368 -0.11878001]
Current x array =  [-0.73841447 -0.52459116 -0.74063936  0.911334   -2.12122691 -1.57329133
  0.72332784 -1.98509615 -2.15048993 -2.44971202  0.62226442 -1.37196043
 -1.82418267 -1.56303228 -2.163586    0.25842481 -2.21907159 -1.5272066 ]
log likelihood =  -12678.1115824
Edge derivatives =  [0.048041381488379775, 0.043421237651493694, -0.2543317153364194, 0.04412337859616322, -0.11486352304539471, 0.09570022839177794, -0.10432258474050368, -0.10833537405349764, -0.039715984919656167, -0.05349591180946639, 0.12958460628319496, -0.030909218715548525]
other derivatives: [ 0.43182808  0.25120244 -0.26957423 -0.34706318 -0.19881554 -0.08294592]
Current x array =  [-0.73846255 -0.52462744 -0.74056183  0.91156993 -2.1212348  -1.57385919
  0.72369387 -1.9844314  -2.15184467 -2.4497863   0.62265005 -1.37207257
 -1.8241869  -1.56421962 -2.16378194  0.25754218 -2.2182131  -1.52684108]
log likelihood =  -12678.1105548
Edge derivatives =  [-0.08985458502493882, -0.0069975983102342765, -0.1823985448656086, 0.005786158884528186, -0.18809379145217564, 0.18914537917274798, -0.090761999149133, 0.03376616492418594, 0.03166135264534137, -0.01556033149748881, 0.08227750127884392, -0.05097798370110307]
other derivatives: [ 0.69048838  0.27885108 -0.30177034 -0.35161065 -0.20136213 -0.0170985 ]
Current x array =  [-0.73853374 -0.52463142 -0.74057297  0.91159989 -2.12159161 -1.57532806
  0.72463114 -1.98368801 -2.15385664 -2.44875195  0.62338808 -1.37192787
 -1.82788634 -1.56530028 -2.16457811  0.25783571 -2.21655512 -1.52667552]
log likelihood =  -12678.1119106
Edge derivatives =  [-0.17134491617815928, -0.16786750498268432, -0.12252870649726288, -0.10895636770737793, -0.19494217358629073, 0.14676737044701427, -0.07225191106639156, 0.2164047076968283, -0.0042995191966132, 0.15276646244271108, 0.0058348063443043885, -0.2010605000246421]
other derivatives: [-3.74038791  0.69394446  0.31523086 -0.51350071 -0.08458301  0.0349246 ]
Current x array =  [-0.7373798  -0.52470933 -0.74078666  0.9116189  -2.12187879 -1.57671624
  0.72524288 -1.98210285 -2.15812252 -2.4464732   0.6237817  -1.37002773
 -1.82984824 -1.56693873 -2.16435442  0.25660199 -2.2143547  -1.525808  ]
log likelihood =  -12678.1102113
Edge derivatives =  [-0.11511142759225024, -0.056862714914756196, -0.1637407252391812, -0.029762517888064305, -0.1902015797641886, 0.17608499118739085, -0.08501238732089966, 0.0904558573988844, 0.020513043873772507, 0.03668147472125438, 0.058618782993238916, -0.097510823002459]
other derivatives: [-0.68102963  0.40872692 -0.11132215 -0.40199666 -0.16370905 -0.00309228]
Current x array =  [-0.7381759  -0.52465558 -0.74063924  0.91160578 -2.12168067 -1.57575855
  0.72482084 -1.98319644 -2.15517952 -2.44804529  0.62351015 -1.37133863
 -1.82849474 -1.56580837 -2.16450874  0.25745312 -2.21587276 -1.5264065 ]
log likelihood =  -12678.1096444
Edge derivatives =  [-0.17677520672524216, -0.034544670438116154, -0.11723219399038395, -0.05669632788731957, -0.09486609957440195, 0.22894285281409377, -0.05562868349489519, 0.14888022342657659, 0.11243995730169548, 0.01605842045979411, 0.027441816339696112, -0.03908634651309173]
other derivatives: [-0.39217412  0.08185452 -0.01909939 -0.12241799  0.02874003  0.03547029]
Current x array =  [-0.73826322 -0.52457639 -0.74067546  0.91125993 -2.12203735 -1.5770849
  0.72571789 -1.98285964 -2.1563663  -2.44677144  0.62392823 -1.37086131
 -1.83377513 -1.56596411 -2.16516554  0.25864622 -2.21459007 -1.52650804]
log likelihood =  -12678.1092002
Edge derivatives =  [-0.15158848014177484, -0.027690908826751626, -0.10835313435416308, -0.07328582817255089, -0.01802681003450024, 0.19156736514037698, -0.03777680605563294, 0.14405397063478975, 0.12964108716803746, 0.008408254597856768, 0.0010875530151073787, -0.0070915498378004704]
other derivatives: [-0.24374458  0.09858923 -0.00927685  0.05438778  0.11095835  0.03255991]
Current x array =  [-0.73830794 -0.5245875  -0.74067201  0.91088025 -2.12200541 -1.57766406
  0.72583665 -1.98265247 -2.15744424 -2.44607854  0.62392342 -1.36987773
 -1.83644771 -1.56577002 -2.16510118  0.25911276 -2.21383735 -1.52654517]
log likelihood =  -12678.1093345
Edge derivatives =  [0.12652585628349255, -0.10789258082754949, -0.10911413964617, -0.1464603617211341, 0.05443463822867578, -0.027601121666247286, -0.009211748613081758, 0.07538555209073927, 0.0404486944716676, 0.05687749829339739, -0.10708065041505377, -0.056455989013483254]
other derivatives: [ 0.37853169 -2.38305802  0.44910848 -0.01873559  0.28285285  0.00327418]
Current x array =  [-0.73845517 -0.5239169  -0.74081877  0.91048446 -2.12172033 -1.57860899
  0.72492097 -1.98187454 -2.16184842 -2.44459371  0.62383664 -1.36641824
 -1.83937612 -1.56542468 -2.16399832  0.25885164 -2.21196274 -1.52626984]
log likelihood =  -12678.1088474
Edge derivatives =  [-0.023708406377471958, -0.06456424135892691, -0.10862937264275366, -0.10691972834110416, 0.015307073876450028, 0.09112295004722637, -0.024626063197533757, 0.11249578996349974, 0.08863459331240864, 0.03071128181604399, -0.04861088181169318, -0.029782124885997352]
other derivatives: [ 0.04220055 -1.04173523  0.20063453  0.02237357  0.19099389  0.01982698]
Current x array =  [-0.73837565 -0.52427912 -0.7407395   0.91069825 -2.12187431 -1.57809859
  0.72541557 -1.98229474 -2.15946951 -2.44539574  0.62388352 -1.36828687
 -1.83779435 -1.56561121 -2.16459403  0.25899268 -2.21297531 -1.52641856]
log likelihood =  -12678.1084601
Edge derivatives =  [0.08899142003115035, -0.06455511855211332, -0.11494177954455956, -0.12550566981094655, 0.08941728986480046, -0.015980869821596966, -0.00715511363258943, 0.05811255689446271, 0.06175674711703222, 0.02779447589819406, -0.08548880419945884, -0.002273309416819025]
other derivatives: [ 0.17935236 -0.03637979  0.0858563   0.17025741  0.23865141 -0.00454747]
Current x array =  [-0.73841924 -0.52455686 -0.74068055  0.91018201 -2.12160834 -1.57848313
  0.72501198 -1.9821257  -2.1611645  -2.4448024   0.62366652 -1.36653809
 -1.83988806 -1.56507494 -2.16402936  0.25921718 -2.21223321 -1.52645447]
log likelihood =  -12678.1083728
Edge derivatives =  [0.05913083159731958, -0.07083695103007442, -0.12145626324579734, -0.11459918653743575, 0.058996744372349585, -0.03969014373716395, -0.01348129246043199, 0.04532352897100567, 0.03460379402456587, 0.029036783166664915, -0.08356942471739451, -0.010316253400475484]
other derivatives: [ 0.13533281 -0.01473381  0.01182343  0.13460522  0.1024091  -0.00836735]
Current x array =  [-0.73840545 -0.52456003 -0.740654    0.91013979 -2.12138684 -1.57831813
  0.72486124 -1.98216111 -2.16136298 -2.44516872  0.62352755 -1.36635551
 -1.83921829 -1.56502712 -2.16375796  0.25890823 -2.21235782 -1.52642628]
log likelihood =  -12678.1082128
Edge derivatives =  [-0.009396977571690002, -0.07931203457868408, -0.12330228765950974, -0.08523344812176412, -0.011906589268988244, -0.06911199615734942, -0.024565244750148152, 0.013153528007064264, -0.016480617567029288, 0.02715488365512131, -0.08318727708354873, -0.024912480869830167]
other derivatives: [ 0.11077645  0.07767085  0.13587851 -0.01273293 -0.1537046  -0.01564331]
Current x array =  [-0.73839715 -0.52457886 -0.7407029   0.91021469 -2.12104362 -1.57815805
  0.72465597 -1.98232033 -2.1620885  -2.44613168  0.62334246 -1.36611687
 -1.83842781 -1.56494114 -2.16329194  0.25841508 -2.21257384 -1.52641239]
log likelihood =  -12678.1080861
Edge derivatives =  [-0.06230062576423623, -0.07023212915201155, -0.10029109380210696, -0.04378249309030882, -0.06724771575108135, -0.06909599988415993, -0.029042855652215815, -0.02002743124468198, -0.06428096927424021, 0.02253553839000244, -0.08117162047466636, -0.02284346607226606]
other derivatives: [-0.07712515 -0.052205   -0.57316356 -0.09840733 -0.31122909 -0.00745786]
Current x array =  [-0.73834234 -0.52454034 -0.74045277  0.91031676 -2.12081724 -1.57828018
  0.7245116  -1.98260209 -2.1635778  -2.44729853  0.62321782 -1.36573192
 -1.83871466 -1.56476315 -2.16280769  0.25812769 -2.21269276 -1.52646247]
log likelihood =  -12678.107925
Edge derivatives =  [-0.06304440590100802, -0.0558868876875121, -0.08170069093174284, -0.020987617303567296, -0.07034096458332151, -0.056477852902408476, -0.02576885440527145, -0.036562001553050005, -0.07228065101081271, 0.020740243964625815, -0.08137541759434752, -0.010414009427278659]
other derivatives: [-0.0345608   0.02655725 -0.20118023 -0.11514203 -0.28740033  0.00491127]
Current x array =  [-0.73835546 -0.52456149 -0.74058685  0.91041713 -2.12083444 -1.57849823
  0.72452597 -1.98278588 -2.16446117 -2.44784863  0.62324468 -1.36561582
 -1.83948897 -1.56467108 -2.16269607  0.25819133 -2.21269455 -1.52652433]
log likelihood =  -12678.1077724
Edge derivatives =  [-0.025194198657103373, -0.014816347430791355, -0.03742657083729173, 0.01560420612435759, -0.03245696352827476, -0.0005587342174390164, -0.01287621339606286, -0.046496469310670197, -0.05806857191072318, 0.017584548728069804, -0.0741794825276195, 0.025365628216384273]
other derivatives: [-0.01527951  0.03656169  0.1033186  -0.03528839 -0.06457412  0.03274181]
Current x array =  [-0.73836352 -0.52456724 -0.7406958   0.91059001 -2.12108137 -1.57899466
  0.72466803 -1.98313329 -2.1658671  -2.44856308  0.6233847  -1.36558245
 -1.84145541 -1.56453697 -2.16274585  0.25860104 -2.21268797 -1.52666019]
log likelihood =  -12678.107742
Edge derivatives =  [-0.013109152927167855, -0.006121034516819002, -0.02184976606126532, 0.019222727716249638, -0.019123311505072182, 0.01750716817783826, -0.008254690894704, -0.03520075249370158, -0.04761650312721821, 0.016051125911008435, -0.07008040923976128, 0.023639321047284723]
other derivatives: [ 0.01473381  0.0172804   0.05329639 -0.0167347   0.01073204  0.04001777]
Current x array =  [-0.73837129 -0.52456372 -0.74067861  0.910654   -2.121179   -1.57914238
  0.72472747 -1.98319652 -2.16638243 -2.44862334  0.62343784 -1.3655323
 -1.84215413 -1.56459877 -2.16285512  0.258755   -2.21271036 -1.52663749]
log likelihood =  -12678.107707
Edge derivatives =  [0.016480495326034683, 0.011087376461786536, -0.0040373033122113045, 0.026758289908313138, 0.015419033510231106, 0.03152972837872581, -0.00239454389100599, -0.007576952645451662, -0.029021558422303473, 0.012664120207232066, -0.05127241877242453, 0.018201203538651567]
other derivatives: [-0.20318112 -0.04038156 -0.00236469  0.08312782  0.12623786  0.04183676]
Current x array =  [-0.73831488 -0.52455015 -0.74065655  0.91064864 -2.12121953 -1.57914279
  0.72469331 -1.98329745 -2.16709261 -2.44871293  0.62339115 -1.36534583
 -1.84275336 -1.56472881 -2.16302118  0.25888466 -2.21296491 -1.5265491 ]
log likelihood =  -12678.1076754
Edge derivatives =  [0.023378465425362815, 0.019669515979720664, 0.008887437576318657, 0.029042548321700223, 0.024002165618764115, 0.04004573865072203, -0.0008102497863732988, 0.021550800366243905, -0.013345529696768499, 0.0027475550895540435, -0.03130447006362691, -0.005756466292136775]
other derivatives: [ 0.13988029 -0.04420144 -0.12223609  0.102591    0.15352271  0.03983587]
Current x array =  [-0.73840249 -0.52455142 -0.74061728  0.91071295 -2.12120805 -1.57902188
  0.7246414  -1.98339864 -2.16768865 -2.44880029  0.62333286 -1.36522996
 -1.84302175 -1.56492678 -2.16325108  0.25896474 -2.21336735 -1.52642087]
log likelihood =  -12678.1076489
Edge derivatives =  [0.015991522871616093, 0.015542154794261964, 0.004318744698030452, 0.02266627175073782, 0.014669269635751547, 0.024405882474670904, -0.002893693920176188, 0.029299778067575222, -0.009423016122314998, -0.00803566893026475, -0.02456616849433002, -0.023758958160069454]
other derivatives: [ 0.05566108 -0.03310561 -0.0856744   0.07566996  0.10040822  0.03547029]
Current x array =  [-0.73838012 -0.52455281 -0.74062951  0.91072508 -2.12112946 -1.57886482
  0.72456945 -1.983391   -2.16778736 -2.44871186  0.62326992 -1.36512129
 -1.84287333 -1.56501379 -2.16335222  0.25894736 -2.21357429 -1.52634876]
  status: 0
 success: True
    nfev: 93
     fun: 12678.107648872669
       x: array([-0.73838012, -0.52455281, -0.74062951,  0.91072508, -2.12112946,
       -1.57886482,  0.72456945, -1.983391  , -2.16778736, -2.44871186,
        0.62326992, -1.36512129, -1.84287333, -1.56501379, -2.16335222,
        0.25894736, -2.21357429, -1.52634876])
 message: 'CONVERGENCE: REL_REDUCTION_OF_F_<=_FACTR*EPSMCH'
     jac: array([-0.05566108,  0.03310561,  0.0856744 , -0.07566996, -0.10040822,
       -0.03547029, -0.01599152, -0.01554215, -0.00431874, -0.02266627,
       -0.01466927, -0.02440588,  0.00289369, -0.02929978,  0.00942302,
        0.00803567,  0.02456617,  0.02375896])
     nit: 84
Lr rates:  [ 0.12113056  0.85801449  0.79292689  0.53210498  0.775371    0.81358928
  0.79214495]
Process rates:  [ 0.52502868  0.61491389  0.39120505  5.85872721  0.08624044  3.4499598 ]
log likelihood =  16407.8815097
Lr derivatives =  [-2274.2506698254642, -1937.8216578255597, -1158.8154109348461, -249.42593755483847, -344.2737026510415, -96.696836137483814, 72.841388645811605]
other derivatives =  [  273.53562473   230.1618224   -313.90736694 -1209.69743875 -1230.68239191
    -9.11240932]
Current x_clock array =  [-0.64430238 -0.48627304 -0.93852343  1.76793238 -2.45061608  1.23836258
 -2.11088631 -0.15313429 -0.23202426 -0.63091448 -0.25441366 -0.20629961
 -0.23301088]
Lr rates:  [ 0.26695121  0.85806014  0.79299081  0.53222164  0.77543954  0.8136476
  0.77234812]
Process rates:  [ 0.47742731  0.56765376  0.39132584  8.91955709  0.13225666  3.46090017]
log likelihood =  14260.3744001
Lr derivatives =  [-944.46372359987538, -818.58865717953256, -255.31447572233634, 430.77742139294622, 83.016161388044779, 104.265545380882, 115.94231723770966]
other derivatives =  [-224.42036425  -88.71975297 -404.41009332 -296.11492209 -755.69369073
  239.28023438]
Current x_clock array =  [-0.73934336 -0.56624363 -0.93821471  2.18824629 -2.02301087  1.24152872
 -1.32068939 -0.15308108 -0.23194364 -0.63069527 -0.25432526 -0.20622793
 -0.25831989]
Lr rates:  [ 0.53588874  1.          0.71544818  0.41249996  0.69697984  0.75960705
  0.72490209]
Process rates:  [  0.51627269   0.57786373   0.4470304   11.70526865   0.2168276
   3.08885523]
log likelihood =  13776.7680224
Lr derivatives =  [817.20925128658826, 651.80497164271071, 845.38122537341951, 1048.8310514362556, 525.09804139930338, 322.14056514767867, 181.78544748871775]
other derivatives =  [ 110.06522982 -183.75994841 -208.58751668  932.2699043   537.84933698
  424.31784095]
Current x_clock array =  [-0.66112019 -0.5484172  -0.80512868  2.46003905 -1.52865269  1.12780055
 -0.62382871  0.         -0.33484611 -0.88551918 -0.36099879 -0.27495402
 -0.32171868]
Lr rates:  [ 0.46534988  1.          0.68349701  0.36280901  0.662313    0.731104
  0.70773571]
Process rates:  [  0.50989801   0.59417569   0.46863169  10.14326265   0.19815577
   2.91450947]
log likelihood =  13451.537139
Lr derivatives =  [-79.095915482564592, -166.68362196508957, 47.756818449548462, 379.92167611079009, 75.717209061205295, 58.153610037232525, 75.446347998466436]
other derivatives =  [  67.44739949  -15.35281626  -89.74984667  313.90190998  -35.63818609
  275.08685889]
Current x_clock array =  [-0.67354455 -0.52058023 -0.75793812  2.31680971 -1.61870185  1.06970153
 -0.76496573  0.         -0.38053299 -1.01387872 -0.41201702 -0.31319956
 -0.34568455]
Lr rates:  [ 0.50366165  1.          0.65848642  0.31390173  0.63240205  0.70700371
  0.6863715 ]
Process rates:  [ 0.50783964  0.60276162  0.4940161   9.61840047  0.20934179  2.68678775]
log likelihood =  13364.2254751
Lr derivatives =  [-201.99629162832292, -321.70617059472335, -144.60981512390754, 155.66431106101885, -69.082625860719901, -30.923044358046809, 34.751462712530518]
other derivatives =  [  73.98193702   50.91969797   61.92312867  223.90668164  -36.42489901
  223.97580324]
Current x_clock array =  [-0.67758956 -0.50623349 -0.70518717  2.26367798 -1.563787    0.98834634
 -0.68585057  0.         -0.41781137 -1.15867531 -0.45822993 -0.34671936
 -0.37633625]
Lr rates:  [ 0.59667621  1.          0.66224729  0.25231255  0.61736904  0.69012771
  0.65516376]
Process rates:  [ 0.49451198  0.59944819  0.50203628  8.32653521  0.22382789  2.25434062]
log likelihood =  13254.0126269
Lr derivatives =  [-248.47374430433123, -411.71620960274419, -273.55972711977, -46.88869986572697, -185.22551707259504, -100.76420698679604, -4.0596800712036583]
other derivatives =  [   9.63755156   38.9320121   126.49197743  154.50696083   17.23838068
  181.04310584]
Current x_clock array =  [-0.70418389 -0.51174572 -0.68908289  2.11944743 -1.49687789  0.81285752
 -0.51638067  0.         -0.41211625 -1.37708668 -0.48228832 -0.37087861
 -0.42287006]
Lr rates:  [ 0.82730513  1.          0.77510898  0.17631536  0.66300036  0.70232116
  0.60733932]
Process rates:  [ 0.496163    0.61208147  0.49352846  5.4478716   0.22579877  1.45529278]
log likelihood =  13054.0486639
Lr derivatives =  [-266.06023002608066, -456.83568516897446, -344.18626857508741, -249.08190535253337, -256.62231005606219, -134.61926733149969, -41.31871615549931]
other derivatives =  [  66.25450624  129.56443243   92.48178685    5.96210157   70.31630957
  140.03890101]
Current x_clock array =  [-0.70085078 -0.49088988 -0.70617476  1.695225   -1.48811109  0.3752071
 -0.18958169  0.         -0.25475164 -1.73548104 -0.41097975 -0.35336449
 -0.49866763]
Lr rates:  [ 1.40638385  1.          1.          0.11670621  0.85986994  0.7604675
  0.555128  ]
Process rates:  [ 0.40922872  0.50554379  0.55280905  2.62290688  0.18338486  0.57789187]
log likelihood =  12971.2545556
Lr derivatives =  [-296.34146666582541, -442.39217135040406, nan, -368.6141506334933, -158.4753969168741, -77.261937733972076, -58.455625491455393]
other derivatives =  [-485.22233556 -391.50054363  510.76058298 -211.89862309   46.67163012
   53.86245903]
Current x_clock array =  [-0.89348105 -0.68212061 -0.59274264  0.9642832  -1.69616828 -0.54836851
  0.34102177  0.          0.         -2.14809552 -0.15097414 -0.2738219
 -0.58855657]
Lr rates:  [ 1.40638385  1.          1.          0.11670621  0.85986994  0.7604675
  0.555128  ]
Process rates:  [ 0.40922872  0.50554379  0.55280905  2.62290688  0.18338486  0.57789187]
log likelihood =  12971.2545556
Lr derivatives =  [-296.34146666582541, -442.39217135040406, nan, -368.6141506334933, -158.4753969168741, -77.261937733972076, -58.455625491455393]
other derivatives =  [-485.22233556 -391.50054363  510.76058298 -211.89862309   46.67163012
   53.86245903]
Current x_clock array =  [-0.89348105 -0.68212061 -0.59274264  0.9642832  -1.69616828 -0.54836851
  0.34102177  0.          0.         -2.14809552 -0.15097414 -0.2738219
 -0.58855657]
Lr rates:  [ 1.40638385  1.          1.          0.11670621  0.85986994  0.7604675
  0.555128  ]
Process rates:  [ 0.40922872  0.50554379  0.55280905  2.62290688  0.18338486  0.57789187]
log likelihood =  12971.2545556
Lr derivatives =  [-296.34146666582541, -442.39217135040406, nan, -368.6141506334933, -158.4753969168741, -77.261937733972076, -58.455625491455393]
other derivatives =  [-485.22233556 -391.50054363  510.76058298 -211.89862309   46.67163012
   53.86245903]
Current x_clock array =  [-0.89348105 -0.68212061 -0.59274264  0.9642832  -1.69616828 -0.54836851
  0.34102177  0.          0.         -2.14809552 -0.15097414 -0.2738219
 -0.58855657]
Lr rates:  [ 1.40638385  1.          1.          0.11670621  0.85986994  0.7604675
  0.555128  ]
Process rates:  [ 0.40922872  0.50554379  0.55280905  2.62290688  0.18338486  0.57789187]
log likelihood =  12971.2545556
Lr derivatives =  [-296.34146666582541, -442.39217135040406, nan, -368.6141506334933, -158.4753969168741, -77.261937733972076, -58.455625491455393]
other derivatives =  [-485.22233556 -391.50054363  510.76058298 -211.89862309   46.67163012
   53.86245903]
Current x_clock array =  [-0.89348105 -0.68212061 -0.59274264  0.9642832  -1.69616828 -0.54836851
  0.34102177  0.          0.         -2.14809552 -0.15097414 -0.2738219
 -0.58855657]
Lr rates:  [ 1.40638385  1.          1.          0.11670621  0.85986994  0.7604675
  0.555128  ]
Process rates:  [ 0.40922872  0.50554379  0.55280905  2.62290688  0.18338486  0.57789187]
log likelihood =  12971.2545556
Lr derivatives =  [-296.34146666582541, -442.39217135040406, nan, -368.6141506334933, -158.4753969168741, -77.261937733972076, -58.455625491455393]
other derivatives =  [-485.22233556 -391.50054363  510.76058298 -211.89862309   46.67163012
   53.86245903]
Current x_clock array =  [-0.89348105 -0.68212061 -0.59274264  0.9642832  -1.69616828 -0.54836851
  0.34102177  0.          0.         -2.14809552 -0.15097414 -0.2738219
 -0.58855657]
Lr rates:  [ 1.40638385  1.          1.          0.11670621  0.85986994  0.7604675
  0.555128  ]
Process rates:  [ 0.40922872  0.50554379  0.55280905  2.62290688  0.18338486  0.57789187]
log likelihood =  12971.2545556
Lr derivatives =  [-296.34146666582541, -442.39217135040406, nan, -368.6141506334933, -158.4753969168741, -77.261937733972076, -58.455625491455393]
other derivatives =  [-485.22233556 -391.50054363  510.76058298 -211.89862309   46.67163012
   53.86245903]
Current x_clock array =  [-0.89348105 -0.68212061 -0.59274264  0.9642832  -1.69616828 -0.54836851
  0.34102177  0.          0.         -2.14809552 -0.15097414 -0.2738219
 -0.58855657]
Lr rates:  [ 1.40638385  1.          1.          0.11670621  0.85986994  0.7604675
  0.555128  ]
Process rates:  [ 0.40922872  0.50554379  0.55280905  2.62290688  0.18338486  0.57789187]
log likelihood =  12971.2545556
Lr derivatives =  [-296.34146666582541, -442.39217135040406, nan, -368.6141506334933, -158.4753969168741, -77.261937733972076, -58.455625491455393]
other derivatives =  [-485.22233556 -391.50054363  510.76058298 -211.89862309   46.67163012
   53.86245903]
Current x_clock array =  [-0.89348105 -0.68212061 -0.59274264  0.9642832  -1.69616828 -0.54836851
  0.34102177  0.          0.         -2.14809552 -0.15097414 -0.2738219
 -0.58855657]
Lr rates:  [ 1.40638385  1.          1.          0.11670621  0.85986994  0.7604675
  0.555128  ]
Process rates:  [ 0.40922872  0.50554379  0.55280905  2.62290688  0.18338486  0.57789187]
log likelihood =  12971.2545556
Lr derivatives =  [-296.34146666582541, -442.39217135040406, nan, -368.6141506334933, -158.4753969168741, -77.261937733972076, -58.455625491455393]
other derivatives =  [-485.22233556 -391.50054363  510.76058298 -211.89862309   46.67163012
   53.86245903]
Current x_clock array =  [-0.89348105 -0.68212061 -0.59274264  0.9642832  -1.69616828 -0.54836851
  0.34102177  0.          0.         -2.14809552 -0.15097414 -0.2738219
 -0.58855657]
Lr rates:  [ 1.40638385  1.          1.          0.11670621  0.85986994  0.7604675
  0.555128  ]
Process rates:  [ 0.40922872  0.50554379  0.55280905  2.62290688  0.18338486  0.57789187]
log likelihood =  12971.2545556
Lr derivatives =  [-296.34146666582541, -442.39217135040406, nan, -368.6141506334933, -158.4753969168741, -77.261937733972076, -58.455625491455393]
other derivatives =  [-485.22233556 -391.50054363  510.76058298 -211.89862309   46.67163012
   53.86245903]
Current x_clock array =  [-0.89348105 -0.68212061 -0.59274264  0.9642832  -1.69616828 -0.54836851
  0.34102177  0.          0.         -2.14809552 -0.15097414 -0.2738219
 -0.58855657]
Lr rates:  [ 1.40638385  1.          1.          0.11670621  0.85986994  0.7604675
  0.555128  ]
Process rates:  [ 0.40922872  0.50554379  0.55280905  2.62290688  0.18338486  0.57789187]
log likelihood =  12971.2545556
Lr derivatives =  [-296.34146666582541, -442.39217135040406, nan, -368.6141506334933, -158.4753969168741, -77.261937733972076, -58.455625491455393]
other derivatives =  [-485.22233556 -391.50054363  510.76058298 -211.89862309   46.67163012
   53.86245903]
Current x_clock array =  [-0.89348105 -0.68212061 -0.59274264  0.9642832  -1.69616828 -0.54836851
  0.34102177  0.          0.         -2.14809552 -0.15097414 -0.2738219
 -0.58855657]
Lr rates:  [ 1.40638385  1.          1.          0.11670621  0.85986994  0.7604675
  0.555128  ]
Process rates:  [ 0.40922872  0.50554379  0.55280905  2.62290688  0.18338486  0.57789187]
log likelihood =  12971.2545556
Lr derivatives =  [-296.34146666582541, -442.39217135040406, nan, -368.6141506334933, -158.4753969168741, -77.261937733972076, -58.455625491455393]
other derivatives =  [-485.22233556 -391.50054363  510.76058298 -211.89862309   46.67163012
   53.86245903]
Current x_clock array =  [-0.89348105 -0.68212061 -0.59274264  0.9642832  -1.69616828 -0.54836851
  0.34102177  0.          0.         -2.14809552 -0.15097414 -0.2738219
 -0.58855657]
Lr rates:  [ 1.40638385  1.          1.          0.11670621  0.85986994  0.7604675
  0.555128  ]
Process rates:  [ 0.40922872  0.50554379  0.55280905  2.62290688  0.18338486  0.57789187]
log likelihood =  12971.2545556
Lr derivatives =  [-296.34146666582541, -442.39217135040406, nan, -368.6141506334933, -158.4753969168741, -77.261937733972076, -58.455625491455393]
other derivatives =  [-485.22233556 -391.50054363  510.76058298 -211.89862309   46.67163012
   53.86245903]
Current x_clock array =  [-0.89348105 -0.68212061 -0.59274264  0.9642832  -1.69616828 -0.54836851
  0.34102177  0.          0.         -2.14809552 -0.15097414 -0.2738219
 -0.58855657]
Lr rates:  [ 1.40638385  1.          1.          0.11670621  0.85986994  0.7604675
  0.555128  ]
Process rates:  [ 0.40922872  0.50554379  0.55280905  2.62290688  0.18338486  0.57789187]
log likelihood =  12971.2545556
Lr derivatives =  [-296.34146666582541, -442.39217135040406, nan, -368.6141506334933, -158.4753969168741, -77.261937733972076, -58.455625491455393]
other derivatives =  [-485.22233556 -391.50054363  510.76058298 -211.89862309   46.67163012
   53.86245903]
Current x_clock array =  [-0.89348105 -0.68212061 -0.59274264  0.9642832  -1.69616828 -0.54836851
  0.34102177  0.          0.         -2.14809552 -0.15097414 -0.2738219
 -0.58855657]
Lr rates:  [ 1.40638385  1.          1.          0.11670621  0.85986994  0.7604675
  0.555128  ]
Process rates:  [ 0.40922872  0.50554379  0.55280905  2.62290688  0.18338486  0.57789187]
log likelihood =  12971.2545556
Lr derivatives =  [-296.34146666582541, -442.39217135040406, nan, -368.6141506334933, -158.4753969168741, -77.261937733972076, -58.455625491455393]
other derivatives =  [-485.22233556 -391.50054363  510.76058298 -211.89862309   46.67163012
   53.86245903]
Current x_clock array =  [-0.89348105 -0.68212061 -0.59274264  0.9642832  -1.69616828 -0.54836851
  0.34102177  0.          0.         -2.14809552 -0.15097414 -0.2738219
 -0.58855657]
Lr rates:  [ 1.40638385  1.          1.          0.11670621  0.85986994  0.7604675
  0.555128  ]
Process rates:  [ 0.40922872  0.50554379  0.55280905  2.62290688  0.18338486  0.57789187]
log likelihood =  12971.2545556
Lr derivatives =  [-296.34146666582541, -442.39217135040406, nan, -368.6141506334933, -158.4753969168741, -77.261937733972076, -58.455625491455393]
other derivatives =  [-485.22233556 -391.50054363  510.76058298 -211.89862309   46.67163012
   53.86245903]
Current x_clock array =  [-0.89348105 -0.68212061 -0.59274264  0.9642832  -1.69616828 -0.54836851
  0.34102177  0.          0.         -2.14809552 -0.15097414 -0.2738219
 -0.58855657]
Lr rates:  [ 1.40638385  1.          1.          0.11670621  0.85986994  0.7604675
  0.555128  ]
Process rates:  [ 0.40922872  0.50554379  0.55280905  2.62290688  0.18338486  0.57789187]
log likelihood =  12971.2545556
Lr derivatives =  [-296.34146666582541, -442.39217135040406, nan, -368.6141506334933, -158.4753969168741, -77.261937733972076, -58.455625491455393]
other derivatives =  [-485.22233556 -391.50054363  510.76058298 -211.89862309   46.67163012
   53.86245903]
Current x_clock array =  [-0.89348105 -0.68212061 -0.59274264  0.9642832  -1.69616828 -0.54836851
  0.34102177  0.          0.         -2.14809552 -0.15097414 -0.2738219
 -0.58855657]
Lr rates:  [ 1.40638385  1.          1.          0.11670621  0.85986994  0.7604675
  0.555128  ]
Process rates:  [ 0.40922872  0.50554379  0.55280905  2.62290688  0.18338486  0.57789187]
log likelihood =  12971.2545556
Lr derivatives =  [-296.34146666582541, -442.39217135040406, nan, -368.6141506334933, -158.4753969168741, -77.261937733972076, -58.455625491455393]
other derivatives =  [-485.22233556 -391.50054363  510.76058298 -211.89862309   46.67163012
   53.86245903]
Current x_clock array =  [-0.89348105 -0.68212061 -0.59274264  0.9642832  -1.69616828 -0.54836851
  0.34102177  0.          0.         -2.14809552 -0.15097414 -0.2738219
 -0.58855657]
Lr rates:  [ 1.40638385  1.          1.          0.11670621  0.85986994  0.7604675
  0.555128  ]
Process rates:  [ 0.40922872  0.50554379  0.55280905  2.62290688  0.18338486  0.57789187]
log likelihood =  12971.2545556
Lr derivatives =  [-296.34146666582541, -442.39217135040406, nan, -368.6141506334933, -158.4753969168741, -77.261937733972076, -58.455625491455393]
other derivatives =  [-485.22233556 -391.50054363  510.76058298 -211.89862309   46.67163012
   53.86245903]
Current x_clock array =  [-0.89348105 -0.68212061 -0.59274264  0.9642832  -1.69616828 -0.54836851
  0.34102177  0.          0.         -2.14809552 -0.15097414 -0.2738219
 -0.58855657]
Lr rates:  [ 1.40638385  1.          1.          0.11670621  0.85986994  0.7604675
  0.555128  ]
Process rates:  [ 0.40922872  0.50554379  0.55280905  2.62290688  0.18338486  0.57789187]
log likelihood =  12971.2545556
Lr derivatives =  [-296.34146666582541, -442.39217135040406, nan, -368.6141506334933, -158.4753969168741, -77.261937733972076, -58.455625491455393]
other derivatives =  [-485.22233556 -391.50054363  510.76058298 -211.89862309   46.67163012
   53.86245903]
Current x_clock array =  [-0.89348105 -0.68212061 -0.59274264  0.9642832  -1.69616828 -0.54836851
  0.34102177  0.          0.         -2.14809552 -0.15097414 -0.2738219
 -0.58855657]
Lr rates:  [ 1.40638385  1.          1.          0.11670621  0.85986994  0.7604675
  0.555128  ]
Process rates:  [ 0.40922872  0.50554379  0.55280905  2.62290688  0.18338486  0.57789187]
log likelihood =  12971.2545556
Lr derivatives =  [-296.34146666582541, -442.39217135040406, nan, -368.6141506334933, -158.4753969168741, -77.261937733972076, -58.455625491455393]
other derivatives =  [-485.22233556 -391.50054363  510.76058298 -211.89862309   46.67163012
   53.86245903]
Current x_clock array =  [-0.89348105 -0.68212061 -0.59274264  0.9642832  -1.69616828 -0.54836851
  0.34102177  0.          0.         -2.14809552 -0.15097414 -0.2738219
 -0.58855657]
Lr rates:  [  2.92519937e+115   1.00000000e+000   1.00000000e+000   1.00000000e+000
   1.00000000e+000   1.00000000e+000   1.00000000e+000]
Process rates:  [  8.34945087e-30   3.29375414e-57   3.38051210e-41   1.40255226e-02
   6.54238851e-32   2.21222051e-61]
