number of sites to be analyzed:  160
Now calculate MLE for pair ['YBR191W', 'YPL079W']
log likelihood =  -1544.05648462
Edge derivatives =  [13.097808671808528, -7.331765703624312, 0.6692784284551583, 0.9925243741799394, 1.8062332467656308, -11.178621156575963, -5.920547730243991, 6.407327025944699, -4.543704964216028, 1.5032724315299888, 2.694216880572581, -44.15118307374707]
other derivatives: [-46.27149792   6.87714419  11.36290848 -42.91384812 -12.48711214
  17.99680831]
Current x array =  [-0.64353555 -0.48264002 -0.93307917  1.76977596 -2.44028574  1.19617746
 -3.90910406 -3.87159909 -4.30005794 -6.28014701 -2.83555499 -3.29056063
 -2.92359461 -3.49891453 -3.97438916 -3.10701318 -4.59465356 -2.01786889]
log likelihood =  -1564.49272364
Edge derivatives =  [16.378722329897563, -3.524949053145592, 3.034700366332273, 1.510600413367235, 8.496281265411833, -4.293719605373585, 3.4055178209543002, 10.298211789280899, -0.6147221945001486, 5.312435421653566, 4.162362592163429, -10.47758766110481]
other derivatives: [ 161.33319605  -15.12864856   15.56009011   26.42418622    8.60472937
   14.05462626]
Current x array =  [-1.20163173 -0.4774218  -0.92242805  1.25217753 -2.59089702  1.41324305
 -3.75112696 -3.96002999 -4.29198555 -6.26817584 -2.8137694  -3.42538976
 -2.99500434 -3.42163359 -4.02919232 -3.0888817  -4.5621577  -2.55039123]
log likelihood =  -1530.94253765
Edge derivatives =  [14.348972629624502, -5.797837356383827, 1.6639551149489522, 1.1651911033916296, 4.6065407686009445, -8.256366748600508, -2.217775722209245, 7.898023351449303, -2.9914390515583014, 3.0131985216791666, 3.304809528273513, -29.985905398805105]
other derivatives: [ 61.17791145  -2.88564479  12.49986781 -14.41699169  -2.78746484
  16.16342615]
Current x array =  [-0.83864834 -0.48081571 -0.92935549  1.58882135 -2.49294008  1.27206451
 -3.8538746  -3.90251491 -4.2972358  -6.27596184 -2.82793866 -3.33769747
 -2.94855975 -3.47189679 -3.99354858 -3.10067434 -4.58329287 -2.20404096]
log likelihood =  -1520.75653604
Edge derivatives =  [14.960918050574334, -4.865213008595464, 2.1080281106534042, 1.309803050368457, 5.550299176469338, -6.786337566767283, -0.12599613052909503, 8.379035268734537, -2.127852634933498, 3.6624349316353633, 3.57138620861834, -21.68450250701844]
other derivatives: [ 33.41431238  -1.42699719   7.63238859   2.98821305   1.25055521
  15.27423592]
Current x array =  [-0.78197853 -0.48632307 -0.89897537  1.47989543 -2.52144097  1.34070562
 -3.79805104 -3.92869269 -4.29227103 -6.27155496 -2.81427682 -3.37628607
 -2.96410671 -3.4425944  -4.00840629 -3.09116651 -4.57100834 -2.35049693]
log likelihood =  -1508.09693193
Edge derivatives =  [14.306923154422735, -4.013934316974427, 1.900963415031563, 1.5367864993747617, 3.998621660407955, -5.527065177641252, 1.6090326458164854, 6.890906620341062, -1.5353022005977555, 3.7047528512762873, 3.2118353954039733, -9.706891503212043]
other derivatives: [-15.89467047   1.23218342  -5.93861387  19.36136869   5.01802333
  10.43747488]
Current x array =  [-0.69737096 -0.49489469 -0.83422954  1.3759956  -2.54990802  1.54386488
 -3.61345019 -3.99827982 -4.27004149 -6.25581714 -2.75595178 -3.47660683
 -2.98380264 -3.34242537 -4.04305949 -3.05148141 -4.52834955 -2.69646637]
log likelihood =  -1500.29284156
Edge derivatives =  [12.177239811119739, -3.750522004096405, 1.0316705527367405, 1.7018312848775667, 0.7094112758454536, -5.2895883687987535, 1.4236347651569379, 3.735192790250303, -1.6974087861439888, 3.007449493478866, 2.2913098657626985, -2.7567360094187565]
other derivatives: [-20.78306807   2.974366    -8.6445425   22.74475719   5.72701992
   2.33007995]
Current x array =  [-0.69003144 -0.50085448 -0.82243452  1.36498124 -2.55320247  1.75348603
 -3.39814782 -4.07481763 -4.24431127 -6.23578938 -2.69396554 -3.58591462
 -2.99467885 -3.23162881 -4.07967735 -3.00314885 -4.4796244  -3.0261457 ]
log likelihood =  -1491.84018769
Edge derivatives =  [3.905476215002901, -2.752754867148232, -0.7093296197778685, 2.013051688999778, -4.742341947399735, -4.566869079621167, -3.453545083947579, -3.173666561943673, -2.724676544794891, -0.19156861318109192, 0.2725374119161605, 3.437702474492313]
other derivatives: [ -8.14604846 -49.96140888   9.15126748   2.06239292  -0.30984211
  -2.27769306]
Current x array =  [-0.70331455 -0.4062971  -0.90980382  1.61099297 -2.49279263  1.89264457
 -2.88816006 -4.27934913 -4.21698591 -6.16707842 -2.69744965 -3.88378003
 -3.0260863  -3.08678734 -4.19187018 -2.89826354 -4.38902832 -3.54075248]
log likelihood =  -1493.11077134
Edge derivatives =  [-2.6124330043414523, -2.553708883032064, -1.65087599681581, 2.231805829744325, -6.9800383820083995, -4.524556539728845, -5.780801765261351, -7.309781266795579, -3.2998267548005185, -2.010621542551712, -1.0448713342258211, 5.055116543732082]
other derivatives: [ 11.10361154  44.15428521   7.82663392 -14.71960331  -5.00717761
  -3.48609319]
Current x array =  [-0.74015442 -0.60266803 -0.90574502  1.72877507 -2.46758321  1.95686122
 -2.62991516 -4.38794163 -4.2066046  -6.12581845 -2.71752912 -4.04440361
 -3.05707049 -3.03056649 -4.25684839 -2.84960611 -4.34448817 -3.77351927]
log likelihood =  -1489.48781777
Edge derivatives =  [1.3813530718552567, -2.666919053242966, -1.0989339002810663, 2.112072591468346, -5.7066056614482426, -4.5613074581861115, -4.446327350858978, -4.867762672558196, -2.969445397155661, -0.9299556814314411, -0.27540652298073454, 4.148419354439801]
other derivatives: [ 0.36895926 -0.63309926  8.59588454 -4.68521648 -2.17792149 -2.87243438]
Current x array =  [-0.7189008  -0.48937794 -0.90808662  1.66082435 -2.482127    1.91981343
 -2.77890151 -4.32529256 -4.21259378 -6.14962211 -2.7059449  -3.95173683
 -3.03919513 -3.06300136 -4.21936124 -2.8776775  -4.37018422 -3.63923171]
log likelihood =  -1488.86816436
Edge derivatives =  [2.5458349024936298, -2.664847369281884, -0.7945301556157323, 2.0755772586299757, -4.781812725874829, -4.4114875180266, -4.044856144202555, -3.5537201887138385, -2.759496230627339, -0.55798473246515, 0.03812111419377118, 3.3237374710990624]
other derivatives: [ 2.83041572  2.35654625  4.99258022 -2.93857738 -1.39746135 -0.63462267]
Current x array =  [-0.72314428 -0.49611774 -0.89114934  1.64696964 -2.4876012   1.87534902
 -2.82351176 -4.31339483 -4.21981445 -6.15023404 -2.7280858  -3.9361735
 -3.04581179 -3.09479074 -4.21681988 -2.8900507  -4.38096668 -3.56450833]
log likelihood =  -1487.22506797
Edge derivatives =  [1.6985765862748359, -2.222683215515278, -0.4659173386612423, 2.10336588622743, -3.0539423688539413, -3.541892418765393, -3.642673316812188, -2.17646266507559, -2.258323028065811, -0.33495896039161516, 0.20490550095403318, 2.37313255414168]
other derivatives: [ 4.23651727  3.80134679 -4.63924152 -1.96614565 -0.82857241  1.98378984]
Current x array =  [-0.72526138 -0.50009575 -0.85045668  1.6555036  -2.4947168   1.83742056
 -2.75861758 -4.36431688 -4.23343895 -6.11402634 -2.81471217 -4.0184198
 -3.10673352 -3.15043634 -4.26487117 -2.8937416  -4.37828736 -3.50711121]
log likelihood =  -1485.16517004
Edge derivatives =  [-0.7842283852878704, -1.048052225455033, 0.363484846482392, 2.1759717454784435, 0.8340074169815777, -1.6698843368915814, -2.108219700802187, 1.1156392488018883, -0.9634624649153721, 0.4233049421630381, 0.5310301006248132, 0.4154602301161415]
other derivatives: [-1.11658665  7.37813934 -0.27018814  3.6687652   0.90651611  5.44598606]
Current x array =  [-0.71716277 -0.5090934  -0.86631777  1.65963128 -2.51732919  1.79147247
 -2.59272623 -4.50187285 -4.26494527 -6.01189382 -3.02095651 -4.23830093
 -3.27432725 -3.2804326  -4.39291146 -2.90029781 -4.3664746  -3.39376252]
log likelihood =  -1484.60284798
Edge derivatives =  [-5.86397869937297, -0.6328876028383699, -0.04341101452249882, 2.038896103440769, 1.1093000014224859, -1.081722054749819, -1.988887694176881, -0.2580802932388834, -0.7670776186064161, -0.22574804991009909, -0.32680440275296535, -0.6194876970829563]
other derivatives: [  3.54996246  -2.32473667 -16.53347681  -1.92274001  -0.3714149
   2.38171651]
Current x array =  [-0.72306231 -0.48886609 -0.80600331  1.74050715 -2.51558288  1.90588049
 -2.44038052 -4.64071318 -4.27105615 -5.89264503 -3.11877401 -4.45672415
 -3.42843015 -3.30969281 -4.50954984 -2.8786524  -4.33316157 -3.4375082 ]
log likelihood =  -1483.7805195
Edge derivatives =  [-4.426218698668734, -0.6499870684917629, -0.0013256561243014942, 2.012283767574611, 1.260924418064362, -1.0877033864726247, -1.6697970739783086, -0.00398134133870276, -0.6860812180344477, -0.06243626753358213, -0.2853216634046555, -0.8636899495834829]
other derivatives: [ 0.77220648 -1.93408596 -4.84112661  0.82873157  0.35447556  1.4405714 ]
Current x array =  [-0.71875273 -0.48948913 -0.84895913  1.73087242 -2.51869843  1.92542025
 -2.49018518 -4.64003194 -4.27150428 -5.87834091 -3.11247258 -4.45756415
 -3.4444396  -3.31471708 -4.51290305 -2.88260881 -4.33660012 -3.42106624]
log likelihood =  -1483.15408168
Edge derivatives =  [-3.4164552020007415, -0.6934351971222685, -0.21439544580174885, 1.865986638630797, 1.1360307968950139, -1.0762192097394176, -1.3691042878180808, -0.4670580005913448, -0.6458480035516, -0.20406727670643068, -0.6046919281466558, -1.816734640098998]
other derivatives: [-2.26705197 -2.36912001  2.84910584  1.62121978  0.68584995 -1.15660441]
Current x array =  [-0.71324743 -0.48817653 -0.88031523  1.75363364 -2.51779466  1.99491277
 -2.552483   -4.67478191 -4.27265907 -5.81595894 -3.11594736 -4.51555889
 -3.51460264 -3.32616138 -4.54881102 -2.88283443 -4.33457697 -3.4098973 ]
log likelihood =  -1482.60930785
Edge derivatives =  [-2.4925996329446685, -0.6393790726491312, -0.48067103066838107, 1.6636551034799136, 0.9335178697570128, -0.960054415525772, -1.1208839183575678, -1.0113455969719727, -0.5603750613157468, -0.49861116773795966, -1.05128131343504, -2.8529035523832866]
other derivatives: [ 0.11771135 -1.88274498  6.60072601  1.090757    0.78032372 -3.29089289]
Current x array =  [-0.7163164  -0.48897775 -0.89685579  1.79673942 -2.51177686  2.06571839
 -2.62517994 -4.73557435 -4.27775659 -5.7197763  -3.127563   -4.61437034
 -3.62078732 -3.35009245 -4.60781726 -2.88323257 -4.33426106 -3.41468662]
log likelihood =  -1482.46837813
Edge derivatives =  [-1.0275143950432242, -0.2929460347339433, -1.1181560158791375, 1.170858550277172, -0.11536833770511201, -0.617859984583847, -0.8581167873647554, -2.2285835376392447, -0.3171007581963531, -1.559758666337763, -2.0767879856187017, -3.840955289064862]
other derivatives: [-34.07994882   3.55387328   7.58500391  -2.47823664  -0.34478944
  -5.0116796 ]
Current x array =  [-0.66211437 -0.49710182 -0.90209933  1.92101706 -2.48185093  2.17557636
 -2.78506185 -4.89022854 -4.2954315  -5.48147326 -3.14251861 -4.86234312
 -3.87010879 -3.40946773 -4.7514402  -2.88588876 -4.34497972 -3.49818147]
log likelihood =  -1481.4276088
Edge derivatives =  [-0.4812356722283214, -0.1781723602408993, -1.073304584221113, 1.0458295143327527, 0.10586603280530743, -0.47710522222469076, -0.7741972991417512, -1.9134380458253673, -0.20735274240550658, -1.5651688817583802, -2.113180497786701, -4.092850535944856]
other derivatives: [-5.40201199  1.73545232  6.51023129 -2.84364887  0.01841727 -4.36989467]
Current x array =  [-0.70475344 -0.49506287 -0.8978501   1.93267845 -2.47979733  2.17685017
 -2.81119065 -4.91730909 -4.30174677 -5.44100591 -3.1561957  -4.90613818
 -3.91571533 -3.43100463 -4.77784609 -2.89026302 -4.35017655 -3.49984454]
log likelihood =  -1480.99034567
Edge derivatives =  [-0.13882245392823533, 0.03941309714452179, -0.9701507678928671, 0.9950341022362701, 0.19716582265761531, -0.2800263341177417, -0.721255157191036, -1.4883711986579828, -0.05117207909263749, -1.6183466397984358, -2.0832292560687025, -3.663664936874129]
other derivatives: [ 2.11434781  1.14091563  2.48976448 -3.28727765  0.00709406 -2.48796823]
Current x array =  [-0.716642   -0.49439022 -0.88072799  1.95052768 -2.47179421  2.15761145
 -2.83424703 -4.95073494 -4.31112354 -5.39265322 -3.16554962 -4.9592105
 -3.96476863 -3.45539672 -4.80792882 -2.89657699 -4.36124865 -3.53243403]
log likelihood =  -1480.51554672
Edge derivatives =  [0.6426201201727177, 0.4883041301714812, -0.8872168953589166, 0.8022324247448145, 0.08783716929222468, 0.08447097979421384, -0.5581885275825982, -0.9806115578668932, 0.2540321599024665, -1.7761664418041674, -2.1392448859714523, -2.408322620638041]
other derivatives: [ 5.4875045  -0.56327281 -2.31239028 -3.25292149 -0.07523795 -0.07689778]
Current x array =  [-0.72166395 -0.49128128 -0.86092943  1.99065866 -2.45223485  2.14910928
 -2.89199321 -5.03189561 -4.3308045  -5.27069368 -3.17400026 -5.08937661
 -4.08549834 -3.50092342 -4.88006019 -2.9105802  -4.38684909 -3.63306494]
log likelihood =  -1480.20281477
Edge derivatives =  [1.245733966339099, 0.7843280029005991, -0.7035059709185353, 0.6941456492120401, 0.1886338498954248, 0.35081600592865675, -0.2606955610011631, -0.3855997862781661, 0.49771565318041555, -1.4154369731508853, -1.9646632473194994, -1.0087313754052973]
other derivatives: [ 3.19409992  1.48779691 -3.48334197 -0.33105607  0.33267042  0.7716153 ]
Current x array =  [-0.71836353 -0.49612289 -0.85491531  1.99749673 -2.43853495  2.16062563
 -2.91998441 -5.08216376 -4.35116323 -5.17824259 -3.17487469 -5.17810325
 -4.17361364 -3.53460283 -4.92623429 -2.93604902 -4.42350579 -3.72687375]
log likelihood =  -1480.07077188
Edge derivatives =  [0.9633925501991977, 1.0540485140744895, -0.5756296193016488, 0.33658441259852023, -0.018126400828965772, 0.6052087700474047, -0.12021583929860702, 0.0860396103820904, 0.6534217823243578, -1.0991376846881642, -1.7304717509680474, 0.4302045467710021]
other derivatives: [ -1.55964699 -11.61843102  -0.60776983   1.10155725   0.12601049
   1.24139206]
Current x array =  [-0.7098312  -0.46999077 -0.86636493  2.02976053 -2.41392643  2.19213362
 -2.92640119 -5.14410569 -4.38467317 -5.04565152 -3.17850184 -5.29921638
 -4.29621507 -3.58028415 -4.98500724 -2.98104198 -4.49012349 -3.85510944]
log likelihood =  -1479.87587604
Edge derivatives =  [0.6360831110506782, 0.9963736876106307, -0.4858383734494466, 0.40290305902115986, 0.002270558978583026, 0.5874152022416967, -0.10428026331616266, 0.20222640800055158, 0.6197391765838485, -0.8252638288902586, -1.5725846413823001, 0.7618631337958256]
other derivatives: [-2.525735   -0.57063971  0.25047484  1.80618827  0.16561899  1.19152901]
Current x array =  [-0.70921467 -0.4918011  -0.86909079  2.02068025 -2.41220687  2.19433902
 -2.90688607 -5.13279356 -4.39102687 -5.04672244 -3.17476359 -5.28934705
 -4.29050776 -3.58075171 -4.97604409 -2.99458427 -4.50875707 -3.87172499]
log likelihood =  -1479.81025929
Edge derivatives =  [0.12493005938594107, 0.8870267938237967, -0.46781449647294393, 0.4525983093507887, -0.01928544415504524, 0.5350577978070967, -0.15695697162521066, 0.15522972859940054, 0.5294751833752923, -0.684885967749923, -1.4735355334506335, 0.7469525429924856]
other derivatives: [-1.87305886  1.28993634  1.39782514  1.63456662  0.06932623  0.86258751]
Current x array =  [-0.71047523 -0.49563909 -0.87379891  2.01718903 -2.41233899  2.19884932
 -2.88358273 -5.11568376 -4.39472757 -5.05795209 -3.17343866 -5.27000537
 -4.27596807 -3.57709936 -4.96225215 -3.00408129 -4.52237581 -3.86890946]
log likelihood =  -1479.68879499
Edge derivatives =  [-0.8821442779442643, 0.6387552868927117, -0.5093464024624514, 0.29680234277065604, -0.27806155469226357, 0.4536814472816336, -0.2705226530172645, -0.12203097499952276, 0.317151354770819, -0.46002461014966145, -1.3140068730690542, 0.6130908973105615]
other derivatives: [-0.50283688  2.87891453  1.84747933  0.46338755 -0.33232936 -0.18510491]
Current x array =  [-0.71261959 -0.49880927 -0.8758018   2.03067565 -2.40764759  2.22992971
 -2.85376356 -5.09754635 -4.41235489 -5.03651488 -3.17361711 -5.26665457
 -4.28882481 -3.58160531 -4.95229719 -3.03564024 -4.57147738 -3.88311955]
log likelihood =  -1479.5838936
Edge derivatives =  [-1.454294904632454, 0.3415358254394451, -0.3971907611113696, 0.28922171342384456, -0.1505607506365943, 0.40247552666889935, -0.26251561297832027, -0.11295073981377846, 0.1054863151254618, -0.01644008958308374, -0.9642676384252097, 0.40978030126448384]
other derivatives: [ 1.02706963  1.47579158  0.27189344  0.74853688 -0.15008936 -0.84644398]
Current x array =  [-0.71502922 -0.49605306 -0.86905579  2.02979305 -2.41338698  2.24569883
 -2.82946308 -5.05951839 -4.4338135  -5.03549903 -3.17927851 -5.2358223
 -4.28376987 -3.58399039 -4.92743124 -3.06994157 -4.63166848 -3.87499668]
log likelihood =  -1479.50288289
Edge derivatives =  [-1.5209912671901058, 0.010109525084240317, -0.4150971764351711, -0.549391530389993, -0.6448011544002159, 0.43046861244812534, -0.29482625962884157, -0.3931092801190356, -0.15898733065429124, 0.12907000229133064, -0.6805765250979083, -0.06008964986309645]
other derivatives: [ 3.58766101  0.40918167  0.95192263 -1.94916083 -0.54253633 -1.41440069]
Current x array =  [-0.71790186 -0.49315423 -0.87279701  2.09564224 -2.40737926  2.29811602
 -2.87421862 -5.0683494  -4.48714581 -4.91233752 -3.1974318  -5.30225851
 -4.39927683 -3.62227296 -4.95473482 -3.13282736 -4.75743144 -3.91840632]
log likelihood =  -1479.40145866
Edge derivatives =  [-0.7585299306131472, -0.15923147015024802, -0.2766526682189484, -0.2199802075015156, -0.22081943969539986, 0.380291206100685, -0.14647567611586312, -0.24383136553131884, -0.21710828988767916, 0.3130029353331337, -0.45899903054397984, -0.492776092776007]
other derivatives: [ 0.50220024 -0.0819     -0.78525773 -0.35945504  0.16284503 -1.26512987]
Current x array =  [-0.71286005 -0.49227817 -0.8652373   2.07601659 -2.42267823  2.28044026
 -2.89049012 -5.0280595  -4.49064762 -4.96159513 -3.20335978 -5.23821187
 -4.35974962 -3.60918837 -4.92475836 -3.12839476 -4.77276416 -3.86729561]
log likelihood =  -1479.36497056
Edge derivatives =  [-0.03206160477239173, -0.10856975734386337, -0.13787778721509547, -0.1361093042596359, 0.026329647150418856, 0.42815844024808825, -0.023256746458573896, 0.05446891538827825, -0.14179085601990893, 0.3663580160785515, -0.3020341455761981, -0.3585187532309804]
other derivatives: [ 0.99378212 -0.37414338 -0.20197604  0.78921403  0.55415512 -0.43082764]
Current x array =  [-0.71374109 -0.49186495 -0.86739607  2.0715613  -2.42476531  2.26354667
 -2.91614738 -5.02560332 -4.49802935 -4.96457418 -3.20930498 -5.22843831
 -4.3650998  -3.61220855 -4.92607454 -3.12534679 -4.78831637 -3.86558654]
log likelihood =  -1479.39760312
Edge derivatives =  [0.09796664379581344, -0.19731951961560404, -0.042704310359598624, -0.19915814991684844, -0.025537914568539655, 0.4070908045568318, -0.02585039433201794, 0.12625711679387408, -0.19957795542336443, 0.26741473241845415, -0.08722158759445486, -0.3914747490865061]
other derivatives: [-8.20007244  0.90251433  0.4247795  -0.16925696  0.19551862  0.5756192 ]
Current x array =  [-0.69856906 -0.49350079 -0.87032846  2.09154747 -2.41763916  2.25047481
 -2.93809144 -5.01796077 -4.52017968 -4.95291799 -3.22028846 -5.21495718
 -4.38594527 -3.62038399 -4.92817254 -3.13293697 -4.84015206 -3.87307808]
log likelihood =  -1479.35422601
Edge derivatives =  [0.011236695390370699, -0.13778087149826113, -0.10578389787356907, -0.15652597353806622, 0.009307760889620154, 0.4215016842029396, -0.024038476970740436, 0.07906068189676174, -0.1607777929911317, 0.333608817859107, -0.2290196924137453, -0.3693517181657069]
other derivatives: [-2.01475814  0.04986305  0.00636646  0.47098183  0.43617092 -0.09217729]
Current x array =  [-0.70869514 -0.492409   -0.86837133  2.07820835 -2.42239528  2.2591992
 -2.92344559 -5.02306154 -4.50539616 -4.96069753 -3.21295789 -5.22395472
 -4.37203264 -3.61492755 -4.9267723  -3.12787115 -4.80555601 -3.8680781 ]
log likelihood =  -1479.34567239
Edge derivatives =  [0.1179804692165026, -0.1503389127370327, -0.06285762353729984, -0.18318800006375052, 0.025429569816452724, 0.42745516270687356, -0.014819977418506283, 0.14166981063324358, -0.1660583463273891, 0.3344395115685186, -0.1544797560803672, -0.31714195733815287]
other derivatives: [-1.00376383  0.15429578  0.16259492  0.38667167  0.42284682  0.22425866]
Current x array =  [-0.71027761 -0.49262713 -0.86907898  2.08265047 -2.42025862  2.25578899
 -2.93122594 -5.02238984 -4.51263234 -4.95448563 -3.21624716 -5.22252733
 -4.38087251 -3.61852835 -4.92884603 -3.1310601  -4.82207734 -3.87371287]
log likelihood =  -1479.33616271
Edge derivatives =  [0.0797542544596958, -0.1738775123986065, -0.03615377308878431, -0.17198001461257773, 0.008329608229836694, 0.4041762750602458, -0.037817786865738626, 0.1439278387610884, -0.18396958966739016, 0.28346630757479807, -0.08376444706184542, -0.24871347637514146]
other derivatives: [-0.03547029  0.32543994  0.1352646   0.05693437  0.27239366  0.51579718]
Current x array =  [-0.71182288 -0.49294418 -0.86907913  2.08638901 -2.41538604  2.25169144
 -2.93360603 -5.01974246 -4.51933813 -4.95604248 -3.21893551 -5.2121432
 -4.38352158 -3.61943375 -4.92905306 -3.13094484 -4.83798802 -3.87956099]
log likelihood =  -1479.32555644
Edge derivatives =  [-0.04115841299074474, -0.20556694955333474, -0.01972188277987219, -0.1262553417913138, -0.015889408665588856, 0.35197508068797023, -0.07134916926525348, 0.09651687495475836, -0.20502920670122493, 0.20200251178997372, -0.005746717099725296, -0.13719739579480267]
other derivatives: [ 0.6690243   0.28339855  0.1936769  -0.24394922  0.04092726  0.68098416]
Current x array =  [-0.71299956 -0.4928169  -0.86938243  2.08831941 -2.40777631  2.24984683
 -2.93239942 -5.01589504 -4.52669695 -4.96373231 -3.22144687 -5.19253616
 -4.38235869 -3.61812834 -4.92857589 -3.12801609 -4.85588915 -3.8873338 ]
log likelihood =  -1479.31232236
Edge derivatives =  [-0.08214662444751358, -0.2269145343396263, -0.024408534668347776, -0.08243402401342878, -0.03850528917180551, 0.27261884259290503, -0.08833177054323324, -0.016477257799191958, -0.205030367862272, 0.07496076042402172, 0.06421776638941046, -0.0003245097322815971]
other derivatives: [ 0.89692094  0.38380676 -0.02823981 -0.32666776 -0.18883384  0.6008122 ]
Current x array =  [-0.71345783 -0.49302492 -0.86836061  2.08946586 -2.3983942   2.25494677
 -2.93512898 -5.01599145 -4.53556734 -4.972327   -3.22472577 -5.16747217
 -4.3842308  -3.61622215 -4.93236156 -3.12119101 -4.87618806 -3.89851049]
log likelihood =  -1479.35365663
Edge derivatives =  [0.09491581004458116, -0.16355448344028883, -0.04361284033943402, -0.042838129417540366, -0.020065743081604803, 0.14012554012228493, -0.06836011422483042, -0.09526393352954521, -0.12298899135029114, -0.168673163403556, 0.1564262233951548, 0.23817004926090168]
other derivatives: [ 0.23696884 -6.98757958  1.98956513  0.1610033  -0.27757778  0.26836915]
Current x array =  [-0.71202359 -0.47816515 -0.87671532  2.09471017 -2.38895622  2.27095348
 -2.94960635 -5.03089872 -4.5522593  -4.98098378 -3.23211128 -5.12834456
 -4.39921372 -3.61941351 -4.9512259  -3.10752609 -4.90633818 -3.91955084]
log likelihood =  -1479.30838119
Edge derivatives =  [-0.04166309775385607, -0.21242660626094684, -0.028664727473456414, -0.07331704107722592, -0.03421034842491649, 0.2433232069449394, -0.0837597664660811, -0.0343468692812976, -0.18620307557291144, 0.019889443445825675, 0.0856055231204163, 0.05431521686855756]
other derivatives: [ 0.74662694 -1.25610313  0.43573891 -0.21354936 -0.20863808  0.52550604]
Current x array =  [-0.71313076 -0.48963632 -0.8702658   2.09066177 -2.39624197  2.25859692
 -2.93843038 -5.01939089 -4.53937376 -4.97430108 -3.22640995 -5.15854956
 -4.38764749 -3.61694991 -4.93666336 -3.11807488 -4.88306346 -3.9033085 ]
log likelihood =  -1479.29875759
Edge derivatives =  [-0.017376386882696437, -0.21498171225371193, -0.06388455677705687, -0.03804960253939546, -0.049425577021164235, 0.15395476679832854, -0.08295485712833904, -0.17906704813600927, -0.16408311651944957, -0.10836220463713475, 0.10480191712101627, 0.1265033596498215]
other derivatives: [ 0.33114702 -0.48214588  0.15072601 -0.07885319 -0.32537173  0.15602382]
Current x array =  [-0.71259138 -0.49125169 -0.86883455  2.09001554 -2.39031262  2.26944336
 -2.94219071 -5.02353172 -4.54513281 -4.98351323 -3.22874052 -5.13537402
 -4.38913898 -3.61470036 -4.94282248 -3.10924389 -4.89438037 -3.91083556]
log likelihood =  -1479.29374395
Edge derivatives =  [0.05406148144948825, -0.1902849499840196, -0.08107508511736508, -0.051859513621851955, -0.03878653360795742, 0.12028630557258782, -0.06660335711370721, -0.18891139532546974, -0.1301679166842695, -0.13804996219264143, 0.09767916907851709, 0.11975531560298391]
other derivatives: [-0.00854925 -0.15393198  0.0944965   0.10766144 -0.23028406 -0.05918537]
Current x array =  [-0.71204114 -0.49195012 -0.86843539  2.091517   -2.39219733  2.27694954
 -2.94634121 -5.03065791 -4.54854541 -4.98349458 -3.23044836 -5.12867535
 -4.39493845 -3.61750493 -4.94976459 -3.10757314 -4.89744754 -3.91342172]
log likelihood =  -1479.28781696
Edge derivatives =  [0.12968063880795752, -0.13749151389170253, -0.10273434403942766, -0.08572843964335586, -0.02433684613502235, 0.0732185437617408, -0.05068499377841615, -0.14590643266075698, -0.07159773441189067, -0.16177702948267475, 0.07768884882297777, 0.05700656490140188]
other derivatives: [-0.37657628  0.0321279  -0.10163603  0.22737368 -0.0257387  -0.26539055]
Current x array =  [-0.71133551 -0.4923314  -0.86745988  2.09650001 -2.3986258   2.28632644
 -2.95193554 -5.04406577 -4.55450475 -4.98254806 -3.2334787  -5.12001128
 -4.40544074 -3.62486957 -4.96183891 -3.10810254 -4.89986451 -3.91485335]
log likelihood =  -1479.28408452
Edge derivatives =  [0.08280532155766057, -0.07397970037217924, -0.10986152712955952, -0.10014327839895973, -0.016949059697457414, 0.02076372066107876, -0.05468470641151946, -0.0558021793233735, -0.012851170475708967, -0.16770313041568574, 0.06266954681997036, 0.011094295197194681]
other derivatives: [-0.25181635  0.51682036  0.5927177   0.15193109  0.10415988 -0.2846491 ]
Current x array =  [-0.71145737 -0.49327045 -0.87026586  2.1024423  -2.40386746  2.29134286
 -2.95281148 -5.0578308  -4.56173673 -4.98491553 -3.23655907 -5.10902687
 -4.41453337 -3.63313012 -4.97333751 -3.11118715 -4.90109979 -3.91629299]
log likelihood =  -1479.28083731
Edge derivatives =  [0.02708548215550255, -0.016646915850473093, -0.10122501653335633, -0.11016502306524945, -0.0029854335474153726, -0.01673684887562224, -0.0609163073692495, 0.04039646609688219, 0.035995912844292044, -0.14934795871487413, 0.06138837171968742, -0.0329681889203593]
other derivatives: [-0.17591901  0.02169145 -0.19358595 -0.01118678  0.19811068 -0.13965291]
Current x array =  [-0.7114079  -0.49221131 -0.86701362  2.10864285 -2.40804285  2.29275984
 -2.95362103 -5.06977993 -4.56990628 -4.98713887 -3.23989045 -5.09917077
 -4.42368436 -3.64137667 -4.98317753 -3.11649574 -4.9036867  -3.91732804]
log likelihood =  -1479.27951673
Edge derivatives =  [-0.017694613770992684, -0.012238779468132455, -0.08310103516009903, -0.09320615320339243, 0.004870289335054456, -0.013781041807915007, -0.06389932057305037, 0.06505850594095419, 0.03517842922942571, -0.12213089755472956, 0.07277675588053331, -0.010908778724168344]
other derivatives: [-0.06180016  0.00870841 -0.04311005 -0.05290985  0.14495072  0.00238742]
Current x array =  [-0.71161416 -0.49216445 -0.86767152  2.10861782 -2.40617536  2.2895534
 -2.95186225 -5.06932706 -4.57159805 -4.98931282 -3.24016283 -5.09774788
 -4.42351596 -3.64145594 -4.98228167 -3.11887853 -4.90410924 -3.91766138]
log likelihood =  -1479.27874664
Edge derivatives =  [-0.07346595444470061, 0.00047177186437508123, -0.06730986529063035, -0.06666266207151356, 0.013528134725699748, -0.015013387343017937, -0.062459503797894916, 0.053581568772139154, 0.038292476737504744, -0.06107231690454035, 0.06192482676831057, -0.00409960896430428]
other derivatives: [ 1.04146238 -0.13742465  0.02564775 -0.02851266  0.07330527  0.04431513]
Current x array =  [-0.71349138 -0.49192726 -0.8679735   2.10745016 -2.40268533  2.28832155
 -2.94922387 -5.07092074 -4.57434828 -4.99470631 -3.2399855  -5.09551923
 -4.42403504 -3.64045224 -4.98168455 -3.1234093  -4.89992407 -3.9171226 ]
log likelihood =  -1479.27772306
Edge derivatives =  [-0.10550860039747911, 0.006432046038691158, -0.05573806195917286, -0.05349303488546635, 0.016609134267891457, -0.015417836622301562, -0.06082652837819727, 0.06244158904313413, 0.0402500133207043, -0.036259595133138534, 0.06479939318009367, 0.004332885861142388]
other derivatives: [ 0.334785   -0.09126779  0.07566996 -0.03478817  0.0283535   0.11766588]
Current x array =  [-0.71234524 -0.49196057 -0.86818418  2.10759745 -2.40125296  2.28680443
 -2.94821383 -5.07143723 -4.57613104 -4.99684739 -3.24019825 -5.09406553
 -4.42459868 -3.64054491 -4.98147451 -3.12565792 -4.89947732 -3.9171779 ]
log likelihood =  -1479.27714516
Edge derivatives =  [-0.11430269839035523, 0.014642044366756674, -0.053074570650674335, -0.04473358185497353, 0.016895163690209103, -0.022217820021817797, -0.05581763490845116, 0.047744076543186464, 0.04583351821633044, -0.01583218175693432, 0.05617719481767999, 8.20797455695077e-05]
other derivatives: [ 0.00634373 -0.05063612  0.04911271  0.00388809  0.00441105  0.08922143]
Current x array =  [-0.71182938 -0.49202593 -0.86804832  2.10759252 -2.4000886   2.28777681
 -2.94816761 -5.07334093 -4.57804769 -4.99928544 -3.24034009 -5.09212541
 -4.42602361 -3.64046245 -4.98227086 -3.12744682 -4.89787399 -3.91718128]
log likelihood =  -1479.27658028
Edge derivatives =  [-0.11114293931735403, 0.027741087242970475, -0.05177537605217458, -0.035099039622307815, 0.01447426555625686, -0.03197640828982258, -0.04636761280588943, 0.01509192813018212, 0.054075273377562294, 0.017771829128411396, 0.035170050538689074, -0.01565424484333716]
other derivatives: [-0.18885657 -0.01859917 -0.00768523  0.07676135 -0.01780336  0.00766249]
Current x array =  [-0.7115421  -0.49208774 -0.86776986  2.10761924 -2.39856994  2.29018133
 -2.94877226 -5.07682034 -4.58103142 -5.00293024 -3.24040139 -5.08991308
 -4.42881959 -3.64025317 -4.98367604 -3.13035587 -4.89425545 -3.91696833]
log likelihood =  -1479.27617778
Edge derivatives =  [-0.09141143655904527, 0.029271500895738434, -0.050421904958238534, -0.035371509624127606, -0.001787480289815957, -0.03329006481575521, -0.043883183459730725, -0.012483821725297606, 0.049447459974825136, 0.031916887084723775, 0.01649578017235162, -0.0361292601713335]
other derivatives: [-0.15888872  0.24717792 -0.09979431  0.03553851 -0.03001333 -0.01507487]
Current x array =  [-0.7115936  -0.49262501 -0.86739655  2.10857313 -2.39817099  2.29118297
 -2.95043547 -5.0784493  -4.58310426 -5.00469969 -3.24020541 -5.09041801
 -4.43118943 -3.6401686  -4.98371702 -3.13231176 -4.89128803 -3.91672306]
log likelihood =  -1479.27559575
Edge derivatives =  [-0.03154446299119418, 0.03383340825271547, -0.04659352506695827, -0.03546100245381689, -0.024929013857103388, -0.03542441006720881, -0.03592943433594106, -0.05371852198569105, 0.04235228202162597, 0.05015855692907743, -0.013542220364514412, -0.06239829205479719]
other derivatives: [-0.07889867  0.02958132 -0.05916263  0.02187335 -0.027444   -0.07166818]
Current x array =  [-0.7116869  -0.49215802 -0.86758682  2.11039642 -2.3978419   2.2935283
 -2.95435118 -5.08155426 -4.58718403 -5.00770231 -3.24005025 -5.09107351
 -4.43605346 -3.64033404 -4.984067   -3.13516139 -4.88662919 -3.91690887]
log likelihood =  -1479.27515179
Edge derivatives =  [0.03011858589586658, 0.02897192750847466, -0.034295471765993124, -0.035209007246896906, -0.03047918285129758, -0.02812999354481846, -0.03070285075028057, -0.0490181807838046, 0.029815792927199464, 0.04666715013859321, -0.01959188015999075, -0.05699979949156092]
other derivatives: [ 0.03058176  0.11464181 -0.05984475  0.00541149  0.00040927 -0.02444267]
Current x array =  [-0.71183684 -0.49232683 -0.86760036  2.11190069 -2.39852137  2.29341404
 -2.95776254 -5.08176261 -4.58989998 -5.00866849 -3.24036243 -5.09287683
 -4.43928143 -3.64124032 -4.98311328 -3.13573245 -4.88555546 -3.91804421]
log likelihood =  -1479.27475507
Edge derivatives =  [0.060433395001164514, 0.02011985713675485, -0.01878658856624074, -0.030448805412554153, -0.029729158651736032, -0.020822222551984876, -0.02897079157439139, -0.030041963426666096, 0.012449973931462355, 0.030385824837604977, -0.01978136827278576, -0.03747346393136203]
other derivatives: [ 0.02107754 -0.03931291  0.02175966 -0.02801244  0.01416538  0.03715286]
Current x array =  [-0.71177861 -0.49198768 -0.86796242  2.11359158 -2.39892058  2.29316717
 -2.95998771 -5.08124648 -4.59302051 -5.0102505  -3.24118301 -5.09446451
 -4.44257555 -3.64275127 -4.98168504 -3.13547975 -4.88543742 -3.92001912]
log likelihood =  -1479.27449011
Edge derivatives =  [0.06331964151064978, 0.013920839785318162, -0.0037520171203906105, -0.021896481702884968, -0.015747457690956757, -0.01588699755669698, -0.025767149638204277, -0.0044477105910758485, 0.0009073001861570062, 0.020136610550744977, -0.01727068671722573, -0.012856020555146064]
other derivatives: [ 0.03374225 -0.03853984  0.04440608 -0.01030003  0.02414708  0.07171366]
Current x array =  [-0.71179415 -0.49198939 -0.86804111  2.1144892  -2.39892194  2.29346529
 -2.96059279 -5.08097115 -4.59588092 -5.01222698 -3.24228165 -5.09524347
 -4.44551607 -3.64440495 -4.98075382 -3.13514027 -4.88567177 -3.92202026]
log likelihood =  -1479.27421891
Edge derivatives =  [0.01048280099191784, -0.007268047466349181, 0.006340469273440313, -0.018290566245594414, -0.019951273934183167, -0.017432546190818438, -0.03309283421846266, -0.0034192055814740163, -0.027490741331450214, -0.02899448921584545, -0.02382840893843996, -0.0025689447080952665]
other derivatives: [-0.04561116 -0.07073595 -0.07823928 -0.15870683 -0.01300577  0.04099547]
Current x array =  [-0.71161921 -0.49188732 -0.86754827  2.11769581 -2.39839887  2.29659054
 -2.96071295 -5.0809521  -4.60109064 -5.0159879  -3.24440227 -5.09693169
 -4.45232586 -3.64740293 -4.9800285  -3.13376543 -4.88678135 -3.92562277]
log likelihood =  -1479.27414731
Edge derivatives =  [0.006924452035885376, -0.0076353760517862135, 0.019014677144340936, -0.0052376393041322356, 0.01222879775383301, -0.014449369344163077, -0.020598415713053167, 0.0180749530590405, -0.026613642339869015, -0.020697854937176602, -0.022108421976401588, 0.020674801040989066]
other derivatives: [ 0.00363798  0.15738806  0.21082087  0.00727596  0.00968612 -0.01741682]
Current x array =  [-0.71176454 -0.49238934 -0.86865444  2.11715125 -2.39791798  2.29875679
 -2.96008932 -5.08153782 -4.60344389 -5.01861853 -3.24552196 -5.09740703
 -4.45574482 -3.64865032 -4.98028433 -3.13370216 -4.88682337 -3.92716585]
log likelihood =  -1479.27399989
Edge derivatives =  [0.004238463197217213, -0.0029813294558234393, 0.01413418985599732, -0.007322430991432705, 0.008518057356267594, -0.015217636912366606, -0.02217294838953761, 0.010960586131807393, -0.019910721858922897, -0.011406948492882957, -0.020393527317364657, 0.012674411422938014]
other derivatives: [ 0.00500222  0.00372893  0.02034994  0.00011369  0.00445652 -0.00607088]
Current x array =  [-0.71175914 -0.49207897 -0.86787994  2.11660122 -2.39784858  2.29794408
 -2.95964462 -5.08158039 -4.60205827 -5.01770151 -3.24499763 -5.09682646
 -4.45406208 -3.64787331 -4.98066339 -3.13410616 -4.88686805 -3.92617014]
log likelihood =  -1479.27398187
Edge derivatives =  [0.0004296150973393531, -0.002786095230520119, 0.012914845282482212, -0.007620627536085389, 0.007894192171454595, -0.015342459441329837, -0.02224043753271264, 0.007450340922000032, -0.01858863335914654, -0.010635024503203125, -0.020238313869709673, 0.009686306886645568]
other derivatives: [-0.00059117  0.00181899 -0.01175522 -0.00102318  0.0017053  -0.013506  ]
Current x array =  [-0.71175153 -0.49207637 -0.86774612  2.11656824 -2.39778061  2.29810089
 -2.95947226 -5.08164872 -4.60189159 -5.01771649 -3.2449528  -5.09692404
 -4.45421796 -3.64778078 -4.9808921  -3.13414967 -4.88702997 -3.92604131]
log likelihood =  -1479.27393187
Edge derivatives =  [-0.006997640357570778, -0.002958808169888555, 0.011280725113909346, -0.00735928433834554, 0.00704405589788093, -0.01419625999909499, -0.021443803402930776, -0.0007336714888118712, -0.015444738856302126, -0.00918013065517008, -0.01881969272450279, 0.0027880399405231793]
other derivatives: [-0.0037744   0.00136424 -0.06175469 -0.00075033 -0.0035925  -0.03153673]
Current x array =  [-0.71175187 -0.49207846 -0.86753806  2.11664413 -2.39761165  2.29861958
 -2.95918218 -5.08182323 -4.60170007 -5.01805795 -3.24489768 -5.09762518
 -4.45543167 -3.6476725  -4.98159333 -3.13427825 -4.88771005 -3.92587166]
log likelihood =  -1479.27384295
Edge derivatives =  [-0.013567982203349316, -0.0031089764186209012, 0.010575736100158772, -0.0055192649198492205, 0.004886505275929431, -0.010039349500459344, -0.019139427155447815, -0.011842244467770602, -0.009872905562832157, -0.006121043299125134, -0.014465131847258283, -0.007342925489550289]
other derivatives: [-0.04781668  0.0048658  -0.10011263 -0.0015234  -0.01082299 -0.04449703]
Current x array =  [-0.71168629 -0.49208437 -0.86738156  2.11700205 -2.39737877  2.29923344
 -2.95900866 -5.08209022 -4.60151575 -5.01889087 -3.24476915 -5.09933446
 -4.4583054  -3.64759279 -4.98289036 -3.13463046 -4.88917148 -3.92569929]
log likelihood =  -1479.27391221
Edge derivatives =  [-0.04224914956876946, -0.006614619141653233, 0.011147939405787954, 0.0005179097144470124, 0.006755264785281989, 0.001292428818127772, -0.01676639595357174, -0.022181411008521557, 0.0008203026127655, -0.008161721092164523, 0.003023956162711866, -0.01976122164207672]
other derivatives: [ 0.44158242 -0.09310952 -0.12362307 -0.018008   -0.02216893 -0.05413767]
Current x array =  [-0.71250145 -0.49191501 -0.86729962  2.11795248 -2.39691377  2.30041282
 -2.95794823 -5.0820786  -4.60097328 -5.0209998  -3.24478707 -5.10369934
 -4.46559399 -3.64798571 -4.98583852 -3.13475334 -4.89392315 -3.92597596]
log likelihood =  -1479.27379066
Edge derivatives =  [-0.02491344148247543, -0.004494681682365387, 0.010802015897442008, -0.003128702514945042, 0.005629861527020108, -0.005545358559271407, -0.018185017776840756, -0.015934500629825932, -0.005637135098860269, -0.006920226348775635, -0.0075278819389993645, -0.012258444549076097]
other derivatives: [ 0.14611032 -0.03390142 -0.10929853 -0.00793534 -0.01534772 -0.04829417]
Current x array =  [-0.71200902 -0.49201732 -0.86734912  2.11737834 -2.39719467  2.29970037
 -2.95858882 -5.08208562 -4.60130098 -5.01972582 -3.24477624 -5.10106257
 -4.46119104 -3.64774836 -4.98405758 -3.13467911 -4.89105273 -3.92580883]
log likelihood =  -1479.27367718
Edge derivatives =  [-0.020058903846440213, -0.0052806318640098715, 0.013836228291859376, 0.0012212720474279737, 0.0035953336903549182, 0.0033309530015313282, -0.013294659621153448, -0.022339190025687627, 0.0004534285211023059, -0.0035750507194765024, 0.0010573071264162182, -0.019593663570157682]
other derivatives: [ 0.01405169  0.0020691  -0.09131327 -0.00356977 -0.01696208 -0.03758487]
Current x array =  [-0.71179851 -0.49208098 -0.86742883  2.11817404 -2.39710207  2.30009816
 -2.9590017  -5.08227072 -4.60138365 -5.02107912 -3.24464277 -5.10402714
 -4.46603358 -3.64794736 -4.98567255 -3.13518284 -4.89334686 -3.92594502]
log likelihood =  -1479.27362205
Edge derivatives =  [-0.008654455295045771, -0.005911898556195255, 0.01771417771213657, 0.0046399024510676845, 0.0036856537149326796, 0.009235790864633303, -0.009913657307842279, -0.017904856861141183, 0.0018307186704380196, -0.0025653993472977976, 0.006491879007037044, -0.017127560291721633]
other derivatives: [-0.02787601 -0.00115961 -0.03008154  0.00363798 -0.01045919 -0.01407443]
Current x array =  [-0.71172752 -0.49206739 -0.86768658  2.11876854 -2.39721796  2.30003667
 -2.95962366 -5.08227927 -4.60167165 -5.02191921 -3.24462985 -5.10574621
 -4.46898737 -3.64834221 -4.98628937 -3.13544458 -4.8945436  -3.92636748]
log likelihood =  -1479.27360366
Edge derivatives =  [-0.0005055705796022103, -0.006146276377240328, 0.01831602713214378, 0.00527806303567227, 0.0019093062596119426, 0.010626231878406278, -0.009226682316008934, -0.012346184746304556, 0.0007925872697870096, -0.0031782901684352244, 0.0076829813841814976, -0.013037822186517334]
other derivatives: [-0.00447926  0.04304184 -0.00093223 -0.00320597 -0.00520686  0.00488853]
Current x array =  [-0.71176281 -0.49215507 -0.86781089  2.11911899 -2.39739594  2.29982274
 -2.96008073 -5.08228125 -4.60168453 -5.02211849 -3.24458885 -5.10623996
 -4.47005877 -3.64867429 -4.98633562 -3.13555284 -4.89480697 -3.92673309]
log likelihood =  -1479.27359362
Edge derivatives =  [0.0055625372102096615, -0.005538429675362583, 0.018150409841773185, 0.00637868603976674, 0.003317951316064327, 0.01101861938367052, -0.007774860075814488, -0.003961695059600201, -7.323885611537628e-05, -0.002585603364843564, 0.008207825637043614, -0.005814981337111114]
other derivatives: [-0.00370619 -0.04681624  0.04233698  0.01014087  0.00238742  0.01255103]
Current x array =  [-0.71175817 -0.49196973 -0.86798852  2.11930145 -2.39754493  2.29983592
 -2.96034238 -5.0823749  -4.6016461  -5.02232208 -3.24461218 -5.1064009
 -4.47095364 -3.649109   -4.98632935 -3.13562891 -4.8948564  -3.92721548]
log likelihood =  -1479.27358218
Edge derivatives =  [0.005312798251228545, -0.00535211032933014, 0.016456389627688917, 0.005678604577427804, 0.001962427025833935, 0.00998901058238208, -0.008149212498787757, -0.0032845673794277275, -0.0004618059246566386, -0.0027348115997161, 0.007302744824813773, -0.00509703570900516]
other derivatives: [ 0.00968612 -0.01773515  0.03012701  0.00459295  0.00236469  0.01216449]
Current x array =  [-0.71177993 -0.49202982 -0.8679372   2.11934989 -2.39758586  2.29985614
 -2.96036162 -5.08244155 -4.60146457 -5.02224489 -3.24457212 -5.10628089
 -4.47099246 -3.64919837 -4.98632204 -3.13565777 -4.89475716 -3.92730543]
log likelihood =  -1479.27355213
Edge derivatives =  [0.0043715704743448325, -0.003980573503091639, 0.008471765282445198, 0.0035889775445930305, -0.0026292743934390184, 0.0062057834117312805, -0.0083107011513735, 0.0011322417298877951, -0.0010762569507201114, -0.0018773865401564283, 0.004248959565448379, -0.0005172907719081521]
other derivatives: [ 0.03099103  0.03115019 -0.00866294 -0.00648015  0.00491127  0.00652562]
Current x array =  [-0.71181349 -0.49213054 -0.86777101  2.11964588 -2.39774985  2.30017362
 -2.9604364  -5.08286818 -4.60058287 -5.02216368 -3.24440256 -5.1060884
 -4.47210847 -3.64976098 -4.98656878 -3.13588729 -4.89459206 -3.92787396]
log likelihood =  -1479.27353918
Edge derivatives =  [0.002326315863935169, -0.002720412892876334, 0.0026390208585533315, 0.0027711161889229508, -0.004407287675302185, 0.004128173235707161, -0.007383376751716159, 0.0038930604066689245, -0.0004303111217763833, -0.00029381741392693617, 0.002939277687966757, 0.0025058133871972976]
other derivatives: [ 0.02219167  0.03094556 -0.01048193 -0.00611635  0.00563887 -0.00220552]
Current x array =  [-0.71179985 -0.49212957 -0.8677586   2.11988568 -2.39779059  2.30055972
 -2.96041428 -5.08324618 -4.59991454 -5.02228122 -3.24431203 -5.10621221
 -4.47354795 -3.65019857 -4.98696918 -3.13610367 -4.8947191  -3.92831796]
log likelihood =  -1479.27353276
Edge derivatives =  [0.0021298517192328004, -1.953835540932647e-05, -0.002694293055931829, 0.0014037442256329413, -0.002681887042291331, 0.0024918599389388285, -0.005534728081222594, 0.0013305670100802747, 0.00076348168698262, 0.0015452052135360023, 0.0009762569951038969, 0.0021565962781152637]
other derivatives: [-0.00090949 -0.01907665 -0.04081357 -0.01889475 -0.00227374  0.0050477 ]
Current x array =  [-0.71175913 -0.49202015 -0.86764034  2.12017331 -2.39755367  2.30050545
 -2.96051756 -5.08374354 -4.59929901 -5.02226767 -3.24438748 -5.10629352
 -4.47540232 -3.65032347 -4.9873576  -3.13636488 -4.89465459 -3.92850475]
log likelihood =  -1479.27352683
Edge derivatives =  [0.0014183710193798604, 0.0006248758598065285, -0.003335179821291362, 0.0015631698389477755, -8.485726288692819e-05, 0.0019195526598784762, -0.00452935576605578, 0.0023947852176884332, 0.0014464429675476453, 0.002956370247456777, 0.00074508815381788, 0.0032431422533621412]
other derivatives: [ 0.00084128 -0.00973159 -0.00552518 -0.00579803 -0.00122782 -0.0015234 ]
Current x array =  [-0.71176765 -0.49204122 -0.86778015  2.12006527 -2.3975061   2.3006352
 -2.96040109 -5.08382999 -4.59920272 -5.02226413 -3.24442859 -5.10618202
 -4.47557586 -3.65034859 -4.98740742 -3.13637043 -4.89460274 -3.92853587]
log likelihood =  -1479.27352538
Edge derivatives =  [0.0016316466135701257, 0.0009938530230203524, -0.0027440786243371207, 0.001756612453969214, 0.002060254088078195, 0.002215851257967333, -0.003806930285820756, 0.0014926549772543707, 0.0020265522322374385, 0.003589188954657749, 0.0009734584444755223, 0.0025378640865349467]
other derivatives: [-0.00213731 -0.0062073   0.00334239 -0.00068212 -0.00197815 -0.00125056]
Current x array =  [-0.71176545 -0.4920488  -0.86781525  2.11999811 -2.39743792  2.30059758
 -2.96035808 -5.08384753 -4.59924497 -5.02225411 -3.24447473 -5.10618023
 -4.47571271 -3.65025559 -4.98742721 -3.13635127 -4.89460241 -3.92844648]
  status: 0
 success: True
    nfev: 70
     fun: 1479.2735253788871
       x: array([-0.71176545, -0.4920488 , -0.86781525,  2.11999811, -2.39743792,
        2.30059758, -2.96035808, -5.08384753, -4.59924497, -5.02225411,
       -3.24447473, -5.10618023, -4.47571271, -3.65025559, -4.98742721,
       -3.13635127, -4.89460241, -3.92844648])
 message: 'CONVERGENCE: REL_REDUCTION_OF_F_<=_FACTR*EPSMCH'
     jac: array([ 0.00213731,  0.0062073 , -0.00334239,  0.00068212,  0.00197815,
        0.00125056, -0.00163165, -0.00099385,  0.00274408, -0.00175661,
       -0.00206025, -0.00221585,  0.00380693, -0.00149265, -0.00202655,
       -0.00358919, -0.00097346, -0.00253786])
     nit: 64
Lr rates:  [ 0.12113056  0.85801449  0.79292689  0.53210498  0.775371    0.81358928
  0.79214495]
Process rates:  [ 0.52502868  0.61491389  0.39120505  5.85872721  0.08624044  3.4499598 ]
log likelihood =  1516.89535829
Lr derivatives =  [31.815750636261289, 3.3555405459885179, 4.4422713809613761, 26.662705836210627, 3.3276208068501187, 20.675445071109245, 20.894636056905576]
other derivatives =  [ 51.19113666  -3.5464609  -14.95259312  27.61087217   9.66849711
 -14.15692168]
Current x_clock array =  [-0.64430238 -0.48627304 -0.93852343  1.76793238 -2.45061608  1.23836258
 -2.11088631 -0.15313429 -0.23202426 -0.63091448 -0.25441366 -0.20629961
 -0.23301088]
Lr rates:  [ 0.08114616  0.82251667  0.7497913   0.38035681  0.74355366  0.6271056
  0.60889368]
Process rates:  [ 0.27557648  0.61830119  0.39560647  4.13820559  0.07635516  4.12317489]
log likelihood =  1606.10773649
Lr derivatives =  [-91.175430480987785, -93.593664255849873, -80.935060376693968, -48.474696388709717, -40.199667434453048, -19.862273967958597, -1.2378251364025132]
other derivatives =  [-177.02370769   16.88995326  -22.17079782  -61.07322861  -15.26830147
  -25.41223694]
Current x_clock array =  [-1.28889008 -0.48077958 -0.92733534  1.42026226 -2.5723597   1.41662347
 -2.51150335 -0.19538653 -0.28796038 -0.96664549 -0.29631434 -0.46664033
 -0.49611161]
Lr rates:  [ 0.11225858  0.85115877  0.78455022  0.49924478  0.76922696  0.77435121
  0.75354612]
Process rates:  [ 0.46454893  0.61555559  0.39203695  5.48447434  0.08426984  3.56872526]
log likelihood =  1510.17569106
Lr derivatives =  [0.52780013497673295, -21.940323154635728, -18.464747335938341, 6.3294782899651265, -9.1323494954145055, 8.8726938705151426, 14.432117730391475]
other derivatives =  [-24.6761374    2.16587068 -16.27872734   4.71361545   2.49046934
 -16.13386758]
Current x_clock array =  [-0.76668839 -0.48523001 -0.93639918  1.70192125 -2.47373119  1.27220846
 -2.18695032 -0.1611566  -0.24264469 -0.69465876 -0.26236922 -0.25572975
 -0.28296506]
Lr rates:  [ 0.1104383   0.88073609  0.80679613  0.48774476  0.7795092   0.75558081
  0.72856385]
Process rates:  [ 0.4717289   0.61370316  0.40332137  5.36980445  0.0835341   3.68923779]
log likelihood =  1506.75105361
Lr derivatives =  [0.90472580800523161, -19.493814274009885, -15.079570523624254, 6.5282580767578775, -8.5248837227271927, 6.7053795632728388, 12.47031487395223]
other derivatives =  [-16.29150574   0.64842425 -10.26050995   3.63695563   2.27596502
 -15.17898909]
Current x_clock array =  [-0.75135083 -0.48824392 -0.90802158  1.68079149 -2.48250039  1.30541988
 -2.20329828 -0.12699726 -0.21468427 -0.71796305 -0.24909079 -0.28026855
 -0.31668001]
Lr rates:  [ 0.09966578  1.          0.9705612   0.40946806  0.8767202   0.66060155
  0.58031024]
Process rates:  [ 0.48222561  0.6180797   0.43943452  4.77522213  0.07877419  4.80294429]
log likelihood =  1496.96810923
Lr derivatives =  [-5.8068246802893784, -13.784435635456092, 2.0349414565075712, 5.5937490546057758, -1.684092772948933, -2.3778465832196565, 3.9441145309435992]
other derivatives =  [ -0.85699412   5.6521003    9.15588316 -10.62244337  -0.63423613
  -7.83616088]
Current x_clock array =  [-0.72934319 -0.48113786 -0.82226656  1.56344049 -2.54116989  1.56922912
 -2.30593291  0.         -0.02988082 -0.89289637 -0.13156738 -0.41460442
 -0.54419242]
Lr rates:  [ 0.101727    1.          0.98687977  0.36963349  0.90740112  0.64740022
  0.52644343]
Process rates:  [ 0.48464211  0.58222181  0.41892188  5.09382625  0.07794502  5.48715555]
log likelihood =  1495.21598491
Lr derivatives =  [1.4449066560008221, -9.3935747275906394, 1.9444755484875236, 3.965320036839576, 1.0618152809185126, -3.601771114767037, 1.8090026974363353]
other derivatives =  [  2.4124347  -21.72043878  -2.97011411  -5.1715233    0.38305643
  -5.5149485 ]
Current x_clock array =  [-0.72434459 -0.54090379 -0.87007082  1.62802927 -2.55175159  1.70241001
 -2.28546257  0.         -0.01320706 -0.99524334 -0.09717068 -0.43479059
 -0.64161141]
Lr rates:  [ 0.102081    1.          1.          0.33989596  0.93067782  0.64260362
  0.48677481]
Process rates:  [ 0.48653627  0.6053057   0.41398159  5.3586722   0.07711259  6.15717373]
log likelihood =  1493.8041525
Lr derivatives =  [4.9137315239393429, -7.614825530331701, nan, 1.8844850916494535, 3.4006163162449088, -4.390586440584773, 0.28962769042121961]
other derivatives =  [ 3.49918992 -5.08730409 -5.66301424 -3.05756203  0.55515557 -3.45748958]
Current x_clock array =  [-0.72044383 -0.50202167 -0.88193377  1.67871622 -2.56248867  1.81761786
 -2.28198864  0.          0.         -1.07911571 -0.07184212 -0.4422272
 -0.71995366]
Lr rates:  [ 0.102081    1.          1.          0.33989596  0.93067782  0.64260362
  0.48677481]
Process rates:  [ 0.48653627  0.6053057   0.41398159  5.3586722   0.07711259  6.15717373]
log likelihood =  1493.8041525
Lr derivatives =  [4.9137315239393429, -7.614825530331701, nan, 1.8844850916494535, 3.4006163162449088, -4.390586440584773, 0.28962769042121961]
other derivatives =  [ 3.49918992 -5.08730409 -5.66301424 -3.05756203  0.55515557 -3.45748958]
Current x_clock array =  [-0.72044383 -0.50202167 -0.88193377  1.67871622 -2.56248867  1.81761786
 -2.28198864  0.          0.         -1.07911571 -0.07184212 -0.4422272
 -0.71995366]
Lr rates:  [ 0.102081    1.          1.          0.33989596  0.93067782  0.64260362
  0.48677481]
Process rates:  [ 0.48653627  0.6053057   0.41398159  5.3586722   0.07711259  6.15717373]
log likelihood =  1493.8041525
Lr derivatives =  [4.9137315239393429, -7.614825530331701, nan, 1.8844850916494535, 3.4006163162449088, -4.390586440584773, 0.28962769042121961]
other derivatives =  [ 3.49918992 -5.08730409 -5.66301424 -3.05756203  0.55515557 -3.45748958]
Current x_clock array =  [-0.72044383 -0.50202167 -0.88193377  1.67871622 -2.56248867  1.81761786
 -2.28198864  0.          0.         -1.07911571 -0.07184212 -0.4422272
 -0.71995366]
Lr rates:  [ 0.102081    1.          1.          0.33989596  0.93067782  0.64260362
  0.48677481]
Process rates:  [ 0.48653627  0.6053057   0.41398159  5.3586722   0.07711259  6.15717373]
log likelihood =  1493.8041525
Lr derivatives =  [4.9137315239393429, -7.614825530331701, nan, 1.8844850916494535, 3.4006163162449088, -4.390586440584773, 0.28962769042121961]
other derivatives =  [ 3.49918992 -5.08730409 -5.66301424 -3.05756203  0.55515557 -3.45748958]
Current x_clock array =  [-0.72044383 -0.50202167 -0.88193377  1.67871622 -2.56248867  1.81761786
 -2.28198864  0.          0.         -1.07911571 -0.07184212 -0.4422272
 -0.71995366]
Lr rates:  [ 0.102081    1.          1.          0.33989596  0.93067782  0.64260362
  0.48677481]
Process rates:  [ 0.48653627  0.6053057   0.41398159  5.3586722   0.07711259  6.15717373]
log likelihood =  1493.8041525
Lr derivatives =  [4.9137315239393429, -7.614825530331701, nan, 1.8844850916494535, 3.4006163162449088, -4.390586440584773, 0.28962769042121961]
other derivatives =  [ 3.49918992 -5.08730409 -5.66301424 -3.05756203  0.55515557 -3.45748958]
Current x_clock array =  [-0.72044383 -0.50202167 -0.88193377  1.67871622 -2.56248867  1.81761786
 -2.28198864  0.          0.         -1.07911571 -0.07184212 -0.4422272
 -0.71995366]
Lr rates:  [ 0.102081    1.          1.          0.33989596  0.93067782  0.64260362
  0.48677481]
Process rates:  [ 0.48653627  0.6053057   0.41398159  5.3586722   0.07711259  6.15717373]
log likelihood =  1493.8041525
Lr derivatives =  [4.9137315239393429, -7.614825530331701, nan, 1.8844850916494535, 3.4006163162449088, -4.390586440584773, 0.28962769042121961]
other derivatives =  [ 3.49918992 -5.08730409 -5.66301424 -3.05756203  0.55515557 -3.45748958]
Current x_clock array =  [-0.72044383 -0.50202167 -0.88193377  1.67871622 -2.56248867  1.81761786
 -2.28198864  0.          0.         -1.07911571 -0.07184212 -0.4422272
 -0.71995366]
Lr rates:  [ 0.102081    1.          1.          0.33989596  0.93067782  0.64260362
  0.48677481]
Process rates:  [ 0.48653627  0.6053057   0.41398159  5.3586722   0.07711259  6.15717373]
log likelihood =  1493.8041525
Lr derivatives =  [4.9137315239393429, -7.614825530331701, nan, 1.8844850916494535, 3.4006163162449088, -4.390586440584773, 0.28962769042121961]
other derivatives =  [ 3.49918992 -5.08730409 -5.66301424 -3.05756203  0.55515557 -3.45748958]
Current x_clock array =  [-0.72044383 -0.50202167 -0.88193377  1.67871622 -2.56248867  1.81761786
 -2.28198864  0.          0.         -1.07911571 -0.07184212 -0.4422272
 -0.71995366]
Lr rates:  [ 0.102081    1.          1.          0.33989596  0.93067782  0.64260362
  0.48677481]
Process rates:  [ 0.48653627  0.6053057   0.41398159  5.3586722   0.07711259  6.15717373]
log likelihood =  1493.8041525
Lr derivatives =  [4.9137315239393429, -7.614825530331701, nan, 1.8844850916494535, 3.4006163162449088, -4.390586440584773, 0.28962769042121961]
other derivatives =  [ 3.49918992 -5.08730409 -5.66301424 -3.05756203  0.55515557 -3.45748958]
Current x_clock array =  [-0.72044383 -0.50202167 -0.88193377  1.67871622 -2.56248867  1.81761786
 -2.28198864  0.          0.         -1.07911571 -0.07184212 -0.4422272
 -0.71995366]
Lr rates:  [ 0.102081    1.          1.          0.33989596  0.93067782  0.64260362
  0.48677481]
Process rates:  [ 0.48653627  0.6053057   0.41398159  5.3586722   0.07711259  6.15717373]
log likelihood =  1493.8041525
Lr derivatives =  [4.9137315239393429, -7.614825530331701, nan, 1.8844850916494535, 3.4006163162449088, -4.390586440584773, 0.28962769042121961]
other derivatives =  [ 3.49918992 -5.08730409 -5.66301424 -3.05756203  0.55515557 -3.45748958]
Current x_clock array =  [-0.72044383 -0.50202167 -0.88193377  1.67871622 -2.56248867  1.81761786
 -2.28198864  0.          0.         -1.07911571 -0.07184212 -0.4422272
 -0.71995366]
Lr rates:  [ 0.102081    1.          1.          0.33989596  0.93067782  0.64260362
  0.48677481]
Process rates:  [ 0.48653627  0.6053057   0.41398159  5.3586722   0.07711259  6.15717373]
log likelihood =  1493.8041525
Lr derivatives =  [4.9137315239393429, -7.614825530331701, nan, 1.8844850916494535, 3.4006163162449088, -4.390586440584773, 0.28962769042121961]
other derivatives =  [ 3.49918992 -5.08730409 -5.66301424 -3.05756203  0.55515557 -3.45748958]
Current x_clock array =  [-0.72044383 -0.50202167 -0.88193377  1.67871622 -2.56248867  1.81761786
 -2.28198864  0.          0.         -1.07911571 -0.07184212 -0.4422272
 -0.71995366]
Lr rates:  [ 0.102081    1.          1.          0.33989596  0.93067782  0.64260362
  0.48677481]
Process rates:  [ 0.48653627  0.6053057   0.41398159  5.3586722   0.07711259  6.15717373]
log likelihood =  1493.8041525
Lr derivatives =  [4.9137315239393429, -7.614825530331701, nan, 1.8844850916494535, 3.4006163162449088, -4.390586440584773, 0.28962769042121961]
other derivatives =  [ 3.49918992 -5.08730409 -5.66301424 -3.05756203  0.55515557 -3.45748958]
Current x_clock array =  [-0.72044383 -0.50202167 -0.88193377  1.67871622 -2.56248867  1.81761786
 -2.28198864  0.          0.         -1.07911571 -0.07184212 -0.4422272
 -0.71995366]
Lr rates:  [ 0.102081    1.          1.          0.33989596  0.93067782  0.64260362
  0.48677481]
Process rates:  [ 0.48653627  0.6053057   0.41398159  5.3586722   0.07711259  6.15717373]
log likelihood =  1493.8041525
Lr derivatives =  [4.9137315239393429, -7.614825530331701, nan, 1.8844850916494535, 3.4006163162449088, -4.390586440584773, 0.28962769042121961]
other derivatives =  [ 3.49918992 -5.08730409 -5.66301424 -3.05756203  0.55515557 -3.45748958]
Current x_clock array =  [-0.72044383 -0.50202167 -0.88193377  1.67871622 -2.56248867  1.81761786
 -2.28198864  0.          0.         -1.07911571 -0.07184212 -0.4422272
 -0.71995366]
Lr rates:  [ 0.102081    1.          1.          0.33989596  0.93067782  0.64260362
  0.48677481]
Process rates:  [ 0.48653627  0.6053057   0.41398159  5.3586722   0.07711259  6.15717373]
log likelihood =  1493.8041525
Lr derivatives =  [4.9137315239393429, -7.614825530331701, nan, 1.8844850916494535, 3.4006163162449088, -4.390586440584773, 0.28962769042121961]
other derivatives =  [ 3.49918992 -5.08730409 -5.66301424 -3.05756203  0.55515557 -3.45748958]
Current x_clock array =  [-0.72044383 -0.50202167 -0.88193377  1.67871622 -2.56248867  1.81761786
 -2.28198864  0.          0.         -1.07911571 -0.07184212 -0.4422272
 -0.71995366]
Lr rates:  [ 0.102081    1.          1.          0.33989596  0.93067782  0.64260362
  0.48677481]
Process rates:  [ 0.48653627  0.6053057   0.41398159  5.3586722   0.07711259  6.15717373]
log likelihood =  1493.8041525
Lr derivatives =  [4.9137315239393429, -7.614825530331701, nan, 1.8844850916494535, 3.4006163162449088, -4.390586440584773, 0.28962769042121961]
other derivatives =  [ 3.49918992 -5.08730409 -5.66301424 -3.05756203  0.55515557 -3.45748958]
Current x_clock array =  [-0.72044383 -0.50202167 -0.88193377  1.67871622 -2.56248867  1.81761786
 -2.28198864  0.          0.         -1.07911571 -0.07184212 -0.4422272
 -0.71995366]
Lr rates:  [ 0.102081    1.          1.          0.33989596  0.93067782  0.64260362
  0.48677481]
Process rates:  [ 0.48653627  0.6053057   0.41398159  5.3586722   0.07711259  6.15717373]
log likelihood =  1493.8041525
Lr derivatives =  [4.9137315239393429, -7.614825530331701, nan, 1.8844850916494535, 3.4006163162449088, -4.390586440584773, 0.28962769042121961]
other derivatives =  [ 3.49918992 -5.08730409 -5.66301424 -3.05756203  0.55515557 -3.45748958]
Current x_clock array =  [-0.72044383 -0.50202167 -0.88193377  1.67871622 -2.56248867  1.81761786
 -2.28198864  0.          0.         -1.07911571 -0.07184212 -0.4422272
 -0.71995366]
Lr rates:  [ 0.102081    1.          1.          0.33989596  0.93067782  0.64260362
  0.48677481]
Process rates:  [ 0.48653627  0.6053057   0.41398159  5.3586722   0.07711259  6.15717373]
log likelihood =  1493.8041525
Lr derivatives =  [4.9137315239393429, -7.614825530331701, nan, 1.8844850916494535, 3.4006163162449088, -4.390586440584773, 0.28962769042121961]
other derivatives =  [ 3.49918992 -5.08730409 -5.66301424 -3.05756203  0.55515557 -3.45748958]
Current x_clock array =  [-0.72044383 -0.50202167 -0.88193377  1.67871622 -2.56248867  1.81761786
 -2.28198864  0.          0.         -1.07911571 -0.07184212 -0.4422272
 -0.71995366]
Lr rates:  [ 0.102081    1.          1.          0.33989596  0.93067782  0.64260362
  0.48677481]
Process rates:  [ 0.48653627  0.6053057   0.41398159  5.3586722   0.07711259  6.15717373]
log likelihood =  1493.8041525
Lr derivatives =  [4.9137315239393429, -7.614825530331701, nan, 1.8844850916494535, 3.4006163162449088, -4.390586440584773, 0.28962769042121961]
other derivatives =  [ 3.49918992 -5.08730409 -5.66301424 -3.05756203  0.55515557 -3.45748958]
Current x_clock array =  [-0.72044383 -0.50202167 -0.88193377  1.67871622 -2.56248867  1.81761786
 -2.28198864  0.          0.         -1.07911571 -0.07184212 -0.4422272
 -0.71995366]
Lr rates:  [ 0.102081    1.          1.          0.33989596  0.93067782  0.64260362
  0.48677481]
Process rates:  [ 0.48653627  0.6053057   0.41398159  5.3586722   0.07711259  6.15717373]
log likelihood =  1493.8041525
Lr derivatives =  [4.9137315239393429, -7.614825530331701, nan, 1.8844850916494535, 3.4006163162449088, -4.390586440584773, 0.28962769042121961]
other derivatives =  [ 3.49918992 -5.08730409 -5.66301424 -3.05756203  0.55515557 -3.45748958]
Current x_clock array =  [-0.72044383 -0.50202167 -0.88193377  1.67871622 -2.56248867  1.81761786
 -2.28198864  0.          0.         -1.07911571 -0.07184212 -0.4422272
 -0.71995366]
Lr rates:  [ 0.102081    1.          1.          0.33989596  0.93067782  0.64260362
  0.48677481]
Process rates:  [ 0.48653627  0.6053057   0.41398159  5.3586722   0.07711259  6.15717373]
log likelihood =  1493.8041525
Lr derivatives =  [4.9137315239393429, -7.614825530331701, nan, 1.8844850916494535, 3.4006163162449088, -4.390586440584773, 0.28962769042121961]
other derivatives =  [ 3.49918992 -5.08730409 -5.66301424 -3.05756203  0.55515557 -3.45748958]
Current x_clock array =  [-0.72044383 -0.50202167 -0.88193377  1.67871622 -2.56248867  1.81761786
 -2.28198864  0.          0.         -1.07911571 -0.07184212 -0.4422272
 -0.71995366]
Lr rates:  [ 0.102081    1.          1.          0.33989596  0.93067782  0.64260362
  0.48677481]
Process rates:  [ 0.48653627  0.6053057   0.41398159  5.3586722   0.07711259  6.15717373]
log likelihood =  1493.8041525
Lr derivatives =  [4.9137315239393429, -7.614825530331701, nan, 1.8844850916494535, 3.4006163162449088, -4.390586440584773, 0.28962769042121961]
other derivatives =  [ 3.49918992 -5.08730409 -5.66301424 -3.05756203  0.55515557 -3.45748958]
Current x_clock array =  [-0.72044383 -0.50202167 -0.88193377  1.67871622 -2.56248867  1.81761786
 -2.28198864  0.          0.         -1.07911571 -0.07184212 -0.4422272
 -0.71995366]
Lr rates:  [ 0.02398398  1.          0.14118522  0.00700898  0.31380423  1.
  0.08624061]
Process rates:  [  4.34224243e-02   9.51229425e-01   9.51229425e-01   8.97445654e+02
   5.31409205e-02   1.36288425e+03]
log likelihood =  3216.8445171
Lr derivatives =  [74.49484511233544, -67.749061449136747, -68.685914359656039, -96.89641178845315, -73.494780904144989, nan, -14.905018156297242]
other derivatives =  [ -241.40322239  2261.80090976  5629.65406061   155.32646103   110.24676496
   -61.71217137]
Current x_clock array =  [-3.13677928 -0.05       -0.05        6.79955257 -2.93480802  7.2173585
 -3.73036922  0.         -1.95768261 -4.96056338 -1.15898596  0.
 -2.45061411]
Lr rates:  [ 0.101727    1.          0.98687977  0.36963349  0.90740112  0.64740022
  0.52644343]
Process rates:  [ 0.48464211  0.58222181  0.41892188  5.09382625  0.07794502  5.48715555]
log likelihood =  1495.21598491
Lr derivatives =  [1.4449066560008221, -9.3935747275906394, 1.9444755484875236, 3.965320036839576, 1.0618152809185126, -3.601771114767037, 1.8090026974363353]
other derivatives =  [  2.4124347  -21.72043878  -2.97011411  -5.1715233    0.38305643
  -5.5149485 ]
Current x_clock array =  [-0.72434459 -0.54090379 -0.87007082  1.62802927 -2.55175159  1.70241001
 -2.28546257  0.         -0.01320706 -0.99524334 -0.09717068 -0.43479059
 -0.64161141]
  status: 0
 success: True
    nfev: 28
     fun: 1495.2159849062054
       x: array([-0.72434459, -0.54090379, -0.87007082,  1.62802927, -2.55175159,
        1.70241001, -2.28546257,  0.        , -0.01320706, -0.99524334,
       -0.09717068, -0.43479059, -0.64161141])
 message: 'CONVERGENCE: REL_REDUCTION_OF_F_<=_FACTR*EPSMCH'
     jac: array([  2.4124347 , -21.72043878,  -2.97011411,  -5.1715233 ,
         0.38305643,  -5.5149485 ,   1.44490666,  -9.39357473,
         1.94447555,   3.96532004,   1.06181528,  -3.60177111,   1.8090027 ])
     nit: 5
