number of sites to be analyzed:  332
Now calculate MLE for pair ['YGR043C', 'YLR354C']
log likelihood =  -7961.87166501
Edge derivatives =  [131.98997896625266, 55.04663858869471, 31.02966116358218, 15.71044652360113, 237.05322708355186, 54.12100571743077, 149.35630019506024, 64.29858569954366, 37.295084551868534, 53.33828192881639, 35.202828322077394, -48.58006949472305]
other derivatives: [ -89.96985343 -105.59506336   90.60504453  519.76003306  352.04802771
  -83.96018529]
Current x array =  [-0.64353555 -0.48264002 -0.93307917  1.76977596 -2.44028574  1.19617746
 -3.90910406 -3.87159909 -4.30005794 -6.28014701 -2.83555499 -3.29056063
 -2.92359461 -3.49891453 -3.97438916 -3.10701318 -4.59465356 -2.01786889]
log likelihood =  -7448.48940769
Edge derivatives =  [95.66842457505146, 27.045095071320972, 13.1274325438236, 10.21757492461518, 159.60502730385832, 12.905832775617462, 89.56310467349654, 26.77509888731925, 12.57813937952164, 28.599118052601934, 19.98924000781451, -123.92460538328709]
other derivatives: [ 181.77515813  151.00067685   81.95402188  113.13404684  172.85683498
  -91.74591469]
Current x array =  [-0.76648873 -0.62694668 -0.93187235  2.48008222 -1.95917542  1.08143712
 -3.728726   -3.79637212 -4.25765267 -6.25867705 -2.51159705 -3.21659863
 -2.71948366 -3.41104381 -3.92342154 -3.03412086 -4.54654523 -2.08425862]
log likelihood =  -7516.56457376
Edge derivatives =  [32.36034469781367, -24.66506132036212, -16.787616281411633, 4.507706044384114, -14.713437764292914, -61.54099943463264, -14.611435516765576, -42.080389414970355, -29.798991521260294, -8.985472156859837, -5.842723181761014, -193.80546597126644]
other derivatives: [-697.32177508 -319.4081728   -37.10192686 -595.60343288 -363.2764674
  -65.07780199]
Current x array =  [-0.4525541  -0.38539137 -0.82321816  3.0342841  -1.38792642  0.84236344
 -3.45173564 -3.70701636 -4.21159388 -6.2280883  -2.03898749 -3.15660028
 -2.44409794 -3.31647177 -3.8745762  -2.94266653 -4.48391845 -2.36678312]
log likelihood =  -7330.52473121
Edge derivatives =  [70.60137486364853, 8.222953655409786, 1.634391028513652, 7.887642542964128, 95.21609513521956, -15.112924480166388, 49.4016891579175, 2.049560777190229, -2.8163531075058232, 13.444318268737943, 10.337130115101647, -149.95187869247238]
other derivatives: [-121.17752703   25.73706297   33.215656   -153.3444447    -4.69008228
  -80.92292774]
Current x array =  [-0.62235757 -0.51604573 -0.88198791  2.73452296 -1.69690813  0.97167552
 -3.60155639 -3.75534782 -4.23650653 -6.24463338 -2.29461631 -3.18905267
 -2.59305076 -3.36762465 -3.90099606 -2.99213308 -4.51779252 -2.21396902]
log likelihood =  -7263.58323115
Edge derivatives =  [62.99408277369851, 8.269523666770331, 1.1436388439826526, 8.544308552912266, 69.02937184064764, -14.276050728762293, 38.95542170189214, 2.3809560143864528, -1.2762728108355594, 10.99641017440407, 9.895306714624548, -112.44577051529562]
other derivatives: [  23.91516318 -108.40776667  -19.94867489 -167.67999114  -31.68233889
  -65.7284545 ]
Current x array =  [-0.68718047 -0.45379449 -0.82954611  2.69046549 -1.60038476  0.85388922
 -3.48638568 -3.73175659 -4.22676517 -6.23180691 -2.12182287 -3.19245203
 -2.49791687 -3.3488504  -3.89489598 -2.96327685 -4.49698521 -2.40370887]
log likelihood =  -7145.33456431
Edge derivatives =  [45.82948953801863, 18.71356849213706, 7.1455795716945385, 13.054179085982337, -1.9495609334419481, 5.473857997619241, 22.43862903032282, 18.116379985490305, 13.405319047626715, 10.26886430971923, 15.486076675032841, 9.253832698100489]
other derivatives: [  14.74245437    2.28064891 -121.17643564  -77.97116268  -73.74019333
  -27.48965926]
Current x array =  [-0.69669577 -0.5050783  -0.74135306  2.38937412 -1.39341561  0.48190021
 -3.11794153 -3.65953922 -4.19969996 -6.18794169 -1.60747851 -3.21528952
 -2.21045343 -3.29536482 -3.8783451  -2.87631151 -4.43111121 -2.99799054]
log likelihood =  -7144.10811966
Edge derivatives =  [38.45474894576869, 29.165670997030038, 12.466959789161113, 16.674060839472308, -17.217877937196537, 16.803234037269654, 7.4470083896225, 29.818308786923883, 25.91054170048652, 7.904210160303149, 21.142824213498333, 54.72353413072261]
other derivatives: [  50.40546966 -288.83241612  193.64815671   -6.30698196  -36.84335752
  -12.43306542]
Current x array =  [-0.71240432 -0.39221989 -1.09252781  2.18302703 -1.44839246  0.20468338
 -2.76347051 -3.54374472 -4.15178349 -6.11817924 -1.33160417 -3.18357417
 -1.96481666 -3.18529128 -3.80961303 -2.78661259 -4.33657549 -3.21764194]
log likelihood =  -7105.55949057
Edge derivatives =  [43.644554254754475, 27.88204184635549, 12.823206474953123, 16.1460677758112, -3.048355023236161, 19.0992469210463, 17.04231254488724, 29.55415905630832, 24.33689013885079, 11.099637882658795, 20.814438597205932, 49.51324154871845]
other derivatives: [ 27.4575541    6.16601028  98.67990229  13.92754712 -22.15256245
 -14.07770469]
Current x array =  [-0.70454014 -0.51052354 -0.9521182   2.18295371 -1.47799613  0.23543848
 -2.79308859 -3.54513999 -4.15242932 -6.11871809 -1.3860653  -3.18078017
 -1.99768372 -3.1859201  -3.80609832 -2.79584552 -4.33861097 -3.16053976]
log likelihood =  -7092.71763786
Edge derivatives =  [43.246423012302266, 26.13417769571127, 12.537450774561167, 15.723806323958314, -2.904089461082198, 19.611479991190848, 17.09147039151474, 27.83548751188393, 22.96991516888973, 11.715354523463692, 20.173156164013605, 46.88779246289728]
other derivatives: [-28.87063602  36.84781404  13.09826985   7.92906576 -25.19718691
 -13.61759132]
Current x array =  [-0.67936997 -0.5266325  -0.8544206   2.183083   -1.49812352  0.21640101
 -2.75029182 -3.51977256 -4.14104821 -6.10396899 -1.38353929 -3.16523771
 -1.97998374 -3.15961024 -3.78470233 -2.78548145 -4.3195054  -3.12835331]
log likelihood =  -7067.52829994
Edge derivatives =  [38.809799674824426, 23.431046360665572, 12.46690358245507, 15.343663167120388, -4.079330745398345, 21.884632205503422, 10.944285022569995, 24.8209105139516, 21.926091248327456, 11.73506946708162, 19.349531563380562, 47.146699200053675]
other derivatives: [-34.7790774   83.67296687 -64.02242434  -2.8490831  -21.85797712
 -10.59306669]
Current x array =  [-0.67721384 -0.55455781 -0.78231365  2.14295447 -1.57884913  0.095469
 -2.53331613 -3.41390691 -4.09364046 -6.04143173 -1.31459877 -3.1058294
 -1.8659764  -3.0514927  -3.70167863 -2.73023362 -4.23748928 -3.06997195]
log likelihood =  -6992.70596277
Edge derivatives =  [7.412880718379688, 13.224435783402049, 12.450847468139482, 14.198080882992112, 1.6630791566435525, 29.202561285805434, -8.95082816488834, 12.391783007455626, 19.341546620997836, 12.116339613912913, 16.66180407911369, 48.68957976434554]
other derivatives: [ -70.19916666  161.01512301 -193.83305698  -25.52505975    5.15474312
   -1.86128091]
Current x array =  [-0.66483513 -0.60737188 -0.69140134  1.93520259 -1.94132452 -0.42432107
 -1.59196679 -2.95355794 -3.88421752 -5.76586148 -1.02572872 -2.83570241
 -1.38469504 -2.58191126 -3.33660316 -2.48677482 -3.87741608 -2.79449765]
log likelihood =  -6937.3030622
Edge derivatives =  [-31.022916118612194, 4.01500106393679, 11.336744670375511, 12.89555028535903, 11.338524416449578, 30.82704140232277, -14.605020966762986, 0.4191352126162047, 16.191372941255228, 13.886334155260526, 14.119611638143777, 43.0779647721227]
other derivatives: [ -55.8415195   143.91744116 -112.80017134  -26.00654625   17.44228939
    0.58107616]
Current x array =  [-0.68489808 -0.59828923 -0.74761458  1.69151006 -2.21380354 -0.86896796
 -0.81288258 -2.53550317 -3.67791815 -5.49866517 -0.76838514 -2.54053342
 -1.01012004 -2.16164141 -2.97993108 -2.25463453 -3.53372179 -2.44271411]
log likelihood =  -6892.80130425
Edge derivatives =  [-33.12158779348074, 0.5646465704815614, 8.95414893115254, 11.182699424642315, 19.134959414243188, 25.824037089691313, -9.21931537776105, -2.5769183460853364, 10.686510762108302, 15.951394582490293, 12.328078611752607, 19.118259089243992]
other derivatives: [ 57.97610356 -57.28697943 -90.39804354   2.49410732  44.95868779
  -2.63098627]
Current x array =  [-0.75404842 -0.49463982 -0.76751917  1.37382203 -2.36358912 -1.18016305
 -0.49300396 -2.20852405 -3.46241906 -5.22478382 -0.53109679 -2.15195639
 -0.81998461 -1.85937351 -2.62029549 -2.00315335 -3.19842468 -1.89368355]
log likelihood =  -6873.45524102
Edge derivatives =  [-29.56444905915042, -1.0935899734467227, 6.527031098670421, 10.278983399315452, 7.541162188742476, 16.196112664172492, -13.313806351936995, -3.9604495610706967, 6.451593946480006, 14.547650582595056, 10.80761967043854, 0.43068044934773086]
other derivatives: [ 60.13033271 -89.07018128  19.84244591 -11.88391252  19.32039595
  -6.16746547]
Current x array =  [-0.75941618 -0.47960274 -0.85625714  1.26147664 -2.30682673 -1.2687061
 -0.53040686 -2.11645423 -3.3738179  -5.11431186 -0.40809687 -1.96271644
 -0.8016768  -1.78672216 -2.48228427 -1.88874335 -3.06824823 -1.65278503]
log likelihood =  -6862.50094251
Edge derivatives =  [-15.415480868039891, 0.39710005811916305, 5.091031149566509, 9.857969932593775, -1.2606622549523574, 7.600956185778962, -12.168673174389506, -1.1044758650499455, 3.974798941012383, 13.631215652653667, 10.506352246485802, -13.949851672901442]
other derivatives: [ 35.56378942 -63.24080459  48.31008482  -6.00593921   3.32165655
  -9.72659109]
Current x array =  [-0.7446997  -0.48967334 -0.88789942  1.17572276 -2.22290676 -1.28441048
 -0.70301468 -2.10098411 -3.3223059  -5.04792864 -0.35025264 -1.83110315
 -0.86332021 -1.79023652 -2.41194809 -1.81020538 -2.99609653 -1.50413911]
log likelihood =  -6855.68411222
Edge derivatives =  [-7.53305537566163, 0.014501813365220356, 3.878856752489443, 9.717712248459865, -6.655388428789805, -0.2135028698349536, -9.953266808803614, -0.7086045097085856, 1.5020220132785047, 13.152430665955476, 9.296730198466932, -15.321713635445882]
other derivatives: [-41.1462679  -10.86827979  39.38903319   6.27551344  -5.99702616
  -9.90894478]
Current x array =  [-0.70860522 -0.51475984 -0.88319095  1.09642073 -2.1870062  -1.36990155
 -0.7799669  -2.05543009 -3.25685365 -4.95166903 -0.29726882 -1.7058078
 -0.90714187 -1.7596113  -2.32900589 -1.69419818 -2.88735827 -1.4530245 ]
log likelihood =  -6851.81151836
Edge derivatives =  [2.397834455094075, -0.5215434140768296, 2.916207069248672, 9.631457521158621, -7.649919930004837, -6.615204903185199, -5.4252868946267645, -0.561990378389515, -0.9796442729128574, 13.21149266761065, 7.816085426761706, -14.527411612092767]
other derivatives: [ -8.25029929  27.9633241    6.59319994  12.16576493 -10.96495907
 -10.25791789]
Current x array =  [-0.72390031 -0.53592634 -0.85379374  1.0651104  -2.1549216  -1.42091434
 -0.88142478 -2.04227676 -3.21424313 -4.8819777  -0.28586119 -1.62914589
 -0.97290806 -1.75762322 -2.28420922 -1.60414459 -2.81269909 -1.45133224]
log likelihood =  -6848.94961152
Edge derivatives =  [3.5275796992390496, -2.3975904781359105, 2.2436358314285694, 9.676736647002773, -5.883420406947171, -9.580259893905884, -4.386638331021858, -2.4304701414826484, -2.780891809313056, 12.63312553784089, 5.900588478419606, -7.610619865629245]
other derivatives: [-25.08677426  38.83969839 -27.14132279  11.66336006  -6.15846147
  -8.57999112]
Current x array =  [-0.71661861 -0.54269388 -0.82335164  1.05895753 -2.17601418 -1.5055084
 -0.87467491 -2.01133919 -3.17434985 -4.80935225 -0.28005317 -1.58828396
 -0.99623375 -1.73172993 -2.24450085 -1.51277945 -2.73516771 -1.49568234]
log likelihood =  -6845.46213584
Edge derivatives =  [4.716804339728557, -4.835718243779299, 1.3144023218678489, 9.76398472043927, -4.0521327682315285, -13.167024973701341, -3.84444823615654, -4.954610616187999, -5.126789704182043, 10.70278279143628, 2.93374053807298, 0.4081603732322553]
other derivatives: [-10.37769835  29.74347808 -46.06836228   2.69592419  -3.02297849
  -6.79856385]
Current x array =  [-0.72367502 -0.53817341 -0.80737123  1.07355991 -2.19536604 -1.61446011
 -0.87872113 -1.98673052 -3.12619973 -4.71005085 -0.28108398 -1.56013727
 -1.03795523 -1.71388465 -2.2079991  -1.38541661 -2.63859984 -1.56615142]
log likelihood =  -6840.86980364
Edge derivatives =  [7.534780366995799, -5.812461147969522, 0.779591187460051, 10.239404986150218, 2.4038145305706093, -13.850485047781142, -1.8199367683698693, -5.467976333063676, -6.430631076878907, 6.023406069186601, -1.004065930698581, 11.68143619932804]
other derivatives: [  1.95241228  12.01469786 -30.22714736   3.86198735  10.43508746
  -4.29236025]
Current x array =  [-0.73012448 -0.52976679 -0.81956938  1.08031359 -2.23153564 -1.79529081
 -0.88238886 -1.96702682 -3.05117    -4.53333285 -0.28976334 -1.55701078
 -1.11350815 -1.70588398 -2.16931373 -1.16824119 -2.48936884 -1.66051565]
log likelihood =  -6837.8649857
Edge derivatives =  [0.8451756340869622, -8.811905370076241, -0.25444075029378777, 10.054589735341672, -3.859934109761961, -14.198248050965784, -4.450531012499006, -8.29020087909976, -9.591770315967759, -3.4886136483016084, -7.280719288962788, 10.336242033934441]
other derivatives: [  4.71763997 -25.38508852 -17.45665941 -26.45883797 -12.88490239
  -2.78923835]
Current x array =  [-0.73384631 -0.51031947 -0.83091071  1.10076753 -2.21458051 -1.99659961
 -0.8345218  -1.95429426 -2.96781212 -4.31336501 -0.26783648 -1.59037389
 -1.1790691  -1.7028873  -2.14152091 -0.93624602 -2.34150147 -1.67206607]
log likelihood =  -6835.07721615
Edge derivatives =  [-0.4591578398450614, -5.0562227827806066, 1.3982907400932825, 10.667319857186472, 2.0667055501935705, -5.257479849239012, -2.7817025062182745, -3.418613789522205, -6.05146714247405, -5.785336538448987, -6.779798357904341, 12.166883172688369]
other derivatives: [ 17.53596734  -5.95509846  13.46388672  -8.35889296   1.04801074
  -1.537137  ]
Current x array =  [-0.74058643 -0.52062873 -0.8564833   1.09534716 -2.23293096 -2.06885122
 -0.7973101  -1.98869098 -2.9504171  -4.21482172 -0.28648614 -1.6837355
 -1.21658181 -1.7362379  -2.18058299 -0.86469537 -2.32151925 -1.67722051]
log likelihood =  -6833.09912887
Edge derivatives =  [-1.5427321792490525, -1.1704189426443277, 3.0058351392306912, 10.904742238380813, 2.3520870672950482, 1.2746260658770514, -1.946894963646629, 1.3047695583347054, -3.0576317285264114, -6.7950879954167425, -5.287466818173613, 6.361066192712486]
other derivatives: [  1.86337274 -17.17753548  20.46954251   6.16373654   2.63971742
  -0.94751158]
Current x array =  [-0.73283416 -0.51470359 -0.8634821   1.07678509 -2.21974893 -2.09842655
 -0.78536924 -2.02852971 -2.94037876 -4.13546095 -0.28769802 -1.75764706
 -1.24594908 -1.77210236 -2.2226889  -0.84471883 -2.33587282 -1.61068097]
log likelihood =  -6832.11083617
Edge derivatives =  [-8.146712843595232, 0.5790967387651798, 4.232627264873124, 10.642617654737606, -0.6511595545417308, 7.140805524360291, -2.6735958165934175, 3.0555260021678388, -1.1329138055498755, -8.067907388111346, -5.338901008616387, -4.465170574873076]
other derivatives: [ -1.54295776  35.35815267  14.74709279  -5.29134923  -6.27578629
  -0.37653081]
Current x array =  [-0.73153269 -0.54135412 -0.85842184  1.10425132 -2.21178334 -2.15380191
 -0.73897688 -2.07814418 -2.91876079 -3.99778046 -0.29234109 -1.86640076
 -1.28071982 -1.807169   -2.28905298 -0.82733161 -2.36281957 -1.54149599]
log likelihood =  -6831.0226583
Edge derivatives =  [-2.83563725190907, 1.8085609494276669, 4.1849651420634055, 10.60793088126681, -0.04380497408758127, 6.416681500802573, -0.6275807250760818, 4.330568786856444, -0.8159717956948572, -8.680441279706006, -5.402032408068553, -6.5129988501712415]
other derivatives: [-3.04899004  9.55378709  4.0161467   3.79641278 -3.49127731 -0.53141775]
Current x array =  [-0.73035537 -0.52780763 -0.84967251  1.08202855 -2.20383175 -2.17603348
 -0.78294371 -2.08217019 -2.89525097 -3.93936358 -0.28495542 -1.84577601
 -1.3111734  -1.81071454 -2.28431545 -0.80550015 -2.34951776 -1.51297021]
log likelihood =  -6830.06008072
Edge derivatives =  [0.7449879883781843, 2.1601368347942165, 3.8072172270610327, 10.507530243024291, 0.6765417402020467, 5.172102188480125, 1.0828656458937773, 4.167726907595818, -0.6835028266821943, -8.526082343602216, -5.740828015979427, -7.679101915071393]
other derivatives: [-2.67536961 -3.61196726 -9.71367626  5.71199053  0.42346073 -0.58971636]
Current x array =  [-0.72996007 -0.52116449 -0.83806005  1.0792534  -2.20832287 -2.20617659
 -0.81214726 -2.08556921 -2.86585831 -3.85721859 -0.28147878 -1.8305936
 -1.33948347 -1.80739701 -2.28844511 -0.79761438 -2.34783646 -1.50377087]
log likelihood =  -6828.01360694
Edge derivatives =  [6.187175902809861, 2.6815187444400377, 2.6699383232456864, 9.867332785390118, 1.608102519260634, 2.443120040691999, 4.307013637668397, 2.947860150120461, -0.05356163361722552, -7.988891466279454, -6.7071944860966415, -10.35899408810783]
other derivatives: [  0.15043042 -17.90904207 -30.51090971   2.87791408   7.5709977
  -0.5743459 ]
Current x array =  [-0.72996802 -0.51409002 -0.82127675  1.08949262 -2.22239694 -2.29542771
 -0.85960127 -2.09971806 -2.78559127 -3.61319548 -0.27631118 -1.81483983
 -1.4091843  -1.79843747 -2.31582386 -0.78944291 -2.36016704 -1.49593073]
log likelihood =  -6825.02045881
Edge derivatives =  [10.8908607882489, 3.580707923461477, 0.4283233479713119, 7.21566125810295, 1.5721718156782527, -1.6927762574667145, 7.7756124093879055, 0.57244332751685, 1.5694190872565754, -5.756110581972849, -7.30843869221402, -13.185829290088337]
other derivatives: [-10.70784492 -30.10509317 -37.81633495  -4.36020855  14.53636287
  -0.49221853]
Current x array =  [-0.72261752 -0.50782002 -0.81689577  1.11017026 -2.23654336 -2.42782653
 -0.90813966 -2.12426361 -2.65913801 -3.20528964 -0.27029574 -1.80334356
 -1.50443761 -1.7808712  -2.37558832 -0.82162507 -2.41909549 -1.50310864]
log likelihood =  -6827.02399962
Edge derivatives =  [12.404626805225638, 6.83785193812574, -2.1726683079537734, -1.8200949203334396, -1.4622129222667861, -3.443911342738875, 10.840539148616243, -0.23530024625275622, 5.350174929547648, 3.307180633003477, -4.666810880434365, -16.76210536738448]
other derivatives: [ 123.43916751  -57.77746992  -33.122069     -7.54007488    5.52117854
   -0.48912625]
Current x array =  [-0.79062203 -0.49352888 -0.8259272   1.10899658 -2.19226421 -2.53943776
 -0.92759719 -2.16755686 -2.51468064 -2.65690615 -0.25952738 -1.83044648
 -1.57898091 -1.76855039 -2.49234155 -0.99720374 -2.61989441 -1.50809822]
log likelihood =  -6823.65557882
Edge derivatives =  [11.44051459537606, 4.7863554679624905, -0.4927956528851111, 4.735294561495528, 0.39842321274972, -2.3677315828650545, 8.95627233469965, 0.30364531479535745, 3.1331672984141945, -2.0949790093303116, -6.093420747325545, -14.638891039778075]
other derivatives: [ 44.75323294 -40.76791811 -35.86146704  -4.99021553  11.61606633
  -0.47912181]
Current x array =  [-0.74924728 -0.50222378 -0.82043237  1.10971066 -2.21920417 -2.47153216
 -0.915759   -2.14121673 -2.60257022 -2.99054918 -0.26607898 -1.81395674
 -1.53362788 -1.77604652 -2.4213075  -0.89037959 -2.49772596 -1.5050625 ]
log likelihood =  -6820.7799483
Edge derivatives =  [9.476865804220596, 4.207534737041032, -2.3818117589719083, 1.0510510116996732, -0.7458952803911076, -5.2720179562175, 8.916200429637357, -1.9971436102701188, 3.960789039492533, 0.9574273401689106, -5.19678599331763, -9.002237800753898]
other derivatives: [ 14.27488314 -19.72975952 -16.83602022  -9.22491381  11.00470399
  -0.27348506]
Current x array =  [-0.73294404 -0.51202007 -0.83742431  1.12136717 -2.21652672 -2.52606898
 -0.90903071 -2.13968941 -2.53850385 -2.7618703  -0.2688434  -1.8047612
 -1.55134985 -1.75210169 -2.45708495 -0.96825485 -2.57905775 -1.57645002]
log likelihood =  -6818.99316876
Edge derivatives =  [0.8954559311071626, 2.6443291944363105, -1.5115109844595733, 3.605251699058105, -1.6373274478187587, -3.580876847182848, 5.491416459991424, -1.8940792659098524, 4.280744441308765, 3.4910639783829116, -2.692783804165195, 0.07054832079788609]
other derivatives: [ 1.31667548  7.70496627  7.99782356 -3.19887477  5.55191946  0.23364919]
Current x array =  [-0.72726303 -0.52556471 -0.85869292  1.11846578 -2.19730155 -2.46726242
 -0.84156534 -2.12008794 -2.57769932 -2.83523747 -0.28335262 -1.82502853
 -1.47712677 -1.74333035 -2.45961066 -1.05891078 -2.65493721 -1.65797642]
log likelihood =  -6818.6138117
Edge derivatives =  [-2.461586450606905, 2.9532360032543736, -1.1813064882790414, 1.5055768805900198, -2.035682258521158, -1.4879044962997128, 4.581949922839833, -0.9579154367225813, 4.760155061012127, 3.3228596817111877, -2.1775386225550517, 0.11864317750585529]
other derivatives: [-2.40233931  1.90375431  3.87481123 -3.53620635  0.60845196  0.46284185]
Current x array =  [-0.72552007 -0.52221311 -0.8555278   1.11919078 -2.18345641 -2.49567831
 -0.818855   -2.127852   -2.56154709 -2.73543189 -0.29272088 -1.86788755
 -1.47663517 -1.75320969 -2.47917659 -1.06529174 -2.6907096  -1.66879671]
log likelihood =  -6818.38911731
Edge derivatives =  [1.8850256874750615, 2.4989853513987113, -0.5342420277849502, 0.313044204007837, 1.3650694477277205, -0.05183310736625191, 4.855645912147827, 1.9382339418943078, 3.9240731653531165, 2.828702248784367, -0.8707309761016936, 3.5687607099270173]
other derivatives: [  3.40924089  12.21824277   0.40463419  14.21458364   1.48902473
   0.58898877]
Current x array =  [-0.72872449 -0.52824753 -0.85322648  1.07915236 -2.16228759 -2.51452819
 -0.85309727 -2.10359629 -2.54674441 -2.65136076 -0.30504249 -1.86441713
 -1.45761793 -1.7581788  -2.44310755 -1.04051552 -2.71332073 -1.68607679]
log likelihood =  -6817.98740447
Edge derivatives =  [-0.6848926181542854, 0.2265552583599552, -0.5360177887220421, 0.8309315117315085, -0.3956783828516761, -0.15531573863796932, 2.4612898257250913, 0.9067106616284126, 1.9202688845519442, 0.6671042794017014, -1.3004671262355079, 2.3536562124408844]
other derivatives: [ 0.480577   -1.98506314  0.41472958  2.11766746 -6.17528713  0.5316906 ]
Current x array =  [-0.72755733 -0.52039235 -0.85282992  1.09438564 -2.1563918  -2.50030916
 -0.84490429 -2.08898802 -2.56654058 -2.69662368 -0.31003895 -1.87442264
 -1.42605549 -1.76063315 -2.41684651 -1.0159694  -2.70836684 -1.68431253]
log likelihood =  -6817.88000023
Edge derivatives =  [-0.3988744272487609, -0.5770582021070495, -0.497650622289543, 0.8628902472880919, 0.4263636084423189, -0.10018136774898218, 2.001910919759007, 0.5739748090489162, 1.0607653263162378, 0.17851558738684642, -1.3881270473066132, 2.084793752317562]
other derivatives: [ 0.39281076 -1.99015631 -1.63436198 -0.9786163  -4.38085408  0.50795279]
Current x array =  [-0.72752747 -0.52047312 -0.85065286  1.1008314  -2.16589183 -2.49796822
 -0.84595098 -2.08211516 -2.57154462 -2.70392754 -0.31294842 -1.87521733
 -1.41254527 -1.7588598  -2.40317945 -1.0047862  -2.70779348 -1.68344869]
log likelihood =  -6817.78406052
Edge derivatives =  [1.0568479422015615, -0.969846207081857, -0.07110913203595051, 0.7363338233204779, 2.391276087213743, 0.6603388867670962, 1.2933461981349508, 0.9955979612765526, 0.03065909151018023, -0.13387546375569734, -0.836936838796954, 1.765735061063973]
other derivatives: [ -2.01043804 -12.13311407   5.08516678   0.36170604   1.54186637
   0.52714313]
Current x array =  [-0.72647611 -0.51553001 -0.85649042  1.09984799 -2.18342633 -2.49175563
 -0.85159474 -2.07313833 -2.57825157 -2.69267809 -0.31307129 -1.87736911
 -1.37950882 -1.75466362 -2.37796117 -0.99453148 -2.72593652 -1.6729629 ]
log likelihood =  -6817.69759361
Edge derivatives =  [0.9519067929387883, -1.3010794341844838, 0.05685600231719322, 0.2162318692454442, 1.9973230508362922, 1.0970752509068487, 0.5835741548547662, 0.7617091671613354, -0.638438840296869, -0.1113862099310604, -0.6845685297636834, 0.4333559207168166]
other derivatives: [ 1.29102773  2.98459781  1.03700586 -3.02543413  1.21708581  0.51977622]
Current x array =  [-0.72833729 -0.52325384 -0.85279367  1.10345297 -2.1894835  -2.48862905
 -0.85005994 -2.07201881 -2.58081994 -2.67775353 -0.30988399 -1.88263322
 -1.36065836 -1.75206887 -2.36888587 -0.99341796 -2.74195447 -1.66216945]
log likelihood =  -6817.66319949
Edge derivatives =  [0.9958671219524426, -0.9186546871598322, 0.09685375573612848, 0.1968341357695932, 1.542721923197735, 1.1300056617076102, 0.6091666706571041, 0.8909251916779908, -0.37719857650519995, 0.25575861161067437, -0.48492470246895675, 0.439523448295451]
other derivatives: [ 1.16069714  2.43944669  1.17361196 -1.32195055  0.90958565  0.53378244]
Current x array =  [-0.72835506 -0.5229659  -0.8530915   1.09924054 -2.18737115 -2.48582227
 -0.85002095 -2.07430722 -2.58004077 -2.67272736 -0.30621082 -1.88034492
 -1.35871081 -1.75044938 -2.37105153 -1.00095025 -2.74913239 -1.65963186]
log likelihood =  -6817.61369968
Edge derivatives =  [1.1762872115126886, -0.38681383902283817, 0.07068907468693326, 0.3150741933208564, 0.0973077250411512, 0.7085265836868555, 0.0984341688110526, 0.4926904340164729, -0.3690059845682341, 1.0128514104285906, 0.036767944081946655, 0.29613958712594624]
other derivatives: [-2.52493919 -0.48185029 -2.98150553  0.46202331  0.36252459  0.53687472]
Current x array =  [-0.72699633 -0.52151741 -0.8495864   1.09068417 -2.18862304 -2.46910109
 -0.849368   -2.07591278 -2.58257381 -2.66941897 -0.29322729 -1.86402428
 -1.33720041 -1.73823093 -2.36457998 -1.01605064 -2.77248384 -1.65126851]
log likelihood =  -6817.61619216
Edge derivatives =  [0.8802289384350553, 0.04263353907268144, -0.03235532075490019, 0.09452575107915206, -0.5847261880560688, 0.43078318533909277, -0.11220021590603702, 0.18523236765262985, -0.21466693740618453, 1.2023617702273952, 0.16426954706574926, -0.18348290777684995]
other derivatives: [ 7.30469765 -2.31375452  1.49939297 -0.46020432 -0.69303496  0.49367372]
Current x array =  [-0.73198274 -0.52059182 -0.8536697   1.0888082  -2.18846447 -2.46409899
 -0.84544939 -2.07978593 -2.5813249  -2.65878964 -0.28725135 -1.85864894
 -1.33063699 -1.73280569 -2.36599166 -1.02034571 -2.78334846 -1.64506126]
log likelihood =  -6817.60403844
Edge derivatives =  [1.0368489997469057, -0.18430870611468303, 0.022134982855207, 0.2115757029099896, -0.22365128426645675, 0.5777773507885734, -0.0006628108196097271, 0.3481345772482737, -0.2963717416857673, 1.102271127999439, 0.09745878878490931, 0.07046788673103377]
other derivatives: [ 2.12248779 -1.34332367 -0.8672032   0.02919478 -0.13242243  0.51750249]
Current x array =  [-0.72934476 -0.52108149 -0.8515095   1.08980065 -2.18854836 -2.46674526
 -0.84752246 -2.0777369  -2.58198561 -2.6644129  -0.29041282 -1.86149267
 -1.33410925 -1.73567582 -2.36524484 -1.01807348 -2.77760072 -1.6483451 ]
log likelihood =  -6817.59779999
Edge derivatives =  [0.930490716492616, -0.12943829175417265, -0.017252504142947697, 0.1568111903275699, -0.3230790044861064, 0.47327351284086727, -0.07021474943790762, 0.22847832893873815, -0.30112527159602276, 0.9963582492834577, 0.0713084091435672, -0.15165811346312297]
other derivatives: [ 0.8072675  -0.69267116  0.12587407 -0.57798388 -0.2656634   0.50304152]
Current x array =  [-0.72875737 -0.52141244 -0.85236444  1.09019076 -2.18944951 -2.46606171
 -0.84647815 -2.07854585 -2.58174666 -2.66283165 -0.28957408 -1.8601405
 -1.33326738 -1.73451557 -2.36513997 -1.01596206 -2.77795996 -1.64629579]
log likelihood =  -6817.58714447
Edge derivatives =  [0.7581219285516387, -0.009351174327866307, -0.1295869206060684, 0.05904951756384896, -0.3649627793265458, 0.15733554334103672, -0.16132221040299188, -0.06309731615337469, -0.31237439319039084, 0.6939326707807301, 0.002017368521526605, -0.4818727605960482]
other derivatives: [-0.6609298  -0.08440111  0.89012246 -1.60371201 -0.46793502  0.4638423 ]
Current x array =  [-0.72819308 -0.52177245 -0.85291938  1.09012931 -2.19148375 -2.46413728
 -0.84377526 -2.07978274 -2.58091466 -2.65965123 -0.28820555 -1.85490437
 -1.33185346 -1.73118329 -2.36431037 -1.00839278 -2.77724355 -1.64282659]
log likelihood =  -6817.57585873
Edge derivatives =  [0.5299789077543042, 0.18532442247329314, -0.2197912128228352, 0.027566655741676604, -0.18772904192815693, -0.14093756252705636, -0.17827374634648618, -0.28290761340432435, -0.23225254823378966, 0.35004366884317467, -0.036165684619356736, -0.5848493787418759]
other derivatives: [-1.10212568  0.09367795  0.82463885 -1.78552    -0.41400199  0.42637112]
Current x array =  [-0.72819032 -0.52197306 -0.85265787  1.08841276 -2.19368599 -2.46092569
 -0.83898083 -2.0807493  -2.58027705 -2.65716832 -0.28719821 -1.84820262
 -1.33084951 -1.72742031 -2.36384637 -0.99826612 -2.77560006 -1.64033199]
log likelihood =  -6817.57814885
Edge derivatives =  [-0.28980993597188187, 0.2677054404569603, 0.06285173100132768, 0.574243640404849, 0.13474097196337498, 0.20883914316834445, -0.5533078515382982, 0.18066485036303814, -0.12529659302126914, -0.23302304253373687, 0.2916817102394824, 0.2770669230897006]
other derivatives: [-1.80152711  3.0299816   3.3476681   1.62826836 -0.41391104  0.42819011]
Current x array =  [-0.72848977 -0.52373493 -0.854526    1.07848564 -2.19460002 -2.4442294
 -0.8252053  -2.0749746  -2.58828175 -2.66795031 -0.28457894 -1.84184331
 -1.31889276 -1.72448848 -2.35749534 -0.98147923 -2.77678215 -1.640465  ]
log likelihood =  -6817.56794411
Edge derivatives =  [0.1467351935233021, 0.22409378763142312, -0.08643386516622624, 0.2848944820424073, -0.0362836141128387, 0.022900569994447284, -0.3539245234151567, -0.065346857044808, -0.1819715313526609, 0.07771822671934618, 0.11765546405388978, -0.18067220213555713]
other derivatives: [-1.42808858  1.47028913  2.00670911 -0.18308128 -0.40972736  0.42718966]
Current x array =  [-0.72833043 -0.52279744 -0.85353197  1.08376785 -2.19411366 -2.45311348
 -0.83253525 -2.07804731 -2.58402246 -2.66221322 -0.28597265 -1.84522709
 -1.32525493 -1.72604851 -2.36087472 -0.99041152 -2.77615316 -1.64039423]
log likelihood =  -6817.562871
Edge derivatives =  [-0.22352356481386426, 0.23139653453034767, -0.09272196715670411, 0.25112785463130693, 0.08162165534986482, -0.019455343650477686, -0.3515343795553719, -0.12955279773041603, -0.14049642263210313, -0.23273406505751457, 0.06819076951406515, -0.25480229570104185]
other derivatives: [ 0.16461854 -0.11332304 -0.25593181 -0.53469194 -0.55078999  0.39572114]
Current x array =  [-0.72926886 -0.52206306 -0.85133664  1.08319849 -2.19564239 -2.44939322
 -0.82673841 -2.07748837 -2.5848973  -2.6611438  -0.28562346 -1.84308157
 -1.32548927 -1.72498356 -2.3612921  -0.98126298 -2.77365691 -1.63917679]
log likelihood =  -6817.5614182
Edge derivatives =  [-0.1359079699722262, 0.2843374382793241, -0.08914728029766048, 0.26088780951103874, 0.09767136121320713, -0.02098191785022524, -0.2515023324123289, -0.0863904267851841, -0.060138935888894435, -0.1274952592154439, 0.08511616746196314, -0.16923908802136567]
other derivatives: [ 0.10268195 -0.16316335 -0.13005774 -0.07039489 -0.29085641  0.39590304]
Current x array =  [-0.72921163 -0.52204208 -0.85147559  1.08271934 -2.19565489 -2.44901543
 -0.82722467 -2.07767184 -2.58458985 -2.66061873 -0.28531747 -1.84273217
 -1.32685694 -1.72505911 -2.3624181  -0.98310195 -2.77377257 -1.63964221]
log likelihood =  -6817.55912962
Edge derivatives =  [-0.06532341490632632, 0.30896498236755204, -0.07966395208687553, 0.2379381046302448, 0.06565347768026941, -0.023529834039275443, -0.07193501262183633, -0.0125019285907913, 0.07249222497377239, 0.0021125775411573976, 0.10315220295076558, -0.03560946018949984]
other derivatives: [ 0.05757101 -0.23719622 -0.07185008  0.53623808  0.07539711  0.38271537]
Current x array =  [-0.72917254 -0.52201676 -0.85156074  1.0819327  -2.19600786 -2.44641438
 -0.82698359 -2.07706548 -2.58449395 -2.6583166  -0.28425912 -1.84195806
 -1.32954401 -1.72521338 -2.36454849 -0.98485376 -2.77370775 -1.64041499]
log likelihood =  -6817.55681129
Edge derivatives =  [-0.0779099852311449, 0.2188725206766048, -0.07899820880615864, 0.17373370862531118, -0.10209626593250415, -0.05837666949794407, 0.07415034257407394, 0.01629853668427128, 0.1532444492958128, 0.07914169185741311, 0.10156641541416392, 0.05566723072617141]
other derivatives: [ 0.12760211  0.35197445 -0.20736479  0.69276211  0.12951205  0.34906407]
Current x array =  [-0.72922044 -0.52232909 -0.85146999  1.08138452 -2.19630992 -2.44120913
 -0.82610882 -2.07525671 -2.58507885 -2.65510118 -0.28260967 -1.84076199
 -1.3319669  -1.72521305 -2.36634692 -0.98561385 -2.77354302 -1.64119618]
log likelihood =  -6817.56013179
Edge derivatives =  [-0.18604360945494047, -0.12671764144819628, -0.03579949153898114, 0.06331426782459779, -0.20625857137780307, -0.08037088392953529, 0.31767027841225415, 0.14305114156232845, 0.24408829449308705, 0.011307167373917121, 0.08929582376968136, 0.33872899519426747]
other derivatives: [-1.42927092 -4.03742888  1.28002284  1.01581463  0.56234057  0.26266207]
Current x array =  [-0.72847824 -0.52008509 -0.85281666  1.08049064 -2.19780548 -2.42666276
 -0.82320574 -2.06920851 -2.58810487 -2.64915283 -0.28025415 -1.83908158
 -1.33620001 -1.72587947 -2.36861248 -0.98330153 -2.77146984 -1.64335293]
log likelihood =  -6817.55560737
Edge derivatives =  [-0.11468463683850227, 0.10155195099271142, -0.06421791771205933, 0.1362674948909028, -0.13750103794621038, -0.06577681815136627, 0.15724758036228625, 0.059530067839136724, 0.1843210829977053, 0.056141450150121806, 0.09741320038151306, 0.15220586542792702]
other derivatives: [-0.40163286 -1.13750502  0.29931471  0.80317477  0.27803253  0.31941454]
Current x array =  [-0.72896788 -0.52156549 -0.85192824  1.08108035 -2.19681883 -2.43625921
 -0.82512094 -2.0731986  -2.58610856 -2.65307704 -0.28180812 -1.84019017
 -1.33340737 -1.72543983 -2.36711785 -0.984827   -2.77283755 -1.64193009]
log likelihood =  -6817.55365626
Edge derivatives =  [-0.18027165041011173, -0.10761189026689907, -0.05592816235972306, 0.061912376703749744, -0.2725247566371614, -0.07147699327752155, 0.20348896023845853, 0.0553691697449632, 0.1478329334898757, 0.029791852423597154, 0.07115050894257974, 0.16142663842931115]
other derivatives: [-0.08267307 -0.20854714  0.17380444  0.41281965  0.12414603  0.28176146]
Current x array =  [-0.72914084 -0.52204142 -0.85182008  1.0813465  -2.19714154 -2.43043368
 -0.82423603 -2.07062075 -2.58750939 -2.65075967 -0.28089214 -1.83992767
 -1.33437535 -1.72573334 -2.36745288 -0.98399153 -2.77224672 -1.64254003]
log likelihood =  -6817.55242229
Edge derivatives =  [-0.2200766238072993, -0.2903705377804689, -0.034720128298909, 0.015506405795782122, -0.2946649611603835, -0.03756138778838414, 0.171004026382103, 0.04635510654503722, 0.057961273182216694, -0.03602558061440768, 0.04970322305457334, 0.12205808022070974]
other derivatives: [-0.14897523  0.23665052  0.04420144  0.00572982 -0.00190994  0.25456757]
Current x array =  [-0.72911504 -0.52226452 -0.8516969   1.08181151 -2.19738289 -2.42576978
 -0.82394587 -2.06869746 -2.58908432 -2.64988291 -0.28094188 -1.84042451
 -1.33372668 -1.72607384 -2.36664831 -0.98283988 -2.77180675 -1.64269827]
log likelihood =  -6817.55125408
Edge derivatives =  [-0.15373978218961204, -0.4285529213878182, -0.004828958047905493, -0.02359390251348363, -0.2129451636485098, 0.008007631570507878, 0.12928615335550936, 0.03361267484675662, -0.04668881672998279, -0.076249768177615, 0.03796655259891234, 0.06240781079061186]
other derivatives: [ 0.91031325  0.29849616  0.36379788 -0.257387   -0.0093678   0.22191671]
Current x array =  [-0.72961701 -0.52229506 -0.85198218  1.08208502 -2.19754267 -2.41983033
 -0.82460286 -2.06730358 -2.59100859 -2.64917181 -0.28143469 -1.84090383
 -1.3320268  -1.7262175  -2.36530116 -0.98235178 -2.77170747 -1.64248846]
log likelihood =  -6817.54974795
Edge derivatives =  [-0.07614448672150154, -0.536219779415287, 0.033608099469569996, -0.06099822673581366, -0.10869420100893146, 0.062097554832911794, 0.04865221398874697, 0.007083737427544312, -0.1637749420879302, -0.13069598060161472, 0.028450730238803706, -0.03016292240238916]
other derivatives: [ 0.01518856  0.44901753  0.05502443 -0.40517989 -0.02164597  0.19181243]
Current x array =  [-0.72916438 -0.52236481 -0.85170509  1.08217706 -2.19757455 -2.41253345
 -0.82564414 -2.06642961 -2.59331178 -2.64866161 -0.28234424 -1.84135687
 -1.32945152 -1.72620394 -2.36357812 -0.98192233 -2.77166567 -1.64197787]
log likelihood =  -6817.5479863
Edge derivatives =  [0.06367090938270792, -0.5004301162565394, 0.06055157975006552, -0.07972105457981148, 0.009272922102487924, 0.08255916635995403, 0.007678266919600052, -0.01792607052310191, -0.20534850374849278, -0.1072482571428328, 0.03419857971901864, -0.08487714096621879]
other derivatives: [-0.04438334  0.19535946  0.00754881 -0.18553692  0.02564775  0.16161721]
Current x array =  [-0.7291041  -0.52223385 -0.85167764  1.0817162  -2.19717064 -2.40508756
 -0.82717637 -2.06706467 -2.59515193 -2.64816425 -0.28317465 -1.84112644
 -1.32712081 -1.72589224 -2.36266551 -0.98308466 -2.77198132 -1.64149085]
log likelihood =  -6817.54504609
Edge derivatives =  [0.10870484293268212, -0.25794947077843944, 0.04255141710980233, -0.14074179833599146, 0.05872183157141375, -0.0522794346099818, -0.08453423491906586, -0.1704586785019564, -0.17904351643676078, -0.09253251636656046, -0.0013091617273736367, -0.22904552582737236]
other derivatives: [-0.72477633  0.2662091   0.64483174 -0.22591848 -0.24137989  0.08212737]
Current x array =  [-0.72872586 -0.52226092 -0.85222795  1.08149623 -2.19612812 -2.38695281
 -0.82847054 -2.07110182 -2.59846144 -2.64682651 -0.28432822 -1.83906989
 -1.32357281 -1.7250384  -2.36316115 -0.98545574 -2.77181713 -1.64094738]
log likelihood =  -6817.54927813
Edge derivatives =  [0.18007246821161027, 0.028826649686375855, 0.037073358758896155, -0.23255391199898318, 0.11738619899110564, -0.15638110478363715, -0.0052259827208318566, -0.2512807966175783, -0.06491857637023998, 0.033581742359032656, -0.034819665821952867, -0.24150336259232208]
other derivatives: [ 1.4681973  -2.15568434 -2.79687811  0.14242687 -0.14124453 -0.02137313]
Current x array =  [-0.7297454  -0.52106078 -0.84910509  1.08102698 -2.1960348  -2.36438353
 -0.82823881 -2.07542034 -2.60207125 -2.64418118 -0.28463515 -1.83639608
 -1.32160566 -1.72478887 -2.36548487 -0.9878225  -2.77113529 -1.64160007]
log likelihood =  -6817.54415635
Edge derivatives =  [0.12977538000914512, -0.17331938360494348, 0.04104172518466688, -0.16762927535885702, 0.07616018675441799, -0.08269517656865061, -0.06131043529075941, -0.1940514892372167, -0.1453680976658197, -0.05526968590336314, -0.011092812379133843, -0.2324881321698974]
other derivatives: [-0.08030838 -0.44537956 -0.36525307 -0.11659722 -0.21227606  0.0518412 ]
Current x array =  [-0.72902585 -0.52190779 -0.85130909  1.08135816 -2.19610066 -2.38031209
 -0.82840236 -2.07237249 -2.59952358 -2.64604815 -0.28441853 -1.83828315
 -1.322994   -1.72496498 -2.36384487 -0.98615213 -2.77161651 -1.64113942]
log likelihood =  -6817.54351838
Edge derivatives =  [0.08732033112447157, -0.05833143629101739, 0.025019980567832917, -0.16378482972780029, 0.05923077500847307, -0.12826983993885727, -0.024949466912805862, -0.18991979427901542, -0.06533553289384009, -0.02713149641636136, -0.014192410332520805, -0.18833456934211246]
other derivatives: [-0.02200977 -0.20454536 -0.11632437  0.01773515 -0.14260877  0.04483809]
Current x array =  [-0.7290532  -0.52204062 -0.85150846  1.08130676 -2.19619939 -2.3781368
 -0.82779351 -2.07378521 -2.59942293 -2.64583376 -0.28420585 -1.83760876
 -1.32358725 -1.72503712 -2.36509322 -0.98665451 -2.7713618  -1.64157314]
log likelihood =  -6817.54291395
Edge derivatives =  [0.02710450118943819, 0.0309676429389317, 0.023821711272534282, -0.14431789363823205, 0.05002865124441869, -0.1306035866137492, -0.004527786532486422, -0.1347332192854644, -0.005282925659980314, -0.018126012050724134, -0.01170241067031233, -0.10186267595387988]
other derivatives: [ 0.04883987  0.03965397  0.0250111   0.14124453  0.01482476  0.03701643]
Current x array =  [-0.72908783 -0.52218008 -0.85159162  1.08153403 -2.19663058 -2.37518353
 -0.82694095 -2.07502339 -2.59959827 -2.64628211 -0.28400698 -1.83758782
 -1.32381442 -1.7257539  -2.36608389 -0.98672219 -2.77098604 -1.64249301]
log likelihood =  -6817.54240121
Edge derivatives =  [-0.08091631740403249, 0.09576509130307181, 0.016785306580499426, -0.11381307696331625, -0.04114506423648295, -0.12745043773877401, -0.03930488008108646, -0.07689055648472767, 0.017558484837497335, -0.03547711622779968, -0.015042789805708612, -0.03233120981093984]
other derivatives: [ 0.08240022  0.08067218  0.12141754 -0.01200533 -0.01136868  0.03483365]
Current x array =  [-0.72909824 -0.52219902 -0.85163056  1.0823422  -2.19682192 -2.37254458
 -0.82619388 -2.07646289 -2.59966715 -2.64779292 -0.28382363 -1.83827491
 -1.32357846 -1.72698147 -2.36679343 -0.98683453 -2.7707133  -1.64366071]
log likelihood =  -6817.54260005
Edge derivatives =  [0.014972023840067683, 0.09008326974959205, 0.0892120352168605, -0.03571134751568528, 0.09903407963229688, 0.05858787873854332, -0.03263451364503489, 0.1274757420974214, 0.003426749516831862, -0.01113633566417134, 0.028202203468019132, 0.13366118694567264]
other derivatives: [ 0.09422365  1.02891136 -0.205182    0.56170393  0.5063157   0.02401066]
Current x array =  [-0.7290722  -0.52270837 -0.85128947  1.08247209 -2.19750485 -2.36559967
 -0.82671772 -2.07658115 -2.60092205 -2.65035491 -0.28439972 -1.84053352
 -1.32222024 -1.72911565 -2.36641266 -0.98720821 -2.77069152 -1.64517381]
log likelihood =  -6817.54218191
Edge derivatives =  [-0.0406590284331908, 0.09339121725448163, 0.04719299666838048, -0.0809966501193829, 0.017715181310465566, -0.04931097878597129, -0.03651845207156146, 0.008944922670068634, 0.011640301683713022, -0.025247765425099402, 0.0031135253738505675, 0.03737957131233649]
other derivatives: [ 0.08767529  0.47921276 -0.01546141  0.22928361  0.2066372   0.03019522]
Current x array =  [-0.72908731 -0.52241278 -0.85148741  1.08239671 -2.19710853 -2.36962996
 -0.82641372 -2.07651252 -2.6001938  -2.64886812 -0.2840654  -1.8392228
 -1.32300845 -1.72787714 -2.36663363 -0.98699136 -2.77070416 -1.64429572]
log likelihood =  -6817.54194179
Edge derivatives =  [-0.0676039192336425, 0.07396571173452601, 0.055133089121339574, -0.057845949118324136, -0.019023929958947028, -0.01835166526411325, -0.06410415249866264, 0.05405495925451487, -0.005000569708140529, -0.04224224144825615, 0.005768580286058214, 0.07278149243060728]
other derivatives: [-0.08121788 -0.09085852  0.09003998  0.15279511  0.19208528  0.02528395]
Current x array =  [-0.72898665 -0.52210893 -0.8515707   1.08287747 -2.19707268 -2.36743382
 -0.82648742 -2.07664952 -2.60043318 -2.65009092 -0.28415298 -1.84014183
 -1.32267256 -1.72874836 -2.36663951 -0.98718401 -2.77067416 -1.64493082]
log likelihood =  -6817.54180296
Edge derivatives =  [-0.06869677378265504, 0.037987254996695335, 0.05455649547745038, -0.05323791610152877, -0.05755477142858184, -0.009550709476493224, -0.08835618941161383, 0.048359124107181295, -0.03347020577160398, -0.04873615586456319, 0.0017154243377497103, 0.050713180981055594]
other derivatives: [-0.06530172 -0.05666152  0.00754881  0.00745786  0.06139089  0.02128218]
Current x array =  [-0.72898274 -0.52211515 -0.85150519  1.08315277 -2.19675448 -2.36663989
 -0.82688187 -2.07651148 -2.60049038 -2.65074695 -0.28429651 -1.8406461
 -1.32243573 -1.72900596 -2.36644997 -0.98747893 -2.77078374 -1.6450038 ]
log likelihood =  -6817.54163028
Edge derivatives =  [-0.037044446502702555, -0.0005890700068808818, 0.05228468454676179, -0.03452474069278215, -0.07649078464108472, 0.004410334534834304, -0.08714211043005338, 0.04314451859777435, -0.047983112930414434, -0.03350875070469983, 0.0025736155218904766, 0.031251278004006955]
other derivatives: [-0.16880222 -0.10631993 -0.0939508  -0.03092282 -0.03929017  0.02210072]
Current x array =  [-0.72890627 -0.52207359 -0.85143715  1.08332366 -2.19624947 -2.3667513
 -0.82764336 -2.07623366 -2.60006666 -2.65183097 -0.28459019 -1.84133818
 -1.32274976 -1.72921036 -2.36647801 -0.98822631 -2.77102664 -1.6450071 ]
log likelihood =  -6817.54178778
Edge derivatives =  [0.04527549577506096, -0.04353384732773885, 0.04478740572642592, 0.0015626620502136868, -0.019352097772714627, 0.02271636656059678, -0.06189536903978743, 0.02776523740285436, -0.06259161426604312, 0.004125885213382627, -0.00027879562867691443, -0.0024898742945537178]
other derivatives: [ 1.02781996 -0.10641088  0.24283509 -0.10786607 -0.08521965  0.01191438]
Current x array =  [-0.72942934 -0.52205581 -0.85176022  1.08379155 -2.19558844 -2.36528692
 -0.82896729 -2.07610528 -2.59943705 -2.65388439 -0.28543315 -1.84252117
 -1.32328455 -1.72958152 -2.3667458  -0.98962893 -2.77133913 -1.64506116]
log likelihood =  -6817.54155629
Edge derivatives =  [-0.0073207607757078685, -0.016088826539227608, 0.049583108911097934, -0.02148448212259263, -0.055862636311786285, 0.011025244405400314, -0.07803016335514046, 0.03759445610295359, -0.053257420481024165, -0.019918536437925984, 0.0015443889775777764, 0.01907549736522851]
other derivatives: [ 0.26384441 -0.10604708  0.02792149 -0.05775291 -0.05547918  0.01882654]
Current x array =  [-0.72909511 -0.52206717 -0.85155378  1.08349258 -2.19601082 -2.36622263
 -0.82812133 -2.07618731 -2.59983936 -2.6525723  -0.28489452 -1.84176526
 -1.32294283 -1.72934436 -2.36657469 -0.98873268 -2.77113946 -1.64502662]
log likelihood =  -6817.54144235
Edge derivatives =  [0.01652256538132124, -0.008747671662292678, 0.04047681701402221, -0.004926370844304584, -0.052174403056097884, 0.0037237110916850114, -0.05504465066737074, 0.02451900364990589, -0.03503587980679579, 0.007211102699405516, 0.00015442396820966597, 0.008955254103231503]
other derivatives: [ 0.07821654 -0.04929461 -0.02928573 -0.02355591 -0.08012648  0.01564331]
Current x array =  [-0.72897884 -0.52208741 -0.8515149   1.0835994  -2.19565777 -2.36564452
 -0.82862255 -2.07641512 -2.59935351 -2.65339348 -0.28519357 -1.84206284
 -1.32353615 -1.72941422 -2.36707141 -0.98957812 -2.77126214 -1.64507331]
log likelihood =  -6817.54138393
Edge derivatives =  [0.021337272428221588, 0.010400192733292929, 0.029753937181946022, 0.0037008632086300564, -0.026357340808796703, -0.01179392650793265, -0.02735294014967493, 0.009893497598380652, -0.010056559223642764, 0.02577846271771749, -0.0036677704829130714, 0.005246086938752614]
other derivatives: [-0.01236913  0.01055014 -0.01064109 -0.00454747 -0.03819878  0.01200533]
Current x array =  [-0.72891768 -0.52211542 -0.85153047  1.08373367 -2.19561888 -2.36505221
 -0.82870466 -2.07672798 -2.5989438  -2.65380376 -0.2854307  -1.84211336
 -1.32412819 -1.72940111 -2.36762092 -0.9900263  -2.7712585  -1.64513468]
log likelihood =  -6817.54136268
Edge derivatives =  [0.014679032270805359, 0.019172749365262892, 0.024755152021734755, 0.005142742996318797, -0.0012758514988517322, -0.017615952030645254, -0.009582492843222656, 0.0036770772918632844, 0.004043798557188255, 0.029630134589131055, -0.005736480067221328, 0.006626156274030959]
other derivatives: [ 0.0084583  -0.01318767 -0.03083187  0.00645741  0.01000444  0.0093678 ]
Current x array =  [-0.72892285 -0.52210524 -0.85150614  1.08379332 -2.195711   -2.36463808
 -0.8285456  -2.07683873 -2.59871127 -2.65386034 -0.28554482 -1.84212537
 -1.3244618  -1.72937161 -2.36790941 -0.99002315 -2.77122773 -1.64517057]
log likelihood =  -6817.54137571
Edge derivatives =  [-0.007693679108059848, 0.009027541296467156, 0.01919888494481209, 0.00554932098534007, 0.025323770036217275, -0.01926465249205256, 0.0012471235043339801, -0.004616820780213637, 0.01023563141077477, 0.0164067261124819, -0.008427428265822656, 0.0013035128594155454]
other derivatives: [-0.12360033  0.15861588  0.22255335 -0.03301466  0.03346941  0.00400178]
Current x array =  [-0.7288557  -0.52219321 -0.85172445  1.08389747 -2.19580178 -2.36411765
 -0.82829369 -2.07672534 -2.59835716 -2.65390952 -0.28570279 -1.84231821
 -1.32481848 -1.72934293 -2.36810205 -0.98975599 -2.77122961 -1.64516694]
log likelihood =  -6817.54135474
Edge derivatives =  [0.006146769724032164, 0.015303508112838593, 0.022636489542228258, 0.005297949290283238, 0.008870896681407947, -0.018244313515574984, -0.005451180989483384, 0.0005138638911621474, 0.006405857877590293, 0.024586935055015812, -0.006762740055674607, 0.004596256434160284]
other derivatives: [-0.04256435  0.05356924  0.06630216 -0.0082764   0.01928129  0.00754881]
Current x array =  [-0.72889724 -0.5221388  -0.85158941  1.08383304 -2.19574563 -2.36443957
 -0.82844952 -2.07679548 -2.5985762  -2.6538791  -0.28560507 -1.84219892
 -1.32459785 -1.72936067 -2.36798289 -0.98992125 -2.77122845 -1.64516919]
  status: 0
 success: True
    nfev: 76
     fun: 6817.541354743991
       x: array([-0.72889724, -0.5221388 , -0.85158941,  1.08383304, -2.19574563,
       -2.36443957, -0.82844952, -2.07679548, -2.5985762 , -2.6538791 ,
       -0.28560507, -1.84219892, -1.32459785, -1.72936067, -2.36798289,
       -0.98992125, -2.77122845, -1.64516919])
 message: 'CONVERGENCE: REL_REDUCTION_OF_F_<=_FACTR*EPSMCH'
     jac: array([ 0.04256435, -0.05356924, -0.06630216,  0.0082764 , -0.01928129,
       -0.00754881, -0.00614677, -0.01530351, -0.02263649, -0.00529795,
       -0.0088709 ,  0.01824431,  0.00545118, -0.00051386, -0.00640586,
       -0.02458694,  0.00676274, -0.00459626])
     nit: 66
Lr rates:  [ 0.12113056  0.85801449  0.79292689  0.53210498  0.775371    0.81358928
  0.79214495]
Process rates:  [ 0.52502868  0.61491389  0.39120505  5.85872721  0.08624044  3.4499598 ]
log likelihood =  7883.83664674
Lr derivatives =  [-882.31597274053604, -797.49398486183998, -337.22408315244149, -202.51141537800444, -206.15878975138685, -76.310505420752463, 35.159333750357405]
other derivatives =  [  94.8503839   109.54363461 -108.13055269 -555.57029555 -360.80136852
   66.47742339]
Current x_clock array =  [-0.64430238 -0.48627304 -0.93852343  1.76793238 -2.45061608  1.23836258
 -2.11088631 -0.15313429 -0.23202426 -0.63091448 -0.25441366 -0.20629961
 -0.23301088]
Lr rates:  [ 0.2671864   0.8581323   0.79309186  0.53240606  0.77554788  0.81373978
  0.7675632 ]
Process rates:  [ 0.48222499  0.55739061  0.39151683  9.6412652   0.11917951  3.25033947]
log likelihood =  7258.94575654
Lr derivatives =  [0.20254297386990316, -52.705384275063366, 231.27443652183359, 255.8312924398885, 80.681945893344647, 61.765825480837535, 73.464414299009619]
other derivatives =  [-102.7035978  -101.55672499 -120.85347407   57.67406037  -76.60828487
  233.48529794]
Current x_clock array =  [-0.72934449 -0.584489   -0.93772679  2.26605235 -2.12712441  1.17875944
 -1.31980874 -0.15299699 -0.23181623 -0.63034881 -0.25418555 -0.20611464
 -0.26453446]
Lr rates:  [ 0.29492261  0.88011332  0.71707796  0.47606028  0.7489509   0.79211921
  0.74024848]
Process rates:  [  0.4991632    0.57572964   0.41303796  10.00359872   0.12834643
   2.91150171]
log likelihood =  7177.41543186
Lr derivatives =  [-18.416798429660822, -91.255829849432644, 96.643417469520699, 153.24362637830268, 15.914274820606757, 20.018570188811573, 49.25844440949561]
other derivatives =  [ -29.54884621  -55.81723599  -77.37398846   76.51387932  -40.66632755
  184.12792997]
Current x_clock array =  [-0.69482218 -0.55211711 -0.88421577  2.3029449  -2.0530222   1.068669
 -1.2210423  -0.12770461 -0.33257071 -0.74221079 -0.28908185 -0.23304339
 -0.30076937]
Lr rates:  [ 0.33862397  1.          0.63451472  0.37772298  0.74482035  0.77569398
  0.68216782]
Process rates:  [ 0.50801278  0.61739875  0.46635946  9.28118869  0.14188639  2.13367855]
log likelihood =  7079.64570407
Lr derivatives =  [-66.095074730153513, -155.92441513420994, -51.106086218775545, 1.7755917630582845, -65.787363232274828, -31.319943071846843, 11.107893713914164]
other derivatives =  [  18.74150257   81.21014616   62.16478141   73.40177035    2.00661816
  112.30486052]
Current x_clock array =  [-0.67724867 -0.48224019 -0.76279857  2.22798963 -1.95272858  0.75784751
 -1.08286503  0.         -0.4548948  -0.97359421 -0.29461223 -0.2539972
 -0.38247959]
Lr rates:  [ 0.39530209  1.          0.61578335  0.33500275  0.78337084  0.78763613
  0.64857965]
Process rates:  [ 0.50698927  0.58345746  0.4593109   8.51415009  0.15028035  1.64858712]
log likelihood =  7038.15526258
Lr derivatives =  [-50.430717505159322, -160.48991770029045, -83.030191574300289, -40.900765668907326, -71.536509368994572, -33.988187873427606, -0.97809040520672852]
other derivatives =  [ 32.21912266 -38.77094059  46.15685611  92.34336176  46.22461347
  80.97422324]
Current x_clock array =  [-0.67926545 -0.53878374 -0.77802796  2.1417295  -1.89525272  0.49991863
 -0.92810501  0.         -0.48486009 -1.09361654 -0.24414908 -0.23871906
 -0.43297047]
Lr rates:  [ 0.60398953  1.          0.63157887  0.25860255  0.98043263  0.84960987
  0.56787305]
Process rates:  [ 0.49500824  0.62254044  0.43381159  5.71441143  0.15707862  0.74112826]
log likelihood =  6957.24753543
Lr derivatives =  [4.1708071544711736, -143.76163542308277, -100.02806334925187, -87.075751876406471, 52.437050252867756, 5.6868541858028649, -16.307415217941589]
other derivatives =  [  21.53310561  101.39547157  -10.37888069   89.06645235  116.44751794
   32.69669833]
Current x_clock array =  [-0.70318086 -0.47394669 -0.83514497  1.7429913  -1.85100881 -0.29958157
 -0.50419842  0.         -0.45953246 -1.35246293 -0.01976134 -0.16297801
 -0.56585739]
Lr rates:  [ 0.82068071  1.          0.75693857  0.24257429  0.96645308  0.85305136
  0.51934085]
Process rates:  [ 0.49123099  0.53924507  0.47539528  3.53984525  0.12804012  0.3563013 ]
log likelihood =  6900.79459455
Lr derivatives =  [-28.867407878966027, -152.89644656238738, -71.218680577303047, -111.06115656249611, 18.079009403510412, -2.8173968627194768, -32.877000018848186]
other derivatives =  [  42.0825927  -149.70955817  111.57662811   -8.72805686   61.70939741
   13.97020242]
Current x_clock array =  [-0.71084082 -0.61758513 -0.74360864  1.26408301 -2.05541159 -1.03197855
 -0.19762115  0.         -0.27847318 -1.41644727 -0.03412253 -0.15893553
 -0.65519488]
Lr rates:  [ 0.89720806  1.          0.83528869  0.26444374  0.89514866  0.83937598
  0.52381728]
Process rates:  [ 0.47837628  0.56826457  0.43201377  3.11691647  0.11213786  0.28068183]
log likelihood =  6870.21051899
Lr derivatives =  [-11.119917357591772, -117.7348796875859, 22.821690485084318, -64.090109428507787, -23.004085310313968, -11.131276741783722, -30.210544281766939]
other derivatives =  [  1.64145604 -63.58404789 -11.50328899 -16.61001079  31.00903996
  15.71179382]
Current x_clock array =  [-0.73735766 -0.56516818 -0.83929781  1.1368442  -2.18802625 -1.27053352
 -0.10846749  0.         -0.17997788 -1.33012676 -0.11076548 -0.17509654
 -0.64661235]
Lr rates:  [ 0.91523873  1.          0.82624975  0.29210754  0.88899229  0.84314874
  0.54550719]
Process rates:  [ 0.47783406  0.59251308  0.43105317  3.07639937  0.1038229   0.26049835]
log likelihood =  6861.03621637
Lr derivatives =  [9.5999053531225762, -89.881018016621667, 50.494699620529609, -17.125791539353688, 0.9956186391390851, 3.64144351911985, -18.68655688725589]
other derivatives =  [ -0.60863385  14.2911631  -12.82724043  -2.00216164  10.75832188
  17.1919055 ]
Current x_clock array =  [-0.73849176 -0.52338232 -0.84152384  1.12375988 -2.26506869 -1.34515877
 -0.08857034  0.         -0.19085819 -1.23063326 -0.11766672 -0.17061189
 -0.60603929]
Lr rates:  [ 0.93209964  1.          0.79217743  0.31456284  0.88392086  0.84215635
  0.56703986]
Process rates:  [ 0.47419697  0.59618531  0.43280403  3.02941506  0.09816289  0.24089914]
log likelihood =  6857.14052969
Lr derivatives =  [4.2784741277498917, -90.632543386863262, 27.544846670019851, -0.4581202781266045, 7.4882494788382061, 8.6879508170642943, -11.207920748216024]
other derivatives =  [-14.83649612  28.80524335  -8.36071194  -3.43525244  -9.36224751
  15.80629032]
Current x_clock array =  [-0.7461325  -0.51720374 -0.83747024  1.10836955 -2.32112704 -1.42337696
 -0.07031556  0.         -0.23296988 -1.15657143 -0.12338774 -0.17178959
 -0.56732568]
Lr rates:  [ 0.98253566  1.          0.76424463  0.33313129  0.87721468  0.83043757
  0.59322556]
Process rates:  [ 0.48728975  0.58987978  0.43483983  2.90916261  0.09560751  0.20564439]
log likelihood =  6855.27957318
Lr derivatives =  [26.83047347185985, -71.953565749390165, 23.392282091526351, 19.172139701941976, 13.963664044460518, 10.164303106703962, -2.7406457241061117]
other derivatives =  [ 47.50254448   8.52924131  -2.74239937   2.57396096  -7.88268153
  12.48372428]
Current x_clock array =  [-0.71889636 -0.52783652 -0.83277752  1.06786528 -2.34750388 -1.58160685
 -0.01761864  0.         -0.26886734 -1.09921862 -0.13100353 -0.18580253
 -0.52218059]
Lr rates:  [ 0.99180867  1.          0.74369705  0.3364295   0.87226215  0.82171878
  0.60522043]
Process rates:  [ 0.4750486   0.58573813  0.43640808  2.874105    0.09582646  0.19149214]
log likelihood =  6853.80221735
Lr derivatives =  [9.4161238498495834, -88.78141305167884, -5.6503102431582182, 6.1468243642193201, 2.7613839103896627, 2.6964865157400162, -2.1244123194902613]
other derivatives =  [ -3.13466444  -3.62606443   1.09512257  -7.17063813 -11.20642992
   9.96988092]
Current x_clock array =  [-0.74433817 -0.53488247 -0.82917751  1.05574132 -2.34521646 -1.6529085
 -0.00822506  0.         -0.29612151 -1.08936665 -0.13666527 -0.19635706
 -0.50216255]
Lr rates:  [ 0.99518193  1.          0.74101135  0.33391331  0.87214736  0.81762245
  0.60874003]
Process rates:  [ 0.47450354  0.58565011  0.43607563  2.86400437  0.09720444  0.18446696]
log likelihood =  6853.37987131
Lr derivatives =  [8.5966372134758124, -91.679863800893145, -12.049587676300684, -0.060078242213507771, -1.1071055991724066, -0.48631747215734933, -2.2317290958587481]
other derivatives =  [-4.56084308 -4.09008862  0.23628672 -8.76116246 -6.47223715  8.7805347 ]
Current x_clock array =  [-0.74548619 -0.53503275 -0.82993958  1.05222077 -2.33093892 -1.69028492
 -0.00482971  0.         -0.29973933 -1.09687388 -0.13679688 -0.2013546
 -0.49636397]
Lr rates:  [ 0.98465066  1.          0.74588613  0.33240862  0.87246864  0.80826468
  0.623864  ]
Process rates:  [ 0.47319733  0.58503938  0.43761324  2.87616612  0.10051536  0.16389701]
log likelihood =  6852.28787097
Lr derivatives =  [14.384681693873761, -88.839987356603629, -10.441003229277101, -2.9130253547441463, -2.296867063270092, -3.7209115432980617, 1.1804575591884765]
other derivatives =  [-9.98661562 -7.08296284  5.39685061 -4.17567207  4.76866262  6.4021151 ]
Current x_clock array =  [-0.7482428  -0.53607613 -0.82641978  1.0564582  -2.29744477 -1.80851704
 -0.01546836  0.         -0.29318233 -1.10139029 -0.13642857 -0.21286569
 -0.47182289]
Lr rates:  [ 0.89626364  1.          0.75958035  0.32981918  0.86574448  0.79172518
  0.65530093]
Process rates:  [ 0.48592811  0.59309696  0.4303183   2.89464002  0.10512672  0.12285708]
log likelihood =  6853.20207242
Lr derivatives =  [-50.9129051170531, -150.6645189407557, -59.631766048584055, -50.671969403123747, -33.720060566932716, -22.575851975575794, 3.3082412632705562]
other derivatives =  [ 34.6318302   18.753326   -15.85040081 -42.77517291 -14.45587259
   1.20389814]
Current x_clock array =  [-0.7216946  -0.52239738 -0.84323012  1.06286076 -2.25258877 -2.09673356
 -0.10952067  0.         -0.27498917 -1.10921072 -0.14416547 -0.23354094
 -0.42266071]
Lr rates:  [ 0.94912907  1.          0.75120623  0.33139463  0.86983561  0.80176269
  0.63596142]
Process rates:  [ 0.4781305   0.58817401  0.43474882  2.88336899  0.10229224  0.14644423]
log likelihood =  6851.61425222
Lr derivatives =  [-11.356129928865496, -113.37427960444469, -30.341241316695058, -22.191463804994655, -14.986063294561779, -11.275129679787586, 1.745577672546677]
other derivatives =  [  6.91252353   2.9185685   -3.20760591 -19.14468157  -2.8503564
   3.98586053]
Current x_clock array =  [-0.73787158 -0.53073244 -0.83298684  1.0589594  -2.27992149 -1.92111064
 -0.05221048  0.         -0.28607506 -1.10444539 -0.13945104 -0.22094261
 -0.45261737]
Lr rates:  [ 0.92708725  1.          0.76934778  0.33405423  0.87299467  0.79769906
  0.6509033 ]
Process rates:  [ 0.47687072  0.5881035   0.43524598  2.90451432  0.10454364  0.12677628]
log likelihood =  6850.65444192
Lr derivatives =  [-0.73266145270760319, -102.27034860200114, -9.5862381948752713, -12.53701154487965, -6.4063256882563699, -8.3019812246710387, 7.5364644187898051]
other derivatives =  [ 0.25911504  1.48584149 -0.30595402 -9.89957698  4.23733582  2.9606781 ]
Current x_clock array =  [-0.74050984 -0.53085233 -0.83184394  1.06626619 -2.25815071 -2.0653313
 -0.0757076   0.         -0.26221216 -1.09645193 -0.13582583 -0.22602387
 -0.42939418]
Lr rates:  [ 0.9032394   1.          0.78088146  0.33984091  0.87425568  0.79891828
  0.65743502]
Process rates:  [ 0.47705073  0.58804885  0.43482947  2.93953302  0.10511803  0.11398487]
log likelihood =  6850.19316143
Lr derivatives =  [2.2056966495688748, -96.981692228424961, 4.7945495877141848, -3.2137399443022776, 0.67283610933539428, -4.3669124297946276, 10.986129684732139]
other derivatives =  [-1.51849235  0.60053935 -0.56497811 -3.9481165   3.41215127  2.43480827]
Current x_clock array =  [-0.74013244 -0.53094526 -0.83280134  1.07825073 -2.2526715  -2.17168953
 -0.10176764  0.         -0.24733191 -1.07927769 -0.13438241 -0.22449661
 -0.41940935]
Lr rates:  [ 0.88770047  1.          0.7828999   0.34496451  0.87342685  0.80345066
  0.65282183]
Process rates:  [ 0.47767515  0.58825501  0.43468811  2.97795642  0.10509867  0.10700856]
log likelihood =  6849.89882833
Lr derivatives =  [1.6983500701598881, -95.915966991376948, 8.5060040465504763, 1.8654853536504987, 3.4818722275085561, -1.6414661037212497, 10.468563244665489]
other derivatives =  [-1.02245394  0.93295967 -0.66329449 -0.49049049  1.0381882   2.08447091]
Current x_clock array =  [-0.73882438 -0.53059473 -0.83312649  1.0912373  -2.25285568 -2.23484649
 -0.1191209   0.         -0.24475044 -1.06431373 -0.1353309  -0.21883951
 -0.42645103]
Lr rates:  [ 0.87190725  1.          0.77980982  0.35080414  0.87030401  0.81290365
  0.63361395]
Process rates:  [ 0.47864848  0.58788221  0.43525889  3.03319973  0.10553673  0.09722456]
log likelihood =  6849.51350396
Lr derivatives =  [0.38434087833863018, -96.548539285307839, 5.7767883652519956, 4.5778663486894757, 3.2886474024412866, 0.76049291167972655, 5.3961800215628983]
other derivatives =  [  7.67704478e-01  -6.72116585e-01   1.04955689e+00   3.26645022e+00
  -8.18545232e-04   1.41444616e+00]
Current x_clock array =  [-0.73678882 -0.53122867 -0.83181427  1.10961808 -2.24869619 -2.33073189
 -0.13707223  0.         -0.2487052  -1.04752721 -0.13891269 -0.20714269
 -0.45631543]
Lr rates:  [ 0.88090215  1.          0.77527786  0.35544422  0.86729663  0.81763857
  0.61833528]
Process rates:  [ 0.47705827  0.59137029  0.43211222  2.9991785   0.1053149   0.08618754]
log likelihood =  6849.38862395
Lr derivatives =  [2.0553545833392128, -95.626691338407326, 2.2429991495790595, 6.4897743621655053, 1.9266067460428911, 1.0340465522658739, 1.0897073325330737]
other derivatives =  [ -4.28299245  11.2600901   -7.25249265   2.3260327    0.2660272
   0.79817255]
Current x_clock array =  [-0.74011663 -0.52531291 -0.83906996  1.09833842 -2.25080034 -2.45122965
 -0.12680872  0.         -0.25453378 -1.03438695 -0.14237422 -0.20133488
 -0.48072444]
Lr rates:  [ 0.87855251  1.          0.77737795  0.35396443  0.866272    0.82052426
  0.6087029 ]
Process rates:  [ 0.47815031  0.58573991  0.43437582  2.99018956  0.10577653  0.08072573]
log likelihood =  6849.29781126
Lr derivatives =  [-1.8788777603561932, -99.304157435524189, -1.0315560368291692, 1.5352921142650269, -1.1826692632802018, 0.0035571066189987732, -2.1534866977732028]
other derivatives =  [ 0.56288627 -7.02593752 -1.17061063 -0.9690666   0.47321009  0.40054147]
Current x_clock array =  [-0.73783014 -0.53487942 -0.83384518  1.09533678 -2.24642658 -2.51669787
 -0.1294796   0.         -0.25182863 -1.03855885 -0.14355633 -0.1978118
 -0.49642499]
Lr rates:  [ 0.88006265  1.          0.77801487  0.35304858  0.86711497  0.81872768
  0.6128577 ]
Process rates:  [ 0.47791786  0.58765461  0.43471351  2.98564066  0.1058794   0.08086098]
log likelihood =  6849.26890623
Lr derivatives =  [-1.1024649717991597, -98.786672517659369, -0.27761176576088786, 1.3469541754421215, -0.74015526775225915, -0.27554323333150066, -1.047113718704157]
other derivatives =  [-0.23383109 -0.85674401 -0.16489139 -0.96524673  1.15232979  0.40745363]
Current x_clock array =  [-0.7383164  -0.53161589 -0.83306807  1.09381435 -2.24545459 -2.51502389
 -0.12776218  0.         -0.25100964 -1.04114961 -0.1425837  -0.20000376
 -0.48962251]
Lr rates:  [ 0.88194527  1.          0.77859111  0.35231491  0.86784641  0.81813862
  0.61453657]
Process rates:  [ 0.477885    0.58822689  0.43475775  2.98059954  0.10590165  0.07946991]
log likelihood =  6849.2578851
Lr derivatives =  [-0.32273477400872785, -98.213436282975934, 0.2378468425829503, 1.1270192035817397, -0.30942527201580639, -0.27658222192983217, -0.57005915609502988]
other derivatives =  [-0.0080945   0.99425961  0.04038156 -0.93941708  1.71085048  0.33414835]
Current x_clock array =  [-0.73838515 -0.53064253 -0.83296631  1.09212447 -2.24524445 -2.53237683
 -0.12562527  0.         -0.25026926 -1.04322986 -0.14174053 -0.20072349
 -0.48688684]
Lr rates:  [ 0.88451279  1.          0.77927234  0.3510752   0.86888765  0.81796606
  0.61640983]
Process rates:  [ 0.47736862  0.58844242  0.43481417  2.97742746  0.10566619  0.07658882]
log likelihood =  6849.2431212
Lr derivatives =  [-0.26183572780719722, -98.073508710538519, 0.18744411060962562, 0.36220176601533538, 0.16179263789670983, -0.15098371796007726, -0.032464652371745117]
other derivatives =  [-1.67055987  1.75323294  0.28076101 -1.0558324   1.5538717   0.17626007]
Current x_clock array =  [-0.7394663  -0.5302762  -0.83283654  1.09105966 -2.24747027 -2.56930414
 -0.1227183   0.         -0.24939469 -1.04675484 -0.14054144 -0.20093444
 -0.48384323]
Lr rates:  [ 0.89292948  1.          0.77980407  0.34903799  0.86978828  0.81880751
  0.61678869]
Process rates:  [ 0.47984548  0.58862047  0.43453959  2.98130095  0.10477228  0.07211289]
log likelihood =  6849.26407915
Lr derivatives =  [4.2147821306970776, -94.160246281928409, 2.5084923804723154, 1.3223605423642564, 1.6780371161844307, 0.80598671212477768, 0.42242215340831102]
other derivatives =  [ 10.1283149    2.21843948  -0.41054591   1.43263605   1.81380528
  -0.05229595]
Current x_clock array =  [-0.73429115 -0.52997366 -0.83346823  1.09235976 -2.25596602 -2.62952243
 -0.11324768  0.         -0.24871259 -1.0525745  -0.13950546 -0.19990625
 -0.4832288 ]
Lr rates:  [ 0.88721143  1.          0.77944334  0.35041861  0.86917725  0.81823663
  0.61653167]
Process rates:  [ 0.47816393  0.58849969  0.43472583  2.97867287  0.10537783  0.07511957]
log likelihood =  6849.23702708
Lr derivatives =  [1.175579611044169, -96.818873036196266, 0.92606174106120065, 0.66360997004732702, 0.64560911948981214, 0.15486576148983033, 0.11295381566529716]
other derivatives =  [ 2.10684448  1.90011633  0.05811671 -0.25338522  1.63590812  0.09904397]
Current x_clock array =  [-0.73780165 -0.53017888 -0.83303973  1.09147786 -2.25020304 -2.58867412
 -0.11967195  0.         -0.24917528 -1.0486268  -0.14020821 -0.20060371
 -0.48364559]
Lr rates:  [ 0.88778312  1.          0.77963906  0.34987119  0.86927018  0.81859374
  0.6167875 ]
Process rates:  [ 0.47774201  0.58814548  0.43471643  2.98234546  0.10505095  0.07340527]
log likelihood =  6849.23015819
Lr derivatives =  [0.31255348071639055, -97.327172428090776, 0.32060957117609412, 0.047660544727151866, 0.51140295261013691, 0.20015845571204949, 0.16917048879765861]
other derivatives =  [ 0.45338311  0.81254257  0.01609806 -0.34206096  0.69921953  0.00536602]
Current x_clock array =  [-0.73868442 -0.53078095 -0.83306135  1.09271006 -2.25330978 -2.61175956
 -0.1190278   0.         -0.24892421 -1.05019021 -0.14010129 -0.20016737
 -0.48323072]
Lr rates:  [ 0.88787517  1.          0.77952066  0.34982622  0.86880934  0.81875733
  0.61641048]
Process rates:  [ 0.47761868  0.58788111  0.43472762  2.98711983  0.104847    0.07304008]
log likelihood =  6849.22854478
Lr derivatives =  [0.076646904405398786, -97.37617999826702, 0.12159144222896856, 0.020955334051336649, 0.22313286102548702, 0.13832165304156518, 0.050331722610603258]
other derivatives =  [-0.08121788 -0.02401066  0.00518412 -0.05511538  0.17580533 -0.01482476]
Current x_clock array =  [-0.73894262 -0.53123055 -0.8330356   1.09430966 -2.25525309 -2.61674694
 -0.11892412  0.         -0.24907609 -1.05031877 -0.14063157 -0.19996753
 -0.48384217]
Lr rates:  [ 0.88770073  1.          0.77931355  0.34983576  0.86847279  0.81858423
  0.6164242 ]
Process rates:  [ 0.47769765  0.58791168  0.43470345  2.98841128  0.10478705  0.07323604]
log likelihood =  6849.22849867
Lr derivatives =  [-0.40415536296095311, -97.799904217924151, -0.38393323066124729, -0.27206057487730639, -0.19826763277909265, -0.089658389424823071, -0.016626717367206112]
other derivatives =  [ 0.19354047  0.09476935 -0.10968506 -0.26193447 -0.15206751 -0.01364242]
Current x_clock array =  [-0.73877727 -0.53117855 -0.83309121  1.0947419  -2.25582504 -2.61406766
 -0.11912061  0.         -0.24934181 -1.05029149 -0.14101903 -0.20017898
 -0.48381992]
Lr rates:  [ 0.88776247  1.          0.77939525  0.34988023  0.86852278  0.81864025
  0.61637294]
Process rates:  [ 0.47765593  0.58786595  0.43472342  2.98882454  0.10479505  0.07326368]
log likelihood =  6849.22839399
Lr derivatives =  [-0.055285947656827261, -97.466292457017261, -0.016083627928662025, 0.0036451575184512919, -0.0005976372888625292, 0.016071673292167077, 0.010910247256985528]
other derivatives =  [ 0.02846718 -0.06684786 -0.03601599 -0.00563887 -0.00700311 -0.00609361]
Current x_clock array =  [-0.73886462 -0.53125633 -0.83304528  1.09488018 -2.25574877 -2.61369034
 -0.11905106  0.         -0.24923698 -1.05016437 -0.14096146 -0.20011055
 -0.48390307]
Lr rates:  [ 0.88777408  1.          0.77939302  0.34988383  0.86852049  0.81862345
  0.61638757]
Process rates:  [ 0.47765624  0.58787767  0.43472746  2.98882011  0.10479729  0.07329352]
log likelihood =  6849.22838992
Lr derivatives =  [-0.02854440030023575, -97.444489434415132, 0.0051654071006481672, 0.021073585823506491, 0.0052336601613376388, 0.013825057225510307, 0.015668695200363736]
other derivatives =  [ 0.02919478 -0.03046807 -0.0250111   0.00745786  0.00782165 -0.00582077]
Current x_clock array =  [-0.73886397 -0.53123639 -0.83303598  1.0948787  -2.25572736 -2.61328304
 -0.11903799  0.         -0.24923984 -1.05015409 -0.1409641  -0.20013107
 -0.48387934]
  status: 0
 success: True
    nfev: 32
     fun: 6849.228389923649
       x: array([-0.73886397, -0.53123639, -0.83303598,  1.0948787 , -2.25572736,
       -2.61328304, -0.11903799,  0.        , -0.24923984, -1.05015409,
       -0.1409641 , -0.20013107, -0.48387934])
 message: 'CONVERGENCE: REL_REDUCTION_OF_F_<=_FACTR*EPSMCH'
     jac: array([  2.91947799e-02,  -3.04680725e-02,  -2.50111043e-02,
         7.45785655e-03,   7.82165444e-03,  -5.82076609e-03,
        -2.85444003e-02,  -9.74444894e+01,   5.16540710e-03,
         2.10735858e-02,   5.23366016e-03,   1.38250572e-02,
         1.56686952e-02])
     nit: 29
