number of sites to be analyzed:  198
Now calculate MLE for pair ['YNL069C', 'YIL133C']
log likelihood =  -2466.89326728
Edge derivatives =  [30.03067911876386, -4.001704028317755, 1.910325535524637, 0.7435531684085577, 27.41318407140114, 3.675306397563138, 13.26540241780638, 7.327853590812255, -10.325420837912489, 7.790288711218394, -1.6544969688414264, -65.04719179118626]
other derivatives: [-69.88225323 -31.79634405  -8.19104571   9.92758942  45.96427061
 -11.2732323 ]
Current x array =  [-0.64353555 -0.48264002 -0.93307917  1.76977596 -2.44028574  1.19617746
 -3.90910406 -3.87159909 -4.30005794 -6.28014701 -2.83555499 -3.29056063
 -2.92359461 -3.49891453 -3.97438916 -3.10701318 -4.59465356 -2.01786889]
log likelihood =  -2486.72975706
Edge derivatives =  [24.91157171122368, -4.888592410967372, -0.9017000392015666, 1.380378314879505, 12.619915120554154, -1.8562086303192187, 5.495489887543698, 1.9422664910016239, -10.741149803249735, 4.168894833961447, -3.18781455054506, -37.98472314294855]
other derivatives: [ 228.50877031   83.30853234   -0.6387836   -25.90213626   24.57113624
   -1.9703748 ]
Current x array =  [-1.22153136 -0.74562744 -1.00082727  1.85188701 -2.06011546  1.1029366
 -3.66072044 -3.90469717 -4.28425765 -6.27399708 -2.60882066 -3.26016219
 -2.81387652 -3.43830589 -4.05979067 -3.04257974 -4.6083379  -2.55587393]
log likelihood =  -2446.65106493
Edge derivatives =  [28.290941108465415, -4.378908914715132, 0.8261057710226329, 0.9347330097715415, 22.31678136960209, 1.6989828784942473, 10.395657769644844, 5.308502362125448, -10.464290957157967, 6.541364626509907, -2.2110714180265463, -54.29094766040734]
other derivatives: [ 95.87747627  25.65861905  -6.11885298  -3.73624971  39.3276423
  -7.78036338]
Current x array =  [-0.86113408 -0.5816471  -0.95858435  1.80068837 -2.29716274  1.161075
 -3.81559489 -3.88405955 -4.29410959 -6.27783174 -2.75019614 -3.2791165
 -2.88228896 -3.47609715 -4.00654033 -3.08275587 -4.59980531 -2.22041207]
log likelihood =  -2425.72777476
Edge derivatives =  [26.563746014142453, -4.295800937766318, 0.2256301525706936, 1.0688599453522964, 17.95270409890646, 0.44358129414591446, 7.956945024321362, 4.244924345238963, -10.33061194872671, 5.506401075167289, -2.4314665602779386, -44.62481408392252]
other derivatives: [ 76.1750016   32.40998012   1.88679223  -7.38828021  31.84582056
  -4.6612513 ]
Current x array =  [-0.82952677 -0.59348475 -0.98021024  1.81062331 -2.1685238   1.13224694
 -3.72775981 -3.89665273 -4.28994299 -6.27531509 -2.67513686 -3.27094032
 -2.84655629 -3.45699182 -4.03781623 -3.06113453 -4.60559661 -2.40046679]
log likelihood =  -2403.69825542
Edge derivatives =  [8.748777677350729, -3.2571435234817496, -3.3282300131162192, 2.427907077604603, -18.350804211699813, -5.987461834545693, -9.721332826801715, -2.420203616727492, -8.948018252454919, -2.7633787823846383, -4.145381898567482, -1.2818239280938393]
other derivatives: [  26.87497727 -246.79889066  -25.2902737   -43.60495041  -39.44878699
    6.27387635]
Current x array =  [-0.75836445 -0.30429307 -0.88362701  1.7313192  -1.40896031  1.01503952
 -3.09023178 -3.9952235  -4.27954797 -6.25034076 -2.2353374  -3.25264743
 -2.65029356 -3.34552814 -4.28276451 -2.92653599 -4.66049748 -3.48596208]
log likelihood =  -2379.79137435
Edge derivatives =  [11.311236348990974, -2.4021567120937406, -2.44706713714639, 2.824661488133929, -12.88568705464014, -5.0515793464248215, -5.5369932812939275, -1.1927637511641997, -7.905416552193565, -0.3126949099345262, -3.409289127601615, -0.5589916181832755]
other derivatives: [-43.58198566  56.60358511  -2.84499038 -24.97822607 -28.12066668
   7.03880687]
Current x array =  [-0.68429057 -0.6408197  -0.931465    1.68142354 -1.47099847  1.02201085
 -3.09444965 -3.99681503 -4.28333491 -6.24807948 -2.26543777 -3.25918209
 -2.66501067 -3.35036173 -4.28766876 -2.9324688  -4.6640376  -3.4708143 ]
log likelihood =  -2374.20345021
Edge derivatives =  [15.949261810657324, -1.7729158351214562, -1.4735960597146485, 2.602646394929733, -3.829022796946179, -2.468421489487393, -0.8806433895194061, 1.3008631740705587, -7.54591951892631, 1.5094587585711317, -2.8491625160380707, -3.7970708036982552]
other derivatives: [ -1.52340363e-02   2.76161700e+01  -3.84225132e+00  -6.45627551e+00
  -7.63943717e+00   5.42813723e+00]
Current x array =  [-0.73101945 -0.58195422 -0.92889563  1.66027398 -1.60914314  1.05031302
 -3.17043504 -3.98608819 -4.28821338 -6.24849542 -2.34291289 -3.26886112
 -2.70040368 -3.36830184 -4.26270467 -2.95229145 -4.66046782 -3.30964268]
log likelihood =  -2371.69033406
Edge derivatives =  [15.144549536150887, -1.205078329379857, -1.2927761949923686, 2.7638894994009724, -3.838957860378641, -1.7682834843564965, -0.5692444428322743, 1.682500389760166, -6.915829691708928, 1.408408888488489, -2.68635392844636, -1.2769486594697517]
other derivatives: [ 3.08814379  1.36797098 -2.48560355 -0.97757038 -6.86641215  5.16783984]
Current x array =  [-0.73461959 -0.53531243 -0.93094061  1.62934126 -1.5984697   1.0619281
 -3.09189749 -3.99677597 -4.29258523 -6.23967087 -2.33468791 -3.27633527
 -2.69522183 -3.35975223 -4.2979091  -2.9419981  -4.6719906  -3.3723851 ]
log likelihood =  -2369.29962532
Edge derivatives =  [12.626616872776609, -0.40642928383028776, -1.0817950292965923, 3.066953907554984, -4.321284730634194, -0.9764369868920231, -0.5039913030492038, 1.8158994343942443, -5.840460524802396, 1.1099433585358098, -2.4582665669556976, 2.5756268085495724]
other derivatives: [  0.58189471 -22.89543772   0.68926056   5.15447027  -6.6604116
   4.41787051]
Current x array =  [-0.73214233 -0.49874045 -0.93768768  1.58741866 -1.58509157  1.08757768
 -2.92948813 -4.01642636 -4.30154279 -6.21921114 -2.32366216 -3.28997465
 -2.684622   -3.34038159 -4.37007062 -2.92102122 -4.69621085 -3.48789445]
log likelihood =  -2366.80722657
Edge derivatives =  [8.50040242238543, 0.18545533220964616, -0.9127456644730164, 3.337910296348916, -4.201646560379127, -0.44906768972310274, -0.6207337882532042, 1.442033792098596, -4.762717402004078, 0.8030492583912189, -2.2569326750656655, 5.239189895300245]
other derivatives: [ -0.92868504 -26.85487743   2.3595021    8.00550879  -5.4123575
   2.75367711]
Current x array =  [-0.73096228 -0.49382611 -0.94189944  1.56557038 -1.6029731   1.1286208
 -2.73090208 -4.03624206 -4.31426921 -6.18781781 -2.33236685 -3.30704923
 -2.67747727 -3.31597624 -4.45988371 -2.89731292 -4.72847361 -3.58427637]
log likelihood =  -2364.53004051
Edge derivatives =  [-6.940616041498118, -0.7759014264385592, -1.3070621089588932, 3.0546703463743103, -3.454459984391241, -2.0172435214904385, -4.031254781266599, -2.756043383135809, -3.6045587012321114, -1.1078494118578832, -2.4642530537826373, 1.6247892820647618]
other derivatives: [ 11.08842298 -37.33193807  -9.71367626 -19.32853593  -5.16538421
  -2.29792931]
Current x array =  [-0.74135169 -0.47937437 -0.92421598  1.71362848 -1.75326741  1.23331707
 -2.32929027 -4.05353456 -4.35448601 -6.05993014 -2.45137183 -3.34423495
 -2.69249954 -3.26282063 -4.68421257 -2.84981708 -4.82595106 -3.53291055]
log likelihood =  -2362.53077931
Edge derivatives =  [-2.8201148262698754, 0.3354845017925664, -0.4835778566485673, 3.3452103854413053, 0.1739355827785985, -0.07525493674249831, -0.7447371006534009, -0.3830531022388154, -2.7390500350606883, 0.4414678681661052, -1.8051969233039122, 3.2720157799432634]
other derivatives: [ -6.53330972   1.58088369  13.04360921   1.22095116   2.64190021
  -1.76378308]
Current x array =  [-0.72438257 -0.53705309 -0.98685572  1.63820436 -1.77111805  1.22101062
 -2.34534165 -4.05751988 -4.36197881 -6.03658541 -2.46661013 -3.35403872
 -2.70893129 -3.27263639 -4.71383285 -2.85046347 -4.84331169 -3.53284965]
log likelihood =  -2362.0898714
Edge derivatives =  [-0.8936361206400747, 0.050398584607925304, -0.6028001657691644, 3.2201292187779225, 0.015013313273830042, -0.35960015111524346, -0.948312247970978, -0.39774758365126384, -3.036427329499122, 0.3955467389094111, -1.9156739470131299, 1.6992816536107442]
other derivatives: [-0.92722985  0.28758222  4.91022547 -1.23245627  2.61570676 -1.20876393]
Current x array =  [-0.72987461 -0.53492967 -0.9603127   1.65270625 -1.76956482  1.20898652
 -2.41003966 -4.05007209 -4.35949437 -6.03925786 -2.46923206 -3.34947744
 -2.71408187 -3.28071318 -4.69148787 -2.85747713 -4.83711464 -3.48513803]
log likelihood =  -2361.78959234
Edge derivatives =  [-1.0268335397049286, 0.07281336322288551, -0.5514842063098432, 3.2295411171308293, 0.2848020064174797, -0.2593190013504463, -0.8084098998622656, -0.30095911037085354, -2.8506183944124577, 0.4555101668884357, -1.8628610865110302, 0.9623905765843311]
other derivatives: [ 0.06357368  2.38665052 -1.53577275 -1.28197826  2.42575879 -0.95901669]
Current x array =  [-0.73069106 -0.53864324 -0.93873417  1.64913707 -1.76384354  1.20323852
 -2.40848353 -4.04954889 -4.36539867 -6.01201285 -2.47787693 -3.35354821
 -2.7231357  -3.28287768 -4.71937409 -2.85424994 -4.85388087 -3.46318277]
log likelihood =  -2361.30099635
Edge derivatives =  [-1.4473959654830573, 0.18886495168624795, -0.38449804624671746, 3.255851197256412, 0.8997547081538569, 0.07176958541735992, -0.456017610278706, -0.03268905977550024, -2.307329360932438, 0.526532635040478, -1.6766815568413433, -0.5151379000131635]
other derivatives: [ 3.41160558  5.71058081 -7.52452252 -0.68057489  1.46878847 -0.45938577]
Current x array =  [-0.73487645 -0.54465439 -0.91903631  1.63927755 -1.74423595  1.18907809
 -2.39817531 -4.04888887 -4.38138977 -5.93548839 -2.49600707 -3.36394939
 -2.7452465  -3.28664448 -4.79873768 -2.84324213 -4.90092953 -3.4176467 ]
log likelihood =  -2360.66617879
Edge derivatives =  [-1.9813770934562942, 0.35523135698129543, -0.09051950636402153, 3.2149319783834955, 1.9397292649756068, 0.5899023555577144, 0.05730058511661315, 0.3369185477166948, -1.4524109599389607, 0.5172070755661888, -1.3626176103489256, -3.1628695266880675]
other derivatives: [ -2.81729626e+00   4.65392986e+00  -1.03397269e+01   1.65255187e-01
   7.54880602e-03   1.24782673e-01]
Current x array =  [-0.72745326 -0.54277896 -0.90883542  1.63116467 -1.71906153  1.16809587
 -2.38506992 -4.04581276 -4.41004682 -5.78930319 -2.52568101 -3.38012259
 -2.78428489 -3.2910718  -4.9435383  -2.82194269 -4.98840269 -3.33937688]
log likelihood =  -2361.10789632
Edge derivatives =  [-3.7418349257317844, 0.8141369598061406, 0.24849688759123156, 3.1094230776556633, 1.001823167997272, 1.26849748669868, 0.08049491546857832, 0.6045087081826558, 0.0067537188900688855, -0.1552459622168881, -0.8757576452337419, -4.843617417974779]
other derivatives: [ 37.13344086  14.89211172  -4.15143404  -0.4416961   -9.88848115
   2.12530722]
Current x array =  [-0.7837612  -0.56285189 -0.9277557   1.59424922 -1.59015602  1.10091751
 -2.36330042 -4.04225196 -4.46770176 -5.45084313 -2.52033642 -3.40317467
 -2.84967155 -3.29271642 -5.27095241 -2.7644874  -5.18656223 -3.30549512]
log likelihood =  -2360.27278415
Edge derivatives =  [-2.6580791029499875, 0.5405759810434743, 0.05284032703725463, 3.2319971495676048, 1.587620195192701, 0.8751135574468631, 0.07876166616942312, 0.46840470522139177, -0.7829107195821526, 0.269095052957824, -1.1460696549916265, -3.8346890977423924]
other derivatives: [ 14.10944606   8.90445335  -7.80023584   0.05334186  -3.82478902
   0.99203135]
Current x array =  [-0.75021119 -0.55089182 -0.91648242  1.61624458 -1.6669619   1.14094445
 -2.37627136 -4.04437359 -4.43334917 -5.65250807 -2.52352089 -3.38943953
 -2.81071216 -3.2917365  -5.07586899 -2.79872103 -5.06849267 -3.32568292]
log likelihood =  -2359.73184809
Edge derivatives =  [-3.2196617182298315, 0.6751726399717444, 0.21251276787952889, 3.1307833163166343, 1.6099751172352086, 1.109179620383771, 0.14863207365490821, 0.5225638399912307, -0.28391957764022846, 0.027720246775949947, -0.9645092516555362, -4.465379446729339]
other derivatives: [ 3.6136953   5.05879143 -3.28936949  0.33865035 -5.71685632  1.3906174 ]
Current x array =  [-0.73754589 -0.54379053 -0.92893436  1.61264911 -1.64525615  1.12625213
 -2.36606587 -4.04155241 -4.45384119 -5.5280271  -2.5260976  -3.39632946
 -2.83425201 -3.28988654 -5.19241607 -2.77829782 -5.13997177 -3.31090395]
log likelihood =  -2359.18646849
Edge derivatives =  [-3.0412449305439466, 0.8467742838219254, 0.3806382413487682, 2.9570791090426956, 1.5260834430742347, 1.3661106829551006, 0.32420878914544404, 0.5880381438137926, 0.20677026700263673, -0.21880359859272133, -0.7775994722497025, -4.064956197153086]
other derivatives: [-4.14138412 -1.79820745  4.06071194  1.76314643 -6.04886736  1.75982677]
Current x array =  [-0.72867022 -0.53215554 -0.95086099  1.61067197 -1.63788848  1.11382245
 -2.36694444 -4.0359953  -4.4751734  -5.37643765 -2.5167197  -3.39835053
 -2.85769603 -3.28473443 -5.32366489 -2.75459035 -5.22342897 -3.32383276]
log likelihood =  -2358.63699424
Edge derivatives =  [-2.8039029113298883, 0.9141930553433629, 0.47659874397246227, 2.6049077079176346, 1.079899124203155, 1.4057218733578243, 0.3440871691961477, 0.3827031976028621, 0.6190875191459502, -0.5573354975200544, -0.6391039922577927, -3.2012054873441964]
other derivatives: [-7.53452696 -5.39316716  9.18930709  1.74854904 -5.47684067  1.92103471]
Current x array =  [-0.72483963 -0.52638525 -0.9672321   1.61917411 -1.64721278  1.10744101
 -2.37145751 -4.02727222 -4.4971889  -5.19947927 -2.49939997 -3.395471
 -2.88070812 -3.27561179 -5.46842637 -2.72831614 -5.31804694 -3.35662346]
log likelihood =  -2357.75169684
Edge derivatives =  [-1.3711593367403883, 0.915602071740491, 0.5749387901958499, 1.4862022920893971, 0.25910533243007045, 1.2746013929542586, 0.5497786446250181, 0.013664399777930852, 1.0949921977411494, -0.9853382511452287, -0.4692763841277094, -1.4720277274677034]
other derivatives: [ -7.83411451  -6.45518412  11.04349394   1.65555321  -2.68664735
   1.8456376 ]
Current x array =  [-0.72414655 -0.5252364  -0.97221849  1.63644488 -1.68254035  1.10499053
 -2.40235755 -4.00625355 -4.53261487 -4.87670576 -2.46355466 -3.38241098
 -2.91975895 -3.26036137 -5.71402184 -2.68748235 -5.4864154  -3.4262786 ]
log likelihood =  -2357.29884676
Edge derivatives =  [-1.0867196128682022, 0.009368838240960672, 0.19456013879813425, 0.03497024419764225, -1.1403417071773134, -0.2968565158499053, 0.38279062983941625, -0.5785177292753017, 1.1372933242353531, -1.110497025908118, -0.4762350103181811, -0.5709193799874492]
other derivatives: [-10.94999789   6.11325959   0.18703759  -1.95914254  -3.43475222
   0.06375558]
Current x array =  [-0.71950078 -0.54623671 -0.93518597  1.65013413 -1.68653398  1.14443446
 -2.43276221 -3.96982289 -4.54044174 -4.64556097 -2.44231767 -3.3454404
 -2.92680762 -3.26121307 -5.84198107 -2.69335133 -5.61230573 -3.49407107]
log likelihood =  -2357.14972886
Edge derivatives =  [0.13607505952681737, -0.15626888340707124, 0.09398813338537021, 0.49460829688741703, -0.5626358015547093, -0.4363348157845378, 0.6939081984206719, -0.29289239395173583, 1.0120434439810568, -0.6858723921938827, -0.5279172740687557, 0.24534611072476842]
other derivatives: [ 3.06063157 -8.17622094 -4.3302407   0.55288183  0.56243152 -0.55097189]
Current x array =  [-0.73499966 -0.52359024 -0.92166033  1.649842   -1.7208885   1.16577287
 -2.45057622 -3.96558238 -4.52366033 -4.71159454 -2.44177459 -3.33416471
 -2.90698658 -3.26484706 -5.75964407 -2.71589164 -5.57449469 -3.51741854]
log likelihood =  -2357.06178311
Edge derivatives =  [-0.0872394045037253, -0.13250134415691933, 0.08111852235857461, 0.797689972441285, -0.6357375194850311, -0.4252255517518623, 0.5788479376873328, -0.30540768051135836, 0.9674356956290798, -0.6524792124392751, -0.53998855375518, 0.23118349957906373]
other derivatives: [-0.46370587 -0.14924808 -1.33550202  0.46720743  0.00927685 -0.3612513 ]
Current x array =  [-0.73128436 -0.53621595 -0.93078042  1.64941508 -1.71580052  1.16385914
 -2.4459571  -3.96999222 -4.51845218 -4.75963674 -2.44315916 -3.3367225
 -2.89977448 -3.26565938 -5.72285716 -2.7202802  -5.54864284 -3.51466886]
log likelihood =  -2357.04982112
Edge derivatives =  [-0.05747975811045636, -0.1576248690207741, 0.07909127102515703, 0.724550140014978, -0.618141696899681, -0.4491396469431884, 0.5696725847113757, -0.3043938371798188, 0.9681870888448559, -0.6439819403681789, -0.5339719107861312, 0.2210850895350282]
other derivatives: [-0.0608452   0.51186362 -0.92481969  0.33669494  0.0464297  -0.3781679 ]
Current x array =  [-0.73181792 -0.53731935 -0.93218562  1.65081817 -1.71661121  1.16432439
 -2.4471862  -3.96895614 -4.51891962 -4.74806283 -2.44432091 -3.33656441
 -2.89930995 -3.26636292 -5.72703954 -2.72163381 -5.55527689 -3.51546024]
log likelihood =  -2356.99087383
Edge derivatives =  [0.07444085675057355, -0.35008083577397575, 0.046449328291902126, 0.43328510086080496, -0.3102713813390234, -0.5920279292239398, 0.46651069898534214, -0.2204008886753346, 0.910304752326835, -0.497861942600359, -0.5161234507075309, 0.0002591208379294496]
other derivatives: [ 1.54700501  2.60592969  0.49412847 -0.39617589  0.46006789 -0.46752575]
Current x array =  [-0.7337991  -0.54080353 -0.93745861  1.65988475 -1.72273786  1.169313
 -2.45392565 -3.96431654 -4.51631927 -4.70880687 -2.45808529 -3.33727134
 -2.88826754 -3.27386785 -5.71736823 -2.73953421 -5.58015959 -3.51414641]
log likelihood =  -2356.93540057
Edge derivatives =  [0.09483664841922729, -0.5100325237620981, 0.025302869850591207, 0.21090496252692306, 0.08613367315055953, -0.630611401010752, 0.3065867101277135, -0.03441846819928546, 0.8205211748098526, -0.29263252468080225, -0.49608605114945564, -0.32401997381817593]
other derivatives: [ 1.8150331   3.20164872  1.00289981 -0.95101313  0.51145435 -0.3653895 ]
Current x array =  [-0.7340798  -0.54175241 -0.93960508  1.66627999 -1.72264518  1.17183899
 -2.45902232 -3.96268121 -4.51115144 -4.68260158 -2.47630651 -3.34227327
 -2.87136129 -3.28413907 -5.6872315  -2.76418178 -5.60038041 -3.50867202]
log likelihood =  -2356.89781831
Edge derivatives =  [1.1461392461421913, -0.61167796765563, 0.026154897704110357, 0.06491088807590863, 0.8634665233211098, -0.3822272416942092, 0.25024204391141286, 0.5231746433121498, 0.5515439372897415, 0.41590272659838484, -0.4235416933437709, 0.2781014126183988]
other derivatives: [-6.12317308  3.08045855  1.95655048  1.4111265   2.96190592 -0.15420483]
Current x array =  [-0.72410261 -0.54147462 -0.94099442  1.66858787 -1.73934113  1.1857616
 -2.48313708 -3.96824167 -4.4904409  -4.65846893 -2.49732005 -3.35517896
 -2.82101151 -3.30068328 -5.56485178 -2.82655126 -5.62884209 -3.53429099]
log likelihood =  -2356.81502947
Edge derivatives =  [0.5530246683645083, -0.6812796968732182, -0.018313910288204338, 0.010865619890253926, 0.7559877388495715, -0.3934192683675072, -0.08486764286604459, 0.48612647362331063, 0.46539600482352783, 0.37083354017737974, -0.4330414974284558, -0.24130049940795606]
other derivatives: [ -2.91038305e-03   1.19553079e+00   8.24320523e-01  -2.40743248e-01
   1.15946932e+00   6.82121026e-04]
Current x array =  [-0.73154801 -0.53841335 -0.93862294  1.67006539 -1.72030533  1.18285629
 -2.47742234 -3.97188723 -4.48742031 -4.66092676 -2.50753421 -3.362363
 -2.81146217 -3.30589072 -5.54007182 -2.83876848 -5.63346278 -3.52138372]
log likelihood =  -2356.78893375
Edge derivatives =  [0.27185925214532536, -0.6036452882691595, -0.02205870303755872, 0.06304066966266939, 0.5187640187483482, -0.2868769926978889, -0.22537319597055186, 0.4262061776952657, 0.4267684592502565, 0.34247609705684373, -0.43022723875301544, -0.24474491665977877]
other derivatives: [ 0.42787178 -0.27866918  0.04401954 -0.51627467  0.18740138  0.1290573 ]
Current x array =  [-0.73211567 -0.53598126 -0.93606235  1.66665152 -1.70873238  1.18082801
 -2.47380245 -3.97806632 -4.4855314  -4.66939779 -2.50533111 -3.36795769
 -2.80687607 -3.30497264 -5.52204197 -2.841873   -5.63289164 -3.52222288]
log likelihood =  -2356.76688736
Edge derivatives =  [0.22778094733218118, -0.42955409231358765, -0.002897977667793171, 0.10399871045733344, 0.3318510010532418, -0.0247700815017102, -0.30775794720203675, 0.4112831077045964, 0.3372347462044543, 0.4366476094627287, -0.4042367373310524, 0.00695910076172003]
other derivatives: [ 0.74537638 -0.83759915 -0.62414074  0.04138201 -0.19776962  0.27798706]
Current x array =  [-0.73257507 -0.53518837 -0.93335649  1.66072419 -1.7006563   1.181345
 -2.47341264 -3.98966434 -4.48045956 -4.67208358 -2.50194576 -3.37806388
 -2.79511261 -3.30345832 -5.48087522 -2.85260423 -5.64031644 -3.53146295]
log likelihood =  -2356.75504596
Edge derivatives =  [-0.19234362766206525, -0.25724741504691967, -0.03258765333034774, -0.07683595551379391, -0.3093051820952607, 0.02813729081652283, -0.5036104612085173, -0.008868685608298232, 0.28413867104884266, 0.2970690863339809, -0.3862946089802975, 0.15014639579106212]
other derivatives: [-2.66941242 -1.5531441  -0.09008545 -0.88803063 -1.34136826  0.02487468]
Current x array =  [-0.72846079 -0.53385642 -0.93490005  1.66101459 -1.69271405  1.18632972
 -2.46839154 -4.00374671 -4.47907224 -4.65023056 -2.49062775 -3.38439676
 -2.79388034 -3.29420642 -5.46273909 -2.84969386 -5.66485088 -3.54170423]
log likelihood =  -2356.74018909
Edge derivatives =  [0.013946978657948805, -0.17340115852976234, -0.018777170247495395, -0.05248354575380872, -0.21933217804026012, 0.12346479373498115, -0.38806321009755773, 0.02015707218926968, 0.24917561171792385, 0.3885641809911478, -0.37195324258015355, 0.3107793589091627]
other derivatives: [-0.84678504 -0.49080882 -0.35265657 -0.13433237 -0.68971531 -0.04729372]
Current x array =  [-0.7306875  -0.53578434 -0.93379939  1.65852371 -1.69727568  1.18914172
 -2.46996293 -4.00789391 -4.4768451  -4.65006803 -2.48949395 -3.38611863
 -2.79121607 -3.2929904  -5.4464379  -2.85252906 -5.66924386 -3.546248  ]
log likelihood =  -2356.73155785
Edge derivatives =  [0.09728301098044495, -0.0858419877162004, -0.014783774727805697, -0.08810714529586644, -0.199407149887323, 0.15208603794650682, -0.28509515331261726, -0.05231092319010261, 0.23330292211031042, 0.4023553944791783, -0.3594847769275223, 0.37477807604768004]
other derivatives: [ 0.25197551  0.36220626 -0.04542926  0.18080755 -0.23192115 -0.22841959]
Current x array =  [-0.73205196 -0.53729323 -0.93473855  1.65812162 -1.70229225  1.19244654
 -2.469294   -4.01251711 -4.47616346 -4.64377243 -2.48737141 -3.38610655
 -2.79333138 -3.28982357 -5.43891625 -2.84968395 -5.6785997  -3.54818861]
log likelihood =  -2356.72428123
Edge derivatives =  [0.06997688538271479, 0.009499536702005068, -0.012836050404925019, -0.13782522288079646, -0.1906303054030123, 0.15997994435271204, -0.2150431955235436, -0.15071729072796705, 0.21614347048934263, 0.37505453035159136, -0.3467641766762908, 0.33695652832715767]
other derivatives: [  7.95489541e-01   8.29004421e-01   2.74576450e-01   1.98406269e-01
  -5.00222086e-04  -3.91673893e-01]
Current x array =  [-0.73272922 -0.53811043 -0.93585675  1.65862475 -1.70599366  1.19457545
 -2.46677611 -4.01805161 -4.47588993 -4.63704968 -2.48619539 -3.38592191
 -2.79725564 -3.28652691 -5.43171165 -2.8444829  -5.69037126 -3.54684163]
log likelihood =  -2356.71144133
Edge derivatives =  [-0.012006662821200331, 0.19079775292603796, 0.004487433239769398, -0.2017803024426411, -0.09523692697695335, 0.1854111189065744, -0.09341873953564037, -0.2497543738779341, 0.1903241834734391, 0.303438767123986, -0.3202058260505271, 0.18900362957646327]
other derivatives: [ 1.16647243  0.67184374  0.32482603  0.20895641  0.34115146 -0.52446012]
Current x array =  [-0.73314065 -0.53789569 -0.93618673  1.65923598 -1.71154606  1.19448614
 -2.46129661 -4.02765966 -4.47594936 -4.62808893 -2.48602366 -3.38502172
 -2.80643623 -3.28210835 -5.41928416 -2.83223176 -5.71220464 -3.54050615]
log likelihood =  -2356.71839868
Edge derivatives =  [-0.4643565139765454, 0.45552273110843433, 0.037969489150499906, -0.14867877501240745, -0.048434099220355964, 0.15807265162754902, -0.03691080741490632, -0.25638992648169706, 0.13700016640417745, 0.042753992555290526, -0.2620711850919383, -0.32129491322943216]
other derivatives: [ 0.86752152  5.60203262  0.19285835 -0.56497811 -0.44988155 -0.20336302]
Current x array =  [-0.73311559 -0.54614352 -0.93607312  1.65834267 -1.70673587  1.18032767
 -2.44836256 -4.04133871 -4.47659139 -4.63328957 -2.48733486 -3.38114095
 -2.82756117 -3.27937958 -5.39319173 -2.80103976 -5.74919276 -3.5191703 ]
log likelihood =  -2356.70436668
Edge derivatives =  [-0.19835305287704352, 0.30148762686587594, 0.018405823850171706, -0.17979182987843523, -0.07548431293165747, 0.17428172725673466, -0.0692971422559367, -0.2520819057356024, 0.1684170068924919, 0.19781517784867458, -0.29556444360739065, -0.021397683795359862]
other derivatives: [ 1.04300852  2.73644218  0.2707111  -0.10695658  0.01605258 -0.38940016]
Current x array =  [-0.73313025 -0.54131756 -0.93613959  1.65886537 -1.70955041  1.18861206
 -2.45593052 -4.03333483 -4.47621573 -4.63024657 -2.48656765 -3.38341166
 -2.81520056 -3.28097624 -5.40845891 -2.8192908  -5.7275503  -3.53165432]
log likelihood =  -2356.68934075
Edge derivatives =  [-0.2023270982266081, 0.4819958283198164, 0.05332796084642223, -0.1926444111116365, 0.13000376384750018, 0.22860435283429953, 0.031104644277510418, -0.17692241180786633, 0.10268006508574484, 0.11497808706013879, -0.2508682272293257, -0.1580913698700056]
other derivatives: [ 0.52532414  1.04942046  0.31127456  0.08803909  0.34201548 -0.24970177]
Current x array =  [-0.73242433 -0.53850162 -0.936332    1.65866    -1.71361551  1.18281803
 -2.45189541 -4.0426638  -4.47459832 -4.62606066 -2.48873063 -3.38172374
 -2.82384099 -3.2800432  -5.38086571 -2.80568373 -5.75626588 -3.52381698]
log likelihood =  -2356.68131097
Edge derivatives =  [-0.18548698219163634, 0.5032861633540494, 0.06466925140806729, -0.14636567959265637, 0.1776487674001586, 0.2187790131841238, 0.02202640445992496, -0.05689912413886397, 0.05882321872370332, 0.043853247025843894, -0.22594766940949382, -0.18967457306345623]
other derivatives: [-0.07485141 -0.01009539  0.02250999  0.04306457  0.2496563  -0.01132321]
Current x array =  [-0.73165428 -0.53670878 -0.93540817  1.65826523 -1.71262396  1.17619932
 -2.45177391 -4.04339433 -4.47326399 -4.63038073 -2.48915714 -3.37917581
 -2.82782052 -3.28179986 -5.36474034 -2.79779206 -5.76971197 -3.52078199]
log likelihood =  -2356.67581882
Edge derivatives =  [-0.13357830048888397, 0.43998586603705836, 0.06119005386237586, -0.08394254972397683, 0.15352271807243817, 0.16598810483737017, -0.017046238570491423, 0.06890121677229244, 0.020413677097244412, -0.022383124815281458, -0.20727641790865534, -0.16298459290342532]
other derivatives: [-0.34424374 -0.62227627 -0.16102604 -0.07407834  0.01850822  0.20722837]
Current x array =  [-0.73133039 -0.53565728 -0.93481431  1.65778323 -1.70997652  1.17018922
 -2.45368795 -4.03959161 -4.4718304  -4.63714734 -2.48838278 -3.37563438
 -2.83014696 -3.28430477 -5.35288517 -2.7920474  -5.77874777 -3.52030011]
log likelihood =  -2356.67087284
Edge derivatives =  [0.01774353368675141, 0.3251180630665047, 0.05058194554510409, -0.02468848283706839, 0.1511272315509506, 0.08750313638673521, 0.013269368597410208, 0.17452531030288873, -0.017078755902600568, -0.0559067357578186, -0.18826590695467196, -0.0786045218863534]
other derivatives: [-0.87939043 -0.52805262 -0.24174369  0.08017196  0.0336513   0.26720954]
Current x array =  [-0.73069349 -0.53578655 -0.93435857  1.65654516 -1.70962578  1.1673321
 -2.45683202 -4.03258329 -4.47005906 -4.64285519 -2.48649683 -3.37070602
 -2.83272879 -3.2857162  -5.34264827 -2.78699546 -5.78897141 -3.52168668]
log likelihood =  -2356.6792563
Edge derivatives =  [-0.08404205295729894, 0.013608782877336856, -0.03429812444263918, -0.01861281169523951, -0.3886053570786694, -0.19272043709492645, -0.12468152325822726, 0.04347788800166488, -0.14310708223867105, -0.324818087595526, -0.15342200312681864, 0.043830756698482035]
other derivatives: [ 2.81929715 -1.43977559 -0.27339411 -1.19894139 -1.17256604  0.13160388]
Current x array =  [-0.73532319 -0.53430172 -0.93489827  1.65656103 -1.70083032  1.16349988
 -2.45905744 -4.01864979 -4.46585914 -4.64428417 -2.4749566  -3.36045092
 -2.8407329  -3.28244106 -5.31628882 -2.77050665 -5.8296556  -3.52724655]
log likelihood =  -2356.66796531
Edge derivatives =  [-0.016426159237015292, 0.2207332030430575, 0.022035242168912762, -0.022541259881483464, -0.029539371824355787, -0.006294443531749572, -0.03328452365438678, 0.13060337687107976, -0.05908697228472937, -0.1456109936991159, -0.17615367590400838, -0.03725131703420899]
other derivatives: [ 0.37189238 -0.83432496 -0.25202098 -0.34751793 -0.36984602  0.22187123]
Current x array =  [-0.73225223 -0.53528664 -0.93454028  1.6565505  -1.70666451  1.16604186
 -2.45758128 -4.02789213 -4.46864502 -4.6433363  -2.48261144 -3.36725331
 -2.83542363 -3.28461352 -5.33377352 -2.78144397 -5.80266904 -3.52355859]
log likelihood =  -2356.66455149
Edge derivatives =  [0.11494834232119777, 0.12558649521012427, 0.008584992055043726, -0.012596368426547384, -0.06192093993296521, -0.062132401395252446, 0.035810469070594236, 0.12248659137048429, -0.08953617465102937, -0.14659088323656536, -0.16205025282333985, 0.07287320213704053]
other derivatives: [-0.16016202 -0.25388545 -0.0680302  -0.10445547 -0.20863808  0.0768523 ]
Current x array =  [-0.73163126 -0.53623952 -0.93488506  1.65524963 -1.70834514  1.16779009
 -2.45952258 -4.02241623 -4.46706458 -4.6428738  -2.47950821 -3.36387462
 -2.83718425 -3.28307755 -5.32651649 -2.77871646 -5.81404917 -3.52671134]
log likelihood =  -2356.66314307
Edge derivatives =  [0.15580916248575238, 0.0885340554055766, 0.005787546854312563, -0.022465093529768873, -0.04768680872724823, -0.06755695284906493, 0.09090516253013092, 0.08435022127745587, -0.09958129201332293, -0.12651658386600342, -0.1556942872586577, 0.10589035113701697]
other derivatives: [ 0.08703864  0.1114131  -0.02937668  0.04820322 -0.02673914 -0.04811227]
Current x array =  [-0.73194095 -0.53687131 -0.93494686  1.6545808  -1.71039662  1.16970636
 -2.45920947 -4.02008546 -4.46645761 -4.6406535  -2.47842982 -3.36299679
 -2.83789774 -3.2811853  -5.32450974 -2.77831636 -5.8208889  -3.52752086]
log likelihood =  -2356.66201177
Edge derivatives =  [0.10400110476025504, 0.047666071214385694, 0.0003497894327067416, -0.04703523915299418, -0.08327135308066819, -0.07130568017351083, 0.10458910431441046, -0.007214717615822319, -0.10718534860217495, -0.11897062085264731, -0.15111267278937773, 0.1081853995603445]
other derivatives: [-0.06712071  0.29331204  0.14692887 -0.03497007 -0.00559339 -0.17926141]
Current x array =  [-0.73176227 -0.53715555 -0.93555314  1.65465379 -1.71170354  1.17164776
 -2.45744481 -4.01798893 -4.46599991 -4.63739573 -2.4771912  -3.36293187
 -2.83800595 -3.27834439 -5.32406794 -2.77862952 -5.82859708 -3.52777465]
log likelihood =  -2356.66026598
Edge derivatives =  [0.0608137668532186, 0.013288711590680638, 0.015437222348869614, -0.049179935032450765, -0.00962123346997723, -0.011707141421109846, 0.16248525559585633, -0.05575006154151027, -0.1145364169214072, -0.06654309390658769, -0.1345321906928549, 0.09841217106918049]
other derivatives: [ 0.56520548  0.40754458  0.05188667  0.13446879  0.2147317  -0.23487701]
Current x array =  [-0.73255637 -0.53738418 -0.93527938  1.65326271 -1.71436207  1.17144081
 -2.45378233 -4.01455773 -4.46514298 -4.63482513 -2.47707588 -3.36330967
 -2.83786107 -3.27479611 -5.32199719 -2.77936913 -5.84296896 -3.52581608]
log likelihood =  -2356.6580334
Edge derivatives =  [-0.061451339867456156, -0.053404878123375146, 0.024439165994049106, -0.04593007261490432, -0.0166359709599036, 0.031397296974778915, 0.15013214833518193, -0.11985208105316397, -0.1149693316560469, -0.03244822530623501, -0.12034737759296785, 0.0752235424704842]
other derivatives: [ 0.34988261  0.3263267   0.00168257  0.03556124  0.14351826 -0.22987479]
Current x array =  [-0.73232172 -0.53721479 -0.93518505  1.65234128 -1.71459016  1.17003219
 -2.4498323  -4.00965055 -4.46434994 -4.63377094 -2.47645651 -3.36385755
 -2.83630477 -3.27144383 -5.32303059 -2.78123903 -5.85606541 -3.52384784]
log likelihood =  -2356.65577602
Edge derivatives =  [-0.1586152877042707, -0.10002048097525586, 0.05712217665514862, -0.0022438139179005515, 0.05774009916313477, 0.12756290310511234, 0.12461762938117979, -0.08874941085850574, -0.10758809760807077, 0.023032049415058764, -0.08446923037732844, 0.02646424213774161]
other derivatives: [ 0.25675035  0.00295586  0.59822014  0.12823875  0.09003998 -0.0167347 ]
Current x array =  [-0.73235832 -0.53662078 -0.93717089  1.64993237 -1.71442921  1.16335864
 -2.44476001 -4.0033507  -4.46235497 -4.63487325 -2.47653464 -3.36370553
 -2.83271919 -3.2682599  -5.32297502 -2.78304602 -5.8813417  -3.51800974]
log likelihood =  -2356.65457608
Edge derivatives =  [-0.25085874435366345, -0.16297288463733275, 0.04888966529936635, 0.008999711709635407, -0.01616652631830162, 0.10486002142319722, 0.02974721772632713, -0.10760463340761822, -0.09977442238127879, 0.035404008187207237, -0.07279806452123302, -0.038961623562790135]
other derivatives: [-0.20900188  0.18617357 -0.43160071 -0.22746462 -0.11718839  0.08908501]
Current x array =  [-0.73173574 -0.53687511 -0.93395294  1.64947974 -1.71346744  1.16043387
 -2.44353328 -3.99896215 -4.46069275 -4.63550045 -2.47546176 -3.36243946
 -2.82861634 -3.26671969 -5.32689597 -2.78533859 -5.89558919 -3.51529702]
log likelihood =  -2356.6535351
Edge derivatives =  [-0.15835116678383093, -0.13283520954809624, 0.04552386954613382, 0.008314000559391854, -0.0035108905883513564, 0.0859919746724227, 0.046858954511942386, -0.06980797375888206, -0.09663896182766521, 0.02509903206103037, -0.0743213250951896, -0.012931294191511816]
other derivatives: [-0.1931312  -0.20022526 -0.17198545 -0.06334631 -0.03665264  0.06762093]
Current x array =  [-0.73175433 -0.53624803 -0.93470262  1.64937072 -1.71363973  1.16126999
 -2.44567546 -4.00066563 -4.46060917 -4.63546811 -2.47529556 -3.36159537
 -2.82882242 -3.26791089 -5.32684133 -2.78454998 -5.8929906  -3.51616163]
log likelihood =  -2356.65226365
Edge derivatives =  [-0.0589213108661118, -0.07330302590401706, 0.03785406412271093, 0.0014848901608122411, -0.010058757569076537, 0.05201477545862551, 0.02960318795233005, -0.026440646729212064, -0.08111812697411658, 0.013498861413756669, -0.0729768988828245, -0.01889896705592016]
other derivatives: [-0.01373337 -0.17039383  0.14083525  0.03260539 -0.00050022  0.07385097]
Current x array =  [-0.73200486 -0.53630591 -0.93565738  1.64930829 -1.71349927  1.16172752
 -2.44836792 -4.00373282 -4.45993373 -4.63444858 -2.4750248  -3.36028237
 -2.82706998 -3.2692278  -5.32977217 -2.78453172 -5.89397025 -3.51587806]
log likelihood =  -2356.65089248
Edge derivatives =  [0.07696392113280465, -0.041520303789581964, 0.020183474679759054, -0.009537170145969859, -0.04088876541878661, -0.014437709781427, -0.006471442011761447, 0.006730173138872392, -0.05951574239813293, 0.01439963938837896, -0.0562680930507474, -0.030056982558374218]
other derivatives: [-0.0862201  -0.48048605  0.1713488   0.16025297  0.07767085  0.04547474]
Current x array =  [-0.73192859 -0.53578925 -0.93564469  1.64805943 -1.71420361  1.16211081
 -2.45138163 -4.00410081 -4.45699311 -4.631246   -2.473101   -3.35654316
 -2.82234783 -3.26867222 -5.33483873 -2.78521688 -5.91283071 -3.51444191]
log likelihood =  -2356.6502323
Edge derivatives =  [0.07812860411545258, -0.0005075907702629667, 0.0027229440445602146, -0.026620472301721855, -0.07886511234917615, -0.06766085946371828, -0.07300925306160291, -0.00237028630074404, -0.03200357936283531, 0.010876639086157214, -0.04393048622097562, -0.08009321909814524]
other derivatives: [ 0.29781404  0.38726284  0.28639988  0.03501555 -0.00891305  0.0426553 ]
Current x array =  [-0.73247131 -0.53721966 -0.93605586  1.64782426 -1.71378553  1.16234786
 -2.4519729  -4.00573252 -4.45457742 -4.62813024 -2.47280456 -3.35472821
 -2.8178463  -3.26797946 -5.342302   -2.78668402 -5.92943045 -3.51261779]
log likelihood =  -2356.64977944
Edge derivatives =  [0.05410886401191334, -0.02904814867411505, 0.0034192889957690223, -0.02645351252281728, -0.07490996129123584, -0.06076895937142421, -0.06555060344365365, -0.022328782985767542, -0.035405788646433, 0.020656436502584308, -0.039790453700304006, -0.07502868900645959]
other derivatives: [ 0.07512426  0.12660166  0.08399184  0.0394266   0.01523404  0.02146407]
Current x array =  [-0.73217259 -0.53678162 -0.93538868  1.64746502 -1.71429925  1.16236462
 -2.45097515 -4.00385297 -4.454128   -4.62767127 -2.47252006 -3.35459265
 -2.81773945 -3.26685267 -5.34193949 -2.78689616 -5.93478393 -3.51250795]
log likelihood =  -2356.64956442
Edge derivatives =  [0.01787946387981948, -0.04091431220069165, 0.002206904801113095, -0.029790842525693202, -0.06995149951105939, -0.057750182695815916, -0.06649920879106197, -0.042219205090029216, -0.03425279259642733, 0.02466236051450102, -0.03639200927795056, -0.07557240136286777]
other derivatives: [ 0.00050022  0.04670255 -0.03697096  0.01059561  0.013506    0.00441105]
Current x array =  [-0.73206887 -0.53664729 -0.93500604  1.64741376 -1.71452573  1.16259383
 -2.44997453 -4.00312161 -4.45364449 -4.6270091  -2.47272312 -3.3547291
 -2.81753846 -3.26607612 -5.34274296 -2.7871484  -5.93982971 -3.51250692]
log likelihood =  -2356.64923606
Edge derivatives =  [-0.027525680107812756, -0.03435125967253369, 8.13697019050319e-06, -0.03638682047184247, -0.050254982753531297, -0.05383182241453441, -0.06698132507934595, -0.05699300673976598, -0.02789665525825738, 0.024076762028265142, -0.032285000321059555, -0.07073405376541073]
other derivatives: [-0.10400072  0.0007276  -0.11882548 -0.00472937  0.01577973 -0.01009539]
Current x array =  [-0.73192847 -0.53657297 -0.93472895  1.64762886 -1.71463672  1.16319326
 -2.44892877 -4.00360604 -4.45297768 -4.62602117 -2.47366362 -3.3552868
 -2.81753949 -3.26570452 -5.34481559 -2.78728753 -5.94596521 -3.51299782]
log likelihood =  -2356.64879306
Edge derivatives =  [-0.1018688991546346, -0.007108464749739918, -0.006047531544034833, -0.04932923742326149, -0.011140317671722688, -0.04567906284484766, -0.06934426412508854, -0.0688699647041516, -0.013989805668826398, 0.011127517585318714, -0.02639496155175472, -0.05085756818081767]
other derivatives: [ 0.2654815  -0.22405402 -0.23305802 -0.05052243  0.00836735 -0.02200977]
Current x array =  [-0.73235067 -0.53623126 -0.93438471  1.64858568 -1.7144044   1.16450458
 -2.44772762 -4.00580972 -4.45184624 -4.62456586 -2.47601879 -3.35691417
 -2.81828623 -3.26604242 -5.34931495 -2.78717536 -5.95577754 -3.51479286]
log likelihood =  -2356.6484962
Edge derivatives =  [-0.1408219911755953, 0.04258839752666495, -0.010839381695099737, -0.06253755465065876, 0.04031158504055904, -0.03953382590301768, -0.057535094405977094, -0.05985872551488375, 0.0033929716327233683, -0.006102010754980819, -0.02099508972641377, -0.014136945689439587]
other derivatives: [-0.42564352 -0.04347385 -0.05675247  0.01218723  0.02351044 -0.03342393]
Current x array =  [-0.73149936 -0.53652425 -0.93480514  1.649745   -1.71405479  1.16638681
 -2.44755962 -4.00950853 -4.45088098 -4.62319078 -2.47875786 -3.35882829
 -2.81975362 -3.26731928 -5.35412301 -2.78662173 -5.96319397 -3.51742134]
log likelihood =  -2356.64821311
Edge derivatives =  [-0.10694199834551626, 0.04161814094832586, -0.010536530275689633, -0.05781908977081279, 0.03247234259561571, -0.04033108984686498, -0.05500082012325494, -0.043116519384093416, 0.0007825649698706486, -0.009131648350732768, -0.023025023671292118, -0.009334199645719923]
other derivatives: [-0.09958967 -0.06061782 -0.03351488  0.02605702  0.02701199 -0.01887202]
Current x array =  [-0.73189921 -0.5365079  -0.93489803  1.64981238 -1.71384848  1.16614745
 -2.44852919 -4.00955535 -4.45120181 -4.62396668 -2.47848736 -3.35877095
 -2.82013133 -3.26795133 -5.35332697 -2.78639736 -5.96002424 -3.51760555]
log likelihood =  -2356.64798619
Edge derivatives =  [-0.06032908310045565, 0.04594030388869878, -0.01165324158129518, -0.05348619627934771, 0.030117027417543685, -0.03970190025681403, -0.04544123952104018, -0.016357977553246805, -0.0002469255764836163, -0.018228660454745943, -0.02423918406803626, 0.010508980575744634]
other derivatives: [ 0.15143087 -0.04379217  0.03733476  0.06421033  0.03897185 -0.00318323]
Current x array =  [-0.73220324 -0.53655055 -0.93510705  1.65025367 -1.71347753  1.16632131
 -2.45012542 -4.0102444  -4.45140269 -4.62487397 -2.4786594  -3.35920268
 -2.82130202 -3.26921755 -5.35312239 -2.78585604 -5.95775279 -3.51870115]
log likelihood =  -2356.64779795
Edge derivatives =  [-0.033115539860961274, 0.040460425661426255, -0.014073293661459527, -0.05143838795175041, 0.024583722438300704, -0.03760799469822365, -0.03730710136226387, -0.0022841778611117636, -0.001391428889057765, -0.027044810425987997, -0.02338142695969623, 0.02926479047625577]
other derivatives: [ 0.22259883 -0.00836735  0.05516085  0.06898517  0.03951754  0.00381988]
Current x array =  [-0.73227852 -0.53661441 -0.9351402   1.65085297 -1.71316666  1.16668268
 -2.45136628 -4.01049612 -4.45132518 -4.6254932  -2.47893367 -3.35986872
 -2.82260956 -3.27014157 -5.3533643  -2.78542396 -5.95875957 -3.51990733]
log likelihood =  -2356.64738796
Edge derivatives =  [0.0023602848177751157, 0.005905687878003926, -0.021035397477125496, -0.04863445005878768, -0.006861205685697869, -0.028365327101774945, -0.02789431098986045, 0.005938240826433655, -0.004814707327560418, -0.04352609752204495, -0.017792392972442027, 0.051013019894549344]
other derivatives: [ 0.19872459 -0.03624336  0.0687578  -0.00341061 -0.00400178  0.01123226]
Current x array =  [-0.73221386 -0.53655712 -0.93515828  1.65245054 -1.7123812   1.1674959
 -2.45380052 -4.00991055 -4.45080566 -4.62678276 -2.47932559 -3.36168052
 -2.82549076 -3.27152135 -5.35463838 -2.78508962 -5.96667595 -3.52196887]
log likelihood =  -2356.64796717
Edge derivatives =  [0.09376474571741317, -0.019542150381323925, -0.007160012974530387, -0.023211351279214226, 0.08004347045401555, 0.06343532724459716, 0.0903920845947786, 0.055077619596155813, -0.0008859043325700651, 0.006319745697595053, -0.0018941320129944872, 0.08697051036034724]
other derivatives: [ 0.10882104  0.38144208 -0.31905074  0.39585757  0.22778295  0.01550688]
Current x array =  [-0.73205663 -0.53728743 -0.93361736  1.65267716 -1.71271505  1.16898502
 -2.45592963 -4.00890755 -4.45049504 -4.62930921 -2.48116379 -3.3656691
 -2.83071035 -3.27288036 -5.35721362 -2.78611527 -5.98225697 -3.52379189]
log likelihood =  -2356.64727156
Edge derivatives =  [0.028900127045010215, -0.0014711195877089994, -0.017010195256848555, -0.041248910047931284, 0.01837218943115887, -0.0016849113709487273, 0.006498315840116647, 0.02020793334853732, -0.0036743850046112303, -0.02905736433793324, -0.013133125258346912, 0.06145523261511708]
other derivatives: [ 0.17266757  0.08508323 -0.04370122  0.11250449  0.06316441  0.0124146 ]
Current x array =  [-0.73216823 -0.53676906 -0.93471109  1.65251631 -1.71247808  1.16792806
 -2.4544184  -4.00961947 -4.45071551 -4.62751596 -2.47985905 -3.36283804
 -2.82700553 -3.27191575 -5.35538574 -2.78538728 -5.97119769 -3.52249793]
log likelihood =  -2356.64709652
Edge derivatives =  [0.021543934779938934, -0.02264318375141819, -0.01955310086654296, -0.040114288640290374, 0.0011933480387300022, 0.008646106687104, 0.008567435961378489, 0.009616860885831024, -0.004568066117448845, -0.03150719588193915, -0.00890940899918543, 0.051105140543506344]
other derivatives: [ 0.01336957 -0.02514753 -0.03724381  0.03979039  0.02028173  0.00995897]
Current x array =  [-0.73195127 -0.53656582 -0.93473842  1.65341895 -1.71206522  1.16838702
 -2.45507298 -4.00911858 -4.4504845  -4.62827984 -2.48015604 -3.36400687
 -2.82836187 -3.27217065 -5.35656804 -2.78584069 -5.97752931 -3.52276651]
log likelihood =  -2356.64701706
Edge derivatives =  [-0.00633473915171795, -0.034599313180598626, -0.02061692485323796, -0.03975467826586113, -0.00867157896839621, 0.01371136191582531, 0.0056932687529647474, -0.009528383614682806, -0.004374026203212301, -0.02723435590740894, -0.006078798630817046, 0.02812657462940038]
other derivatives: [-0.06170922  0.03451532 -0.0422915  -0.03392415 -0.0169166   0.00200089]
Current x array =  [-0.73185547 -0.53664703 -0.93475332  1.65386588 -1.71191358  1.1686383
 -2.454763   -4.00874673 -4.45040903 -4.6286731  -2.48034809 -3.36457632
 -2.82873401 -3.2718463  -5.35747756 -2.78654887 -5.98215479 -3.52222574]
log likelihood =  -2356.64696636
Edge derivatives =  [-0.009501421052713122, -0.03526519183441308, -0.016841402851846092, -0.0337706121725176, 0.0012709601877559096, 0.026354124446236, 0.017212813139693084, -0.01228239769765721, -0.0033816753132751808, -0.013849704523734185, -0.0036787235276875482, 0.008242403054815536]
other derivatives: [-0.13133103 -0.11004886 -0.00554792 -0.00045475 -0.00277396 -0.00218279]
Current x array =  [-0.73176819 -0.53639756 -0.93486635  1.6538407  -1.71196203  1.16874536
 -2.45456222 -4.00862747 -4.4506877  -4.62949932 -2.48047537 -3.36490409
 -2.82899455 -3.27165022 -5.35786438 -2.78739651 -5.98453854 -3.52135494]
log likelihood =  -2356.64691569
Edge derivatives =  [-0.014987504581598254, -0.030243765430023536, -0.015854255468352424, -0.030766264968222143, 0.0037090401381215665, 0.026275188648092723, 0.018294455217497313, -0.013838860109106316, -0.0025620092006140363, -0.008796639694163222, -0.003320669858785272, -0.004266416703228942]
other derivatives: [-0.07544259 -0.04461072  0.01359695 -0.00272848 -0.00350155 -0.00300133]
Current x array =  [-0.731842   -0.53650346 -0.93494025  1.65386749 -1.71195768  1.16879717
 -2.45441916 -4.0089107  -4.45093135 -4.62998309 -2.48056127 -3.3648799
 -2.82894242 -3.27162624 -5.35802814 -2.78780821 -5.98484839 -3.52088365]
log likelihood =  -2356.64684739
Edge derivatives =  [-0.011211853649633452, -0.01648604035172771, -0.0140116105908634, -0.022274623573181836, 0.0062778592297026425, 0.022985717591971433, 0.020575348233888013, -0.007247315550890948, -0.0014299474776871164, -0.0012232982448333318, -0.003389660983972748, -0.024724303717021348]
other derivatives: [ 0.06457412  0.01859917  0.02401066  0.00250111 -0.00022737  0.00277396]
Current x array =  [-0.73201666 -0.5366058  -0.93499237  1.65399663 -1.71186498  1.16888445
 -2.45462491 -4.00977929 -4.45161639 -4.63139876 -2.48069294 -3.364747
 -2.82900084 -3.27196984 -5.3581233  -2.78852557 -5.98419082 -3.52017747]
log likelihood =  -2356.64681887
Edge derivatives =  [-0.0011899414357836036, -0.008946192266120326, -0.013340866326676533, -0.01646414590005306, 0.0040335094016289985, 0.018769100987877735, 0.020652224676189684, 0.0007992367009879708, -0.001219870506964555, 0.00042839446114079083, -0.0036432256174784624, -0.030969454995912415]
other derivatives: [ 0.07498784  0.03547029  0.02728484  0.00645741 -0.00077307  0.01023182]
Current x array =  [-0.7320275  -0.53663036 -0.93500192  1.65414369 -1.71174837  1.16893653
 -2.45504961 -4.01033532 -4.45206754 -4.63239229 -2.48071673 -3.3646373
 -2.82912798 -3.27236489 -5.35807039 -2.78882274 -5.98339999 -3.52003525]
log likelihood =  -2356.64677522
Edge derivatives =  [-0.006094068403687536, 0.0006086535329001136, -0.014310558985306865, -0.005715249258999397, -0.007536995196054497, 0.0018923901056061565, 0.010313917285769192, 0.00032371162193059466, -0.0006658713891747083, -0.001078595027885626, -0.0035868919276405738, -0.033095339256135003]
other derivatives: [ 0.10218173 -0.03974492 -0.09704308 -0.0392447  -0.01268745  0.01036824]
Current x array =  [-0.73203501 -0.53649962 -0.93461651  1.65466421 -1.71160354  1.1695115
 -2.45552867 -4.01139005 -4.45305274 -4.63443453 -2.48090491 -3.36434734
 -2.82908119 -3.27283606 -5.35846336 -2.78953031 -5.98399179 -3.52042989]
log likelihood =  -2356.64674958
Edge derivatives =  [0.0015272030152704286, 0.012400957889195, -0.012869457668052364, 0.0020497768138149144, -0.005009530903011372, -0.008148861581367628, 0.008846266100007494, 0.0068518757781468875, 0.0007687808654098412, -0.0008629320209792013, -0.0035010090609749935, -0.021996396422925626]
other derivatives: [-0.13619683  0.04347385 -0.02660272 -0.00677574 -0.00095497  0.01055014]
Current x array =  [-0.73174817 -0.53662728 -0.93479769  1.65474821 -1.71159946  1.16986995
 -2.45581902 -4.01218613 -4.45372695 -4.63555577 -2.48102791 -3.36398678
 -2.82885683 -3.2731613  -5.35851013 -2.78979342 -5.98316528 -3.52090806]
log likelihood =  -2356.64672805
Edge derivatives =  [0.0028983196624327023, 0.005011986184397521, -0.013735060372273553, 0.0005333885341378131, -0.006675057847173649, -0.004464592667481754, 0.010714496141446428, 0.004581634968118947, 0.0003667452675863922, -0.0033719801770515367, -0.002589698073612815, -0.014319086126565142]
other derivatives: [-0.05161382 -0.00090949 -0.02037268 -0.01232365 -0.00241016  0.00700311]
Current x array =  [-0.7318482  -0.53655822 -0.93482192  1.65487751 -1.71155903  1.16999596
 -2.45595169 -4.01188437 -4.45352055 -4.63535689 -2.48108874 -3.3642691
 -2.82914679 -3.27316333 -5.35872645 -2.78965394 -5.98463062 -3.52130274]
log likelihood =  -2356.64671805
Edge derivatives =  [0.0005583272817813456, 0.002476889344578556, -0.013778281241033682, 0.0015922872812974276, -0.00633955486720128, -0.004379182336245346, 0.01082564673070141, 0.0013546746334767434, 0.000667218391141873, -0.004439614962316929, -0.0017032739308842672, -0.006189346752282776]
other derivatives: [-0.01682565 -0.01818989 -0.00932232 -0.01227818 -0.00031832  0.00159162]
Current x array =  [-0.73188883 -0.53653142 -0.93485289  1.65499041 -1.71155124  1.17025369
 -2.45598363 -4.01186576 -4.45360305 -4.63552258 -2.48121285 -3.3643832
 -2.82920194 -3.2731496  -5.35899821 -2.78971577 -5.98589391 -3.52171532]
log likelihood =  -2356.64671099
Edge derivatives =  [-0.0038833298720083453, 0.002826596602516232, -0.012799409760341177, 0.003764223623397893, -0.003972288028154025, -0.004895603921042074, 0.009832755705179885, -0.0020262397776884267, 0.0013161763114354803, -0.0039726120501552, -0.0009278479691789288, 1.7606636614236892e-05]
other derivatives: [ 0.00095497 -0.01537046 -0.00045475 -0.00741238  0.00277396 -0.00368345]
Current x array =  [-0.73191108 -0.53653714 -0.93487505  1.65504109 -1.71154931  1.17051911
 -2.45592217 -4.01197126 -4.45387363 -4.63581869 -2.48136509 -3.3644118
 -2.8290618  -3.27310224 -5.35925039 -2.78990879 -5.98684855 -3.52202024]
log likelihood =  -2356.64670426
Edge derivatives =  [-0.00465093920955334, 0.003518246040709619, -0.010333255151839311, 0.005902957984001617, -0.0006259060668669103, -0.0027314278220191, 0.008034165070144372, -0.0024935991418886527, 0.0017992402736165362, -0.0024890073311929495, -0.0002597270130647502, 0.003263904207169835]
other derivatives: [ 0.00527507 -0.0001819   0.0035925   0.00386535  0.00463842 -0.00331966]
Current x array =  [-0.73191867 -0.53656379 -0.93487727  1.6550165  -1.71150033  1.17064808
 -2.45592202 -4.01203389 -4.45428206 -4.63606276 -2.48149738 -3.36446103
 -2.82880188 -3.27309141 -5.3593831  -2.79014608 -5.98737591 -3.52215935]
log likelihood =  -2356.64669745
Edge derivatives =  [-0.00867003477738798, 0.002609715601484472, -0.006659089110038506, 0.006768014036508327, 0.00017352161815697986, -0.00024319366255379227, 0.00029816443993754826, -0.004777765982809046, 0.0019032668225376186, -0.0023529145252265127, 0.0003173603144678433, 0.003019903962112949]
other derivatives: [-0.00145519  0.01477929  0.01091394 -0.00331966 -0.0048658  -0.00040927]
Current x array =  [-0.73191386 -0.53658792 -0.93489939  1.65503379 -1.71138169  1.17073812
 -2.45591893 -4.01204073 -4.45493719 -4.63619007 -2.48165553 -3.36453137
 -2.82829416 -3.27306656 -5.35949188 -2.79047733 -5.98788454 -3.52220906]
log likelihood =  -2356.64669632
Edge derivatives =  [0.0060740440283652, 0.004620578217310933, -0.0016298183671829627, 0.007226915849993125, 0.008618573165412424, 0.004908497724688571, -0.0003298056503859559, 0.004157957708512822, 0.002009055828293336, 0.00037792752408710717, 0.0004965551115914107, 0.006436717028981798]
other derivatives: [-0.0005457   0.0131422   0.0043201   0.0379714   0.01473381  0.00677574]
Current x array =  [-0.73191787 -0.5365913  -0.93485375  1.65483346 -1.71140656  1.17069624
 -2.4561584  -4.01203017 -4.45559038 -4.63606381 -2.48171974 -3.36448378
 -2.82781277 -3.2732023  -5.35931565 -2.79065083 -5.98725924 -3.52221751]
  status: 0
 success: True
    nfev: 81
     fun: 2356.6466963188414
       x: array([-0.73191787, -0.5365913 , -0.93485375,  1.65483346, -1.71140656,
        1.17069624, -2.4561584 , -4.01203017, -4.45559038, -4.63606381,
       -2.48171974, -3.36448378, -2.82781277, -3.2732023 , -5.35931565,
       -2.79065083, -5.98725924, -3.52221751])
 message: 'CONVERGENCE: REL_REDUCTION_OF_F_<=_FACTR*EPSMCH'
     jac: array([ 0.0005457 , -0.0131422 , -0.0043201 , -0.0379714 , -0.01473381,
       -0.00677574, -0.00607404, -0.00462058,  0.00162982, -0.00722692,
       -0.00861857, -0.0049085 ,  0.00032981, -0.00415796, -0.00200906,
       -0.00037793, -0.00049656, -0.00643672])
     nit: 75
Lr rates:  [ 0.12113056  0.85801449  0.79292689  0.53210498  0.775371    0.81358928
  0.79214495]
Process rates:  [ 0.52502868  0.61491389  0.39120505  5.85872721  0.08624044  3.4499598 ]
log likelihood =  2412.55469208
Lr derivatives =  [-36.693153376349251, -50.388552818844502, 5.0453668388880892, 39.402228146980036, 15.30078446684257, 5.8088822839667626, 25.881576103306948]
other derivatives =  [ 71.5015176   36.6572749   -5.7851139  -29.43443178 -50.62233868
  10.64040589]
Current x_clock array =  [-0.64430238 -0.48627304 -0.93852343  1.76793238 -2.45061608  1.23836258
 -2.11088631 -0.15313429 -0.23202426 -0.63091448 -0.25441366 -0.20629961
 -0.23301088]
Lr rates:  [ 0.16542697  0.85913122  0.75966471  0.38076024  0.68087672  0.77442184
  0.63581899]
Process rates:  [ 0.28604241  0.45039553  0.39416859  7.52281024  0.13256995  3.15183905]
log likelihood =  2480.71683334
Lr derivatives =  [68.273468289840935, 14.876199406561256, 29.428522906142401, 25.769253984125882, 1.3659843187177678, -3.184546393522429, 10.791068781044913]
other derivatives =  [-232.66529752  -94.81536836   25.37449291   80.69500836    0.79407982
    0.64410415]
Current x_clock array =  [-1.2516152  -0.79762913 -0.93097657  2.01793977 -2.02064485  1.14798611
 -1.79922548 -0.15183361 -0.27487812 -0.9655854  -0.38437401 -0.25563854
 -0.45284136]
Lr rates:  [ 0.13178067  0.8583163   0.78379207  0.48606829  0.74859764  0.80280746
  0.74643194]
Process rates:  [ 0.44551975  0.56526501  0.39200416  6.26846731  0.09687283  3.36667526]
log likelihood =  2398.35363385
Lr derivatives =  [-10.837682314893554, -34.710981216201255, 8.0166216892569739, 32.920588948675181, 10.071863949736736, 2.8031625252592693, 20.640045911468228]
other derivatives =  [-65.1494247  -14.45860107   2.39360816  -1.31008164 -40.29848242
   8.55834514]
Current x_clock array =  [-0.80851369 -0.57046061 -0.93648284  1.83553188 -2.33435616  1.21392569
 -2.02661634 -0.1527826  -0.24361151 -0.72140615 -0.28955364 -0.21964036
 -0.29245084]
Lr rates:  [ 0.13704628  0.90273121  0.77264969  0.45266553  0.73089205  0.79665708
  0.71328833]
Process rates:  [ 0.46449159  0.56270417  0.39106144  6.4035801   0.10586199  3.30406502]
log likelihood =  2388.17753933
Lr derivatives =  [6.2663709615763796, -22.782849963001908, 10.548846560793443, 28.12921716568966, 6.8622532484434196, 1.0935446607406085, 16.985199138551593]
other derivatives =  [-36.13145054 -18.32122507   3.05772119  12.86375664 -31.10908438
   7.18505362]
Current x_clock array =  [-0.76681183 -0.57500124 -0.9388906   1.85685722 -2.24561902  1.19515353
 -1.9874366  -0.10233043 -0.25792952 -0.79260177 -0.3134895  -0.22733096
 -0.33786955]
Lr rates:  [ 0.1392648   1.          0.71194283  0.34928556  0.67964662  0.7830795
  0.60781898]
Process rates:  [ 0.4982163   0.59245246  0.38414116  6.15751308  0.14249872  3.08923046]
log likelihood =  2375.72484389
Lr derivatives =  [-7.860246939765748, -43.539727597028858, -26.860005774155013, -17.855155035513395, -21.258728217786118, -14.384146955905587, 3.4578575521259447]
other derivatives =  [ 24.88554856  11.56636245  -7.30624379   5.07284312 -14.29411896
  -4.67543941]
Current x_clock array =  [-0.69672096 -0.52348465 -0.95674518  1.81767297 -1.94842228  1.12792202
 -1.97137813  0.         -0.33975766 -1.05186546 -0.38618229 -0.24452106
 -0.49787817]
Lr rates:  [ 0.14134921  1.          0.75185642  0.35799417  0.71003601  0.80815858
  0.59760269]
Process rates:  [ 0.48906702  0.58537348  0.38922672  6.04594997  0.14968583  3.1095612 ]
log likelihood =  2372.43399301
Lr derivatives =  [13.222894118348355, -23.066558742407537, -2.8796826534884019, -1.7876069380637869, -9.1183566423994016, -7.0666341034889246, 5.126835784433136]
other derivatives =  [  8.93969627   3.24448592  -0.83127816  17.48030627  -5.8063506
  -0.02974048]
Current x_clock array =  [-0.71525574 -0.53550522 -0.94359328  1.79938862 -1.89921664  1.13448162
 -1.9565218   0.         -0.28520991 -1.02723857 -0.3424396  -0.21299698
 -0.51482915]
Lr rates:  [ 0.1389688   1.          0.78044692  0.358895    0.74165537  0.83681464
  0.57823912]
Process rates:  [ 0.48278601  0.58159587  0.39284326  5.73645446  0.15990355  3.10939339]
log likelihood =  2370.57471783
Lr derivatives =  [14.075040618470727, -18.917349503650183, 7.5677160926880624, 3.7042379887167289, -2.1293784650273135, -2.2526894049792405, 5.1395744598733586]
other derivatives =  [ -0.42632564  -0.65729182   1.48938852  13.78039087  -1.75127752
   2.3602297 ]
Current x_clock array =  [-0.72818177 -0.54197945 -0.93434458  1.74684133 -1.83318446  1.13442766
 -1.97350585  0.         -0.24788855 -1.02472542 -0.2988706  -0.1781527
 -0.54776779]
Lr rates:  [ 0.13471322  1.          0.7872787   0.35396115  0.7735118   0.86753496
  0.54766184]
Process rates:  [ 0.47986691  0.57567151  0.39519543  5.37788034  0.17338597  3.07215776]
log likelihood =  2369.49807942
Lr derivatives =  [2.2628989150503007, -26.652359697983002, 4.7952881210802545, 0.049682967271547085, 0.41143518417944769, 0.48743211143783838, 3.4641434325057228]
other derivatives =  [-3.24153007 -6.11880751  0.78057383  1.54764166 -0.22973836  1.90721039]
Current x_clock array =  [-0.73424649 -0.55221807 -0.92837489  1.68229431 -1.75223513  1.12238017
 -2.00460707  0.         -0.23917296 -1.03856811 -0.25681435 -0.14209947
 -0.60209726]
Lr rates:  [ 0.13429008  1.          0.78091847  0.35399883  0.78146063  0.87412093
  0.53291446]
Process rates:  [ 0.47954559  0.5862965   0.39562793  5.3164082   0.17792502  3.04360885]
log likelihood =  2369.37260881
Lr derivatives =  [0.35709383076065393, -28.788119000370656, 2.17267325144618, -1.2111527228376584, 0.92076226734085687, 0.8396582036470448, 2.5173947756155162]
other derivatives =  [-3.64620973  4.94387677  0.71545401 -0.19877007  0.86283762  1.2908913 ]
Current x_clock array =  [-0.73491631 -0.53392964 -0.92728107  1.67079792 -1.72639306  1.11304393
 -2.00775301  0.         -0.24728452 -1.03846166 -0.24659051 -0.13453655
 -0.62939436]
Lr rates:  [ 0.13413906  1.          0.77541867  0.35509819  0.781112    0.87339649
  0.52767012]
Process rates:  [ 0.48168351  0.58292056  0.39511739  5.31275282  0.17819475  3.02987352]
log likelihood =  2369.30747065
Lr derivatives =  [-1.1285017476141452, -30.288472604010135, -0.085937153804798605, -2.1517129035956417, 0.28168532859062267, 0.33281345132034923, 2.051097460929304]
other derivatives =  [ 0.17398634  1.40476004 -0.03255991 -1.05701474  0.54760676  0.78239282]
Current x_clock array =  [-0.730468   -0.53970435 -0.92857237  1.67011012 -1.7248782   1.10852088
 -2.00887826  0.         -0.25435217 -1.03536095 -0.24703674 -0.13536566
 -0.63928397]
Lr rates:  [ 0.13425615  1.          0.77011441  0.35815735  0.78075777  0.87226818
  0.52060273]
Process rates:  [ 0.48287369  0.58141006  0.39472706  5.32001179  0.17806591  3.01215773]
log likelihood =  2369.26494129
Lr derivatives =  [-1.2704994132556791, -30.65513062001472, -1.3081481465373921, -2.0146374778624532, 0.15740918807885063, -0.033261104874684921, 1.5741442667072032]
other derivatives =  [ 2.26218617 -0.18308128 -0.41191015 -0.8715233   0.46748028  0.45979505]
Current x_clock array =  [-0.72800017 -0.54229898 -0.92956075  1.67147552 -1.72560154  1.10265668
 -2.00800577  0.         -0.26121619 -1.02678287 -0.24749033 -0.13665836
 -0.65276805]
Lr rates:  [ 0.13444795  1.          0.76510224  0.36421886  0.77960878  0.87120861
  0.50834519]
Process rates:  [ 0.48290581  0.58053033  0.39452963  5.32522424  0.17748262  2.98264006]
log likelihood =  2369.21603847
Lr derivatives =  [-0.9047443393593575, -30.40633674375097, -1.8124860640748377, -0.92146145203801844, 0.27859739526532934, -0.38274963488705893, 0.85390236046371815]
other derivatives =  [ 2.31029844 -1.0981239  -0.47821231 -0.30386218  0.3381956   0.22951099]
Current x_clock array =  [-0.72793365 -0.54381323 -0.93006103  1.67245482 -1.72888257  1.09280884
 -2.00657811  0.         -0.26774581 -1.01000032 -0.24896305 -0.13787382
 -0.67659456]
Lr rates:  [ 0.13468305  1.          0.76959359  0.36803924  0.77289725  0.87357494
  0.49494865]
Process rates:  [ 0.48229534  0.58103999  0.39490151  5.30580268  0.17646258  2.94729382]
log likelihood =  2369.18414887
Lr derivatives =  [-0.75900924937779557, -29.746289833850028, -0.47806417787611633, -0.031767105727561251, -0.47680254430885149, -0.54913846130022304, 0.066543356676600496]
other derivatives =  [ 1.22731763 -0.59985723 -0.06143637 -0.31513991  0.07594281  0.24774636]
Current x_clock array =  [-0.72919862 -0.5429357  -0.9291189   1.66880107 -1.73464646  1.0808874
 -2.00483104  0.         -0.2618927  -0.99956572 -0.25760916 -0.13516136
 -0.70330126]
Lr rates:  [ 0.13522406  1.          0.76969811  0.36738773  0.77349079  0.87760916
  0.49052331]
Process rates:  [ 0.48072975  0.58114586  0.3944927   5.30291299  0.17646447  2.92776268]
log likelihood =  2369.1799151
Lr derivatives =  [-0.033848288701187279, -29.272009188724855, -0.29411024030163446, 0.02732700109987718, -0.2688657676173456, -0.11569453855515133, -0.11811967336163054]
other derivatives =  [-1.35819391 -0.46320565 -0.18799255  0.35220182  0.37907739  0.1292392 ]
Current x_clock array =  [-0.73245002 -0.5427535  -0.93015464  1.66825629 -1.73463574  1.07423854
 -2.00082221  0.         -0.26175691 -1.00133751 -0.25684152 -0.13055394
 -0.71228249]
Lr rates:  [ 0.13523544  1.          0.77112069  0.3675523   0.77384195  0.87829729
  0.49070128]
Process rates:  [ 0.48136404  0.5816823   0.39468851  5.29820464  0.17620251  2.92731657]
log likelihood =  2369.17760105
Lr derivatives =  [0.093267948845944026, -29.017754764300719, 0.2153036025486097, 0.30284194484150184, -0.055125146096689726, 0.058091436735542956, -0.067256240279472301]
other derivatives =  [-0.30968295  0.05302354 -0.03765308  0.31109266  0.32023308  0.23624125]
Current x_clock array =  [-0.73113146 -0.54183086 -0.92965842  1.66736802 -1.73612132  1.07408616
 -2.00073802  0.         -0.25991038 -1.00088965 -0.25638762 -0.12977015
 -0.71191972]
Lr rates:  [ 0.13530234  1.          0.77145695  0.3672191   0.77392191  0.87853348
  0.49119437]
Process rates:  [ 0.48148542  0.58181678  0.39475475  5.29662761  0.17586506  2.92567762]
log likelihood =  2369.17672627
Lr derivatives =  [-0.028750290990319449, -29.092683227018462, 0.17951681573840439, 0.21350775362273033, -0.068275135109816532, 0.08532699719459802, -0.040653168713186361]
other derivatives =  [-0.11659722  0.1924036   0.0131422   0.2183242   0.16530066  0.22837412]
Current x_clock array =  [-0.73087933 -0.5415997  -0.92949059  1.66707032 -1.73803829  1.07352612
 -2.00024348  0.         -0.25947441 -1.00179662 -0.2562843  -0.12950126
 -0.71091536]
Lr rates:  [ 0.1356566   1.          0.77198963  0.36633452  0.7748011   0.87956785
  0.49109966]
Process rates:  [ 0.48163037  0.58182152  0.39479589  5.28863916  0.17526315  2.9154258 ]
log likelihood =  2369.17533164
Lr derivatives =  [-0.061348289075317197, -29.115046740234447, 0.1284067811071461, 0.046043681577807583, 0.031693117010827443, 0.21656367355754802, -0.03409728118464983]
other derivatives =  [ 0.15324986  0.19658728  0.07125891  0.18317223 -0.02200977  0.16939339]
Current x_clock array =  [-0.73057832 -0.54159155 -0.92938638  1.66556097 -1.74146669  1.07001588
 -1.99762856  0.         -0.25878416 -1.00420838 -0.25514892 -0.12832457
 -0.7111082 ]
Lr rates:  [ 0.13600485  1.          0.77214195  0.36595882  0.77513465  0.87852837
  0.49111682]
Process rates:  [ 0.48155571  0.58176229  0.39466556  5.27501108  0.17487697  2.90470765]
log likelihood =  2369.17430993
Lr derivatives =  [-0.27113050176075681, -29.293811893952302, -0.063251290965384399, -0.15282902723034564, -0.046669340700054462, 0.043848688221437504, -0.067081559961659654]
other derivatives =  [ 0.07767085  0.15193109 -0.03578862 -0.02764864 -0.18958417  0.09695214]
Current x_clock array =  [-0.73073336 -0.54169334 -0.92971656  1.66298078 -1.74367259  1.06633275
 -1.99506473  0.         -0.25858687 -1.00523448 -0.25471852 -0.12950707
 -0.71107326]
Lr rates:  [ 0.13646749  1.          0.77216927  0.36573829  0.77577859  0.87762849
  0.49106522]
Process rates:  [ 0.48151849  0.58163986  0.39464685  5.26125026  0.17474847  2.89278198]
log likelihood =  2369.17360942
Lr derivatives =  [-0.038125751916900708, -29.145868700545755, -0.013775063492691864, -0.14183394402005511, 0.041013677997780995, -0.043263516154787629, -0.07591653253066255]
other derivatives =  [ 0.07435119  0.02678462 -0.01482476  0.06511982 -0.11923476  0.05297807]
Current x_clock array =  [-0.73081065 -0.54190382 -0.92976396  1.66036869 -1.74440765  1.06221866
 -1.99166888  0.         -0.2585515  -1.00583727 -0.25388812 -0.13053191
 -0.71117833]
Lr rates:  [ 0.13663221  1.          0.77187011  0.36610199  0.77582248  0.87731304
  0.49116777]
Process rates:  [ 0.48140876  0.58156035  0.39466905  5.24902321  0.1748795   2.88581804]
log likelihood =  2369.1732646
Lr derivatives =  [-0.1047150648601729, -29.195428485513936, -0.07936744492397807, -0.11054828112190052, 0.045322593462626237, -0.077674674219645246, -0.074428655313435232]
other derivatives =  [-0.06093615 -0.04501999 -0.01687113 -0.0723503  -0.07839844  0.02432898]
Current x_clock array =  [-0.73103856 -0.54204053 -0.92970771  1.658042   -1.74365813  1.05980841
 -1.99046258  0.         -0.25893899 -1.00484331 -0.25383155 -0.13089141
 -0.71096952]
Lr rates:  [ 0.13676625  1.          0.77187196  0.3663681   0.77529139  0.8772441
  0.4922013 ]
Process rates:  [ 0.48143388  0.58156341  0.3946591   5.24467221  0.1749694   2.8825255 ]
log likelihood =  2369.17308837
Lr derivatives =  [0.10141944210889742, -29.029454734709553, 0.060653059771954787, 0.018707470009669436, 0.044765015823223564, -0.041480992483111656, -0.0045586907514110209]
other derivatives =  [-0.00204636 -0.05297807 -0.00941327  0.02828529  0.02901288  0.03910827]
Current x_clock array =  [-0.73098637 -0.54203527 -0.92973293  1.65721275 -1.74314415  1.05866682
 -1.98948199  0.         -0.2589366  -1.0041167  -0.25451633 -0.13096999
 -0.70886751]
Lr rates:  [ 0.13672342  1.          0.77175884  0.3665053   0.77504484  0.87756757
  0.49204386]
Process rates:  [ 0.48143835  0.5816274   0.3946709   5.24510644  0.17499654  2.88209046]
log likelihood =  2369.17304728
Lr derivatives =  [0.040633381463438312, -29.07558485191845, 0.0096393801584735428, 0.010393542438255743, 0.007985212767705363, -0.017650091947960744, -0.013340296858457279]
other derivatives =  [ 0.00209184  0.01327862 -0.00854925 -0.0050477   0.01837179  0.0257387 ]
Current x_clock array =  [-0.73097709 -0.54192525 -0.92970303  1.65729553 -1.74298909  1.05851589
 -1.98979521  0.         -0.25908316 -1.00374229 -0.2548344  -0.13060132
 -0.70918742]
Lr rates:  [ 0.13669437  1.          0.77176635  0.36653712  0.7749412   0.87775241
  0.49215121]
Process rates:  [ 0.48144519  0.58161181  0.39469435  5.24582426  0.17497811  2.8819519 ]
log likelihood =  2369.17303529
Lr derivatives =  [0.0078402279447726819, -29.093971499646763, -0.0041475941901216729, 0.0062832818537170709, -0.0033386212196004905, 0.0036239032129359305, -0.0055485848640746127]
other derivatives =  [ 0.00932232 -0.00331966  0.00727596 -0.01828084 -0.0001819   0.02050911]
Current x_clock array =  [-0.73096288 -0.54195205 -0.92964362  1.65743238 -1.74309439  1.05846781
 -1.99000772  0.         -0.25907343 -1.00365547 -0.25496813 -0.13039072
 -0.70896928]
Lr rates:  [ 0.13669543  1.          0.77178734  0.36652142  0.77491901  0.8778101
  0.49223607]
Process rates:  [ 0.48144131  0.58163786  0.39468359  5.24609945  0.17496242  2.88105538]
log likelihood =  2369.17303004
Lr derivatives =  [0.002175820326148159, -29.098181585199491, -0.013503405217071496, -0.0024230164389322795, -0.0071112161465425316, 0.010453538341570034, -0.00062920927635889967]
other derivatives =  [ 0.00177351  0.02255547  0.00177351 -0.0120508  -0.00472937  0.01045919]
Current x_clock array =  [-0.73097095 -0.54190726 -0.92967086  1.65748484 -1.74318404  1.05815668
 -1.98999998  0.         -0.25904623 -1.00369832 -0.25499675 -0.130325
 -0.70879687]
  status: 0
 success: True
    nfev: 24
     fun: 2369.1730300394547
       x: array([-0.73097095, -0.54190726, -0.92967086,  1.65748484, -1.74318404,
        1.05815668, -1.98999998,  0.        , -0.25904623, -1.00369832,
       -0.25499675, -0.130325  , -0.70879687])
 message: 'CONVERGENCE: REL_REDUCTION_OF_F_<=_FACTR*EPSMCH'
     jac: array([  1.77351467e-03,   2.25554686e-02,   1.77351467e-03,
        -1.20508048e-02,  -4.72937245e-03,   1.04591891e-02,
         2.17582033e-03,  -2.90981816e+01,  -1.35034052e-02,
        -2.42301644e-03,  -7.11121615e-03,   1.04535383e-02,
        -6.29209276e-04])
     nit: 22
