number of sites to be analyzed:  280
Now calculate MLE for pair ['YBR024W', 'YBR037C']
log likelihood =  -8984.89463657
Edge derivatives =  [192.70559448859527, 51.32706518640753, 57.54972910621541, 18.449974491722557, 303.08098917606696, 102.9680629824052, 180.47201218643775, 95.94914504590812, 30.200123861875728, 88.01846204304022, 50.50098344552424, 3.3468958306077843]
other derivatives: [ -28.0842869  -184.25416783  121.18325685  628.27893998  569.19998315
   -9.07584763]
Current x array =  [-0.64353555 -0.48264002 -0.93307917  1.76977596 -2.44028574  1.19617746
 -3.90910406 -3.87159909 -4.30005794 -6.28014701 -2.83555499 -3.29056063
 -2.92359461 -3.49891453 -3.97438916 -3.10701318 -4.59465356 -2.01786889]
log likelihood =  -8181.14002658
Edge derivatives =  [159.25893579405437, 27.02390417997725, 38.73911061743622, 13.392728876750784, 253.10911443499424, 69.159512216072, 142.91987406819678, 65.46620341128722, 8.659514918613825, 66.985385689928, 38.02875953420469, -78.29660681789355]
other derivatives: [  31.98711056  132.04316929   97.47309377  328.34523154  400.00677473
  -39.33846529]
Current x array =  [-0.67231272 -0.67144004 -0.9321743   2.41355556 -1.85704267  1.1868777
 -3.71164411 -3.8190057  -4.24108837 -6.26124184 -2.5249965  -3.18505218
 -2.73867006 -3.40059816 -3.94344395 -3.01682316 -4.54290664 -2.01443942]
log likelihood =  -10074.971172
Edge derivatives =  [16.38758126473385, -210.42731355788118, -87.75478504544859, -10.50027733668048, -7.3247959783796714, -287.59933668232617, 15.854452935171347, -286.1250993895412, -193.4299259176103, -9.941099577566364, -85.11567468489511, -487.2485499632359]
other derivatives: [ -717.58622653 -7023.65196048  -191.13231247 -1847.51916095 -1398.14801514
   -45.95185601]
Current x array =  [-0.54077083 -0.12553288 -0.8270573   3.72490942 -0.25115512  1.02695623
 -3.07083514 -3.71106069 -4.08566731 -6.20744892 -1.50642808 -2.9075943
 -2.16392444 -3.13789276 -3.90943804 -2.74759029 -4.39008105 -2.33364526]
log likelihood =  -7846.68886462
Edge derivatives =  [112.63915342730087, -3.142554292620263, 16.388147093046925, 9.346374546262666, 165.90351826168876, 15.423938663811061, 89.12650927981463, 20.198674544267906, -18.041076565670245, 38.63781081310413, 20.735858223249014, -155.0702479217983]
other derivatives: [ -86.96097211 -106.18960005   41.23694453 -103.7767106    76.59637049
  -54.87709132]
Current x array =  [-0.63171867 -0.50297214 -0.89973501  2.81824163 -1.36146299  1.13752565
 -3.51388935 -3.78569368 -4.19312516 -6.24464125 -2.21066452 -3.0994282
 -2.56130257 -3.31952682 -3.93294967 -2.93373743 -4.49574439 -2.11294689]
log likelihood =  -7726.50590671
Edge derivatives =  [81.92854980146134, -12.398873514652916, 6.60508728942695, 8.967561083105744, 92.77810927482939, -4.415042913391101, 58.63880299890506, 3.0196975079628174, -23.942676509348516, 23.414595233002213, 13.653342433274592, -135.86450508316335]
other derivatives: [  98.17058526   78.33659765  -29.52383511 -267.75196602 -108.15083442
  -56.60231182]
Current x array =  [-0.73444335 -0.58793878 -0.84997544  2.81355311 -1.09379389  1.04744167
 -3.29704742 -3.77884599 -4.15520623 -6.22659147 -1.88357875 -3.05026238
 -2.3827776  -3.26547695 -3.95367258 -2.85428876 -4.45225053 -2.35380866]
log likelihood =  -7573.477462
Edge derivatives =  [57.3729144138723, 1.148640127262468, 7.772257591183176, 12.894959049215334, 19.86719635132267, 0.8148758897401636, 43.640683644900335, 10.091617429793256, -9.860120990660267, 16.569982541112413, 16.715928828824683, -35.943008500944636]
other derivatives: [  45.62407412   81.4361556   -83.54791134 -199.02527129 -166.13839762
  -51.72669262]
Current x array =  [-0.70973364 -0.58258823 -0.80720121  2.53577761 -0.9016108   0.88374111
 -2.95434831 -3.78221189 -4.1025544  -6.19505561 -1.40475545 -2.99532322
 -2.10947938 -3.19696434 -4.00167205 -2.73526037 -4.38573702 -2.76784891]
log likelihood =  -7505.20182296
Edge derivatives =  [46.02143282011625, 28.074113232480585, 16.297298031748635, 20.085173160912188, -15.453540917683414, 26.973869225510835, 32.321121130798176, 32.01099627088092, 13.586579339035204, 14.982944288035705, 26.25076170933277, 55.91297415434388]
other derivatives: [ 370.18935473 -178.10725694  175.47636162  -17.10759534  -72.38468243
  -21.51618901]
Current x array =  [-0.91958389 -0.46726423 -1.09038793  2.1478036  -1.02218936  0.51230077
 -2.31621768 -3.70692639 -3.97599291 -6.09109663 -0.80918283 -2.84711053
 -1.575405   -2.99912705 -4.02919435 -2.50710321 -4.20903956 -3.08149505]
log likelihood =  -7415.27932482
Edge derivatives =  [45.13925866630516, 33.49660662736324, 19.788786565723484, 21.801616123623997, -25.67614392832902, 36.53001341048064, 28.79626568911057, 39.90180344786587, 19.649949960895256, 13.65787368180616, 29.72310476512506, 73.03053665327302]
other derivatives: [  17.47803253   80.48837117  115.76939869   24.22439138  -57.03741408
  -13.93209459]
Current x array =  [-0.68850065 -0.58825966 -1.00758892  2.00367331 -1.10659029  0.39857611
 -2.1161158  -3.66990736 -3.93260151 -6.05011982 -0.65904242 -2.79178188
 -1.4145626  -2.92732141 -4.02963228 -2.43771154 -4.14510422 -3.14319685]
log likelihood =  -7380.22039477
Edge derivatives =  [48.08484040776441, 35.953121235899154, 21.224040705469985, 22.092769852022318, -14.08086114431756, 41.22297204907191, 26.27093252121911, 42.64589076277764, 22.47397827352011, 13.534021517657617, 30.874780823447722, 77.3424251228662]
other derivatives: [-132.30446712   17.86602297   60.158618     48.41149348  -19.71156962
   -7.32916305]
Current x array =  [-0.62063709 -0.55571747 -0.93543348  1.95257114 -1.23225043  0.30749014
 -1.95242153 -3.6154678  -3.88751897 -6.00474101 -0.60013678 -2.72522355
 -1.28460007 -2.84562247 -4.01064465 -2.38124419 -4.07798839 -3.09253361]
log likelihood =  -7301.80134276
Edge derivatives =  [47.82780544542437, 40.40867569765382, 22.136337844154745, 22.301555661426352, 6.769644115756815, 49.59962111352435, 9.516208906731865, 44.91004361749976, 27.976650088130597, 11.182309075342216, 31.89399062374095, 85.33443475613541]
other derivatives: [-152.08870536  -95.29148883  -71.81979527   83.07233657   53.92048479
    7.96298991]
Current x array =  [ -6.06602983e-01  -5.11969546e-01  -8.04138944e-01   1.81712588e+00
  -1.60713521e+00   1.25235433e-03  -1.37950210e+00  -3.42546502e+00
  -3.72954662e+00  -5.84839106e+00  -3.71504309e-01  -2.48909919e+00
  -8.35103311e-01  -2.55998476e+00  -3.94212304e+00  -2.18453671e+00
  -3.84508310e+00  -2.91488128e+00]
log likelihood =  -7199.12602193
Edge derivatives =  [19.73274470999298, 40.60982168792531, 18.081263569376627, 20.426474833831687, 14.014758280384644, 46.728111372038356, -27.807414296207323, 30.794759450643646, 30.725739086414123, 6.247431958976266, 28.39453878043602, 86.38978214565347]
other derivatives: [-233.75605451 -115.4247002   -44.0740223    67.27141226   74.67842806
   20.45235306]
Current x array =  [ -5.79267116e-01  -5.13812563e-01  -8.29925645e-01   1.61687802e+00
  -2.20295139e+00  -5.58895097e-01  -2.47215551e-01  -3.02727181e+00
  -3.41059020e+00  -5.53131652e+00   9.96810634e-02  -1.98886227e+00
   8.42292397e-04  -1.97861681e+00  -3.78460994e+00  -1.80486130e+00
  -3.37365225e+00  -2.51555744e+00]
log likelihood =  -7264.17311958
Edge derivatives =  [-36.460863497812525, 25.069009377085003, 9.600772005544473, 12.961264292445225, 29.799541134525413, 22.315882944672747, -15.81664459632048, 2.383789759276089, 25.383886687799595, 11.937205414658335, 16.425387885567968, 40.57103694253245]
other derivatives: [ 368.69569158   79.56105037 -857.46023615   39.88179742  100.38829714
   16.51951607]
Current x array =  [-0.8220724  -0.62338903 -0.48174326  1.15985603 -2.87044486 -1.08624636
  1.08280834 -2.27692723 -2.93534238 -5.00029106  0.65986379 -1.11381395
  0.58356865 -1.16976023 -3.39097838 -1.34038222 -2.62068706 -1.47031591]
log likelihood =  -7152.01571732
Edge derivatives =  [2.9185293149013893, 35.49744374509449, 14.637359271607512, 17.176240781413686, 20.955989916924324, 39.56542266841293, -23.180941957348814, 21.598045004754653, 28.96680284841355, 8.535520180567842, 24.45723086942271, 72.36691375473241]
other derivatives: [  41.05904736  -28.56095307 -263.51635825   67.10779417   92.40866348
   16.79791239]
Current x array =  [-0.67697713 -0.55790847 -0.68980964  1.43296264 -2.47156497 -0.77111247
  0.28801439 -2.72531717 -3.21934036 -5.31762056  0.32511052 -1.63672419
  0.23534379 -1.6531157  -3.62620422 -1.61794503 -3.07064302 -2.09492999]
log likelihood =  -7096.93238506
Edge derivatives =  [-26.045308504029244, 26.318311992989777, 9.474299990316224, 13.119981488770625, 25.53255472139219, 20.15744633267691, -24.338776223785924, -0.7660657233280868, 23.587369636497517, 9.151959758543232, 16.9540131448264, 42.81188615271214]
other derivatives: [ 95.24837878  -9.77306627 -54.61997716  -3.08255039  70.19552868
  12.67635525]
Current x array =  [-0.70026465 -0.56911924 -0.83101492  1.37819169 -2.72390382 -0.98870061
  0.82425242 -2.42274357 -3.02661964 -5.10696383  0.51221496 -1.28472391
  0.50940757 -1.31438203 -3.4640054  -1.42964835 -2.76999801 -1.62752569]
log likelihood =  -7068.11323739
Edge derivatives =  [-34.20714549891284, 18.613799036659625, 6.77666791359345, 10.894385651224102, 16.714886876000644, 7.067908107917028, -22.521627359817057, -7.777183762414716, 19.445115872125307, 9.587161666308281, 13.90270505938308, 13.096614738477715]
other derivatives: [ 72.92628652   7.95243977 -17.70868039 -49.35982361  29.44952939
   3.42806743]
Current x array =  [-0.6901618  -0.57659006 -0.86113056  1.35030052 -2.62878662 -0.93611338
  0.79730241 -2.2943824  -2.97824654 -5.03741149  0.5239712  -1.16416831
  0.38077343 -1.26397753 -3.36289831 -1.40898594 -2.68137332 -1.36219489]
log likelihood =  -7039.50289894
Edge derivatives =  [-22.594022271340645, 7.788289840950018, 4.370850738368906, 8.677541263656712, -2.250614051995901, -8.569810836298512, -13.268266047195812, -6.319906212610828, 15.407185706549662, 11.357201013255338, 13.110949183787676, -30.90256097381473]
other derivatives: [ 21.29581844  67.32389011  29.59632184 -54.25781637 -29.01660991
 -22.03623808]
Current x array =  [-0.66824925 -0.60494547 -0.90194569  1.18885985 -2.32627336 -0.76603707
  0.48706134 -2.1207358  -2.93808029 -4.95537721  0.51027821 -1.0517492
 -0.01032358 -1.29973595 -3.18505053 -1.41067233 -2.58521538 -1.04162872]
log likelihood =  -7029.30551646
Edge derivatives =  [-14.048166769251456, 5.015611486415844, 4.316256788262107, 8.520373626815037, 0.9682652407694889, -10.48055451709003, -7.083220242844438, -4.5722300568005325, 15.026316874629245, 13.859521218231784, 13.090244069778118, -30.021552848222786]
other derivatives: [ 14.2564204  -82.37593647  15.23767423 -13.88716555  -7.79164111
 -24.68295861]
Current x array =  [-0.66275256 -0.53356574 -0.88854712  1.04317168 -2.3359847  -0.85174358
  0.50944835 -1.9788907  -2.86372858 -4.85695437  0.58726962 -0.95396117
 -0.06064913 -1.23298733 -3.05593772 -1.32326961 -2.44431174 -0.95222067]
log likelihood =  -7022.81148702
Edge derivatives =  [-10.342704577190029, 5.479558518644935, 5.036201896588647, 9.081581570286344, -3.135134806895816, -6.579865074087956, -6.030994130684826, -0.3830413310907342, 16.3788786388896, 14.811155524959219, 14.29006152028704, -14.692725069538943]
other derivatives: [-16.462036   -43.06366463   3.80787242  25.43911251   0.77361619
 -22.53691491]
Current x array =  [-0.64957126 -0.55142273 -0.87751105  0.93194803 -2.33222605 -0.92746531
  0.52338936 -1.91509474 -2.82454051 -4.80524591  0.66352793 -0.92195581
 -0.06933466 -1.20854359 -2.99013569 -1.26202662 -2.36728335 -0.9861758 ]
log likelihood =  -7016.66621932
Edge derivatives =  [-5.446831680333505, 2.2554707709215815, 5.222219457644139, 9.351783012176131, -7.95570307749498, -6.215844265217276, -5.83434659612911, 0.040015302912216166, 15.646355912713615, 16.147912762457896, 13.473440078551306, -4.6055010506552145]
other derivatives: [-25.60163921 -21.99503797 -10.2480044   40.45859896   3.44807631
 -18.71203494]
Current x array =  [-0.64523066 -0.56193981 -0.86496187  0.8662806  -2.33086794 -1.03601076
  0.50900399 -1.82924646 -2.77273474 -4.731882    0.72356653 -0.89061578
 -0.10394532 -1.18037443 -2.88519715 -1.17485539 -2.25793967 -1.01284187]
log likelihood =  -7003.06653005
Edge derivatives =  [9.534004174821698, -9.682066425971927, 5.160628954150173, 9.5593096109966, -15.01494830481719, -8.118076249251978, -5.2549147452882226, -2.9211014893338776, 10.077909674204385, 19.824824297197242, 7.721410712708862, 9.982844650424296]
other derivatives: [-19.92548277  13.58966983 -23.19684427  43.91795301   9.61663318
 -10.21353455]
Current x array =  [-0.64620055 -0.58118882 -0.8540968   0.79699764 -2.3306572  -1.32299333
  0.41440279 -1.63236309 -2.64134137 -4.53341993  0.79693623 -0.85360353
 -0.24431763 -1.13784007 -2.58728919 -0.92694753 -1.97033681 -1.07201424]
log likelihood =  -6989.82800644
Edge derivatives =  [13.689348197489512, -19.83196995967047, 4.473196943143085, 9.342291090471944, -17.326219081413246, -8.625971021149645, -8.132448352001386, -6.702178447867131, -0.5042987302724427, 20.037869837185823, -3.2096155524335908, 14.612094757534589]
other derivatives: [-24.78618626  24.22102625 -30.73773769  17.89367161  -3.77431206
  -3.82951839]
Current x array =  [-0.64399025 -0.58729428 -0.84897261  0.79632536 -2.3073063  -1.64749126
  0.35459896 -1.5190638  -2.49389735 -4.29604012  0.77821829 -0.89014882
 -0.42408839 -1.14551797 -2.26019854 -0.58389543 -1.67308799 -1.11838798]
log likelihood =  -6993.90632388
Edge derivatives =  [35.049296370423704, -14.727404046761643, 6.554887591108222, 10.037721525899093, 13.309043300412307, 6.303679647912294, -4.037462241594662, 3.512440339611959, -19.004524183802808, 11.686811641915655, -17.640721659751396, 22.762746954617324]
other derivatives: [ 174.95440261   50.6912329    85.69159036   41.73416528   41.95162546
    0.86802174]
Current x array =  [-0.73582166 -0.60493913 -0.9573931   0.77971288 -2.2902834  -2.10056364
  0.18475889 -1.56944497 -2.29049727 -3.92485226  0.59529299 -1.08947357
 -0.83455982 -1.3045408  -1.84238696  0.01543147 -1.36142672 -1.20563104]
log likelihood =  -6983.51542716
Edge derivatives =  [23.288166742091946, -17.429960127314594, 5.407241815971021, 9.707979548473267, -3.7091523878019044, -1.7574118059519335, -6.2773261653688515, -2.0556029353092615, -7.464706581610744, 18.783085794552836, -8.461001625601755, 18.47232115573433]
other derivatives: [ 69.98971003  35.99407137  23.4746949   30.78448572  19.77614374
  -1.07702363]
Current x array =  [-0.68439819 -0.59505842 -0.89668012  0.78901549 -2.29981583 -1.84685355
  0.27986542 -1.54123267 -2.40439663 -4.13270891  0.69772694 -0.9778563
 -0.60470528 -1.21549168 -2.07635181 -0.32017778 -1.53594985 -1.15677693]
log likelihood =  -6975.7868645
Edge derivatives =  [13.70455023577976, -17.375781327153916, 4.446502019235534, 8.981488258378413, 7.194144983032236, -1.1422738480420764, -8.835368758465798, -4.247292414795863, -16.68064823308059, 11.304472677122614, -17.3158599172467, 10.297527685231206]
other derivatives: [ 10.86482371  24.98400136  10.33513399  -8.05766831  11.32420948
   0.39408405]
Current x array =  [-0.65970398 -0.59002402 -0.8839968   0.85416091 -2.3343621  -2.04531514
  0.36929511 -1.57976464 -2.30874372 -3.97354196  0.61822444 -1.03375409
 -0.68011769 -1.23543525 -1.93443492 -0.05684108 -1.40803459 -1.12034415]
log likelihood =  -6970.57107964
Edge derivatives =  [-1.583092755112518, -9.137927031387287, 4.373093413332139, 8.98148138282037, 7.060765322590239, 0.5295144620363263, -11.28507343818411, -2.3718992007424724, -14.003811170276155, 7.0504915490861135, -13.026481245784618, 0.8284768910792802]
other derivatives: [ 27.36414899  -5.4163138   -4.5840352  -23.03368092  -9.5015821
   1.12786438]
Current x array =  [-0.66730432 -0.57343598 -0.8724593   0.90756495 -2.30647858 -2.01560385
  0.44066756 -1.72719644 -2.31506567 -3.96573854  0.55584457 -1.09739252
 -0.70268329 -1.29062952 -2.0229629  -0.01295356 -1.51014201 -1.08340225]
log likelihood =  -6968.83537342
Edge derivatives =  [-1.7457289973792514, 3.0343352011490654, 6.036001093963777, 10.00508351081804, 13.424197632301146, 6.900556108917286, -9.48788560479539, 5.538630832216576, -8.58161916859828, 2.624566052004441, -5.151631409354618, -0.8744070070688552]
other derivatives: [-73.32155292 -23.76746124  40.7513653   -1.59834599   1.92067091
   2.40370355]
Current x array =  [-0.6301486  -0.5639753  -0.9110713   0.92817309 -2.28422968 -1.99927413
  0.42349917 -1.90852389 -2.30864745 -3.92147559  0.48793781 -1.19222846
 -0.81967887 -1.38459504 -2.1202682   0.07486274 -1.63915029 -1.08668029]
log likelihood =  -6966.31565098
Edge derivatives =  [-2.508861878390877, 2.174280144496863, 5.639166768293599, 9.75451421009922, 9.128152320905222, 6.235224685471214, -9.452012232700257, 5.668393786854287, -9.607981897775014, 0.4623965583943964, -5.980718705807938, -4.443386130707297]
other derivatives: [ -8.13879524 -18.40380719  13.38612492  -2.10438884 -11.43989721
   1.76896719]
Current x array =  [-0.6548597  -0.5663042  -0.88732773  0.90039805 -2.25527533 -2.00974118
  0.41013914 -1.89264576 -2.28583779 -3.88342993  0.49994714 -1.17856877
 -0.87305116 -1.38430268 -2.09422451  0.11236733 -1.618511   -1.05529592]
log likelihood =  -6965.18204783
Edge derivatives =  [-0.2844134385284631, 2.317896348890587, 5.55060446522718, 9.830352992972912, 6.514241975100017, 5.906870455908349, -8.579521394764576, 6.292633308630924, -8.550369107021012, 0.5351816453878993, -5.004596498134842, -5.321778821000481]
other derivatives: [  4.53683242  -7.47422746  -4.59604053   5.10344762 -11.79732863
   1.35460141]
Current x array =  [-0.65964459 -0.57183262 -0.87156227  0.87548273 -2.2494601  -2.00208351
  0.39724257 -1.88151487 -2.27145196 -3.85909728  0.52401776 -1.15818913
 -0.91068917 -1.3765172  -2.10172591  0.12162619 -1.62435211 -1.03730487]
log likelihood =  -6963.35577964
Edge derivatives =  [2.9923731241631932, 3.7358190232063193, 5.201396919356414, 10.088040623868455, 4.211350004193801, 5.360787391472685, -6.808297174227235, 7.248133805485074, -6.95384581590365, -1.6596340075842138, -3.7213001360296474, -6.528555095464487]
other derivatives: [  9.31950126  10.37697075 -20.13321136  12.67435437  -9.84673534
   1.04300852]
Current x array =  [-0.66157251 -0.58138033 -0.85808096  0.85226761 -2.25544924 -2.02191885
  0.3887062  -1.88776491 -2.22318762 -3.77327458  0.55755902 -1.13705904
 -1.0097396  -1.36935798 -2.11553386  0.19316391 -1.63623053 -1.01616828]
log likelihood =  -6960.06242574
Edge derivatives =  [8.498563581046792, 5.24830547262917, 3.547205189602432, 10.573935407795231, -1.784151016572454, 1.519359760417036, -3.8459765420029917, 6.491159879541301, -3.447700916794044, -4.680661790621777, -2.1356857988652775, -7.008902497827601]
other derivatives: [ 16.10696927  -0.15807018 -31.72544893  20.24389687  -4.8241418
   0.59208105]
Current x array =  [-0.66414275 -0.57704587 -0.84852725  0.81870356 -2.29383518 -2.06429038
  0.39992477 -1.87426124 -2.11634139 -3.5865538   0.65614063 -1.06797308
 -1.19143805 -1.32308766 -2.15931851  0.3200804  -1.66041277 -0.988396  ]
log likelihood =  -6973.34999383
Edge derivatives =  [-8.064272782787395, 10.907108322306721, -2.748337806269684, 9.945990285168637, -16.441123690750423, -11.061919898313615, -2.031144766355528, -1.3963089781134133, 5.811500631246522, -14.156210163453851, 0.9036675074655571, -20.199125872887358]
other derivatives: [   5.59439286  217.861907     10.20853233  -32.2122105   -31.62740541
   -0.38926373]
Current x array =  [-0.66222176 -0.71294758 -0.88455073  0.90517955 -2.4222558  -2.08221022
  0.60554794 -1.97124444 -1.88109545 -3.12531502  0.82116813 -0.9576436
 -1.57102351 -1.21321713 -2.43826672  0.55909901 -1.87993317 -0.9288134 ]
log likelihood =  -6958.64851114
Edge derivatives =  [4.96978090942545, 6.523365342418227, 2.2087967778971564, 10.662998549145824, -5.028177015280581, -1.339289394236817, -3.217371675327965, 4.7556680550329595, -1.0061913351874896, -6.616636101636821, -1.054658930186393, -9.915560797568164]
other derivatives: [ 14.02286216  57.99174687 -21.89362931   9.51167749  -9.67511369
   0.30086085]
Current x array =  [-0.66369896 -0.60844158 -0.85684931  0.83868105 -2.32350263 -2.06843018
  0.44742737 -1.89666608 -2.0619954  -3.47999945  0.69426492 -1.04248501
 -1.27912904 -1.29770562 -2.22376051  0.37529794 -1.71112588 -0.97463136]
log likelihood =  -6955.98565114
Edge derivatives =  [7.841073412852115, 6.801728814528088, 0.12925026072467666, 10.760642873237062, -7.059767605984361, -5.463779220623533, -1.6704389965121653, 2.1021980192825245, 0.8427954297284859, -9.132577937973254, -1.322090562273614, -8.509286220644706]
other derivatives: [  8.88085196  27.00908226 -12.01824489   6.04359229  -2.70210876
   0.2743036 ]
Current x array =  [-0.66145154 -0.59249827 -0.86516756  0.83766072 -2.3815824  -2.12374726
  0.4864171  -1.87690388 -1.96212052 -3.29724437  0.77238926 -0.98926126
 -1.42347439 -1.24571413 -2.25975421  0.48638705 -1.72563873 -0.97543769]
log likelihood =  -6954.1882227
Edge derivatives =  [6.524760842030078, 6.330989523931037, -1.3797658560796497, 10.756916769245544, -4.913989396277254, -7.775211936488712, -0.7630128129903149, -0.7385587856270266, 2.130137686812001, -8.808890054544928, -1.590639831366482, -5.849275048691154]
other derivatives: [-1.88356353 -0.05020411  0.53605618  0.53914846  6.85358827  0.41327439]
Current x array =  [-0.65703101 -0.57942263 -0.8755738   0.85463948 -2.43837532 -2.15909897
  0.54970741 -1.85732543 -1.89295529 -3.14395287  0.81348282 -0.9672061
 -1.51674191 -1.20197928 -2.30086295  0.53865543 -1.75234077 -0.99932395]
log likelihood =  -6952.92844637
Edge derivatives =  [2.030242559411893, 4.928245943441185, -2.3948662532410543, 10.572008583974574, -4.13392400586855, -8.722152693569942, -0.44569836587341866, -3.1053058602264794, 2.6342035488438587, -8.009381112729908, -1.8780737437468562, -3.661325971914846]
other derivatives: [ -7.13953341 -13.22359822   8.97944119  -5.80585038   7.60246621
   0.46893547]
Current x array =  [-0.65489245 -0.57313905 -0.88302985  0.86783746 -2.46520327 -2.17672545
  0.60750489 -1.83154347 -1.84902319 -3.01604502  0.83176981 -0.96730712
 -1.5830013  -1.17243882 -2.33056718  0.55121344 -1.77913098 -1.02795543]
log likelihood =  -6950.82125017
Edge derivatives =  [-5.939506478017601, 2.911834223973047, -3.0929342057652294, 9.993602396644233, -1.4079957320225547, -7.1934232566388525, -0.0034672540142472244, -4.643517393971285, 3.32357805380081, -6.500666594206363, -1.3641975127413828, 0.31289091081620385]
other derivatives: [ -4.75183697 -22.40203685  17.93678166  -7.76708475   8.32542355
   0.61800165]
Current x array =  [-0.65589869 -0.56865399 -0.89137529  0.87532135 -2.48343097 -2.19615071
  0.68569914 -1.79379506 -1.79145265 -2.78754231  0.8331383  -1.00446198
 -1.70191478 -1.14928983 -2.37323457  0.54970573 -1.83696747 -1.08405779]
log likelihood =  -6950.33294312
Edge derivatives =  [-18.881748611145785, -7.8241678907979955, -5.381460533389065, 4.345716300275087, -7.580812704117494, -6.806837001562564, -0.04442181259679417, -9.559170749974843, 0.3557994176749071, -6.562945478699048, -3.1536210343833884, 2.185362518343978]
other derivatives: [-78.83227227 -20.3680429  -21.3630301  -31.89870768 -18.38043318
   0.15998012]
Current x array =  [-0.62692676 -0.56882878 -0.85902143  0.87398426 -2.46847086 -2.25421461
  0.75977643 -1.64699692 -1.68530851 -2.3260463   0.85604622 -1.05360346
 -1.92013692 -1.09883377 -2.36268801  0.5332704  -1.86900297 -1.1566486 ]
log likelihood =  -6949.36181097
Edge derivatives =  [-12.594525453584449, -2.5686347766963165, -4.2444275130339175, 7.6840105919866595, -4.60984082833041, -6.9516333898141065, -0.003936994258099527, -7.236908928150933, 1.834058835845777, -6.496408093887862, -2.3762826814678504, 1.4198808344946734]
other derivatives: [-42.88076525 -21.33328962  -2.32694219 -19.74285624  -5.12736733
   0.38144208]
Current x array =  [-0.64068703 -0.56874576 -0.87438795  0.87461931 -2.47557619 -2.22663706
  0.72459329 -1.71671896 -1.73572185 -2.54523464  0.84516606 -1.03026363
 -1.81649193 -1.12279796 -2.36769712  0.54107639 -1.85378765 -1.12217147]
log likelihood =  -6947.20067459
Edge derivatives =  [-15.318791911001277, -6.8943131383997915, -3.1226024901855127, 5.208073406127431, -0.2525024841478048, -2.232005910793207, 0.5159246709284968, -5.7962868676564225, 0.8166459334478675, -2.3074512127698568, -1.5146952537436924, 5.228060889642899]
other derivatives: [ -1.11940608 -11.25881681   4.24543032  -9.09185474   0.07512426
   0.23728717]
Current x array =  [-0.65675962 -0.57327549 -0.88066296  0.85230253 -2.45506229 -2.23276733
  0.73783824 -1.64924745 -1.71849725 -2.32623888  0.81258359 -1.1013788
 -1.9028864  -1.12847551 -2.35895347  0.47359752 -1.88803832 -1.17810653]
log likelihood =  -6946.02505106
Edge derivatives =  [-9.994866913582978, -7.3851023834191505, -0.7275860899035351, 5.694464607036912, 2.0411577463768906, 2.079122518163568, 0.8296663074229166, -1.692046124846319, 0.09627043271119823, 0.2488449465969675, -0.5081415871486246, 5.8440248366511796]
other derivatives: [-7.45503712  4.58167051  3.74284355  9.38853191  6.53499228  0.17589628]
Current x array =  [-0.65450711 -0.58078746 -0.87951842  0.82174894 -2.40972779 -2.20987884
  0.67346006 -1.64039041 -1.76404191 -2.33499262  0.76871265 -1.14705013
 -1.87481652 -1.16759164 -2.32257923  0.40187925 -1.88303385 -1.17829405]
log likelihood =  -6945.33335854
Edge derivatives =  [-7.584959893371697, -7.975411347591448, -0.6601269869335863, 3.3710507959207865, -4.085981708339358, 2.691729427182593, 0.5698465786766592, -0.6077229885677999, -1.4715373817826485, -1.2932022347671723, -1.0219750620624726, 0.15346047552017023]
other derivatives: [ 36.14804882  11.53221092 -12.342025     3.84397936  -9.56197255
  -0.31268428]
Current x array =  [-0.67228924 -0.58332811 -0.86698558  0.81818242 -2.35025143 -2.1980989
  0.59853384 -1.65372372 -1.77898679 -2.26866697  0.74713322 -1.17573748
 -1.90356248 -1.20194528 -2.29930201  0.37360359 -1.89048577 -1.15051995]
log likelihood =  -6944.71947354
Edge derivatives =  [-5.807913629281144, -6.247290089284341, -0.5050850785205038, 3.163195613479426, -2.744384371802156, 2.9003112179635875, 0.7069692657644395, 0.09913079816303827, -0.9848818842441763, -1.231445536830643, -0.5584846730617585, -0.8739358529894722]
other derivatives: [ 12.33847797  12.95557013  -3.62451829   5.47370291  -6.14845703
  -0.29904186]
Current x array =  [-0.66279247 -0.58406251 -0.87372516  0.82272755 -2.3497111  -2.19080522
  0.58575156 -1.67797627 -1.78325827 -2.2620468   0.7386673  -1.18039825
 -1.90750869 -1.21164223 -2.31044871  0.37090935 -1.90485099 -1.14328318]
log likelihood =  -6944.18552122
Edge derivatives =  [-2.7703311871213514, -3.3581203021764137, -0.6868808875061729, 1.7712605773045884, -1.1633960722332135, 2.7405694410620898, 0.9323191719729272, 0.7975149662766472, -0.3448398216569056, -1.5086427368325237, -0.061367456475049445, -3.625516078153865]
other derivatives: [-8.11296559  4.73282853  5.19576133  4.2056854  -2.27009878 -0.35061021]
Current x array =  [-0.65498721 -0.57980197 -0.88068508  0.83746911 -2.3475384  -2.18209505
  0.55885124 -1.72491482 -1.78323402 -2.21566298  0.72426871 -1.18996718
 -1.93309477 -1.22880488 -2.33295244  0.37054936 -1.93611328 -1.1312025 ]
log likelihood =  -6944.00510868
Edge derivatives =  [-1.2169340315839103, -1.9870783678414725, -0.7283392366565868, 1.0336549246452973, 0.2859333227111181, 2.7136848283173336, 1.084072143287088, 1.0709318524351026, -0.13561917603826232, -1.1373020456176555, 0.10246664791148764, -4.694965768686385]
other derivatives: [-6.50452421 -3.59832484  3.40414772  3.34184733  0.98789315 -0.37925929]
Current x array =  [-0.65571802 -0.57562481 -0.87881848  0.84891715 -2.34594861 -2.17493676
  0.54246124 -1.75171212 -1.78889921 -2.19450353  0.71043367 -1.19731664
 -1.93942687 -1.23939848 -2.34389654  0.36055031 -1.95331527 -1.13164173]
log likelihood =  -6943.86472849
Edge derivatives =  [0.06211795856340574, -0.6361847894668253, -1.0635910576737146, -0.1460239252166997, 1.1089475448023356, 2.1136252339443473, 1.19762724629711, 0.7604728578017104, -0.0009003588994505596, -0.7922200910098293, 0.06048070024774542, -5.259268813582626]
other derivatives: [-0.76988727  4.27735358  2.67264113 -0.62900654  2.74449121 -0.4557478 ]
Current x array =  [-0.65816713 -0.57964933 -0.87782285  0.86758395 -2.34457008 -2.16876887
  0.52424839 -1.78392274 -1.79432447 -2.16141093  0.6964517  -1.20104661
 -1.94828088 -1.24793831 -2.35822352  0.34770857 -1.97419243 -1.14309074]
log likelihood =  -6943.73057217
Edge derivatives =  [0.6508483250362253, 0.06331582884296544, -1.0171289228720628, -0.1197135770569201, 1.6370430196465797, 1.9050572114838673, 1.242356758954141, 0.7542628783472856, -0.04261112904693111, -0.010943969535394338, 0.03381856874555782, -3.463877376081097]
other derivatives: [ 6.03795343 -8.11005521 -2.61197783  0.0860382   4.16484909 -0.37052814]
Current x array =  [-0.66097599 -0.57334426 -0.87300724  0.87537183 -2.33603243 -2.16226905
  0.50828035 -1.80263016 -1.81119064 -2.16240697  0.68195252 -1.20295686
 -1.93356877 -1.25513599 -2.36029417  0.32423119 -1.98202998 -1.16911586]
log likelihood =  -6943.62073066
Edge derivatives =  [0.48038604901342297, 0.3625005239128286, -1.0401070967976163, 0.3725460402148669, 1.005659605479063, 1.4538735471493327, 1.1615118073794493, 0.5135381563472154, -0.09925736914028488, 0.19946675571963446, -0.08349389743551312, -1.7621633714167166]
other derivatives: [ 5.77183528 -4.77502908 -3.35285222 -0.0939508   2.89601303 -0.29604053]
Current x array =  [-0.6609705  -0.57491797 -0.87218012  0.8794649  -2.32914446 -2.15902208
  0.5000843  -1.81264003 -1.82467082 -2.17954385  0.67645746 -1.19796267
 -1.91477027 -1.25699036 -2.35930962  0.31093169 -1.98175731 -1.18931143]
log likelihood =  -6943.5691125
Edge derivatives =  [-0.5262653278461707, -0.060835806629739836, -1.1149716909958023, 0.1788927373129917, -0.870986962731867, 0.7840309878412692, 0.9647150292520408, -0.017179480899370825, -0.5820432347186539, 0.4478589738472669, -0.3765122601057667, 0.7064398120661195]
other derivatives: [ 3.40351107 -2.29611032  4.63332981 -1.8623723  -3.16895239 -0.2582965 ]
Current x array =  [-0.66029808 -0.57571836 -0.87903655  0.88233365 -2.30806429 -2.156383
  0.48505868 -1.81529651 -1.84645975 -2.17171202  0.6659448  -1.194907
 -1.89487919 -1.25995662 -2.35353017  0.28380551 -1.98352767 -1.22380707]
log likelihood =  -6943.53367621
Edge derivatives =  [-0.07294730698557528, 0.5839423625165161, -1.0434860900634622, 1.1952900888937825, -0.2872543988439376, 0.5009056743692046, 0.9610185022048193, 0.04279988762118164, -0.15179829935431577, 0.33067243471617297, -0.24885304874445946, 1.2351048433120746]
other derivatives: [-1.22845449  2.26373231 -0.53096301  0.08849383 -0.21100277 -0.16934791]
Current x array =  [-0.65835327 -0.57828699 -0.87427309  0.8816253  -2.31742774 -2.15682122
  0.48998287 -1.82132647 -1.85099309 -2.20423842  0.67043836 -1.18231075
 -1.87793165 -1.2561941  -2.35728898  0.29322683 -1.97952918 -1.22177423]
log likelihood =  -6943.52233998
Edge derivatives =  [0.01419779003814614, 0.43448142793996714, -1.0258753088803834, 0.9048354498794215, -0.24444115628277735, 0.6070725744672567, 0.9752513231547477, 0.1019600570704976, -0.21187151292024034, 0.28593215619286316, -0.24048792748339098, 0.7239091738184638]
other derivatives: [-0.61199898  0.82391125 -0.29358489 -0.18335413 -0.44574335 -0.20354491]
Current x array =  [-0.65859212 -0.57753039 -0.87454571  0.88093128 -2.31667685 -2.15735136
  0.4891848  -1.81880909 -1.85010563 -2.19481655  0.6700199  -1.18413748
 -1.88211908 -1.25681876 -2.35695876  0.29404763 -1.98065099 -1.21748642]
log likelihood =  -6943.50000078
Edge derivatives =  [0.2785780332898544, 0.23086440995225896, -0.9161038661493225, 0.5933089350080308, 0.33835039377163445, 0.671330091740221, 1.0077149125938953, 0.17871381138222703, -0.20406845534705706, 0.36737958861257014, -0.16695679699131133, 0.33308175862277817]
other derivatives: [ 1.84991222 -0.98152668  1.58670446  0.33105607  0.5329639  -0.22992026]
Current x array =  [-0.65958513 -0.57665239 -0.87620669  0.87898612 -2.31808568 -2.15930746
  0.48975521 -1.81351702 -1.85498001 -2.18204446  0.66904118 -1.1813898
 -1.87969394 -1.25578497 -2.35789005  0.29569904 -1.98262968 -1.21306223]
log likelihood =  -6943.4614863
Edge derivatives =  [0.3033025327070964, -0.21749838079004044, -0.7730003279088923, -0.012865651191421024, 0.754173551483367, 0.42114202199349415, 0.9708943341907343, 0.08300126958253445, -0.2343921876201694, 0.2933580104336061, -0.11825684634977171, -0.23647651332030362]
other derivatives: [ 0.47994035 -3.15112629  1.66255631 -0.25975169  0.36598067 -0.2658453 ]
Current x array =  [-0.65902327 -0.57555887 -0.87629322  0.8774607  -2.31819662 -2.1633159
  0.48979244 -1.80499175 -1.870698   -2.15957165  0.66688647 -1.17141531
 -1.8666136  -1.25305932 -2.3604156   0.29734168 -1.98682333 -1.20866512]
log likelihood =  -6943.42917727
Edge derivatives =  [0.3025376603025116, -0.6954331514271553, -0.4075372192881651, -0.17012830939288315, 0.9387858837718642, -0.48689252130983485, 0.7599482417600136, -0.11498440093681281, 0.0655600544668279, -0.1713684319292228, 0.05076159409126241, -0.7302999357740118]
other derivatives: [ 12.23825166  -2.35768312   1.70475687   0.54169504   0.37434802
  -0.24483597]
Current x array =  [-0.66377627 -0.57609362 -0.87656089  0.86958247 -2.32349113 -2.17445799
  0.4954695  -1.78914561 -1.91282781 -2.14647826  0.67179671 -1.1356427
 -1.81533578 -1.2427657  -2.36716526  0.31148351 -1.98904721 -1.19799226]
log likelihood =  -6943.3840047
Edge derivatives =  [0.5684241781627903, -0.35907516567104536, -0.32241729936929064, -0.27337468637587625, 1.1091942864187365, -0.9277771169816643, 0.7017791800076518, -0.1766501998683428, 0.18618030991603263, -0.1239736013311451, 0.11843919951901219, -0.2598615609993208]
other derivatives: [ 1.3130375  -2.99933163  1.40098564  0.31077434  0.583168   -0.19263098]
Current x array =  [-0.65940465 -0.57575732 -0.87599704  0.87244358 -2.32192694 -2.17458485
  0.4901227  -1.79571408 -1.93076497 -2.1418465   0.6674941  -1.12689018
 -1.79623336 -1.24332012 -2.37150391  0.30629879 -1.99440705 -1.20537392]
log likelihood =  -6943.37294037
Edge derivatives =  [0.40788176231335893, -0.1950885162822354, -0.294745182306111, 0.014854857799012855, 0.6741335247963263, -1.0951589074222705, 0.6296577531032462, -0.22366106490033338, 0.23954723230934952, -0.18912904688899246, 0.1110132351993839, 0.20305148454285238]
other derivatives: [-0.64237611 -1.24555299  0.44437911  0.34042387 -0.07012204 -0.14661055]
Current x array =  [-0.6586356  -0.57661915 -0.87512434  0.87294799 -2.32089551 -2.17446366
  0.48935899 -1.79887003 -1.93679414 -2.15107773  0.66823843 -1.12342327
 -1.78617451 -1.24317996 -2.37176108  0.30489124 -1.99359105 -1.20971288]
log likelihood =  -6943.36728096
Edge derivatives =  [0.29720149739662227, -0.12552157258245467, -0.22486028419384996, 0.13245323819646093, 0.37852803163637855, -1.1132234165932426, 0.5757294529556647, -0.2334000269483113, 0.2553723496649297, -0.2037438673895342, 0.11190788504850807, 0.37509546477823524]
other derivatives: [-0.54942575  0.21500455 -0.30013325  0.25411282 -0.39963197 -0.1121407 ]
Current x array =  [-0.65867717 -0.57734034 -0.87449233  0.87351516 -2.32082248 -2.1749335
  0.48926289 -1.80039053 -1.94264138 -2.15494063  0.6691556  -1.12176034
 -1.77750973 -1.24321121 -2.37185822  0.30391475 -1.99333075 -1.21148495]
log likelihood =  -6943.35935681
Edge derivatives =  [0.1765962827264349, -0.02228370057047846, -0.05978310611579894, 0.25310058657646983, 0.029350256486515323, -0.9947163694902479, 0.5010056196377978, -0.19853820072878753, 0.2735876971485392, -0.17488667251336887, 0.13307550929221595, 0.48702649034837653]
other derivatives: [-0.23774192  1.40535121 -0.82582119  0.19617801 -0.47712092 -0.05138645]
Current x array =  [-0.65880533 -0.57792128 -0.8740811   0.87452679 -2.32190641 -2.17616213
  0.48993239 -1.80229541 -1.95248375 -2.15881103  0.67115442 -1.12062732
 -1.76306394 -1.24345647 -2.37193797  0.30271821 -1.99313264 -1.21253897]
log likelihood =  -6943.34912571
Edge derivatives =  [-0.02356972237990196, 0.0410695647256335, 0.21467021386714072, 0.22645117083766364, -0.3720272963260981, -0.5632375383675143, 0.41580283507797366, -0.08786144659909315, 0.23492494455102808, -0.08850588562593154, 0.16573706657036416, 0.34116643177662925]
other derivatives: [-0.01837179  2.41734597 -0.82391125 -0.04874892 -0.47048161  0.025193  ]
Current x array =  [-0.65889239 -0.5783824  -0.87418949  0.87612899 -2.32376748 -2.17809182
  0.49161881 -1.80382224 -1.96393463 -2.15824456  0.67393258 -1.12356361
 -1.74597151 -1.24456493 -2.37120964  0.30078926 -1.99316386 -1.21161077]
log likelihood =  -6943.36751799
Edge derivatives =  [-0.15338798384363062, 0.40300992909990285, 0.5723811291097076, 0.6925702047014672, -0.4561646991554404, -0.07789048853298708, 0.2980886820403421, 0.056661758702754805, 0.31818602629384274, 0.08263773534329821, 0.21696015405802896, 0.683971199888082]
other derivatives: [ 0.90149115 -6.62485036 -3.09019015  1.00208126  1.15142029  0.19845174]
Current x array =  [-0.65920434 -0.57385566 -0.87233404  0.87720065 -2.32947564 -2.18065675
  0.49624598 -1.80804442 -1.97923215 -2.17227124  0.67860993 -1.12429393
 -1.71371419 -1.24435672 -2.37002433  0.30053139 -1.98986432 -1.21234008]
log likelihood =  -6943.34691304
Edge derivatives =  [-0.05552594498875629, 0.13059715940314603, 0.303921311777337, 0.34243670866776077, -0.39265158465989725, -0.44312830255282754, 0.3874680459589014, -0.052003845694674256, 0.2555661929637285, -0.04583501226979425, 0.1784583780019296, 0.42590905063852]
other derivatives: [ 0.20918378  0.19881554 -1.3812496   0.21300366 -0.06657501  0.06775736]
Current x array =  [-0.65896939 -0.577265   -0.87373149  0.87639352 -2.3251765  -2.17872496
  0.492761   -1.80486446 -1.96771072 -2.16170695  0.67508715 -1.12374389
 -1.73800901 -1.24451353 -2.37091706  0.30072561 -1.99234939 -1.21179079]
log likelihood =  -6943.34238619
Edge derivatives =  [-0.1397357055066547, 0.09733699147245631, 0.45338637095322165, 0.1860421083995627, -0.44454665150096745, -0.058363664889296174, 0.3694482548427829, 0.03958497301155223, 0.18759328522578655, 0.021255462576936446, 0.19001427991951078, 0.10538020079928662]
other derivatives: [ 0.08667485  0.39890438 -0.54133125 -0.0091859   0.10068106  0.09040377]
Current x array =  [-0.65891821 -0.57733209 -0.8745317   0.87721466 -2.32636629 -2.17966375
  0.49401898 -1.80463689 -1.97045798 -2.15714731  0.67607731 -1.12848054
 -1.73272041 -1.24553538 -2.36983356  0.29993734 -1.99237621 -1.20920171]
log likelihood =  -6943.33910961
Edge derivatives =  [-0.22475120089159095, 0.08032356648111308, 0.4636237057792408, 0.11412129758751599, -0.34698919003072076, 0.03969609188947765, 0.3512667375702696, 0.010793308733761997, 0.12205262454115887, 0.010108892961505633, 0.14323324276133653, 0.00686004688897579]
other derivatives: [ 0.03801688 -0.0343789   0.19517756 -0.25884219 -0.01300577  0.09185896]
Current x array =  [-0.65890486 -0.57709492 -0.875184    0.87770815 -2.32600329 -2.17949611
  0.49397096 -1.80499702 -1.96930767 -2.1556354   0.674831   -1.13103026
 -1.7284329  -1.24588457 -2.36852529  0.29928061 -1.99142282 -1.20886355]
log likelihood =  -6943.33235599
Edge derivatives =  [-0.26281421551996276, -0.0036159462218400273, 0.481213847319187, -0.06734490805962023, 0.2953494191661418, 0.2969020882614206, 0.3187674003137043, -0.022084754101592496, -0.039041782993642485, -0.011016122345631318, 0.02500978656143303, -0.22151202379581614]
other derivatives: [ 0.30158844 -0.66838766  0.71840986 -0.25784175  0.31614036  0.07867129]
Current x array =  [-0.65899354 -0.57678392 -0.87563164  0.87732616 -2.32554473 -2.1790693
  0.49362092 -1.80428386 -1.96402477 -2.15075953  0.67019311 -1.13673039
 -1.71442116 -1.24609295 -2.36435757  0.29859491 -1.98774558 -1.20715626]
log likelihood =  -6943.32801314
Edge derivatives =  [-0.35969270026348255, -0.03323306335050377, 0.40303837707151086, -0.024228551349755434, 0.2976334900241572, 0.15067600056164265, 0.19608617931432648, -0.14747687001583965, -0.14540994181088668, -0.1799381473610796, -0.12270912331282005, -0.1271058668591445]
other derivatives: [-0.23474058 -1.5284968   2.4122528  -0.4467438  -0.52450559  0.08367351]
Current x array =  [-0.65879509 -0.57632079 -0.8771053   0.87624955 -2.32341113 -2.1784332
  0.49176516 -1.80417746 -1.96085193 -2.15304804  0.66779658 -1.13651948
 -1.69137841 -1.24558664 -2.36074983  0.29803241 -1.98308626 -1.207883  ]
log likelihood =  -6943.32261101
Edge derivatives =  [-0.22647182924381348, -0.10661916378114028, 0.3700483977658179, -0.033402155814877044, 0.49118520756555223, 0.19888439607247976, 0.15224757899560054, -0.12910174128996818, -0.21536711912252923, -0.21770185581848733, -0.1950946645907658, -0.1909245810131781]
other derivatives: [ 0.21345841 -0.96642907  1.13022907 -0.16425474 -0.35588528  0.07185008]
Current x array =  [-0.65893073 -0.57663342 -0.87598711  0.87479266 -2.32349874 -2.17800067
  0.49087222 -1.80266138 -1.9553287  -2.15281012  0.66668244 -1.1378028
 -1.67832008 -1.24533175 -2.35793411  0.29832074 -1.97962271 -1.20641578]
log likelihood =  -6943.31886788
Edge derivatives =  [0.06724197642995111, -0.12345216047915955, 0.3122632314890036, 0.07414593438077977, 0.48024209612376884, 0.11958655036828442, 0.10457257129721093, -0.07228157635120558, -0.2223598707341961, -0.2161118076540135, -0.23315403812659924, -0.08441929999603903]
other derivatives: [-0.84237399  0.03392415 -0.18180799  0.33624019 -0.0261025   0.07185008]
Current x array =  [-0.65846063 -0.57718319 -0.87480733  0.87313642 -2.32431559 -2.17743378
  0.48947047 -1.80146978 -1.9500234  -2.15563566  0.66761084 -1.13653765
 -1.66374694 -1.2450054  -2.35603422  0.29842723 -1.97644754 -1.20583059]
log likelihood =  -6943.31826969
Edge derivatives =  [0.18941490367733027, -0.1443874452467428, 0.2320032622473979, 0.12672190220518742, 0.2614381307352052, -0.022957721445768298, 0.07224763102868002, -0.0742744384690956, -0.2219790199414322, -0.20715119134440863, -0.26393149030662827, -0.03924414057136161]
other derivatives: [ 1.96787369  0.45747583 -0.56743374  0.32823664 -0.14870238  0.06484697]
Current x array =  [-0.65957248 -0.57741205 -0.87451542  0.87259474 -2.32459291 -2.17692486
  0.48861352 -1.80091127 -1.94630443 -2.1573781   0.6691594  -1.13511829
 -1.65707048 -1.24491044 -2.35559949  0.298285   -1.97526137 -1.2057305 ]
log likelihood =  -6943.31702038
Edge derivatives =  [0.18757427691536122, -0.13191686344336456, 0.24268829684868579, 0.121756997803109, 0.1961224807637203, -0.005102019124811119, 0.07507808430604986, -0.05631370268657948, -0.21379043696036343, -0.18955498750395194, -0.24947901380865328, -0.048247117209340495]
other derivatives: [ 0.523778    0.41782187 -0.46538844  0.26266207 -0.13587851  0.06957634]
Current x array =  [-0.65899206 -0.57738574 -0.87459164  0.87290254 -2.32488116 -2.17696349
  0.48880137 -1.80113545 -1.94663794 -2.15721286  0.66976103 -1.13534212
 -1.65764874 -1.24510415 -2.35591093  0.29803558 -1.97569434 -1.20570693]
log likelihood =  -6943.31578928
Edge derivatives =  [0.21572155064320275, -0.12483308061584908, 0.22797927392212514, 0.09977909488239578, 0.05541930016185487, -0.0022520955831502043, 0.0747334093792264, -0.027753087489883144, -0.21012472900935705, -0.14318811520011587, -0.2397788899714126, -0.08641752775305989]
other derivatives: [-0.51031748  0.31113814 -0.24801921  0.09740688 -0.11405064  0.07376002]
Current x array =  [-0.65857191 -0.57732659 -0.87478102  0.87338233 -2.32550091 -2.1767566
  0.48893473 -1.80132275 -1.94513349 -2.15663793  0.67106516 -1.13592852
 -1.65693175 -1.24551734 -2.35621729  0.29742187 -1.97612402 -1.20544041]
log likelihood =  -6943.31443765
Edge derivatives =  [0.27750071574854773, -0.1216580219225816, 0.17560510030384255, 0.05474839170324031, -0.11705930693394183, -0.018703693530995547, 0.07143694815595837, 0.01362336748460169, -0.21204273240491095, -0.061053282879327764, -0.2374694399153438, -0.1466402093050203]
other derivatives: [-0.961154    0.12296368  0.03183231 -0.12860255 -0.04083631  0.07339622]
Current x array =  [-0.65837784 -0.57723123 -0.87503609  0.87393712 -2.32644602 -2.17614093
  0.48900536 -1.80146227 -1.94084281 -2.15539822  0.67281917 -1.13705305
 -1.65429222 -1.24615994 -2.35643247  0.29633223 -1.97646752 -1.20497593]
log likelihood =  -6943.31291258
Edge derivatives =  [0.2739945469545624, -0.08258493103793538, 0.10539849989904854, 0.01892158572640179, -0.18956001361629066, -0.028361357000490806, 0.06503716669522044, 0.07643927868687889, -0.18982537297414456, 0.035684529040066804, -0.2188140878457651, -0.1445966876048994]
other derivatives: [-0.73769115 -0.14924808  0.22764652 -0.11605152  0.11514203  0.07466952]
Current x array =  [-0.65845015 -0.57710292 -0.87521666  0.87400264 -2.32733039 -2.17513146
  0.48966407 -1.80180362 -1.93467268 -2.1539242   0.67404077 -1.13851258
 -1.65019653 -1.24675452 -2.35687603  0.29506974 -1.97704015 -1.20484858]
log likelihood =  -6943.31249852
Edge derivatives =  [-0.17787263229134465, -0.03960644907953706, -0.030815111067267503, -0.09287568125441503, -0.4338364427705618, -0.05495095374065895, 0.005451253280766941, 0.06506916501800925, -0.17458128800032086, 0.06097898005420821, -0.2118155879676819, -0.18707676225510173]
other derivatives: [-0.18435458  1.65209713  0.26830094 -0.76597644 -0.66465873  0.0685759 ]
Current x array =  [-0.65865915 -0.57799231 -0.87530781  0.87487343 -2.3272682  -2.17308232
  0.49194929 -1.80309557 -1.92466266 -2.15084588  0.67456564 -1.14207161
 -1.64262072 -1.24734364 -2.3580806   0.29299701 -1.97888571 -1.20536962]
log likelihood =  -6943.31099639
Edge derivatives =  [-0.09930810585366712, 0.022428684873341848, -0.028251332732422474, -0.04911234978031298, -0.2288406263152158, -0.030651216005213255, 0.02134649477652585, 0.1183078222318234, -0.12764125352463343, 0.11214131877037403, -0.17340965326201208, -0.07359088772457179]
other derivatives: [ 0.26702764 -0.43219188 -0.10932126 -0.17889761 -0.14442776  0.0768523 ]
Current x array =  [-0.65882921 -0.57696129 -0.87496204  0.87404652 -2.32766464 -2.17278456
  0.49219881 -1.80320783 -1.92356124 -2.15111989  0.67417189 -1.14196623
 -1.64168818 -1.24720352 -2.35846999  0.29300967 -1.97922087 -1.20575627]
log likelihood =  -6943.31070432
Edge derivatives =  [-0.09172494415123156, 0.03541494763919745, -0.001087919338912724, -0.024095548986745485, -0.13323719536210935, -0.014479276598614754, 0.028201612012536306, 0.11062436803119674, -0.11525557709165202, 0.0947962526025169, -0.16160091249105585, -0.028295911747576175]
other derivatives: [ 0.24865585 -0.17334969 -0.03292371 -0.00782165 -0.05211405  0.07803465]
Current x array =  [-0.65883023 -0.57709595 -0.87501261  0.87383877 -2.32746269 -2.1729531
  0.49213669 -1.80327063 -1.92533169 -2.15164741  0.6735096  -1.14153041
 -1.64287695 -1.24693186 -2.35861982  0.29338345 -1.9793828  -1.20607554]
log likelihood =  -6943.3103623
Edge derivatives =  [-0.14065817242577017, 0.06113883176001897, 0.006245515254941603, -0.005958390339105724, -0.019134599710674494, -0.005215358439269402, 0.02775918181844536, 0.08206306908051164, -0.08758238296253118, 0.07007200030927907, -0.1372494655031889, 0.033430399773628605]
other derivatives: [ 0.18744686  0.09995347 -0.07821654  0.10941221 -0.00854925  0.0779437 ]
Current x array =  [-0.65881254 -0.57723703 -0.87495689  0.87380589 -2.32724874 -2.17260531
  0.49232496 -1.8035859  -1.92578139 -2.15191719  0.67256852 -1.14157192
 -1.6428679  -1.24646574 -2.35934747  0.29362897 -1.98033109 -1.20671277]
log likelihood =  -6943.30999444
Edge derivatives =  [-0.13354452144453977, 0.07473278519328119, -0.0085154564037557, 0.009103864266356787, 0.07910423389650288, -0.01895179126284824, 0.02399426061677963, 0.032913232978890095, -0.05580150679273134, 0.040171810292988, -0.1092165473668833, 0.08266902955009386]
other derivatives: [ 0.0777618   0.21673259  0.0080945   0.15988917  0.0606633   0.07321432]
Current x array =  [-0.65877562 -0.57729918 -0.87501138  0.87391879 -2.32717446 -2.17180963
  0.49211816 -1.80373315 -1.92500586 -2.15217912  0.67179264 -1.14175693
 -1.64153014 -1.24581569 -2.36037946  0.29391981 -1.9816964  -1.207273  ]
log likelihood =  -6943.30957663
Edge derivatives =  [-0.10337145102550038, 0.05713291001872456, -0.02365081270932251, 0.007360687070747107, 0.11504831819280441, -0.02201202877608882, 0.016011652558495876, -0.049717709330376725, -0.020024372786464767, -0.026833211216407804, -0.06403764776805125, 0.07451025352635188]
other derivatives: [-0.26775524  0.19363142 -0.25165718  0.02419256  0.00754881  0.06093615]
Current x array =  [-0.65864329 -0.57727874 -0.87477612  0.87444242 -2.32695808 -2.17040728
  0.49137813 -1.8036618  -1.92424627 -2.15223173  0.6710532  -1.14247038
 -1.64026765 -1.24494184 -2.36213106  0.29443804 -1.98427273 -1.20763486]
log likelihood =  -6943.30937911
Edge derivatives =  [-0.030747906385734214, 0.046546339622214744, -0.04084233340713189, -0.0014473337577038947, 0.10994202600561456, -0.010008426979770335, 0.0125218740213877, -0.08062058547436707, 0.009537319855386223, -0.04528559164947599, -0.020387588425462885, 0.05252680593496073]
other derivatives: [-0.05038601 -0.01391527  0.30104275 -0.01145963  0.05584297  0.0516593 ]
Current x array =  [-0.65874133 -0.57716428 -0.87525698  0.87474524 -2.32699403 -2.16907883
  0.490722   -1.80347465 -1.92264353 -2.15191201  0.67102781 -1.14342905
 -1.63860546 -1.24457901 -2.36347011  0.29454529 -1.98635632 -1.20761425]
log likelihood =  -6943.30926795
Edge derivatives =  [0.014969859597483759, 0.03325927127128123, -0.03224249584893174, -0.005013607391326502, 0.051480146911073235, 0.005218569217506741, 0.014910462012144812, -0.060426574450223314, 0.007559515020490945, -0.03724688940141618, -0.013788580000945141, 0.024567063358496732]
other derivatives: [-0.05429683  0.01136868  0.0428372  -0.01919034  0.07303242  0.04984031]
Current x array =  [-0.65873537 -0.57717483 -0.87503981  0.87477619 -2.32709878 -2.16900217
  0.49046037 -1.80328841 -1.92285588 -2.15184945  0.67147877 -1.14350617
 -1.63889982 -1.24476232 -2.36349239  0.29448761 -1.98648428 -1.20733883]
log likelihood =  -6943.30922612
Edge derivatives =  [0.016960198798013915, 0.01903502569276283, -0.02289201893669837, -0.0074970664407987275, -0.011316199399667532, 0.014451656990907502, 0.013888027781885845, -0.043901749723030015, 0.003176288850600728, -0.03983633520297458, -0.010059650989588997, 0.000642149424345928]
other derivatives: [ 0.02355591 -0.02401066 -0.03728928 -0.0437467  -0.00318323  0.05056791]
Current x array =  [-0.65876614 -0.57714934 -0.87498164  0.87475851 -2.32698221 -2.16893325
  0.49033958 -1.80311229 -1.92339154 -2.15185809  0.67176728 -1.14349434
 -1.63933789 -1.244968   -2.36345986  0.2944359  -1.98655151 -1.20713242]
log likelihood =  -6943.30920548
Edge derivatives =  [0.027818527876754318, 0.0134023838561044, -0.0182918414534185, -0.007507653573072148, -0.04088666673037438, 0.025701265582386223, 0.01434802559414712, -0.015362963364160986, 0.006592288491292828, -0.02901077950446007, 0.002158395785810327, -0.00725557900767726]
other derivatives: [-0.13114914 -0.04383764 -0.02182787  0.00190994 -0.00090949  0.04720278]
Current x array =  [-0.65870308 -0.57713597 -0.87499825  0.87466825 -2.3269734  -2.16862295
  0.4902923  -1.80296096 -1.92332341 -2.15178611  0.67199233 -1.14359364
 -1.63922115 -1.24521114 -2.36354285  0.29424455 -1.98678257 -1.2069904 ]
log likelihood =  -6943.30917948
Edge derivatives =  [0.02395202794546991, 0.004809366150750866, -0.012277485098891427, -0.003230213497129153, -0.048044470052384776, 0.03231175152907412, 0.014057901260746922, 0.0041982189801724745, 0.012507535019899582, -0.024623418517343065, 0.01726693457417172, -0.007304112151291009]
other derivatives: [ 0.11650627  0.04074536 -0.03537934  0.0514774  -0.00891305  0.04411049]
Current x array =  [-0.65880385 -0.57717492 -0.87499141  0.87459347 -2.32686276 -2.1681494
  0.49024894 -1.80280363 -1.92358005 -2.15186116  0.6719564  -1.14358392
 -1.63914926 -1.24537378 -2.36376229  0.29409471 -1.98721401 -1.20697464]
log likelihood =  -6943.30915859
Edge derivatives =  [0.008604354402642955, 0.0023974120556070344, -0.011869408250871433, -0.0003946879143804649, -0.03151979824108861, 0.028060145498618794, 0.013693745195806434, 0.008218869145352026, 0.014105648853121225, -0.023526002081594277, 0.02097431557166317, -0.0006060434721043562]
other derivatives: [ 0.0693035   0.05447873 -0.00527507  0.06584742 -0.01437002  0.04238245]
Current x array =  [-0.65878584 -0.57718132 -0.87501538  0.8745718  -2.3267949  -2.16793356
  0.49031352 -1.80276948 -1.92371448 -2.15193457  0.67179609 -1.14350184
 -1.63907562 -1.24541768 -2.36382191  0.29401335 -1.98732924 -1.20704081]
log likelihood =  -6943.30911763
Edge derivatives =  [-0.01803172838749123, -0.012255899684099958, -0.010195691312508387, 0.004821017367259373, 0.017620506825699885, 0.01184759018338205, 0.014772221243798803, 0.017070796662126964, 0.013617047474624971, -0.013701939330373336, 0.02775246603772416, 0.006342612586067609]
other derivatives: [-0.00627551 -0.01127773  0.02464731  0.07430572 -0.0007276   0.03583409]
Current x array =  [-0.65875682 -0.5771466  -0.87503639  0.87461368 -2.32668389 -2.16721724
  0.49041541 -1.80262164 -1.92428218 -2.15215604  0.67137746 -1.14320561
 -1.6389658  -1.24556984 -2.36394411  0.29372506 -1.98760873 -1.20716176]
log likelihood =  -6943.30912004
Edge derivatives =  [-0.03455916127282621, -0.03742874649841624, -0.01563144689631285, -0.00011919492758716288, 0.01666679300916859, -0.015078508945114422, 0.013234129086551166, 0.011553353880621009, 0.004020347581312894, -0.006621705146100276, 0.023705303546025236, -0.012122824668806431]
other derivatives: [-0.12178134  0.29422154  0.09868018 -0.04292815 -0.05429683  0.02419256]
Current x array =  [-0.65871159 -0.5772979  -0.87509955  0.87484394 -2.32662811 -2.16642437
  0.49038007 -1.80246716 -1.92463404 -2.15229217  0.67121513 -1.14294961
 -1.63868196 -1.24570563 -2.36398114  0.29339688 -1.98774517 -1.20715911]
log likelihood =  -6943.30910596
Edge derivatives =  [-0.025921419086834985, -0.02427225143068179, -0.012790765820830718, 0.0024627089588610263, 0.017165680484144047, -0.0010046787836642257, 0.014038020446264537, 0.014437129017652761, 0.009035821830448987, -0.010321177893377387, 0.025820566681980114, -0.002472179528431928]
other derivatives: [-0.06202754  0.13415047  0.06057235  0.01846274 -0.0262844   0.03028617]
Current x array =  [-0.65873523 -0.57721883 -0.87506654  0.8747236  -2.32665726 -2.16683872
  0.49039854 -1.80254789 -1.92445016 -2.15222102  0.67129996 -1.14308339
 -1.63883029 -1.24563467 -2.36396179  0.29356838 -1.98767386 -1.20716049]
  status: 0
 success: True
    nfev: 86
     fun: 6943.309105959937
       x: array([-0.65873523, -0.57721883, -0.87506654,  0.8747236 , -2.32665726,
       -2.16683872,  0.49039854, -1.80254789, -1.92445016, -2.15222102,
        0.67129996, -1.14308339, -1.63883029, -1.24563467, -2.36396179,
        0.29356838, -1.98767386, -1.20716049])
 message: 'CONVERGENCE: REL_REDUCTION_OF_F_<=_FACTR*EPSMCH'
     jac: array([ 0.06202754, -0.13415047, -0.06057235, -0.01846274,  0.0262844 ,
       -0.03028617,  0.02592142,  0.02427225,  0.01279077, -0.00246271,
       -0.01716568,  0.00100468, -0.01403802, -0.01443713, -0.00903582,
        0.01032118, -0.02582057,  0.00247218])
     nit: 78
Lr rates:  [ 0.12113056  0.85801449  0.79292689  0.53210498  0.775371    0.81358928
  0.79214495]
Process rates:  [ 0.52502868  0.61491389  0.39120505  5.85872721  0.08624044  3.4499598 ]
log likelihood =  8848.49026517
Lr derivatives =  [-1228.3153980260686, -1036.0908067765013, -599.29739130142423, -244.50390544598159, -194.48301665868138, -40.257887588034663, 73.914047710782199]
other derivatives =  [  36.42198863  183.38105292 -120.0589395  -666.34675022 -572.07689679
    9.93550202]
Current x_clock array =  [-0.64430238 -0.48627304 -0.93852343  1.76793238 -2.45061608  1.23836258
 -2.11088631 -0.15313429 -0.23202426 -0.63091448 -0.25441366 -0.20629961
 -0.23301088]
Lr rates:  [ 0.27129288  0.85810075  0.79304767  0.5323254   0.7755005   0.81369947
  0.75462684]
Process rates:  [ 0.5126245   0.54517203  0.3914333   9.07349007  0.125547    3.42753177]
log likelihood =  7717.7699861
Lr derivatives =  [-497.30265344034223, -422.35535206546149, -135.8926530167912, 133.30295777593219, 34.96702111552402, 69.898148284097616, 91.541623895047536]
other derivatives =  [ -25.38199624  -54.24135452  -94.77080312 -186.49234335 -321.86790122
  165.33886082]
Current x_clock array =  [-0.66821166 -0.60665388 -0.93794016  2.20535698 -2.0750751   1.2318404
 -1.30455631 -0.15303376 -0.23187195 -0.63050031 -0.25424665 -0.20616418
 -0.2815319 ]
Lr rates:  [ 0.51162015  1.          0.7250431   0.43394362  0.70212699  0.75393758
  0.6875905 ]
Process rates:  [  0.521369     0.5560064    0.40846985  11.88589614   0.18281772
   2.95379968]
log likelihood =  7514.48644258
Lr derivatives =  [348.1445946794438, 263.63790115273139, 352.12795674739903, 437.46170030962367, 231.66085189565976, 154.25567630970588, 112.65812399928424]
other derivatives =  [  56.83805284  -73.10691217  -33.70332706  448.60789785  248.14853532
  222.52852432]
Current x_clock array =  [-0.65129723 -0.58697548 -0.89533717  2.4753525  -1.69926567  1.08309237
 -0.67017283  0.         -0.32152418 -0.83484067 -0.35364099 -0.2824457
 -0.37456183]
Lr rates:  [ 0.45322327  1.          0.70114786  0.39616975  0.67339762  0.72678751
  0.66860874]
Process rates:  [  0.51386629   0.56899371   0.41697975  10.38978125   0.16879548
   2.78664784]
log likelihood =  7389.4405395
Lr derivatives =  [-49.01729453881979, -87.309124626596486, 14.652498111429132, 156.72897972462306, 32.575601749001336, 32.345384854007236, 59.210387711346847]
other derivatives =  [   8.0335667    -9.1063157   -18.830724    163.74269762    4.29326974
  163.93887563]
Current x_clock array =  [-0.66579219 -0.5638859  -0.87471761  2.34082275 -1.77906749  1.02483938
 -0.79137041  0.         -0.35503649 -0.92591251 -0.39541931 -0.31912112
 -0.40255623]
Lr rates:  [ 0.4860402   1.          0.68202224  0.35360949  0.64671361  0.70121735
  0.63992633]
Process rates:  [ 0.51074641  0.57679171  0.42590342  9.79294367  0.173373    2.53178625]
log likelihood =  7348.43243881
Lr derivatives =  [-125.90664411447592, -174.58073102070085, -89.287714188682315, 46.544880835442484, -45.793048807200357, -18.895511327178674, 32.524780915781292]
other derivatives =  [  -2.86854629   18.23273124    5.85887392  112.81326806   -9.48457455
  133.07217159]
Current x_clock array =  [-0.67188208 -0.55027406 -0.85354266  2.28166209 -1.75230992  0.92892508
 -0.72146394  0.         -0.38269301 -1.03956212 -0.43585173 -0.35493739
 -0.44640222]
Lr rates:  [ 0.59331133  1.          0.6837656   0.28775734  0.62442671  0.67152434
  0.58612828]
Process rates:  [ 0.50699707  0.5827081   0.43581348  8.37156633  0.18124381  2.01132199]
log likelihood =  7285.10172154
Lr derivatives =  [-162.75079613674666, -235.98811984699734, -174.64138158621878, -70.426995148597115, -123.16989418397489, -70.215377177631424, -0.24301297150697465]
other derivatives =  [-12.5565748   37.33193807  37.1477654   75.42284948  14.90107024
  98.48254194]
Current x_clock array =  [-0.67925006 -0.54006891 -0.83054093  2.124841   -1.70791211  0.69879221
 -0.52203601  0.         -0.38014011 -1.24563772 -0.47092132 -0.39820501
 -0.53421661]
Lr rates:  [ 0.84733538  1.          0.78330923  0.21406384  0.6556224   0.66365062
  0.50834937]
Process rates:  [ 0.5069964   0.58763841  0.43377818  5.49195677  0.17575089  1.22630643]
log likelihood =  7171.0132717
Lr derivatives =  [-180.02429636592061, -263.38208367297551, -213.06695558941303, -168.55606866453135, -167.46829828994612, -99.060289489523853, -30.750503162469677]
other derivatives =  [-12.57831173  57.93135642  35.00017556   1.00699253  32.79910743
  68.4144652 ]
Current x_clock array =  [-0.67925138 -0.53164347 -0.83522199  1.70328462 -1.73868767  0.20400675
 -0.1656587   0.         -0.24422774 -1.54148101 -0.42217026 -0.40999944
 -0.67658633]
Lr rates:  [ 1.51839494  1.          1.          0.1572218   0.82543208  0.70357164
  0.42270627]
Process rates:  [ 0.49339201  0.55046526  0.45587245  2.60185413  0.13154601  0.44253272]
log likelihood =  7041.17972261
Lr derivatives =  [-181.60005253298692, -237.20811730701226, nan, -200.77510232365694, -116.37721351651238, -74.584456829549225, -46.585249610147734]
other derivatives =  [ -92.45641195  -48.84223017  101.47841749 -118.88887457   -0.5059519
   28.62261681]
Current x_clock array =  [-0.70645126 -0.59699143 -0.78554221  0.95622432 -2.02839858 -0.81524087
  0.41765381  0.          0.         -1.85009773 -0.1918483  -0.35158558
 -0.86107774]
Lr rates:  [ 1.51839494  1.          1.          0.1572218   0.82543208  0.70357164
  0.42270627]
Process rates:  [ 0.49339201  0.55046526  0.45587245  2.60185413  0.13154601  0.44253272]
log likelihood =  7041.17972261
Lr derivatives =  [-181.60005253298692, -237.20811730701226, nan, -200.77510232365694, -116.37721351651238, -74.584456829549225, -46.585249610147734]
other derivatives =  [ -92.45641195  -48.84223017  101.47841749 -118.88887457   -0.5059519
   28.62261681]
Current x_clock array =  [-0.70645126 -0.59699143 -0.78554221  0.95622432 -2.02839858 -0.81524087
  0.41765381  0.          0.         -1.85009773 -0.1918483  -0.35158558
 -0.86107774]
Lr rates:  [ 1.51839494  1.          1.          0.1572218   0.82543208  0.70357164
  0.42270627]
Process rates:  [ 0.49339201  0.55046526  0.45587245  2.60185413  0.13154601  0.44253272]
log likelihood =  7041.17972261
Lr derivatives =  [-181.60005253298692, -237.20811730701226, nan, -200.77510232365694, -116.37721351651238, -74.584456829549225, -46.585249610147734]
other derivatives =  [ -92.45641195  -48.84223017  101.47841749 -118.88887457   -0.5059519
   28.62261681]
Current x_clock array =  [-0.70645126 -0.59699143 -0.78554221  0.95622432 -2.02839858 -0.81524087
  0.41765381  0.          0.         -1.85009773 -0.1918483  -0.35158558
 -0.86107774]
Lr rates:  [ 1.51839494  1.          1.          0.1572218   0.82543208  0.70357164
  0.42270627]
Process rates:  [ 0.49339201  0.55046526  0.45587245  2.60185413  0.13154601  0.44253272]
log likelihood =  7041.17972261
Lr derivatives =  [-181.60005253298692, -237.20811730701226, nan, -200.77510232365694, -116.37721351651238, -74.584456829549225, -46.585249610147734]
other derivatives =  [ -92.45641195  -48.84223017  101.47841749 -118.88887457   -0.5059519
   28.62261681]
Current x_clock array =  [-0.70645126 -0.59699143 -0.78554221  0.95622432 -2.02839858 -0.81524087
  0.41765381  0.          0.         -1.85009773 -0.1918483  -0.35158558
 -0.86107774]
Lr rates:  [ 1.51839494  1.          1.          0.1572218   0.82543208  0.70357164
  0.42270627]
Process rates:  [ 0.49339201  0.55046526  0.45587245  2.60185413  0.13154601  0.44253272]
log likelihood =  7041.17972261
Lr derivatives =  [-181.60005253298692, -237.20811730701226, nan, -200.77510232365694, -116.37721351651238, -74.584456829549225, -46.585249610147734]
other derivatives =  [ -92.45641195  -48.84223017  101.47841749 -118.88887457   -0.5059519
   28.62261681]
Current x_clock array =  [-0.70645126 -0.59699143 -0.78554221  0.95622432 -2.02839858 -0.81524087
  0.41765381  0.          0.         -1.85009773 -0.1918483  -0.35158558
 -0.86107774]
Lr rates:  [ 1.51839494  1.          1.          0.1572218   0.82543208  0.70357164
  0.42270627]
Process rates:  [ 0.49339201  0.55046526  0.45587245  2.60185413  0.13154601  0.44253272]
log likelihood =  7041.17972261
Lr derivatives =  [-181.60005253298692, -237.20811730701226, nan, -200.77510232365694, -116.37721351651238, -74.584456829549225, -46.585249610147734]
other derivatives =  [ -92.45641195  -48.84223017  101.47841749 -118.88887457   -0.5059519
   28.62261681]
Current x_clock array =  [-0.70645126 -0.59699143 -0.78554221  0.95622432 -2.02839858 -0.81524087
  0.41765381  0.          0.         -1.85009773 -0.1918483  -0.35158558
 -0.86107774]
Lr rates:  [ 1.51839494  1.          1.          0.1572218   0.82543208  0.70357164
  0.42270627]
Process rates:  [ 0.49339201  0.55046526  0.45587245  2.60185413  0.13154601  0.44253272]
log likelihood =  7041.17972261
Lr derivatives =  [-181.60005253298692, -237.20811730701226, nan, -200.77510232365694, -116.37721351651238, -74.584456829549225, -46.585249610147734]
other derivatives =  [ -92.45641195  -48.84223017  101.47841749 -118.88887457   -0.5059519
   28.62261681]
Current x_clock array =  [-0.70645126 -0.59699143 -0.78554221  0.95622432 -2.02839858 -0.81524087
  0.41765381  0.          0.         -1.85009773 -0.1918483  -0.35158558
 -0.86107774]
Lr rates:  [ 1.51839494  1.          1.          0.1572218   0.82543208  0.70357164
  0.42270627]
Process rates:  [ 0.49339201  0.55046526  0.45587245  2.60185413  0.13154601  0.44253272]
log likelihood =  7041.17972261
Lr derivatives =  [-181.60005253298692, -237.20811730701226, nan, -200.77510232365694, -116.37721351651238, -74.584456829549225, -46.585249610147734]
other derivatives =  [ -92.45641195  -48.84223017  101.47841749 -118.88887457   -0.5059519
   28.62261681]
Current x_clock array =  [-0.70645126 -0.59699143 -0.78554221  0.95622432 -2.02839858 -0.81524087
  0.41765381  0.          0.         -1.85009773 -0.1918483  -0.35158558
 -0.86107774]
Lr rates:  [ 1.51839494  1.          1.          0.1572218   0.82543208  0.70357164
  0.42270627]
Process rates:  [ 0.49339201  0.55046526  0.45587245  2.60185413  0.13154601  0.44253272]
log likelihood =  7041.17972261
Lr derivatives =  [-181.60005253298692, -237.20811730701226, nan, -200.77510232365694, -116.37721351651238, -74.584456829549225, -46.585249610147734]
other derivatives =  [ -92.45641195  -48.84223017  101.47841749 -118.88887457   -0.5059519
   28.62261681]
Current x_clock array =  [-0.70645126 -0.59699143 -0.78554221  0.95622432 -2.02839858 -0.81524087
  0.41765381  0.          0.         -1.85009773 -0.1918483  -0.35158558
 -0.86107774]
Lr rates:  [ 1.51839494  1.          1.          0.1572218   0.82543208  0.70357164
  0.42270627]
Process rates:  [ 0.49339201  0.55046526  0.45587245  2.60185413  0.13154601  0.44253272]
log likelihood =  7041.17972261
Lr derivatives =  [-181.60005253298692, -237.20811730701226, nan, -200.77510232365694, -116.37721351651238, -74.584456829549225, -46.585249610147734]
other derivatives =  [ -92.45641195  -48.84223017  101.47841749 -118.88887457   -0.5059519
   28.62261681]
Current x_clock array =  [-0.70645126 -0.59699143 -0.78554221  0.95622432 -2.02839858 -0.81524087
  0.41765381  0.          0.         -1.85009773 -0.1918483  -0.35158558
 -0.86107774]
Lr rates:  [ 1.51839494  1.          1.          0.1572218   0.82543208  0.70357164
  0.42270627]
Process rates:  [ 0.49339201  0.55046526  0.45587245  2.60185413  0.13154601  0.44253272]
log likelihood =  7041.17972261
Lr derivatives =  [-181.60005253298692, -237.20811730701226, nan, -200.77510232365694, -116.37721351651238, -74.584456829549225, -46.585249610147734]
other derivatives =  [ -92.45641195  -48.84223017  101.47841749 -118.88887457   -0.5059519
   28.62261681]
Current x_clock array =  [-0.70645126 -0.59699143 -0.78554221  0.95622432 -2.02839858 -0.81524087
  0.41765381  0.          0.         -1.85009773 -0.1918483  -0.35158558
 -0.86107774]
Lr rates:  [ 1.51839494  1.          1.          0.1572218   0.82543208  0.70357164
  0.42270627]
Process rates:  [ 0.49339201  0.55046526  0.45587245  2.60185413  0.13154601  0.44253272]
log likelihood =  7041.17972261
Lr derivatives =  [-181.60005253298692, -237.20811730701226, nan, -200.77510232365694, -116.37721351651238, -74.584456829549225, -46.585249610147734]
other derivatives =  [ -92.45641195  -48.84223017  101.47841749 -118.88887457   -0.5059519
   28.62261681]
Current x_clock array =  [-0.70645126 -0.59699143 -0.78554221  0.95622432 -2.02839858 -0.81524087
  0.41765381  0.          0.         -1.85009773 -0.1918483  -0.35158558
 -0.86107774]
Lr rates:  [ 1.51839494  1.          1.          0.1572218   0.82543208  0.70357164
  0.42270627]
Process rates:  [ 0.49339201  0.55046526  0.45587245  2.60185413  0.13154601  0.44253272]
log likelihood =  7041.17972261
Lr derivatives =  [-181.60005253298692, -237.20811730701226, nan, -200.77510232365694, -116.37721351651238, -74.584456829549225, -46.585249610147734]
other derivatives =  [ -92.45641195  -48.84223017  101.47841749 -118.88887457   -0.5059519
   28.62261681]
Current x_clock array =  [-0.70645126 -0.59699143 -0.78554221  0.95622432 -2.02839858 -0.81524087
  0.41765381  0.          0.         -1.85009773 -0.1918483  -0.35158558
 -0.86107774]
Lr rates:  [ 1.51839494  1.          1.          0.1572218   0.82543208  0.70357164
  0.42270627]
Process rates:  [ 0.49339201  0.55046526  0.45587245  2.60185413  0.13154601  0.44253272]
log likelihood =  7041.17972261
Lr derivatives =  [-181.60005253298692, -237.20811730701226, nan, -200.77510232365694, -116.37721351651238, -74.584456829549225, -46.585249610147734]
other derivatives =  [ -92.45641195  -48.84223017  101.47841749 -118.88887457   -0.5059519
   28.62261681]
Current x_clock array =  [-0.70645126 -0.59699143 -0.78554221  0.95622432 -2.02839858 -0.81524087
  0.41765381  0.          0.         -1.85009773 -0.1918483  -0.35158558
 -0.86107774]
Lr rates:  [ 1.51839494  1.          1.          0.1572218   0.82543208  0.70357164
  0.42270627]
Process rates:  [ 0.49339201  0.55046526  0.45587245  2.60185413  0.13154601  0.44253272]
log likelihood =  7041.17972261
Lr derivatives =  [-181.60005253298692, -237.20811730701226, nan, -200.77510232365694, -116.37721351651238, -74.584456829549225, -46.585249610147734]
other derivatives =  [ -92.45641195  -48.84223017  101.47841749 -118.88887457   -0.5059519
   28.62261681]
Current x_clock array =  [-0.70645126 -0.59699143 -0.78554221  0.95622432 -2.02839858 -0.81524087
  0.41765381  0.          0.         -1.85009773 -0.1918483  -0.35158558
 -0.86107774]
Lr rates:  [ 1.51839494  1.          1.          0.1572218   0.82543208  0.70357164
  0.42270627]
Process rates:  [ 0.49339201  0.55046526  0.45587245  2.60185413  0.13154601  0.44253272]
log likelihood =  7041.17972261
Lr derivatives =  [-181.60005253298692, -237.20811730701226, nan, -200.77510232365694, -116.37721351651238, -74.584456829549225, -46.585249610147734]
other derivatives =  [ -92.45641195  -48.84223017  101.47841749 -118.88887457   -0.5059519
   28.62261681]
Current x_clock array =  [-0.70645126 -0.59699143 -0.78554221  0.95622432 -2.02839858 -0.81524087
  0.41765381  0.          0.         -1.85009773 -0.1918483  -0.35158558
 -0.86107774]
Lr rates:  [ 1.51839494  1.          1.          0.1572218   0.82543208  0.70357164
  0.42270627]
Process rates:  [ 0.49339201  0.55046526  0.45587245  2.60185413  0.13154601  0.44253272]
log likelihood =  7041.17972261
Lr derivatives =  [-181.60005253298692, -237.20811730701226, nan, -200.77510232365694, -116.37721351651238, -74.584456829549225, -46.585249610147734]
other derivatives =  [ -92.45641195  -48.84223017  101.47841749 -118.88887457   -0.5059519
   28.62261681]
Current x_clock array =  [-0.70645126 -0.59699143 -0.78554221  0.95622432 -2.02839858 -0.81524087
  0.41765381  0.          0.         -1.85009773 -0.1918483  -0.35158558
 -0.86107774]
Lr rates:  [ 1.51839494  1.          1.          0.1572218   0.82543208  0.70357164
  0.42270627]
Process rates:  [ 0.49339201  0.55046526  0.45587245  2.60185413  0.13154601  0.44253272]
log likelihood =  7041.17972261
Lr derivatives =  [-181.60005253298692, -237.20811730701226, nan, -200.77510232365694, -116.37721351651238, -74.584456829549225, -46.585249610147734]
other derivatives =  [ -92.45641195  -48.84223017  101.47841749 -118.88887457   -0.5059519
   28.62261681]
Current x_clock array =  [-0.70645126 -0.59699143 -0.78554221  0.95622432 -2.02839858 -0.81524087
  0.41765381  0.          0.         -1.85009773 -0.1918483  -0.35158558
 -0.86107774]
Lr rates:  [ 1.51839494  1.          1.          0.1572218   0.82543208  0.70357164
  0.42270627]
Process rates:  [ 0.49339201  0.55046526  0.45587245  2.60185413  0.13154601  0.44253272]
log likelihood =  7041.17972261
Lr derivatives =  [-181.60005253298692, -237.20811730701226, nan, -200.77510232365694, -116.37721351651238, -74.584456829549225, -46.585249610147734]
other derivatives =  [ -92.45641195  -48.84223017  101.47841749 -118.88887457   -0.5059519
   28.62261681]
Current x_clock array =  [-0.70645126 -0.59699143 -0.78554221  0.95622432 -2.02839858 -0.81524087
  0.41765381  0.          0.         -1.85009773 -0.1918483  -0.35158558
 -0.86107774]
Lr rates:  [ 1.51839494  1.          1.          0.1572218   0.82543208  0.70357164
  0.42270627]
Process rates:  [ 0.49339201  0.55046526  0.45587245  2.60185413  0.13154601  0.44253272]
log likelihood =  7041.17972261
Lr derivatives =  [-181.60005253298692, -237.20811730701226, nan, -200.77510232365694, -116.37721351651238, -74.584456829549225, -46.585249610147734]
other derivatives =  [ -92.45641195  -48.84223017  101.47841749 -118.88887457   -0.5059519
   28.62261681]
Current x_clock array =  [-0.70645126 -0.59699143 -0.78554221  0.95622432 -2.02839858 -0.81524087
  0.41765381  0.          0.         -1.85009773 -0.1918483  -0.35158558
 -0.86107774]
Lr rates:  [  1.29304565e+78   1.00000000e+00   1.00000000e+00   1.00000000e+00
   1.00000000e+00   1.00000000e+00   1.00000000e+00]
Process rates:  [  9.51229425e-01   4.07231862e-26   2.73454195e-16   2.00629971e+00
   1.00098178e-15   2.37998536e-30]
