number of sites to be analyzed:  659
Now calculate MLE for pair ['YAL056W', 'YOR371C']
log likelihood =  -26511.0159227
Edge derivatives =  [556.4450823032237, 183.17229212299185, 131.1495507094202, 49.958982475305206, 955.4801937079076, 257.28678519159274, 570.9079470786974, 252.25292082283957, 286.7785396050435, 372.79097268738207, 103.58520215551246, 8.799119197671878]
other derivatives: [   50.86585588  -376.01894292   222.79455152  1804.03585546  2171.45170609
    27.25573722]
Current x array =  [-0.64353555 -0.48264002 -0.93307917  1.76977596 -2.44028574  1.19617746
 -3.90910406 -3.87159909 -4.30005794 -6.28014701 -2.83555499 -3.29056063
 -2.92359461 -3.49891453 -3.97438916 -3.10701318 -4.59465356 -2.01786889]
log likelihood =  -23678.5110561
Edge derivatives =  [473.82140833297825, 129.10677998619008, 94.0936067927157, 36.24673001482187, 854.4282456464642, 175.5880896121195, 514.8986917469391, 183.7680756024987, 240.0686008837812, 316.8406393796886, 76.465642021459, -195.63914773717204]
other derivatives: [   42.97107807   326.08877518    98.07517927  1179.51494758  1752.64212885
   -62.45718396]
Current x array =  [-0.64334856 -0.60110136 -0.93280096  2.338121   -1.75618969  1.20476413
 -3.73380111 -3.81389233 -4.25874047 -6.26440789 -2.53453967 -3.20950478
 -2.74373527 -3.41944455 -3.8840422  -2.98956878 -4.56201999 -2.01509681]
log likelihood =  -34872.1659111
Edge derivatives =  [-34.63568077700955, -460.8465981803832, -179.50210371831926, -28.836361626588896, -187.1895746245369, -593.2518214330868, -61.34302744600291, -608.1936687785465, -489.9988452440542, -32.93694297172879, -174.76448475797895, -925.8412829432145]
other derivatives: [  -510.56995289 -80077.5254902     611.85492086  -1066.62118924
  -3271.27127093  -2149.05085159]
Current x array =  [-0.62947075 -0.05       -1.12839725  4.28695407  1.5277819   1.00795857
 -2.82265926 -3.58968062 -4.09354437 -6.20034225 -0.85495317 -2.91079962
 -1.72785069 -3.09384754 -3.42609453 -2.38082952 -4.42548975 -2.57318195]
log likelihood =  -21732.6577205
Edge derivatives =  [218.39229981546185, -60.01151689537418, -18.666989087330712, 11.383662330430784, 358.309721095121, -121.64996420644263, 284.71588554564505, -76.83237833613194, 47.741678338867786, 141.91403067570357, -13.151467575575541, -665.532698442299]
other derivatives: [  -80.164682    -274.30323826   -30.90899554 -1054.68825495  -465.41535994
  -293.92322176]
Current x array =  [-0.63872746 -0.41759293 -0.99793158  2.98705299 -0.66267673  1.13923085
 -3.43040463 -3.73923322 -4.20373266 -6.243075   -1.97526273 -3.11004047
 -2.40546104 -3.31102566 -3.73155254 -2.7868678  -4.51655748 -2.20093073]
log likelihood =  -21244.2290793
Edge derivatives =  [226.72913756238108, 0.5620390910263084, 9.000752223531101, 20.40132114088219, 374.0360026664208, -37.532119118017924, 315.29368836274256, -0.26826438857326595, 99.85944424565915, 158.9199288616381, 13.614687974355322, -401.64374044416917]
other derivatives: [  36.81379894  356.78458516   32.60320227 -458.66036089   14.44605005
 -233.31303964]
Current x array =  [-0.66151536 -0.51955895 -0.99500611  2.7217205  -0.70123819  1.03956618
 -3.32708256 -3.75014901 -4.20340622 -6.23678905 -1.8017208  -3.13802127
 -2.27812372 -3.32388248 -3.70000685 -2.71913286 -4.51568257 -2.4299026 ]
log likelihood =  -20463.1460709
Edge derivatives =  [130.97334449697215, 63.54202134142013, 31.072288777215398, 39.00476842464015, 107.18128123077562, 36.76963536043921, 271.5226109278919, 67.55926795661392, 132.96691575083287, 116.83726253261716, 40.85440951665427, 4.750197636097541]
other derivatives: [ 140.15349734  128.96343833  104.99643395   44.28329703  -34.49094947
 -220.2919859 ]
Current x array =  [-0.6794537  -0.49266491 -0.98857906  2.17209167 -0.42042668  0.7002068
 -2.91023612 -3.74626549 -4.18024007 -6.20661868 -1.09013382 -3.17986872
 -1.75449801 -3.31344592 -3.5359404  -2.43861051 -4.49180316 -3.14141776]
log likelihood =  -20260.7429932
Edge derivatives =  [68.12242526932764, 91.86687435928675, 44.734429899860565, 46.345710493804795, 0.6456183836615546, 83.93863638692747, 159.88064899848249, 100.14286737951527, 131.04857098568309, 56.164477168588824, 53.80243537596402, 126.16334314793762]
other derivatives: [-1621.85460795   404.63055484  -272.89861464    40.64131645  -120.49567886
   -39.77511369]
Current x array =  [-0.45549543 -0.52219948 -0.82163173  1.95963219 -0.47242521  0.13359391
 -2.50744317 -3.63337835 -4.11666649 -6.12182447 -0.63098929 -3.13860931
 -1.04585604 -3.19275034 -3.22916207 -2.11499163 -4.40906495 -3.45439185]
log likelihood =  -20069.0559117
Edge derivatives =  [29.554974194562476, 102.31579518926192, 49.92761912427133, 49.618325595794246, -89.56898542708558, 98.89334119797861, 67.00386563289835, 108.89906628870312, 125.88915920332704, 24.409512139629907, 60.16965230203446, 161.3164492498842]
other derivatives: [  50.65303412   15.2605935  -427.87032726   33.05540304 -256.39310479
    4.48781066]
Current x array =  [-0.647175   -0.47250536 -0.80888055  1.84259601 -0.46348836 -0.10504218
 -2.30752983 -3.57822269 -4.08416049 -6.08154101 -0.38653826 -3.11392158
 -0.71427972 -3.13236236 -3.08241951 -1.96087723 -4.36863592 -3.62244755]
log likelihood =  -19988.7756011
Edge derivatives =  [45.474174182548104, 104.147750909186, 53.12004616329668, 47.895153716157736, -13.541411481902694, 105.4488039399751, 77.52959618476635, 112.7077790839529, 126.80923802134943, 29.04336496616942, 60.9200417755007, 156.7173824936425]
other derivatives: [ 106.06127034 -118.99028323 -312.48710002   33.14198693 -123.19360394
   36.35614121]
Current x array =  [-0.65746298 -0.45498264 -0.84537481  1.89469213 -0.58435237 -0.1564687
 -2.30158494 -3.53942405 -4.06782102 -6.06159521 -0.44682183 -3.0824246
 -0.65779708 -3.092518   -3.03040817 -1.94517681 -4.34654844 -3.52358967]
log likelihood =  -19761.690788
Edge derivatives =  [63.787560872738425, 97.38041900953213, 55.60744268860076, 38.61827689484605, 144.10104072993892, 116.25026280597925, -8.949639767209344, 100.49486394917008, 77.28629035643948, 9.912721122165156, 56.126274258300754, 142.62495054314445]
other derivatives: [ 244.89527277  393.2571417   121.52559066  -86.21864254   38.20860002
  131.06509869]
Current x array =  [ -6.85574836e-01  -5.23554524e-01  -1.01958683e+00   2.00835199e+00
  -1.03059274e+00  -6.03529914e-01  -2.02249703e+00  -3.25616893e+00
  -3.93218156e+00  -5.90850758e+00  -3.78494711e-01  -2.86007882e+00
   2.78723657e-03  -2.79293225e+00  -2.57820678e+00  -1.69030238e+00
  -4.17502418e+00  -3.20174221e+00]
log likelihood =  -19638.415871
Edge derivatives =  [76.28706885219198, 99.30878344790636, 58.25515407588716, 33.14837125361194, 230.0833110033446, 134.6855586430673, -93.98374225650527, 100.51379475720586, 41.38598064848533, -0.8278055680365546, 55.483583612508546, 143.28424661693845]
other derivatives: [ 111.91441445 -536.1813237    95.76178854  -57.06933734  176.14511307
  156.31121641]
Current x array =  [-0.64922517 -0.40902978 -1.01900983  1.93975227 -1.42321585 -0.95145778
 -1.70788309 -2.97001945 -3.78734166 -5.75585645 -0.16662914 -2.62140566
  0.60012148 -2.49397583 -2.14911898 -1.44284723 -4.00020795 -2.93823598]
log likelihood =  -19543.0026695
Edge derivatives =  [68.12394986574104, 90.71016135742353, 53.269177378745376, 29.25467030870744, 216.9999221864073, 130.93248442273318, -133.24523709122502, 85.80885962518143, 8.471335567442942, -5.174834820413744, 50.61331827869464, 132.61145874266305]
other derivatives: [ -16.12497726 -226.26991267   95.36270227 -107.62851161  135.45795809
  154.51369109]
Current x array =  [ -6.26168346e-01  -4.39970586e-01  -1.02466221e+00   1.88481230e+00
  -1.56147205e+00  -1.06094955e+00  -1.53160410e+00  -2.79945213e+00
  -3.69815601e+00  -5.67108788e+00   5.65232125e-03  -2.46228987e+00
   8.59177689e-01  -2.31619085e+00  -1.92599653e+00  -1.32398218e+00
  -3.89748279e+00  -2.77086396e+00]
log likelihood =  -19266.3809654
Edge derivatives =  [33.69601102403496, 54.92819975787181, 34.371125886597355, 19.05905386367025, 110.68194351633858, 106.07015739092067, -201.8857785317227, 30.93108960078553, -82.54086140186267, -10.034718448243398, 34.78946444653613, 80.9851408652227]
other derivatives: [-491.90603022  204.59847292   31.76319296 -240.42346922  -39.84714567
  122.48383428]
Current x array =  [-0.55810294 -0.48707208 -1.0148376   1.57703093 -1.91607328 -1.14388617
 -0.9884798  -2.21467794 -3.3857735  -5.39634626  0.65590046 -1.86775256
  1.43202032 -1.71484772 -1.27570716 -1.01380169 -3.54950475 -2.12359814]
log likelihood =  -19054.8062627
Edge derivatives =  [18.955807520483862, 9.5542436240936, 17.68873744675471, 13.344702081124336, -2.7555613869196414, 57.61407316074462, -115.04493831946289, -24.736690206437984, -121.65960851123926, -2.4203372710122437, 20.82724207595062, -4.9514641659748095]
other derivatives: [-426.53409764  404.66147766   -2.37232598 -227.29800548 -104.21317711
   21.29927452]
Current x array =  [-0.56394257 -0.51708924 -1.01042306  1.21665362 -2.11458984 -0.87278118
 -0.63965445 -1.73483747 -3.1225819  -5.18825418  1.17921334 -1.31425553
  1.51159857 -1.23733401 -0.89972188 -0.87742291 -3.26681478 -1.46266261]
log likelihood =  -18993.1898715
Edge derivatives =  [19.76729331949297, 8.09521125252911, 11.36594952037528, 15.0101563661432, -69.88866683951191, 29.942803187168767, -28.959305373138374, -4.172575712440956, -33.87695095757679, 6.275207039564955, 22.205378053468454, -0.7558994460255679]
other derivatives: [-187.13471945  136.10770111  223.49413484   61.75978342  -70.55641618
  -54.72647899]
Current x array =  [-0.59537391 -0.48472248 -1.10022256  0.90689124 -2.06896782 -0.74464857
 -0.47468135 -1.58415529 -3.00061071 -5.10009638  1.35755572 -1.03060771
  1.38654435 -1.15050661 -1.02563468 -0.83898232 -3.13634281 -1.3137106 ]
log likelihood =  -18972.9533148
Edge derivatives =  [45.103710690573685, 3.5287124755004333, 11.543136055161886, 15.326593258897006, 21.22734841983334, 21.407545216644717, 14.032995284724624, -1.0926375772513366, -17.29291269263634, 13.498143322914533, 21.137644898200094, -15.046352421748963]
other derivatives: [  73.54610716   55.79786375  -15.2609573    73.63887562  132.96339603
  -35.96578608]
Current x array =  [-0.6238846  -0.47615421 -0.99902067  0.95611247 -2.15944362 -0.77870858
 -0.48644066 -1.57656805 -2.99063946 -5.08784779  1.24879391 -0.99898867
  1.3397136  -1.15877223 -1.0763949  -0.8493085  -3.11852961 -1.25893033]
log likelihood =  -18964.5652649
Edge derivatives =  [34.22078179899344, 6.79332777242574, 10.93617709780117, 15.847375033619166, -10.542989220956292, 20.04437449582508, -19.671827240170508, 2.5039883561036254, -10.39814777851236, 9.40327358576947, 22.00122659963503, -0.010960902395078964]
other derivatives: [ 62.16068869 -34.95988494  -6.2478648   37.76294761  36.23172233
 -20.71210474]
Current x array =  [-0.62315523 -0.4623794  -1.00279306  0.98478981 -2.08524656 -0.81489988
 -0.49271625 -1.62226952 -3.00951593 -5.1018222   1.22580872 -1.03808887
  1.32392942 -1.21013111 -1.13560042 -0.85394158 -3.13625645 -1.3526068 ]
log likelihood =  -18959.9058338
Edge derivatives =  [31.47789704327744, 0.345082598314306, 8.466291893715962, 15.689083312129195, -24.175951458882054, 4.399764829543583, -26.82832539308255, -1.5322493236371737, -4.663675309206184, 9.044349760123307, 20.404586663700155, -5.060377793623062]
other derivatives: [ 39.46624929 -81.64788596  -3.68127075   7.3476258   -8.07376637
 -20.06381692]
Current x array =  [-0.62007653 -0.45550042 -1.00536448  0.9911369  -2.06187793 -0.83479588
 -0.45266911 -1.60629946 -2.99047254 -5.0815525   1.2186892  -0.99627271
  1.30005288 -1.206678   -1.16761048 -0.84208296 -3.10749169 -1.34340438]
log likelihood =  -18952.5359616
Edge derivatives =  [31.993854042893688, -8.758546223676948, 4.377705977760614, 15.926307106862337, -29.899987516327634, -24.78562952485723, -31.51683317076663, -3.1894072028847944, 15.335303641305265, 10.424798573460663, 18.12961323651748, -8.868677711664574]
other derivatives: [-38.61314326 -95.44855857   2.94166966 -23.79456419 -44.22108759
 -12.32110662]
Current x array =  [-0.61023425 -0.45275621 -1.00891943  0.99919807 -2.02889481 -0.89735626
 -0.35728013 -1.58284061 -2.94957812 -5.03266467  1.17183486 -0.91661199
  1.232145   -1.21278842 -1.25237087 -0.81417052 -3.03953208 -1.33759529]
log likelihood =  -18946.7462897
Edge derivatives =  [29.819133407381987, -20.997365243279692, -0.16930918526534364, 15.970912718491189, -35.04511825696072, -58.62202674527583, -49.53020318168624, -9.019666998376758, 28.068425396340775, 10.88751138288222, 14.588392732163292, -12.815432265749829]
other derivatives: [ 107.02569853  -50.63593562   31.51217243  -60.53123798  -90.19313438
    1.2190867 ]
Current x array =  [-0.62968793 -0.45801803 -1.02675861  0.98016097 -2.030424   -1.0272087
 -0.15815361 -1.51514461 -2.87136526 -4.93616114  1.15175188 -0.79565466
  1.21685595 -1.1756454  -1.28326804 -0.73246488 -2.9134936  -1.30116518]
log likelihood =  -18937.0139493
Edge derivatives =  [35.01181054410889, -23.000718097315158, -2.1928559594788477, 16.796062279835283, -17.947604615443822, -74.26440166873508, -44.21711880863997, -4.950908117959414, 46.62470011180321, 16.461833138153224, 13.33230316316824, -7.7405585838643605]
other derivatives: [-41.62866389  20.09546733  22.71153789 -47.39304131 -58.69515007
  11.08492143]
Current x array =  [-0.61055212 -0.46717579 -1.02076316  0.96909369 -2.03263068 -1.13411245
  0.00779419 -1.49551974 -2.81616206 -4.85426197  1.07612841 -0.74059544
  1.13001861 -1.17999991 -1.34273449 -0.67505584 -2.80777045 -1.30151334]
log likelihood =  -18923.2635523
Edge derivatives =  [35.01641764723628, -21.892239725766586, -3.0294823267151583, 17.81678639134907, 6.632485104006982, -76.17717153089492, -39.92947124204764, -1.558711032639154, 57.13905520593308, 25.7339638274866, 11.841680649515771, 1.0934566107565953]
other derivatives: [-106.86308087   95.11131793    6.59274519  -15.24131221   -0.71122486
   21.34693204]
Current x array =  [-0.60259397 -0.47830101 -1.0128201   0.93857021 -2.06917886 -1.29616609
  0.27360835 -1.46318203 -2.73623376 -4.72659896  0.99580911 -0.7000527
  1.04799405 -1.16312645 -1.34680894 -0.57011754 -2.64964281 -1.29294085]
log likelihood =  -18906.6863069
Edge derivatives =  [-20.39260025069681, -20.31214266548266, -4.001568813777945, 18.977128824449427, 35.54634891917247, -65.88968105126507, -32.91929342056354, -3.3667662575180373, 56.39150793973472, 47.64747820914292, 6.454559841652767, 11.030819436365762]
other derivatives: [-135.55836631   88.07655831  -23.78837962    9.16115823   34.82455213
   27.86619007]
Current x array =  [-0.59869842 -0.47835317 -1.00148325  0.88943028 -2.13520813 -1.57978269
  0.7839422  -1.41222162 -2.59285608 -4.48098518  0.86999344 -0.67846791
  0.89355564 -1.12031892 -1.2822322  -0.35472002 -2.35364632 -1.27020863]
log likelihood =  -18954.8213386
Edge derivatives =  [-41.550488676724136, 22.708409155772184, 11.389583562130007, 24.164169467377796, 39.06884309549443, 24.89592919124252, -35.3452627824712, 25.26723783468523, 41.28177522924899, 68.19400879471797, 13.571282845455617, 55.617137614769966]
other derivatives: [  94.75916158  802.83280113   59.84584277   33.52142812   56.72263796
   31.6540536 ]
Current x array =  [-0.63991268 -0.61144538 -1.02594777  1.03358865 -1.95559522 -1.57390299
  0.61848225 -1.77377594 -2.72256056 -4.47407712  0.60213645 -1.2187427
  0.42251031 -1.42306958 -1.36700684 -0.28965202 -2.40489086 -1.62651977]
log likelihood =  -18900.9069668
Edge derivatives =  [-24.67456030346002, -9.157755300057294, -0.933756200739269, 20.106063756885074, 36.65301681719888, -41.42671596185183, -32.292757773746594, 3.6531657114585325, 53.49394410690824, 53.03176706099261, 8.287472394602883, 22.488544832465017]
other derivatives: [ -74.82522051  295.22852856   -3.21779225   18.92985892   44.74713933
   28.93211786]
Current x array =  [-0.60843164 -0.50978443 -1.00726082  0.92347494 -2.09279047 -1.57839414
  0.74486692 -1.49760684 -2.62348729 -4.47935376  0.80673593 -0.80606003
  0.78231285 -1.19181698 -1.30225271 -0.33935346 -2.36574831 -1.35435561]
log likelihood =  -18885.8093441
Edge derivatives =  [1.1852002991205541, 1.0537030500647342, 5.189738123011212, 20.072727014122453, 48.2247604567005, -6.638661524737635, -18.91426451077539, 6.72427457379683, 31.12246769648994, 58.790105516237695, 11.599539159131483, 22.097990575923426]
other derivatives: [ -27.44563972  143.30034901   -5.50826371   54.01925591  119.40173863
   24.02084647]
Current x array =  [-0.61398315 -0.48795579 -1.00440536  0.94440986 -2.10117134 -1.50668251
  0.65722091 -1.55580582 -2.66318504 -4.49778396  0.8052179  -0.94117555
  0.73145158 -1.21434958 -1.22217338 -0.33544859 -2.40632336 -1.3674109 ]
log likelihood =  -18867.6830153
Edge derivatives =  [-32.80430722521662, 6.984127034903954, 9.460241430875723, 20.098096769862455, 37.71441034983712, 17.36255039470238, -20.637502776569526, 4.401228395135622, 1.6419677437456413, 70.76434559557974, 9.11631310000407, 18.11390636019081]
other derivatives: [ 71.45208656 -23.551911    19.28710844  30.52555257  67.00938684
  13.67588993]
Current x array =  [-0.62761833 -0.46421547 -1.01590015  0.97024637 -2.04898993 -1.50093653
  0.71976596 -1.62596248 -2.6535388  -4.41101078  0.75571502 -1.09442194
  0.51887437 -1.25492243 -1.15228637 -0.21369443 -2.33137908 -1.39007611]
log likelihood =  -18853.1707071
Edge derivatives =  [-61.147308430671934, 7.807450226759436, 12.749293326243215, 19.374852732416546, 12.791362729932043, 30.556469652104628, -27.142390928983758, -1.5391711036371651, -33.36850018764138, 75.70628327363026, 3.5589959425357938, 2.2670982325572386]
other derivatives: [ 106.16640793  -75.31816664   31.90507414  -34.84601621  -38.66043699
   -3.61978891]
Current x array =  [-0.63359712 -0.45590633 -1.02270587  1.0137924  -1.959273   -1.432442
  0.68958322 -1.70880939 -2.65299985 -4.3311004   0.71682064 -1.25119525
  0.24496659 -1.31018119 -1.10717944 -0.07516276 -2.27527308 -1.39438338]
log likelihood =  -18836.8596292
Edge derivatives =  [-96.25391551174455, 8.870497277167422, 14.761678056781939, 19.369473432855127, -1.6230333574424605, 35.50505943146962, -31.400905726321575, -1.7523708634072863, -47.21578536922752, 72.18450667523598, -5.874411115045167, -9.075258566317483]
other derivatives: [ 120.43929019 -111.76416592   31.72135621  -80.28437151 -140.71447367
  -19.60179361]
Current x array =  [-0.63691724 -0.45014244 -1.02313388  1.03474242 -1.87337941 -1.41412206
  0.69302036 -1.7838802  -2.61703458 -4.19371573  0.65303363 -1.36842888
 -0.11001496 -1.37609026 -1.12199369  0.14996458 -2.16285662 -1.4023041 ]
log likelihood =  -18813.4342509
Edge derivatives =  [-104.61730470582877, 7.762028849826054, 18.187177664161286, 17.747886901492517, -31.547110115544342, 39.24981547297404, -26.60863271214539, -2.213706546806359, -70.76959240287157, -6.370234380065165, -30.47566976291265, -40.4754145254335]
other derivatives: [  80.00170055 -118.7378075    30.08717613 -150.31109797 -326.6868589
  -52.83363862]
Current x array =  [-0.63279038 -0.44739547 -1.02356403  1.02537072 -1.77202801 -1.35248434
  0.61126163 -1.86925882 -2.51105802 -3.88542764  0.63641869 -1.51681856
 -0.78509192 -1.44460185 -1.11099263  0.71303114 -1.93411697 -1.33847403]
log likelihood =  -18777.435286
Edge derivatives =  [-63.72021716919638, 4.543968172536679, 14.261733235476008, 18.29342528451138, -16.68317071322617, 30.30767518536717, -20.95494187417913, -3.19555255415223, -48.12435186602059, 20.369665071657835, -23.4874023161008, -37.356038223733684]
other derivatives: [  85.46521713  -81.10728231  -10.07501851  -63.78468242 -177.5475539
  -50.86621968]
Current x array =  [-0.63068197 -0.45438617 -1.00697253  0.95192442 -1.89930776 -1.40567989
  0.65341437 -1.74840328 -2.44748523 -3.8446911   0.76716668 -1.33850771
 -0.62579052 -1.33952571 -1.07792747  0.74979234 -1.91562782 -1.2509319 ]
log likelihood =  -18741.6837612
Edge derivatives =  [-34.3431091919065, 3.7760060044202013, 7.621042632863863, 20.18645007597729, 35.20032805378019, 7.8941111529741566, -8.277448357977379, 4.64361729687198, 14.619057688928915, -5.894356648766763, -30.98901564968895, -16.040385557465708]
other derivatives: [-100.93426681   24.88959581   10.57051122   57.37092579   -7.03948899
  -35.93013389]
Current x array =  [-0.60474917 -0.47128577 -1.01401919  0.82180804 -2.11302862 -1.69228513
  0.86363955 -1.57897776 -2.2145532  -3.50262281  0.9008039  -1.04922781
 -0.77093761 -1.22071358 -1.12007025  1.19772249 -1.66814589 -1.16047796]
log likelihood =  -18738.5266762
Edge derivatives =  [12.887172861793037, -1.8846243228346966, 3.1411619143630287, 20.282524479636514, 18.805816459996684, -9.43037972119013, -5.557454396711288, 1.0201502652176626, 25.635938168191757, -13.262685852323063, -28.80289996249365, -17.72358112942346]
other derivatives: [ 207.77151803   44.89411367  -40.29097909   40.09452823   24.76699592
  -35.83045327]
Current x array =  [-0.6445919  -0.47491655 -1.00066218  0.84972517 -2.13545449 -1.69955358
  0.72750355 -1.55939649 -2.19673205 -3.47937676  0.97508973 -0.97545405
 -0.7971856  -1.21637618 -1.17425337  1.23964304 -1.72033747 -1.16803447]
log likelihood =  -18733.1838294
Edge derivatives =  [15.31646244129145, 1.7936433807841592, 5.529789035022609, 20.941705274269093, 20.52003056615339, -0.7892609355850084, -5.459807567956853, 4.380344852936206, 21.012912816285873, -3.3967192481350628, -25.094343898394754, -10.257520053081377]
other derivatives: [ 14.89170245  42.07940947  -8.64492904  42.86557669  44.15305739
 -33.23475539]
Current x array =  [-0.61918722 -0.47368678 -1.00937307  0.87396648 -2.13085444 -1.69985048
  0.70382958 -1.58820328 -2.22398627 -3.51082994  0.96114725 -1.02399271
 -0.77376143 -1.23633909 -1.16557485  1.18586649 -1.76251708 -1.20855245]
log likelihood =  -18730.574428
Edge derivatives =  [8.925999238192412, 3.022740689002827, 5.495078025862339, 21.456044613425988, 19.598827760360564, -0.6551625501040824, -6.41620599716743, 5.848295221172577, 22.853422818294476, -5.832871525318679, -24.81490912854077, -3.396405795165674]
other derivatives: [-39.10572559  21.23051672   6.71425369  30.44806363  35.92249413
 -28.99942046]
Current x array =  [-0.61273587 -0.47011448 -1.01535276  0.89541569 -2.12603879 -1.74055393
  0.71019484 -1.60407032 -2.2227538  -3.49675475  0.94781762 -1.03785088
 -0.79752264 -1.25398212 -1.18224838  1.18404903 -1.77341136 -1.24835454]
log likelihood =  -18726.2521972
Edge derivatives =  [2.6570570501264013, 4.087129458496786, 4.947823388431805, 22.4138912309661, 13.903902186159012, -2.1442058674737945, -7.375588125297768, 7.631025922472712, 23.981640525523282, -12.447758476677098, -23.777830161403458, 9.802676711162594]
other derivatives: [-65.5225449    6.09870767  15.57491487  -1.4937541   25.38436092
 -20.41560947]
Current x array =  [-0.61003845 -0.46696797 -1.02050877  0.94260824 -2.13003803 -1.84656508
  0.71254993 -1.62951791 -2.20763862 -3.43979973  0.94401766 -1.05703683
 -0.8627463  -1.28234664 -1.20482754  1.20049455 -1.80582329 -1.330057  ]
log likelihood =  -18720.005849
Edge derivatives =  [-4.031221410600363, 5.245497425056163, 4.930369637885428, 23.296508875065246, 3.152122805644881, -1.3818220667988317, -7.554579955260571, 10.238788368291923, 19.394731750367622, -18.10345435252061, -19.71090366282566, 20.29691623041952]
other derivatives: [-58.44158295  28.90919859   3.58886609 -13.14438123  11.19515218
 -12.51937647]
Current x array =  [-0.61118807 -0.46972407 -1.01670869  0.95242707 -2.13489631 -1.99852253
  0.7316293  -1.63735148 -2.16925685 -3.32326604  0.96639336 -1.06690661
 -0.9504539  -1.28851406 -1.18524382  1.22916963 -1.85655259 -1.38508872]
log likelihood =  -18789.8276719
Edge derivatives =  [23.09330958125524, 3.954166093242118, 2.5703157103769207, 21.253918804724478, -16.212317330375946, -7.206823233180099, -0.6095365979372244, 18.692817736298277, 6.481473483772129, -35.66723490427966, -2.3608676316744286, 42.92400596797339]
other derivatives: [  126.33645383 -1386.22344821    33.77936082    28.75203791    53.12140274
     2.49638106]
Current x array =  [-0.6336895  -0.33532521 -1.0359381   0.91130626 -2.21797429 -2.66174948
  0.78128094 -1.57781934 -1.93662853 -2.71259594  1.127667   -0.98383327
 -1.33466077 -1.22277894 -1.06959699  1.42557908 -2.05722143 -1.46848123]
log likelihood =  -18716.9241575
Edge derivatives =  [0.8686411516070078, 5.543572765178026, 4.737483406150855, 23.64502128084037, 0.40802704621803976, -1.9430003853224025, -6.011302747717555, 12.026789279717166, 17.709304843044247, -20.3180736191628, -15.97039747655282, 24.96500615194726]
other derivatives: [ -23.72726158 -156.73649614    8.93705874   -2.57205102   21.72382665
   -8.59399734]
Current x array =  [-0.61512815 -0.44619033 -1.02007583  0.94522667 -2.14944357 -2.11465602
  0.74032349 -1.62692718 -2.12852277 -3.21633544  0.99463297 -1.05236016
 -1.01772994 -1.2770036  -1.16499363  1.26356165 -1.89169045 -1.39969105]
log likelihood =  -18707.5941854
Edge derivatives =  [-8.351261568246473, 4.861808291454027, 4.569811727340492, 23.097517388288416, -23.05294299866713, -0.3367006185566837, -5.412896794675606, 15.318124976282762, 1.3427912992366793, -24.755990798216192, -7.418305066799067, 35.88227163884769]
other derivatives: [ 24.29151209 -50.3478077  -20.36576916  -0.91895345  -4.09600034
  -0.92550181]
Current x array =  [-0.6211973  -0.45988561 -1.01005006  0.91541592 -2.16508999 -2.4230824
  0.79194868 -1.60830138 -2.03392813 -2.94851752  1.06719488 -1.04440848
 -1.172267   -1.2488771  -1.07753231  1.31421303 -2.00238902 -1.4441585 ]
log likelihood =  -18702.7921653
Edge derivatives =  [-8.356931762350202, 1.1954645548988259, 3.5859695448996467, 20.300279633321633, -31.13188720082094, -1.773491463327218, -4.187750928702978, 13.663827645860634, -10.981706759769349, -20.547729335999687, -3.007251949021513, 35.15365132463355]
other derivatives: [ 45.21389201  -6.04013621  -1.53522706   1.82772055  -8.1028702
   1.43372745]
Current x array =  [-0.62397394 -0.46601467 -1.01897311  0.88874215 -2.18130402 -2.62767374
  0.82141748 -1.57772048 -1.96208611 -2.75013327  1.11055962 -1.01960688
 -1.2619371  -1.20481034 -1.01154035  1.33140587 -2.08159169 -1.42786605]
log likelihood =  -18696.9346005
Edge derivatives =  [-3.012000514080781, -6.051933036978662, 1.5717971115907585, 11.32985960585198, -26.527706747812264, -4.671237816598109, -1.8062814724953289, 6.24265803880205, -25.914611546974857, -15.01533358487947, 0.02102268547593178, 23.176191468579116]
other derivatives: [ 19.72912287  20.02452675 -50.29287422 -11.09801815  -7.84966687
   2.79251253]
Current x array =  [-0.61968136 -0.46973079 -1.00136872  0.86718504 -2.18411032 -2.89655768
  0.82755159 -1.55394558 -1.86671318 -2.45228077  1.11351644 -1.01034766
 -1.43119209 -1.14487664 -0.95061307  1.33276469 -2.20296573 -1.37011396]
log likelihood =  -18698.0421701
Edge derivatives =  [-4.773492978517815, -4.955248275403219, 5.429348915216392, -2.7355421079689375, 20.706391296158372, 7.010581917297895, 1.4471131774645276, 2.3008438057380896, -29.149857075562835, 10.631822564437524, 4.500500883856382, 9.860927164294136]
other derivatives: [  66.52808224   64.37439879  126.07088138   21.81113814   42.13070497
    3.3815013 ]
Current x array =  [-0.62942125 -0.47713392 -1.07278402  0.85400534 -2.15254105 -3.18019487
  0.83291634 -1.59359047 -1.79650744 -2.13751733  0.99709498 -1.09541064
 -1.64473394 -1.11013305 -0.93926653  1.23507062 -2.36407407 -1.31001481]
log likelihood =  -18693.9694043
Edge derivatives =  [-3.6413538430554837, -5.4131634809529245, 3.385641125052986, 5.789968207435681, -4.725033273835294, 1.0708244776271212, -0.24640126023860948, 4.6616438802304305, -27.451449795345063, -3.12493008503251, 2.3554610846959987, 17.125958756191345]
other derivatives: [ 40.88688002  40.59402272  34.07221811   5.31981641  16.39928087
   3.13775672]
Current x array =  [-0.62416327 -0.47313742 -1.03423121  0.86112026 -2.16958339 -3.02707629
  0.83002023 -1.57218859 -1.83440728 -2.3074391   1.0599439  -1.04949027
 -1.52945559 -1.12888901 -0.94539184  1.28780975 -2.27710141 -1.34245871]
log likelihood =  -18691.291252
Edge derivatives =  [5.908661699788947, -6.970565413729105, 1.4739403190244778, 2.4073583755679016, -0.4679232980922863, -3.157821209588442, 0.483987146455702, -1.399207267731367, -17.805353957524705, -4.203961899024702, 0.8191923740099244, 2.7096325182934127]
other derivatives: [ -2.35559128  24.38209776  18.16697477  -6.41230145  10.49957064
   2.63862603]
Current x array =  [-0.61838587 -0.47062683 -1.02734191  0.86697786 -2.14377877 -3.01422818
  0.77977535 -1.58102274 -1.82918585 -2.27495858  1.02728269 -1.04877397
 -1.566529   -1.11845039 -0.99391002  1.26618364 -2.29717925 -1.28886663]
log likelihood =  -18690.1265165
Edge derivatives =  [6.768951082514887, -3.5634419833655597, 2.464496565390151, 3.79094629179162, 5.122429946505146, -0.9246275578018271, 0.5670941139511505, -2.22230502637069, -6.2868501607003635, 0.16631998756408461, 0.40993847697258845, -4.68920110127365]
other derivatives: [-11.61752152   1.90666469   1.80989446   0.87347871  12.45280146
   2.41525413]
Current x array =  [-0.61730441 -0.46770062 -1.01903202  0.87315966 -2.11112865 -2.94163223
  0.74401667 -1.61251002 -1.85651546 -2.32106956  0.98245113 -1.07970272
 -1.55539988 -1.13333495 -1.051476    1.21486507 -2.30122903 -1.26894119]
log likelihood =  -18690.1402277
Edge derivatives =  [-4.0399015350177105, -3.4843759864022736, 1.4760952194604986, 2.085569417132142, -1.9784905936022184, -2.4225166022590874, -0.507212036796927, -4.2186970741903895, -3.4984927415475333, -2.739953133314503, -0.0681058822757381, -7.350429626733993]
other derivatives: [ 51.53415259  -4.26698534  -6.04341039 -12.54375093 -19.63635441
   2.56331987]
Current x array =  [-0.62565635 -0.46667069 -1.01703004  0.87647382 -2.08775701 -2.94956137
  0.74510795 -1.62646731 -1.85170728 -2.29850906  0.96999356 -1.09146093
 -1.57054851 -1.13811091 -1.07380568  1.198543   -2.31264341 -1.27092936]
log likelihood =  -18689.9741132
Edge derivatives =  [1.5072575874673646, -3.5257946529006903, 1.9858354007879144, 2.9705054230440435, 1.6551033657763223, -1.6530444419610306, 0.04054152554234364, -3.1932995235040798, -4.920682666048576, -1.2530831997832932, 0.17749226198642507, -5.984409509505457]
other derivatives: [ 19.50975275  -1.11067493  -2.02708179  -5.66724339  -3.18541424
   2.4891051 ]
Current x array =  [-0.62138955 -0.46719686 -1.0180528   0.8747807  -2.099697   -2.94551057
  0.74455044 -1.61933688 -1.85416366 -2.31003465  0.97635782 -1.08545395
 -1.56280946 -1.13567099 -1.06239801  1.20688154 -2.30681209 -1.26991365]
log likelihood =  -18689.8262713
Edge derivatives =  [-1.9345319491018604, -1.9604228622530542, 2.349088050538399, 3.088378272532758, 0.9805897574785576, -0.5301944240458063, -0.19903920022437968, -1.9162978002270667, -1.892707397223107, -1.4364444134767873, 0.5254794034242396, -3.984199746211945]
other derivatives: [-4.08690539 -6.31225703  0.63882908 -4.5150955  -7.41856638  2.73030309]
Current x array =  [-0.61858655 -0.46636556 -1.01832221  0.87899311 -2.091288   -2.94698406
  0.74326765 -1.6329782  -1.856889   -2.30920485  0.96736329 -1.09880439
 -1.57037727 -1.14593466 -1.07818681  1.1972494  -2.31237928 -1.28403266]
log likelihood =  -18689.7643821
Edge derivatives =  [-1.639900199238995, -1.023998094403582, 2.580443119767752, 3.032186339445957, 1.7734730401163354, 0.133679005688053, -0.08552779765402527, -0.7206097162782369, -0.17925490643150432, -0.9148292637578934, 0.8729182564559421, -1.921883146571784]
other derivatives: [-1.03209459 -4.65006451 -1.2194505  -0.35070116 -2.76559149  2.88673618]
Current x array =  [-0.61904675 -0.46668279 -1.01733527  0.87965539 -2.09165374 -2.95423292
  0.7431893  -1.6388597  -1.85455366 -2.30144624  0.96589609 -1.10357658
 -1.57787386 -1.15076645 -1.08436099  1.19592372 -2.31584604 -1.29387782]
log likelihood =  -18689.7106764
Edge derivatives =  [-0.7673052029269734, -0.578828371281232, 2.319049221069664, 2.3823523304874654, 0.7022830388690322, -0.1741448759918062, 0.015070710569812292, -0.04236606027801765, 1.0523796904344305, -1.0638640823187142, 1.0423726879939494, -0.27007491177831233]
other derivatives: [-0.53878466 -1.0648364  -0.85965439  0.63191692 -1.24055077  2.99369276]
Current x array =  [-0.61917124 -0.46716948 -1.01747561  0.88043267 -2.09313968 -2.96484312
  0.74223059 -1.64258099 -1.84634383 -2.28372179  0.96965194 -1.10403795
 -1.58877135 -1.15327694 -1.08856541  1.19801501 -2.31938939 -1.30229562]
log likelihood =  -18689.6739558
Edge derivatives =  [0.5685889578918932, -0.16695902842011512, 1.811842585460746, 2.2574694799147395, -0.062140298755939405, -1.0409246747339203, 0.07978333922942808, -0.025608429231581686, 2.4749297062226194, -0.4383026470149037, 0.6170722832170479, -0.23363067045771757]
other derivatives: [  1.71930878e+00   2.38174835e+01  -1.47338142e+00  -1.07029337e+00
  -1.05501385e-02   2.85799615e+00]
Current x array =  [-0.61956377 -0.4704756  -1.01726524  0.88338056 -2.09307403 -2.94301371
  0.73703007 -1.64766328 -1.84114012 -2.28328489  0.97019953 -1.10454646
 -1.58578376 -1.15700308 -1.09594222  1.19391985 -2.31223853 -1.30533326]
log likelihood =  -18689.6127586
Edge derivatives =  [1.834448070076855, -0.024062254124289084, 1.457546245838993, 1.7933052464385895, -0.9499511417187214, -1.5912703017928072, 0.18952125406170064, 0.16424109195663567, 2.7107996905225322, 0.04373037966485782, 0.5646012645973534, 0.3888566758509198]
other derivatives: [  4.19531716  12.15157681  -0.30595402  -0.68212103   1.68984116
   2.82816472]
Current x array =  [-0.61984334 -0.46890398 -1.01786123  0.88357554 -2.09515437 -2.94077033
  0.73593516 -1.64881024 -1.83343822 -2.27223749  0.97479689 -1.10281311
 -1.58865127 -1.15738038 -1.09608372  1.19440405 -2.31104451 -1.30831144]
log likelihood =  -18689.530525
Edge derivatives =  [2.930228241124047, 0.11517554133978253, 0.8128441230687156, 1.3537335351349518, -2.2810919516659602, -2.5945504176079757, 0.2643470396099408, -0.02016509936426536, 2.4272966716257125, 1.3831079868645275, 0.13842634223822298, 0.3048817075226936]
other derivatives: [ 4.87052603 -0.29540388  1.54977897 -1.91939762  2.26755219  2.61497917]
Current x array =  [-0.61987074 -0.46718586 -1.01877319  0.88429909 -2.09660721 -2.91685444
  0.73412193 -1.65098799 -1.82280087 -2.26479131  0.97966284 -1.10117244
 -1.58323668 -1.15804719 -1.09516341  1.19033649 -2.3027329  -1.30901299]
log likelihood =  -18689.4437791
Edge derivatives =  [2.924244622730914, 0.41534077386307816, 0.13451984163954195, 1.1305317164902124, -3.3048379445989635, -3.495903978550564, 0.2615399402379302, -0.2686197635756799, 1.5647597025087878, 3.416586940122656, -0.5391381689633548, -0.026777105818925062]
other derivatives: [ 3.85116437 -7.4505806   3.02497938 -3.35785444  1.90702849  2.2322638 ]
Current x array =  [-0.61968584 -0.46616994 -1.019429    0.8846705  -2.09688871 -2.87306201
  0.73390483 -1.65466208 -1.81112111 -2.26291615  0.98255074 -1.10199308
 -1.56916787 -1.15986539 -1.09267245  1.18200604 -2.28794017 -1.30904145]
log likelihood =  -18689.3367809
Edge derivatives =  [1.5739244859938812, 0.8419458392365328, -0.44717789302264, 0.9242773227205989, -3.9675026079877385, -3.9450766938094888, 0.15397059530258947, -0.10515748736278818, 0.12308821509276324, 4.590505501542417, -1.2396049329374295, 0.34767868558923515]
other derivatives: [ 0.50822564 -8.65402399 -1.37733878 -2.92784534  0.0512955   1.70584826]
Current x array =  [-0.6191244  -0.46599388 -1.0175201   0.88178137 -2.09680557 -2.81768117
  0.73787843 -1.65801775 -1.79579457 -2.25889744  0.98475761 -1.10569615
 -1.55051347 -1.16253766 -1.08685267  1.17716586 -2.26909154 -1.31126373]
log likelihood =  -18689.3471822
Edge derivatives =  [1.077121796275436, 2.4919458585890704, -0.24945152404531612, 1.2061629267999097, 1.000148371651188, -2.2584407958979402, 0.22795325001639344, 1.0668610524228164, 0.2964690132434944, 6.126834824098893, -2.0836550520909265, 0.6238666855623745]
other derivatives: [ 12.325836    -5.36128937  21.17631084   7.79182301   5.70144039
   0.38162398]
Current x array =  [-0.62101275 -0.46665419 -1.02590697  0.8754381  -2.0937214  -2.70481569
  0.74005294 -1.66699433 -1.77545391 -2.26034262  0.974125   -1.12479617
 -1.51480484 -1.17004736 -1.08638434  1.16970888 -2.23842374 -1.31188455]
log likelihood =  -18689.2725927
Edge derivatives =  [1.3292613366000263, 1.646487494249084, -0.345534171927783, 1.0648002153625327, -1.5662109221943332, -3.1100499207858014, 0.18638485091751625, 0.4717503719278739, 0.21663691978805755, 5.339451317640602, -1.6344617080084447, 0.49040186671741054]
other derivatives: [ 6.20093488 -7.06095307  9.55224095  2.27155397  2.81252142  1.10776455]
Current x array =  [-0.62003509 -0.46631233 -1.02156483  0.8787222  -2.09531817 -2.76324959
  0.73892713 -1.66234688 -1.78598489 -2.25959441  0.97962983 -1.11490751
 -1.53329228 -1.16615936 -1.08662681  1.17356958 -2.25430139 -1.31156313]
log likelihood =  -18689.184575
Edge derivatives =  [-0.5301569992333084, 1.6513133609746538, -0.30104263978594886, 0.6706087648954376, -0.5648660746337522, -2.4612833811875086, 0.03027955306947132, 0.6416035345879116, -0.4737417993293165, 3.7208081217258346, -1.8773141457319458, 0.7237323177395099]
other derivatives: [-1.17724994 -2.56477506  1.57233444  2.70629243 -0.26775524  0.73960109]
Current x array =  [-0.61897365 -0.46690975 -1.01806911  0.87610827 -2.09386689 -2.73271384
  0.74309734 -1.66317764 -1.77700379 -2.25232398  0.97594527 -1.12355857
 -1.52473136 -1.16782683 -1.08424145  1.1783154  -2.24724405 -1.31344943]
log likelihood =  -18689.1378285
Edge derivatives =  [-1.1970978733612596, 1.2747789113804013, 0.02406717360972309, 0.24996164759601447, 0.7370703031253867, -1.5776930558958686, -0.04109833635870139, 0.6190777218246649, -0.5506621222629793, 1.4065702377493638, -1.7800940928839486, 0.6298404050336806]
other derivatives: [-1.02154445  2.03071977 -1.55814632  2.43271643 -1.80407369  0.64283086]
Current x array =  [-0.61897826 -0.46753601 -1.01676572  0.87551448 -2.09358211 -2.72710277
  0.74487711 -1.66138975 -1.77403936 -2.24514235  0.97224968 -1.13074564
 -1.52502605 -1.16756233 -1.08430688  1.18689306 -2.2495651  -1.31360463]
log likelihood =  -18689.1127599
Edge derivatives =  [-0.24802195802042937, 0.8067633184345465, 0.36378517869653265, -0.2267333962773213, 2.161283842068956, -0.6639909647686412, 0.04387128975651889, 0.5450501345299594, -0.2988129092997607, -0.10342143115111802, -1.63635473649083, 0.4095532709138235]
other derivatives: [ -9.53405106e+00   3.41497071e+00   5.45696821e-03   2.03472155e+00
   1.72803993e-01   5.32236299e-01]
Current x array =  [-0.61790861 -0.46769557 -1.01730091  0.87688792 -2.09581405 -2.72137607
  0.7444628  -1.65896334 -1.77038993 -2.23738088  0.97083564 -1.13778579
 -1.52601649 -1.16669447 -1.0854568   1.19459604 -2.2534938  -1.31303589]
log likelihood =  -18689.1096244
Edge derivatives =  [0.2121994043123656, -0.07382037207467207, 0.5103814599709, -0.8742271764585624, 2.446790002265688, -0.05545093057679165, 0.026620070738128977, -0.062236622069939906, -0.7100690114334918, -1.846119055085809, -1.6915269317938337, -0.36859769604072273]
other derivatives: [ 12.03079592   1.48538675  -3.18032107  -1.27984094  -0.3947207
   0.31614036]
Current x array =  [-0.62062798 -0.4674496  -1.01657273  0.87932818 -2.09801244 -2.70928409
  0.74444404 -1.65563263 -1.76507289 -2.22954161  0.97104164 -1.14554014
 -1.52452081 -1.1651773  -1.08551483  1.20218916 -2.25665091 -1.3114436 ]
log likelihood =  -18689.092304
Edge derivatives =  [0.4538920513585478, 0.21459016374068923, 0.4047218674937583, -0.6493824032547468, 1.9529464820695988, -0.36749646167984995, 0.0651294445950502, 0.10646028374871397, -0.49669997214221917, -0.8248308937123692, -1.6706096915037958, -0.14227748790168965]
other derivatives: [ 1.0808435   0.39362931 -0.28048817 -0.43983164  0.36452548  0.39690349]
Current x array =  [-0.61924603 -0.46727381 -1.01753661  0.87913014 -2.09788922 -2.71357767
  0.74375403 -1.65668959 -1.76659948 -2.23244429  0.97250455 -1.142154
 -1.52515797 -1.1654739  -1.08575283  1.19844454 -2.25597999 -1.31177784]
log likelihood =  -18689.0888092
Edge derivatives =  [0.6164032758153402, 0.19398300325405626, 0.36313625352644535, -0.6460346269578997, 1.5659300471101614, -0.41969996723906033, 0.07395464975539442, 0.06808025194552159, -0.4860180066246138, -0.5427010082641084, -1.6809311488824934, -0.1869909395354445]
other derivatives: [-0.44346962 -0.52823452  0.47220965 -0.71377144  0.48858055  0.3768946 ]
Current x array =  [-0.61905034 -0.46713447 -1.01784444  0.87947616 -2.09826446 -2.71177362
  0.74348484 -1.65659489 -1.76600796 -2.23273062  0.97372861 -1.1420374
 -1.5245562  -1.16534523 -1.08583404  1.1975765  -2.25603017 -1.31160005]
log likelihood =  -18689.0808893
Edge derivatives =  [0.8640780806161298, 0.08271275219967994, 0.350988871675729, -0.6577739658738402, 0.537030309365587, -0.3206910912543304, 0.07556800325622465, 0.0032315672586714084, -0.39151863790029484, -0.13010702788170558, -1.6341504974278855, -0.282674004610937]
other derivatives: [-1.65709935 -1.70657586  1.38606993 -1.14523573  0.53078111  0.31504896]
Current x array =  [-0.61888747 -0.46695162 -1.01823754  0.87997499 -2.09922965 -2.70596641
  0.74334616 -1.65578796 -1.7639753  -2.2328501   0.97692273 -1.14326023
 -1.5228862  -1.16484114 -1.08621271  1.19658016 -2.25751438 -1.3110921 ]
log likelihood =  -18689.0695102
Edge derivatives =  [0.9871307544056663, -0.007742419663233746, 0.4718364001572458, -0.6054882767292084, -0.6880485013827825, 0.10619056305216767, 0.06904231162480574, 0.09122537312448159, 0.05138341055237072, 0.2160354822023205, -1.3860953555121427, -0.23217062465840793]
other derivatives: [-1.84663804 -0.23428584  1.54905138 -0.41109161  0.81818143  0.27066562]
Current x array =  [-0.61885748 -0.46715523 -1.01826438  0.87957132 -2.10035054 -2.69909914
  0.74399626 -1.65425058 -1.76096112 -2.23289653  0.98092226 -1.14611415
 -1.52138299 -1.16395572 -1.0873985   1.19625095 -2.26253674 -1.31054149]
log likelihood =  -18689.1135241
Edge derivatives =  [-0.7552683309003507, -0.2505924371706161, 0.7691788183290418, -0.5859262206632577, -2.293506812342293, 1.2488009821834511, -0.10927270862840897, 0.21578641709426394, 0.6535086690518195, -0.591954614457504, -0.808726508860758, -0.19832701282496162]
other derivatives: [ -1.10267138e+00  -2.80433596e+01  -1.09866960e-01   1.02045306e+00
  -2.36577762e+00  -1.45519152e-02]
Current x array =  [-0.61883123 -0.46346067 -1.01748947  0.87795926 -2.09994973 -2.67282475
  0.74849621 -1.65120054 -1.75129641 -2.23208887  0.98445077 -1.15672328
 -1.51522569 -1.16243872 -1.08957059  1.19873129 -2.27445394 -1.30987346]
log likelihood =  -18689.0663687
Edge derivatives =  [0.6287319885210294, -0.05725896178325229, 0.5330693215417265, -0.6012940219831502, -1.0182780106414757, 0.3443315192667984, 0.032315050274713195, 0.11756734660420642, 0.17574744697037614, 0.0502916236056693, -1.266274692078614, -0.22492007935205993]
other derivatives: [-1.69566192 -5.91571734  1.20708137 -0.11532393  0.16734703  0.21100277]
Current x array =  [-0.61885209 -0.46639561 -1.01810505  0.87923987 -2.10026813 -2.693697
  0.74492147 -1.65362347 -1.75897401 -2.23273047  0.98164774 -1.14829544
 -1.52011702 -1.16364382 -1.0878451   1.19676092 -2.26498698 -1.31040414]
log likelihood =  -18689.0590762
Edge derivatives =  [0.3026797434539884, -0.13069362166385923, 0.6670103780535471, -0.5390598128677742, -1.6803750469466534, 0.7576189578460258, -0.0037777347166599376, 0.20927833066184492, 0.5700242479182831, -0.02851951571587219, -0.997981903563701, -0.14480878344336523]
other derivatives: [-0.22773747 -2.09947757  0.6690243   0.66538632 -0.19172148  0.17935236]
Current x array =  [-0.6190458  -0.46692443 -1.01784157  0.87850978 -2.10058185 -2.68890101
  0.74615571 -1.65231952 -1.75654571 -2.23290712  0.98348284 -1.15118351
 -1.51937088 -1.16287883 -1.08899575  1.19737688 -2.27064105 -1.31009928]
log likelihood =  -18689.0542094
Edge derivatives =  [-0.1073123487552754, -0.18501160779573333, 0.6960474472442049, -0.48172250305061226, -1.641163297968809, 0.8840504267983751, -0.030879453561396406, 0.2083781895336066, 0.697684970321405, -0.16569590888321573, -0.8270160547004421, -0.11453955867902171]
other derivatives: [ 0.72868716 -0.22046152 -0.0854925   0.83746272 -0.53041731  0.16516424]
Current x array =  [-0.61916887 -0.46718524 -1.01751984  0.87830432 -2.10048845 -2.68696366
  0.74717376 -1.65171769 -1.75517213 -2.23366113  0.98319014 -1.15245564
 -1.51923846 -1.16236216 -1.08950962  1.19777507 -2.27486474 -1.31002295]
log likelihood =  -18689.0456325
Edge derivatives =  [-0.8312133057126732, -0.25545028854690766, 0.642984094167599, -0.3221447944921659, -0.9941832489107832, 0.8916839825918347, -0.055242540133582825, 0.15168072716324388, 0.7671638939710053, -0.200659156891435, -0.5160994948681549, -0.056651221323062384]
other derivatives: [ 1.77715265  1.85900717 -1.03718776  0.9433279  -0.5496986   0.12878445]
Current x array =  [-0.61930727 -0.46747862 -1.0171088   0.87839883 -2.10036208 -2.68322613
  0.74899745 -1.6510355  -1.75232985 -2.23627435  0.98135828 -1.15373075
 -1.51884958 -1.16136887 -1.09002363  1.19769242 -2.28324158 -1.31003044]
log likelihood =  -18689.0382398
Edge derivatives =  [-1.2812426920715734, -0.3222570223779213, 0.4249594496972995, -0.15795150036182726, -0.33959094632970654, 0.585995201097795, -0.05980988290922666, -0.01100808676456283, 0.5319502562126459, -0.020816202549941765, -0.28391236355638527, -0.06069341871614331]
other derivatives: [ 1.17470336  2.25409167 -0.77707227  0.28667273 -0.50276867  0.04947651]
Current x array =  [-0.61923855 -0.46752071 -1.01721111  0.87921103 -2.10028191 -2.67786568
  0.74987323 -1.65091361 -1.74881771 -2.23969466  0.97947269 -1.15373422
 -1.51772945 -1.1604463  -1.0897353   1.19660561 -2.2908683  -1.31012957]
log likelihood =  -18689.0396728
Edge derivatives =  [0.45997064497176554, 0.0813193835135132, 0.23884464008330863, 0.301971038898458, 1.1662147328954902, 0.27233409769461897, 0.1382042653147318, 0.31059068297474585, 0.5376326507637978, 1.0056654552261852, 0.1451136156576371, 0.41718527432965385]
other derivatives: [ 3.74675437 -0.73378033 -1.31149136  3.51174094  4.68098733  0.00545697]
Current x array =  [-0.61954836 -0.46722478 -1.01686915  0.87851769 -2.10120787 -2.67491729
  0.74713502 -1.65203815 -1.74512457 -2.24515034  0.97810751 -1.15138879
 -1.51718001 -1.15986687 -1.08881647  1.19449799 -2.30025593 -1.31071017]
log likelihood =  -18689.0356159
Edge derivatives =  [-0.5049587798285854, -0.14242251191557376, 0.34214796656438534, 0.047382747561312374, 0.3314525856162003, 0.4463006351069927, 0.028335526435753572, 0.13208646240675048, 0.5345088817221355, 0.4366349455440215, -0.09183386101892091, 0.1523506229540849]
other derivatives: [ 2.32066668  0.92259143 -1.01572368  1.72403816  1.80880306  0.02983143]
Current x array =  [-0.61937656 -0.46738888 -1.01705877  0.87890215 -2.10069442 -2.67655221
  0.74865339 -1.65141458 -1.74717246 -2.2421251   0.97886452 -1.15268936
 -1.51748468 -1.16018817 -1.08932597  1.19566669 -2.29505038 -1.31038822]
log likelihood =  -18689.0322051
Edge derivatives =  [-0.5469174907250421, -0.20322400864607038, 0.05840951758935147, 0.08994512735997061, 0.34657832775506403, -0.03171124545130416, 0.009771081309859049, -0.08824101577160742, 0.03670707483402946, 0.2942950679070032, -0.06559185135242734, 0.03333404289426539]
other derivatives: [-0.51113602  0.31941454 -0.68830559  0.16843842  0.68212103 -0.04729372]
Current x array =  [-0.61901188 -0.4672627  -1.01721351  0.87991372 -2.10005945 -2.67289668
  0.74760806 -1.65200303 -1.74487237 -2.24420848  0.97783389 -1.15169421
 -1.51645093 -1.15989653 -1.08833156  1.19507569 -2.29820988 -1.31053026]
log likelihood =  -18689.0315662
Edge derivatives =  [-0.3780843186779894, -0.19146185898886492, -0.01799187840905472, 0.08204786617105739, 0.13557347084701443, -0.18385883760596491, 0.003539727803895734, -0.13405260409923908, -0.12057294070391356, 0.1841663499638374, -0.10191294510746932, -0.00959948348273304]
other derivatives: [ 0.95460564 -0.2226443   0.02910383 -0.25320332  0.1724402  -0.05566108]
Current x array =  [-0.61921057 -0.46718244 -1.01754654  0.88011857 -2.09970659 -2.67299672
  0.74666467 -1.65241387 -1.74477364 -2.24440209  0.97792191 -1.15109474
 -1.51637304 -1.16003159 -1.08797302  1.19503783 -2.29788087 -1.31058405]
log likelihood =  -18689.0311989
Edge derivatives =  [-0.09970229751763238, -0.12498762484006931, -0.009061930787877223, 0.09374189365954282, -0.041837459051845105, -0.1714714261673062, 0.01129937138498812, -0.06452294250217167, -0.0997723013085956, 0.08791156749055906, -0.08976085056179454, 0.033956300955216845]
other derivatives: [-0.7556082  -0.33542165  0.45947672  0.07494236  0.14370016 -0.04656613]
Current x array =  [-0.61899547 -0.46716647 -1.01767228  0.87984876 -2.09948931 -2.67358083
  0.74578499 -1.65269926 -1.74486497 -2.24427237  0.97828442 -1.15094982
 -1.51651592 -1.16020173 -1.08791005  1.19529826 -2.29776887 -1.31063593]
log likelihood =  -18689.0310467
Edge derivatives =  [-0.0981269783791141, -0.11771373895920634, -0.00048564047842708513, 0.09517621053320259, -0.07214165737502287, -0.15403407818108775, 0.007943031768903711, -0.054501983467310666, -0.08062871667672988, 0.03299865769534871, -0.07849363899838885, 0.03511051057595116]
other derivatives: [-0.26338967 -0.18735591  0.22882887  0.12914825  0.06730261 -0.04220055]
Current x array =  [-0.61905681 -0.46718907 -1.01758104  0.87978181 -2.09939908 -2.67381345
  0.74570203 -1.65273651 -1.74489056 -2.24424479  0.97826625 -1.15105935
 -1.51660921 -1.16022244 -1.08798432  1.19543072 -2.29802035 -1.31063513]
log likelihood =  -18689.0309104
Edge derivatives =  [-0.08418019049947378, -0.10281637902251994, 0.004186326739222625, 0.10178949853361473, -0.12146431334976382, -0.13611643143933905, 0.0015536953745729706, -0.041340801906877944, -0.06060984876743225, -0.08538709066135297, -0.04691713662498133, 0.03189550945315639]
other derivatives: [ 0.16116246  0.1204171  -0.12150849  0.16079866 -0.12514647 -0.03892637]
Current x array =  [-0.61911043 -0.46723339 -1.01743846  0.87971699 -2.09919185 -2.67402658
  0.74544993 -1.65285873 -1.74475958 -2.24430789  0.97816028 -1.15129498
 -1.51673612 -1.1602459  -1.08810913  1.19567326 -2.29887126 -1.31063362]
log likelihood =  -18689.0308464
Edge derivatives =  [-0.06852519577343374, -0.09697089056232444, 0.010550127756052323, 0.09974970384306932, -0.11348329741805452, -0.11794467111463677, 0.0010567844702901348, -0.03662369533546539, -0.046706899564564086, -0.12019554881630878, -0.03358511520134694, 0.022566738859706947]
other derivatives: [ 0.21209416  0.18153514 -0.14515535  0.15970727 -0.13315002 -0.03674359]
Current x array =  [-0.61911807 -0.46724146 -1.01742662  0.87975577 -2.09915048 -2.6740616
  0.74534924 -1.65293343 -1.74468727 -2.24427435  0.97808205 -1.15148712
 -1.51677092 -1.1602668  -1.08819671  1.19574925 -2.29925022 -1.31061539]
log likelihood =  -18689.0306193
Edge derivatives =  [0.023310290487196683, -0.0718146295166362, 0.0379453747971534, 0.0603309810167168, -0.06947520163348342, -0.03737572823390521, 0.002464985898404947, -0.03171603974609749, -0.0051891531964312065, -0.2049795926308755, 0.0002186804091983685, -0.05303791628111293]
other derivatives: [ 0.15897967 -0.46093191 -0.37034624 -0.02510205 -0.068394   -0.03310561]
Current x array =  [-0.61911179 -0.46715214 -1.01734032  0.88016535 -2.09903735 -2.67431928
  0.74483075 -1.65344856 -1.74443627 -2.24378062  0.97772293 -1.15247747
 -1.51688906 -1.1604689  -1.08860959  1.19581861 -2.30048194 -1.31053661]
log likelihood =  -18689.0307811
Edge derivatives =  [0.19111452291796704, -0.03167698554076348, 0.04269736902433889, 0.03072031385984675, 0.04627588042810826, 0.0008970879670386796, 0.014952903327746438, -0.02639568334248349, 0.005031760888987602, -0.15934794233743876, 0.025125979648347063, -0.11197170833659786]
other derivatives: [ 0.02983143  1.78224582  0.10113581 -0.20481821  0.26775524 -0.02946763]
Current x array =  [-0.6191148  -0.46744936 -1.01752659  0.88064531 -2.09904441 -2.6743391
  0.74421219 -1.65409    -1.74406214 -2.24343849  0.97731273 -1.15322329
 -1.51687749 -1.16069443 -1.08888907  1.19549957 -2.30156436 -1.31051763]
log likelihood =  -18689.0305505
Edge derivatives =  [0.08258257271723157, -0.05763471154680444, 0.03962847030047952, 0.04987726115970802, -0.02859048454948465, -0.023848443775751148, 0.006875042305445316, -0.02983283737447817, -0.001578367587298235, -0.18886061571535784, 0.009021865891777059, -0.07384825432153524]
other derivatives: [ 0.11241355  0.33105607 -0.20299922 -0.08985808  0.04802132 -0.03165042]
Current x array =  [-0.61911286 -0.46725711 -1.01740611  0.88033486 -2.09903984 -2.67432628
  0.74461229 -1.6536751  -1.74430414 -2.24365979  0.97757806 -1.15274087
 -1.51688497 -1.16054855 -1.0887083   1.19570594 -2.30086422 -1.3105299 ]
log likelihood =  -18689.0305053
Edge derivatives =  [0.08138498332159538, -0.0518940440714073, 0.048573014746283075, 0.0394925807865496, -0.014426641362367265, -0.0054793951840810436, 0.008523994246391168, -0.025714777621499096, 0.010374890087384792, -0.15282340918615966, 0.004091966111233164, -0.07936303304832065]
other derivatives: [ 0.05602487  0.12842065 -0.06621121 -0.09167707  0.11823431 -0.02837623]
Current x array =  [-0.6191078  -0.46722966 -1.01746216  0.88039415 -2.09906993 -2.67441565
  0.74463449 -1.65374688 -1.74434826 -2.24348315  0.97756543 -1.15286488
 -1.51688742 -1.16059952 -1.08876402  1.1955893  -2.30071735 -1.31053517]
log likelihood =  -18689.0304489
Edge derivatives =  [0.05759712782082693, -0.03687396430916179, 0.05228030379383707, 0.02885999271628538, -0.0033119904460019445, 0.006464254536169493, 0.009237355598259719, -0.019038666548658156, 0.016955404657031714, -0.0852914833711067, 0.000573465519604105, -0.07762277999004663]
other derivatives: [-0.04292815 -0.07639755  0.10622898 -0.08367351  0.17716957 -0.02764864]
Current x array =  [-0.61909825 -0.46720128 -1.01752864  0.8804545  -2.09905096 -2.67448436
  0.74466643 -1.65390116 -1.74432336 -2.24328655  0.97751119 -1.15300412
 -1.51686465 -1.16067858 -1.08881443  1.19530305 -2.30061788 -1.31059078]
log likelihood =  -18689.0303917
Edge derivatives =  [0.012070846991974138, -0.012593315423566342, 0.05128513379047796, 0.017364630456151484, -0.022420675337192275, 0.014424799469004084, 0.0061380024806610145, -0.009398022014824592, 0.01952890393642548, -0.03143803341194984, 0.0030837666706690914, -0.07087939174330171]
other derivatives: [-0.11459633 -0.1713488   0.19354047 -0.08367351  0.12187229 -0.01964509]
Current x array =  [-0.61909216 -0.46718717 -1.01755873  0.88049294 -2.09891526 -2.67462032
  0.7446318  -1.65415131 -1.74421928 -2.24306406  0.97740349 -1.15320546
 -1.51685655 -1.16079086 -1.08888204  1.19494823 -2.3007099  -1.31069827]
log likelihood =  -18689.0303416
Edge derivatives =  [0.03283782031288163, 0.037963178315921886, 0.0458214737031084, 0.017094307366223777, 0.009503778724171852, 0.018614025830912234, 0.00899203985437845, 0.023430643592150358, 0.024071623377008855, 0.04716102878301687, 0.020390855312443446, -0.02676183484713396]
other derivatives: [ 0.06002665 -0.22810127  0.16407284  0.11023076  0.21464075 -0.01418812]
Current x array =  [-0.61911792 -0.46718459 -1.01753236  0.88041641 -2.09869963 -2.6747991
  0.7444085  -1.65452006 -1.74394772 -2.24286966  0.97716886 -1.1533982
 -1.51685293 -1.16093934 -1.08891742  1.19448333 -2.30105467 -1.3109271 ]
log likelihood =  -18689.0303481
Edge derivatives =  [-0.11742912733940736, 0.031396992793855105, 0.02412121425818918, -0.0035926920864394613, -0.05487379088867872, -0.007895317855699528, -0.005532505422750692, -0.002098773519600694, -0.009669010492951102, 0.03667580301143558, 0.015156753162212072, -0.028507965768830468]
other derivatives: [-0.41472958  0.08876668 -0.10913936 -0.1207809  -0.18299033 -0.01164153]
Current x array =  [-0.61905594 -0.46721971 -1.01741828  0.88049219 -2.09842242 -2.67491042
  0.74444872 -1.65467967 -1.74374242 -2.2426773   0.97695042 -1.15358248
 -1.51684056 -1.16099952 -1.08895474  1.19417431 -2.30122923 -1.31110273]
log likelihood =  -18689.0303213
Edge derivatives =  [-0.03708850714993028, 0.03490801945090227, 0.035724788991903914, 0.007468745891685183, -0.02045552422142194, 0.006278431615033539, 0.0022329690260204024, 0.01155086593730209, 0.008370757410152585, 0.042281819742037374, 0.01795526307038589, -0.027573851887508882]
other derivatives: [-0.15934347 -0.08039933  0.03674359  0.00472937  0.03201421 -0.01055014]
Current x array =  [-0.61908907 -0.46720093 -1.01747927  0.88045168 -2.09857062 -2.67485091
  0.74442722 -1.65459433 -1.74385218 -2.24278014  0.9770672  -1.15348396
 -1.51684718 -1.16096734 -1.08893479  1.19433952 -2.30113591 -1.31100883]
  status: 0
 success: True
    nfev: 89
     fun: 18689.03032133738
       x: array([-0.61908907, -0.46720093, -1.01747927,  0.88045168, -2.09857062,
       -2.67485091,  0.74442722, -1.65459433, -1.74385218, -2.24278014,
        0.9770672 , -1.15348396, -1.51684718, -1.16096734, -1.08893479,
        1.19433952, -2.30113591, -1.31100883])
 message: 'CONVERGENCE: REL_REDUCTION_OF_F_<=_FACTR*EPSMCH'
     jac: array([ 0.15934347,  0.08039933, -0.03674359, -0.00472937, -0.03201421,
        0.01055014,  0.03708851, -0.03490802, -0.03572479, -0.00746875,
        0.02045552, -0.00627843, -0.00223297, -0.01155087, -0.00837076,
       -0.04228182, -0.01795526,  0.02757385])
     nit: 78
Lr rates:  [ 0.12113056  0.85801449  0.79292689  0.53210498  0.775371    0.81358928
  0.79214495]
Process rates:  [ 0.52502868  0.61491389  0.39120505  5.85872721  0.08624044  3.4499598 ]
log likelihood =  25843.7625163
Lr derivatives =  [-3837.0234581254699, -3019.0568304121457, -1798.8561203340423, -729.19318999331631, -731.66789326870878, -416.98659621093816, -95.127824499738438]
other derivatives =  [  -27.77269401   358.16556192  -261.69400371 -1875.38898899 -2183.22202272
   -16.86712494]
Current x_clock array =  [-0.64430238 -0.48627304 -0.93852343  1.76793238 -2.45061608  1.23836258
 -2.11088631 -0.15313429 -0.23202426 -0.63091448 -0.25441366 -0.20629961
 -0.23301088]
Lr rates:  [ 0.26897228  0.85804181  0.79296514  0.53217478  0.77541201  0.81362418
  0.79218333]
Process rates:  [ 0.52509356  0.57078782  0.39127732  8.6523987   0.13578105  3.46207927]
log likelihood =  21875.7277139
Lr derivatives =  [-2227.0221127297368, -1660.5211945668837, -694.9570469704604, 100.3208334696987, -226.34836957169372, -158.24680762605698, -22.898199302460483]
other derivatives =  [  -90.28408385  -290.53953767   -36.34158929  -857.35555331 -1546.93079821
   326.33179217]
Current x_clock array =  [-0.64417882 -0.56073773 -0.9383387   2.15783659 -1.9967116   1.24186935
 -1.31314696 -0.15310245 -0.23197602 -0.63078331 -0.25436077 -0.20625672
 -0.23296244]
Lr rates:  [ 0.85419574  1.          1.          0.39862588  0.69507937  0.77692692
  0.77823251]
Process rates:  [  0.5471574    0.67487871   0.36719333  13.39560769   0.30585773
   2.88995207]
log likelihood =  22401.4751287
Lr derivatives =  [3113.3520575822267, 3140.6328240850621, nan, 3224.9888366493269, 1845.5432788330613, 998.32151192862216, 411.44366956357675]
other derivatives =  [  190.29685063   697.73122959   205.0823241   2394.33866227  2708.16381089
  1235.52708828]
Current x_clock array =  [-0.60301877 -0.39322229 -1.00186679  2.59492687 -1.18463523  1.06123992
 -0.1575949   0.          0.         -0.91973195 -0.36372924 -0.25240899
 -0.25072994]
Lr rates:  [ 0.26897228  0.85804181  0.79296514  0.53217478  0.77541201  0.81362418
  0.79218333]
Process rates:  [ 0.52509356  0.57078782  0.39127732  8.6523987   0.13578105  3.46207927]
log likelihood =  21875.7277139
Lr derivatives =  [-2227.0221127297368, -1660.5211945668837, -694.9570469704604, 100.3208334696987, -226.34836957169372, -158.24680762605698, -22.898199302460483]
other derivatives =  [  -90.28408385  -290.53953767   -36.34158929  -857.35555331 -1546.93079821
   326.33179217]
Current x_clock array =  [-0.64417882 -0.56073773 -0.9383387   2.15783659 -1.9967116   1.24186935
 -1.31314696 -0.15310245 -0.23197602 -0.63078331 -0.25436077 -0.20625672
 -0.23296244]
  status: 0
 success: True
    nfev: 4
     fun: 21875.727713866403
       x: array([-0.64417882, -0.56073773, -0.9383387 ,  2.15783659, -1.9967116 ,
        1.24186935, -1.31314696, -0.15310245, -0.23197602, -0.63078331,
       -0.25436077, -0.20625672, -0.23296244])
 message: 'CONVERGENCE: REL_REDUCTION_OF_F_<=_FACTR*EPSMCH'
     jac: array([  -90.28408385,  -290.53953767,   -36.34158929,  -857.35555331,
       -1546.93079821,   326.33179217, -2227.02211273, -1660.52119457,
        -694.95704697,   100.32083347,  -226.34836957,  -158.24680763,
         -22.8981993 ])
     nit: 2
