number of sites to be analyzed:  680
Now calculate MLE for pair ['YBR117C', 'YPR074C']
log likelihood =  -15812.7275741
Edge derivatives =  [331.6242686200797, 94.89406462038832, 66.58349849063269, 21.442851704139493, 554.9481689756482, 118.41068848623961, 228.24299817844198, 119.91264955036748, 69.62348295637672, 97.4064063273522, 69.93283588622404, -128.8835926406058]
other derivatives: [-357.50472307 -285.27156246  225.06810637  974.97195384  595.42871895
 -113.42763173]
Current x array =  [-0.64353555 -0.48264002 -0.93307917  1.76977596 -2.44028574  1.19617746
 -3.90910406 -3.87159909 -4.30005794 -6.28014701 -2.83555499 -3.29056063
 -2.92359461 -3.49891453 -3.97438916 -3.10701318 -4.59465356 -2.01786889]
log likelihood =  -14905.7591283
Edge derivatives =  [253.39145867341986, 40.92893636079695, 28.324918526530595, 11.72332420178466, 395.8122333279872, 30.016535099749067, 128.660435806213, 48.941794868137656, 20.10299216426822, 53.86004423611344, 41.00629531001685, -260.61468092400986]
other derivatives: [ 615.00195443  328.79415812  189.59472072  191.16214389  281.26869438
 -134.48334357]
Current x array =  [-0.89169898 -0.6806625  -0.93246618  2.44655691 -2.02696635  1.11744118
 -3.67890566 -3.80572797 -4.25383872 -6.26526236 -2.45033534 -3.20836534
 -2.76515876 -3.41567665 -3.92605972 -3.03939811 -4.54610938 -2.10733399]
log likelihood =  -14710.7655571
Edge derivatives =  [140.2757089851817, -43.673813792870675, -20.505008215987505, 3.225671840401683, 86.71854059739837, -95.21241584357706, -4.866333471021668, -63.835644183805286, -48.03724538378493, -6.471810387053594, -0.5980738486047245, -372.45335391131846]
other derivatives: [-310.59735193  250.49812393  -51.70186341 -947.09757832 -500.39525377
 -110.81392586]
Current x array =  [-0.61396818 -0.56916661 -0.8360461   2.95957968 -1.60178509  0.98143392
 -3.37632117 -3.74061635 -4.20841987 -6.24886657 -1.96317134 -3.14143486
 -2.58800331 -3.33528745 -3.88503723 -2.96450668 -4.4907517  -2.33517919]
log likelihood =  -14434.0542489
Edge derivatives =  [193.98809407104693, 15.105599334658052, 10.662855522988501, 10.329268462888674, 216.15420147786043, -11.613650357474139, 65.77131438496014, 10.61009415908228, 2.880741550784583, 27.225413254011546, 27.5314145914872, -206.9661567741363]
other derivatives: [ -50.05913408 -153.84448488  -53.98524081 -212.79101929  -19.11630534
 -100.25214578]
Current x array =  [-0.67731204 -0.48152113 -0.81971771  2.62761915 -1.78394743  0.95979995
 -3.36289739 -3.75968792 -4.21900625 -6.24958261 -1.98132774 -3.17633145
 -2.60644602 -3.36175386 -3.90338054 -2.9735823  -4.49616535 -2.42707607]
log likelihood =  -14300.8910001
Edge derivatives =  [191.19198870942517, 30.407698142755983, 17.654161573463814, 13.751276777453718, 183.80747309834396, 8.456337393714762, 70.83570631111412, 27.671499677630386, 16.896067975830032, 31.93089973568652, 34.58648769841217, -108.84865131949735]
other derivatives: [ -8.59290594 -91.36092558 -37.36440704 -70.3115802   30.11409717
 -77.89367373]
Current x array =  [-0.69282021 -0.50032091 -0.8238363   2.49832047 -1.78290882  0.87601343
 -3.20337476 -3.74703421 -4.20883126 -6.24158316 -1.78631875 -3.18218125
 -2.54605513 -3.35107572 -3.90107627 -2.94888682 -4.47399602 -2.60933051]
log likelihood =  -14111.4859968
Edge derivatives =  [131.53140029450444, 51.887758815918204, 25.33149343787424, 22.802457673717345, -57.53399235344202, 35.37136068793156, 33.363339116678624, 45.460339167593474, 40.424122298030355, 25.686977868474333, 44.697751299068806, 77.741138643278]
other derivatives: [ 269.46636353 -741.37933552   -7.49623723  -46.34966899 -119.84502635
  -34.1429768 ]
Current x array =  [-0.78017535 -0.37946571 -0.84180728  2.23281702 -1.71044191  0.55091523
 -2.441692   -3.63880221 -4.13901885 -6.19017191 -0.99159711 -3.15319685
 -2.24764572 -3.25012881 -3.84636458 -2.81770144 -4.34363683 -3.15287528]
log likelihood =  -14090.4475248
Edge derivatives =  [96.21221811672261, 74.87737537063774, 37.68360279130639, 31.465056344709925, -161.38895877521483, 69.43996469057925, 18.32491670834948, 74.52603668031138, 61.34882270044722, 25.825356520284974, 57.725181441759176, 151.7220826792856]
other derivatives: [-295.02407415  525.7616067    45.08638085   91.61285561 -123.37550288
   -1.01154001]
Current x array =  [-0.66265206 -0.72583404 -0.85777525  1.92649991 -1.81296567  0.31023153
 -1.82766808 -3.52953379 -4.07544101 -6.13747444 -0.52615425 -3.1153558
 -2.02964981 -3.15343845 -3.78183979 -2.71303023 -4.22228369 -3.44935095]
log likelihood =  -13999.8093085
Edge derivatives =  [118.47697818101325, 63.799994760514885, 32.150490841443265, 26.586120460501085, -76.98739777019956, 55.58149262215735, 25.623069187468197, 61.509289428706865, 51.62428491810675, 27.34518466399559, 51.66347614481106, 118.81864210513554]
other derivatives: [  22.55474101  252.54757929   18.05128704   59.5317033   -66.44932
  -19.05082172]
Current x array =  [-0.72379006 -0.60841569 -0.84786224  2.06060479 -1.82751629  0.41090843
 -2.04633818 -3.54973492 -4.08994887 -6.14855212 -0.7831893  -3.110197
 -2.11500181 -3.17021237 -3.78789936 -2.7480717  -4.25301464 -3.25826964]
log likelihood =  -13949.4217869
Edge derivatives =  [116.4206080583834, 56.04678075573946, 28.61558616967077, 23.934712453641644, -40.25373875795583, 47.84785913665191, 19.010993326065215, 51.944224105724246, 46.25822527321074, 26.041613947740206, 48.04267202512442, 100.10468658111486]
other derivatives: [   6.87468855 -106.91110219   -6.42903615   24.08014552  -49.06287359
  -27.81252988]
Current x array =  [-0.71142613 -0.49762079 -0.83853707  2.11784958 -1.88063601  0.41397208
 -1.99721531 -3.50942215 -4.07035544 -6.13206964 -0.87628098 -3.07206881
 -2.11022974 -3.13143393 -3.75355212 -2.7346101  -4.22245068 -3.14208569]
log likelihood =  -13882.5801891
Edge derivatives =  [88.9157506736932, 48.964439006061305, 25.640411447379613, 22.047327896575627, -17.767037108518668, 44.362185046315034, 5.189762404209635, 43.280974951216145, 42.98797079040613, 24.78097856028046, 45.340467870861225, 93.4731825994017]
other derivatives: [  71.0846507  -316.39283407   -7.5868229   -13.5611117   -31.71462595
  -31.24787327]
Current x array =  [-0.72458853 -0.45079841 -0.83923177  2.10900792 -1.99956833  0.32817788
 -1.68299925 -3.396925   -4.01148146 -6.08303249 -0.85859929 -2.98891252
 -2.02431873 -3.02643837 -3.66772526 -2.67151866 -4.12212279 -3.04646937]
log likelihood =  -13726.5958063
Edge derivatives =  [-70.3392833809648, 24.069112956508224, 18.16054654696311, 17.036584749544073, 57.25746981665641, 38.843819842999125, -3.0827517484663782, 16.54201912055315, 33.2666582375337, 33.087711734653574, 36.794676695692495, 79.99320481112869]
other derivatives: [  71.75985957 -361.23055907  -22.53764251  -77.5909939     1.91212166
  -29.57258403]
Current x array =  [-0.73508145 -0.4430433  -0.83627619  1.97122824 -2.46818394 -0.04135162
 -0.41625602 -2.95006186 -3.77593701 -5.88551561 -0.71337786 -2.66130161
 -1.68205271 -2.61259693 -3.32615359 -2.41311208 -3.71552483 -2.71759032]
log likelihood =  -13604.3507991
Edge derivatives =  [-35.511796222235006, 8.9175596882336, 13.108998873385033, 12.114207705755842, 55.85600837399997, 25.814643587465753, -1.8343852733318682, 7.248986998928579, 22.339359433562155, 36.501469058075195, 31.211129783503896, 20.69230988979705]
other derivatives: [  81.5212843  -301.43819458  189.07630874  -45.61970854   87.28275134
  -35.55251169]
Current x array =  [-0.7507194  -0.45373429 -0.92929944  1.66164536 -2.69947958 -0.3788228
 -0.18887288 -2.5602162  -3.53716996 -5.67852718 -0.34848322 -2.24378457
 -1.45080023 -2.27104968 -2.94564797 -2.07220441 -3.28406858 -2.08838783]
log likelihood =  -13692.1980052
Edge derivatives =  [-12.702947194977956, -31.264781340849918, 4.02340501010425, 5.744630789350932, -27.805423226600997, -12.998296737747907, -12.055731081144215, -17.326096349448537, -9.236294458562774, 34.90036625481191, 10.952402022463797, -130.79123028384745]
other derivatives: [  168.15138224    34.38217391 -1154.36869237   -72.95020623    77.2817657
   -22.60858309]
Current x array =  [-0.81205569 -0.53269446 -0.57073245  0.89745231 -2.98364891 -1.15269394
  0.24146968 -1.78097246 -3.03779141 -5.24385867  0.5516057  -1.37945426
 -0.95487936 -1.58567331 -2.1578528  -1.30690982 -2.36319257 -0.94887628]
log likelihood =  -13538.2035873
Edge derivatives =  [-21.176172968716532, -4.236624242907492, 9.791434483148482, 9.250135727128605, 25.14464574056676, 14.80608477251075, -5.984899275224077, 0.40987843140892083, 11.727200060577955, 36.50715780005187, 25.489332493915786, -29.1537336334166]
other derivatives: [ 110.8413926  -149.95239326 -202.28671929  -33.7829988    98.23288565
  -32.89715096]
Current x array =  [-0.77565079 -0.48582927 -0.78355253  1.35102341 -2.81498604 -0.69337861
 -0.01395131 -2.24347659 -3.33418729 -5.50184724  0.0173764  -1.89245977
 -1.24922301 -1.99246439 -2.62543245 -1.76113471 -2.90975962 -1.62520996]
log likelihood =  -13505.2177612
Edge derivatives =  [-4.768203127847534, -1.6053073687181674, 8.945904120855014, 8.81211638710721, -35.78421129812383, 8.344561042571335, -12.340995427395226, 3.8435658578586382, 11.209564300374236, 32.436099408511126, 24.68578410772099, -37.331685441443526]
other derivatives: [-11.1584086  -45.71011232  21.65743354  12.73165253  49.43212844
 -26.08267096]
Current x array =  [-0.75998908 -0.51050691 -0.86621167  1.10233323 -2.77433423 -0.90977878
 -0.04203549 -2.07810544 -3.21259168 -5.39527853  0.34702913 -1.67882915
 -1.1318838  -1.84718113 -2.43679061 -1.54429655 -2.67755351 -1.41414718]
log likelihood =  -13498.5856392
Edge derivatives =  [-2.573518382370087, -0.12917351975212846, 8.611229873559111, 9.033154519935742, -47.118203827074794, 6.145870950560732, -15.189037625756754, 3.691970058693199, 10.636674178066945, 30.4504786424195, 23.774301993538973, -28.264920811222485]
other derivatives: [ 24.92633939  12.57467375  10.61944204   2.53530743  22.18512236
 -23.57101039]
Current x array =  [-0.76809555 -0.52548008 -0.86160355  1.1113856  -2.7046018  -0.91408887
 -0.11720534 -2.10446532 -3.21779926 -5.39853518  0.32023567 -1.68954953
 -1.1585055  -1.86721017 -2.44632753 -1.52996725 -2.6786871  -1.46978259]
log likelihood =  -13485.3454928
Edge derivatives =  [0.19791716873277354, 0.31911731895687157, 6.6936987971105095, 9.198468811569352, -50.869950391258094, -3.7671357319493324, -23.203898372502724, -0.7932612306779551, 6.187492042314682, 24.224262493734116, 18.627016049629493, -13.644166207268889]
other derivatives: [-22.52872946  90.41214071 -20.94384399 -22.81503839 -26.39499144
 -17.88830559]
Current x array =  [-0.7515205  -0.54653148 -0.84762608  1.12966274 -2.5538997  -0.95498049
 -0.27034592 -2.14378374 -3.20944722 -5.38630407  0.17816779 -1.68767143
 -1.23407955 -1.8904063  -2.43773997 -1.45371712 -2.636584   -1.57099868]
log likelihood =  -13473.7757842
Edge derivatives =  [4.255096278622123, 1.287188585416474, 4.973218190878469, 9.339502080982008, -22.66130196823629, -11.929309798450095, -27.422611816930154, -4.5234762717031005, 1.4500080256280103, 18.41402656249188, 11.858254187880878, 3.738306473791102]
other derivatives: [  30.13501555  113.90220607  -22.09526428   -7.55935616  -39.76783773
  -11.70610631]
Current x array =  [-0.76428303 -0.55584085 -0.84560138  1.08408389 -2.45254017 -1.06834242
 -0.33745009 -2.13204104 -3.1620014  -5.33602607  0.01796897 -1.64216859
 -1.30500702 -1.86896293 -2.37454994 -1.30395726 -2.51521017 -1.6308506 ]
log likelihood =  -13465.1646333
Edge derivatives =  [-0.516628760460952, -2.628010493242354, 3.0946741888141682, 8.953667541057222, 6.326041249650655, -18.912151584975227, -28.61832440447336, -10.666527262753428, -6.012750043396082, 10.236636031799824, 1.1871070227991933, 9.498712416319998]
other derivatives: [-101.43066902   51.12997314  -26.47193469   -1.82535587  -38.46216714
   -6.00975909]
Current x array =  [-0.7317742  -0.53687295 -0.8427043   1.04503785 -2.43300349 -1.23323215
 -0.30735234 -2.07533152 -3.08416495 -5.24937145 -0.08757576 -1.58961818
 -1.3960672  -1.82194505 -2.27875133 -1.09951421 -2.34024913 -1.62488787]
log likelihood =  -13459.8642502
Edge derivatives =  [-0.38835218079944767, -4.75146742889956, 3.1071815172776187, 8.617618660102279, 22.24249651660251, -17.426803688797264, -24.451256843814495, -11.302916471103053, -8.524331589202484, 9.652999437981306, -3.0689006620821453, 8.031872452740954]
other derivatives: [  5.23723429 -21.63887984   1.54668669   6.49706635 -12.81350706
  -4.91909304]
Current x array =  [-0.76038859 -0.51810436 -0.85530946  1.01637719 -2.48261692 -1.3250597
 -0.2422926  -2.02868566 -3.03718143 -5.19526655 -0.08640994 -1.56656153
 -1.43998308 -1.79106087 -2.22592981 -0.99383306 -2.24676598 -1.58143547]
log likelihood =  -13457.634897
Edge derivatives =  [2.6074984142922792, -4.697962505691358, 3.94762196962185, 8.583020182547326, 23.123700267747072, -13.242390435703854, -21.471667727114177, -9.18498145154319, -8.043350283478846, 9.951844476722837, -3.113227192303554, 5.673942175440407]
other derivatives: [  6.86286512 -54.95239748  11.6207957    9.52259143   6.09161361
  -4.26698534]
Current x array =  [-0.76080632 -0.50921599 -0.85988006  1.02389798 -2.51861685 -1.34546529
 -0.22928321 -2.02519219 -3.02721865 -5.17734959 -0.06534993 -1.58638539
 -1.48032473 -1.79945007 -2.22608713 -0.96561445 -2.23257894 -1.56482974]
log likelihood =  -13453.2146101
Edge derivatives =  [7.577015673196376, -4.886097367644942, 5.574558391289674, 8.502364433201004, 24.607985727477374, -4.990845007372282, -15.74044112205155, -4.898222563334542, -8.133775914843937, 7.319488602602031, -5.468508211343013, 1.2030481508546844]
other derivatives: [  7.52752385 -40.7515472   27.49566193   7.16099748  34.42783054
  -2.0090738 ]
Current x array =  [-0.7613307  -0.51195911 -0.86705589  1.04553047 -2.57458051 -1.41172904
 -0.21274007 -2.02474826 -2.99492761 -5.12150972 -0.04029382 -1.6412154
 -1.61253509 -1.82753648 -2.22706332 -0.86727833 -2.1849242  -1.5420124 ]
log likelihood =  -13459.2548627
Edge derivatives =  [23.97563940788429, -3.5689512596716244, 8.296339423260394, 8.43500936285354, -33.90531512946723, 5.465161395117123, -9.598711148127254, 3.8451654563628224, -7.648530350525679, -11.960653421495444, -12.471478995500062, -12.857155371776857]
other derivatives: [  28.30038284 -280.22386687   -1.52249413  -21.58030838  -16.38836693
    0.9948053 ]
Current x array =  [-0.76921392 -0.45683971 -0.85895908  1.0542723  -2.53939552 -1.56581776
 -0.309343   -2.04382028 -2.90651405 -4.9778013   0.13448658 -1.74177731
 -1.93006407 -1.90242626 -2.24025727 -0.62156809 -2.08887248 -1.48376311]
log likelihood =  -13451.0927295
Edge derivatives =  [12.985736529132087, -4.39665690012707, 6.48101591807911, 8.502701408859014, 5.709496407523236, -1.2264078854037752, -13.537489327502495, -1.8267810235445907, -7.948708052624321, 1.4836695288402897, -7.6090781001407315, -3.415517981213231]
other derivatives: [  15.68787411 -115.44325389   17.84756023   -1.42899808   19.18178896
   -0.91222319]
Current x array =  [-0.76400724 -0.49324475 -0.86430683  1.04849853 -2.56263436 -1.46404586
 -0.24553909 -2.03122367 -2.96490908 -5.07271726  0.01904832 -1.67535858
 -1.7203438  -1.85296336 -2.23154299 -0.7838538  -2.15231233 -1.52223537]
log likelihood =  -13447.5087889
Edge derivatives =  [14.07167085224727, -2.4206921200468363, 8.124181281328616, 8.758739399037143, 3.6432179510684266, 5.839473245626864, -10.029016356839682, 3.078337400263234, -6.362250192008058, -4.336080461137559, -9.058577367008416, -3.757555851574131]
other derivatives: [  7.81528797 -39.79203029  14.55118763  -8.74733814  22.43123163
   1.09066605]
Current x array =  [-0.76129932 -0.51089062 -0.86272499  1.08440125 -2.56461912 -1.50285721
 -0.25831906 -2.06650806 -2.94196661 -5.02238248  0.00739492 -1.75521566
 -1.88773804 -1.90742815 -2.26774278 -0.70626319 -2.14386596 -1.5425799 ]
log likelihood =  -13446.013047
Edge derivatives =  [10.736845029797832, -0.3409800824745245, 8.76673449483258, 9.087653875027867, -1.0613143646709307, 8.571060350205288, -8.919208389941879, 5.679046022935643, -4.387774178343748, -7.89706255786297, -8.767258139392226, -2.481128604628454]
other derivatives: [ -0.27685019   4.40049917  -2.73921614  -8.76225386  11.47982402
   2.13567546]
Current x array =  [ -7.59440412e-01  -5.22108311e-01  -8.55465741e-01   1.08980969e+00
  -2.54339360e+00  -1.51913764e+00  -2.59543452e-01  -2.08751338e+00
  -2.92425288e+00  -4.99094994e+00   1.62361186e-03  -1.78839075e+00
  -1.97797927e+00  -1.93210320e+00  -2.29183262e+00  -6.73185969e-01
  -2.14913628e+00  -1.55678768e+00]
log likelihood =  -13445.0590324
Edge derivatives =  [4.646105949335076, 1.4900339665044635, 8.821099725896064, 9.4364652556819, -4.880443313106406, 9.252634408036315, -8.396235385583854, 6.979822883270128, -2.3176216856260905, -9.821946557063724, -7.808673823619307, -0.9347008401517631]
other derivatives: [ -5.53045538  29.49236659  -6.29879651  -5.49098331  -1.7673301
   2.74394552]
Current x array =  [ -7.58871100e-01  -5.28923834e-01  -8.53766557e-01   1.08151762e+00
  -2.52062926e+00  -1.53010332e+00  -2.45323191e-01  -2.09754880e+00
  -2.90367194e+00  -4.96205419e+00  -1.00458424e-03  -1.79757242e+00
  -2.03803683e+00  -1.93918246e+00  -2.30761572e+00  -6.56844865e-01
  -2.15675252e+00  -1.56339820e+00]
log likelihood =  -13443.9702535
Edge derivatives =  [-3.481689617415422, 3.339139717823194, 8.505987820467375, 9.901142938291299, -6.571359607111162, 8.930396271200047, -7.44297083328245, 7.653481999844728, 0.3947350843505328, -9.984937054200898, -5.95342472325113, 0.6708786047746098]
other derivatives: [ -7.32488843  37.2501745  -12.20287231   0.38071448 -11.59005478
   3.14703357]
Current x array =  [ -7.59171298e-01  -5.31300665e-01  -8.51093938e-01   1.06962337e+00
  -2.50458518e+00  -1.53839935e+00  -2.16057762e-01  -2.10374376e+00
  -2.87292113e+00  -4.92209881e+00  -3.38238012e-03  -1.79718732e+00
  -2.10528953e+00  -1.93752340e+00  -2.32566267e+00  -6.51424234e-01
  -2.17288481e+00  -1.56673253e+00]
log likelihood =  -13441.874771
Edge derivatives =  [-13.720453654233497, 5.622598724892069, 6.9261216885984735, 10.85542841736014, -8.666649785586479, 5.514846748960956, -4.833981873006884, 7.056627570299525, 4.960271856385623, -9.60118052004078, -2.7298087918354783, 1.922933049572904]
other derivatives: [-14.80839273  34.80909072  16.81473805   1.47938408 -23.26105459
   3.03480192]
Current x array =  [-0.75735493 -0.53058557 -0.86232833  1.06795055 -2.48460237 -1.54731549
 -0.18497409 -2.11843525 -2.7976128  -4.82042895 -0.00956084 -1.79726076
 -2.27365604 -1.93299573 -2.36835243 -0.65211542 -2.22019462 -1.5767754 ]
log likelihood =  -13439.8473579
Edge derivatives =  [-26.27259152978865, 7.542638719118647, 1.8005288696758615, 12.668575862932943, 1.2328367467822345, -3.4830478651220504, -0.2920808804190171, 3.2683408060066945, 11.395357875610468, -6.561497751359813, 1.19530630936538, 3.445024120216171]
other derivatives: [ 19.55686457   2.36541382 -68.96698324   7.32234184 -22.32318366
   2.39087967]
Current x array =  [-0.76565267 -0.52287001 -0.82796775  1.05218732 -2.47793169 -1.5889234
 -0.12386588 -2.12155195 -2.61333986 -4.5736039  -0.03746303 -1.7702114
 -2.63208484 -1.8950715  -2.42649326 -0.64056533 -2.29288036 -1.58398908]
log likelihood =  -13437.270136
Edge derivatives =  [-18.450869413865824, 7.245916262341441, 0.18700460581191475, 13.017559555642674, 0.7806750014298359, -6.187097059910081, 0.876246853816005, 2.104492198922443, 11.998200261138278, -7.066554337405055, 1.4228327121553694, 2.402136875775622]
other derivatives: [ -1.32640707 -16.8054612   -7.00529199   5.27525117 -13.92691047
   1.69802661]
Current x array =  [-0.7595852  -0.51737393 -0.85198657  1.06059515 -2.48595136 -1.60223205
 -0.14978325 -2.12068077 -2.5604162  -4.49321974 -0.03021336 -1.77223515
 -2.7447243  -1.88917889 -2.43593444 -0.63260403 -2.30942976 -1.58325505]
log likelihood =  -13435.6910106
Edge derivatives =  [-6.526975517495926, 5.735549052405439, -2.5702674287401184, 13.308847679420275, 1.8117179500174432, -9.955568640756006, 2.330650163417015, -0.24120619444224164, 11.802684231592924, -7.017878010968395, 1.116315588137913, 0.07578586746065197]
other derivatives: [  3.03989509 -28.85826689  20.35103535  -0.17862476   0.33414835
   0.65465429]
Current x array =  [-0.75966264 -0.51399495 -0.86332045  1.06910782 -2.50223321 -1.62632599
 -0.18388287 -2.11213755 -2.48072292 -4.36921723 -0.0220007  -1.77214429
 -2.90471313 -1.87494406 -2.44007148 -0.61999832 -2.32692491 -1.5785113 ]
log likelihood =  -13434.4672818
Edge derivatives =  [2.2678391781402474, 3.0331054060797684, -6.328280249986258, 13.57834257095935, -2.0635898628695246, -14.578828040260214, 3.294855081626967, -3.726552767396845, 10.6944959583012, -5.998638586517313, 0.987886717992092, -3.052545311749742]
other derivatives: [-34.98917067 -22.12946129  16.39782568  -4.40686563   5.52063284
  -0.38671715]
Current x array =  [ -7.49449629e-01  -5.15296212e-01  -8.62029596e-01   1.06126132e+00
  -2.50740216e+00  -1.65164637e+00  -2.11515483e-01  -2.08920289e+00
  -2.38513157e+00  -4.20939137e+00  -2.66729679e-03  -1.76128735e+00
  -3.07065906e+00  -1.84468583e+00  -2.42906129e+00  -6.23783599e-01
  -2.34980035e+00  -1.56628827e+00]
log likelihood =  -13433.3316788
Edge derivatives =  [16.391284085954126, -0.7487716826487126, -11.630590163649154, 13.52051313489019, -3.5068852796767693, -17.372263525718974, 4.328517853391085, -6.786360436017808, 8.279867725733013, -3.782442977657746, 0.6502138248909655, -6.373757003927713]
other derivatives: [ 40.16965249  15.56745701  20.35649231 -12.61159923  12.39823177
  -1.8711944 ]
Current x array =  [-0.76830479 -0.52559861 -0.86459699  1.0532745  -2.50853465 -1.69455813
 -0.25276424 -2.06301796 -2.24917255 -3.95198886  0.01305305 -1.78091324
 -3.34748571 -1.81838102 -2.41198818 -0.62149746 -2.3834353  -1.56062198]
log likelihood =  -13431.9753763
Edge derivatives =  [15.414554302041326, -0.8189170562558201, -11.515653516362075, 13.586648005032142, -5.144010207813422, -14.829166400366804, 4.169384687739797, -5.303934095398842, 7.812646557562299, -5.212388848558384, 0.8117521508009896, -5.943831459936046]
other derivatives: [ 13.44960765  14.75546014  -1.5283149   -8.51287041   8.99399311
  -1.26347004]
Current x array =  [-0.76136593 -0.52526225 -0.85563603  1.04767754 -2.50014552 -1.71254146
 -0.25187338 -2.06203712 -2.22300573 -3.87803271  0.01271362 -1.81095935
 -3.43172856 -1.82583638 -2.40673501 -0.61008611 -2.38742527 -1.56548094]
log likelihood =  -13429.2889626
Edge derivatives =  [11.117746556012124, -1.394576834857078, -11.6863015450984, 12.894217303447524, -8.740813076361876, -7.165155403794664, 3.5757533026472554, -0.3887595563638518, 5.655871669829699, -8.709272286175558, 1.4139977842674814, -4.339250366483148]
other derivatives: [-18.73067959  18.34432624 -41.71670298   1.62508513  -4.9780283
   0.36743586]
Current x array =  [-0.75351016 -0.52624874 -0.83978139  1.02792469 -2.4682276  -1.77467694
 -0.24318927 -2.05791553 -2.12482413 -3.59039746  0.00881213 -1.92250931
 -3.74880485 -1.85057159 -2.38650882 -0.5804179  -2.40973385 -1.58578913]
log likelihood =  -13427.5996183
Edge derivatives =  [8.757073506263414, -2.3826761127915868, -11.058795991472351, 10.935210496582389, -7.715226035546783, -2.0068227186079266, 3.2189127854618405, 2.7586742165415683, 2.802539207421916, -9.492672803492415, 1.4560720901562565, -2.978006851838144]
other derivatives: [-15.95672074   2.30375008 -40.1852958    7.49569153 -10.42317308
   1.0981239 ]
Current x array =  [ -7.54205850e-01  -5.22078248e-01  -8.40731315e-01   1.01673253e+00
  -2.45238934e+00  -1.81736414e+00  -2.34957877e-01  -2.05273808e+00
  -2.06783593e+00  -3.37243219e+00   2.60844070e-03  -2.00824912e+00
  -3.96383250e+00  -1.86625111e+00  -2.36098733e+00  -5.71230717e-01
  -2.42245236e+00  -1.60241983e+00]
log likelihood =  -13428.2921997
Edge derivatives =  [-13.77184944039317, -1.7363385636757775, -4.330826727553887, 6.259724580389688, 5.233924578415701, 7.354563065524078, 2.6432136449676595, 7.60845122817403, -1.7477497626529486, -7.650802886699776, 0.784517850934081, 0.5934290111838332]
other derivatives: [ -39.7047188   121.66292436   -3.03061825    5.23996277  -11.78832463
    3.49427864]
Current x array =  [-0.74902579 -0.55502575 -0.85517638  1.03097192 -2.44988371 -1.85946716
 -0.15947509 -2.07658659 -2.07827493 -3.11257908 -0.04575975 -2.15381711
 -4.18433898 -1.90312267 -2.33505027 -0.58708186 -2.43114556 -1.65074015]
log likelihood =  -13426.6627818
Edge derivatives =  [-0.7769607629640292, -2.0748499348450906, -8.174591604321654, 9.267008134563532, -2.099561573300861, 2.3081050240820113, 2.9589026676304635, 4.816772750392772, 0.8622349001242102, -8.69340423041753, 1.1698672481162014, -1.369172345877113]
other derivatives: [-25.97462299  55.48845365 -23.99192454   7.03457772 -10.56650945
   2.16896296]
Current x array =  [-0.75197067 -0.53629501 -0.84696432  1.02287679 -2.45130817 -1.83553148
 -0.20238725 -2.06302865 -2.07234033 -3.26030626 -0.01826231 -2.07106132
 -4.05898047 -1.88216109 -2.34979556 -0.57807044 -2.42620345 -1.62326992]
log likelihood =  -13425.273458
Edge derivatives =  [-0.34003549895347285, -4.0169445964855885, -4.653388723785326, 6.567826457818583, 3.56909007719459, 6.47512718746654, 3.0212082349549467, 5.361054404977223, -3.7942861023941608, -5.400753141995551, 0.05581898713506889, -0.7816154785125813]
other derivatives: [ 1.18852768  0.15024852 -1.25000952  8.00955604 -1.73913577  2.03945092]
Current x array =  [-0.75778978 -0.52126494 -0.85679821  1.02704067 -2.46082219 -1.85281128
 -0.19525526 -2.05630027 -2.08571443 -3.13771568 -0.02481504 -2.12488505
 -4.11729899 -1.88394766 -2.31019688 -0.59898357 -2.41750979 -1.63424424]
log likelihood =  -13424.8487025
Edge derivatives =  [-0.17313451171511518, -4.701681242907403, -4.3516881095975615, 6.795819995797136, 4.112427323906514, 5.745342076196847, 3.1981736405888945, 2.9049300327043235, -4.701869090311089, -2.9612903707113514, -0.6483263000933519, -1.662618064833981]
other derivatives: [ 5.90898708 -2.92202458  9.46602086  2.65481503  2.55549821  1.648732  ]
Current x array =  [-0.75858707 -0.52026401 -0.86133011  1.03441871 -2.47110032 -1.84079265
 -0.19299703 -2.05477001 -2.11129201 -3.16249793 -0.02201018 -2.103421
 -4.05581117 -1.87017684 -2.30439316 -0.62011079 -2.41217311 -1.63098634]
log likelihood =  -13424.2375212
Edge derivatives =  [-1.3671306477330012, -5.228736058048758, -4.968001472384316, 5.753679426595066, 2.8110387010668396, 3.7144005619494327, 3.3736689903063968, -1.9582258352503337, -5.83049647123665, 1.33838741553363, -1.8258620000431198, -3.0755578659647744]
other derivatives: [  7.98663677  -0.96461008  11.69628376  -8.31169018   4.85924829
   1.0648364 ]
Current x array =  [-0.75853078 -0.52041984 -0.86254566  1.04321254 -2.48262049 -1.82728635
 -0.18578088 -2.05725288 -2.13715727 -3.13450762 -0.01334731 -2.0693707
 -4.00892149 -1.84191006 -2.30009352 -0.66056737 -2.41366936 -1.63057949]
log likelihood =  -13423.6461187
Edge derivatives =  [-0.45011532123000525, -0.2915675985317035, -0.8705926823678678, 7.551312267062104, 3.898068796276866, 4.56523235632888, 3.975821734708322, -3.989937680364755, -3.0737634029169447, 8.170388029170763, -1.400347772572642, 0.9413784948430316]
other derivatives: [ 16.25139703  -1.80352799  12.17995305  10.78115019  19.53121682
   1.08339009]
Current x array =  [ -7.60787000e-01  -5.20788666e-01  -8.62237159e-01   1.03325231e+00
  -2.49910408e+00  -1.78535101e+00  -1.76226573e-01  -2.08036540e+00
  -2.24634917e+00  -3.18071369e+00   2.04115287e-04  -2.00001211e+00
  -3.81136465e+00  -1.81538598e+00  -2.31006138e+00  -7.20501599e-01
  -2.40571939e+00  -1.63770691e+00]
log likelihood =  -13422.8308532
Edge derivatives =  [-6.467143202245519, 0.5887267290529186, -1.8024485511000647, 4.9046669311188, -7.484581853037037, 1.2754683182484439, 3.776382251577196, -8.424540532536072, -3.0955416833497353, 8.995487882025307, -2.9929559288232053, -0.88039192656314]
other derivatives: [  4.4632543   -2.84508133  10.66637196  -8.23056325  -1.63745426
   0.68066583]
Current x array =  [-0.75759616 -0.51991554 -0.86206893  1.0410708  -2.48042403 -1.7703926
 -0.17292604 -2.09976355 -2.29254272 -3.08395291  0.01753094 -1.95895901
 -3.77308937 -1.79870516 -2.32343862 -0.75095856 -2.41519456 -1.64762447]
log likelihood =  -13422.2577444
Edge derivatives =  [-4.37070577491962, 2.148604484648649, -1.2392626347055238, 2.945808704706786, -8.767374893528018, 1.6081510037137174, 3.7578614073569665, -6.603194390987746, -1.910121764145442, 8.294524237503792, -2.63367215257268, -0.09702300841799438]
other derivatives: [-2.48546712  1.04482751 -0.85328793 -2.37250788 -3.22943379  0.69212547]
Current x array =  [-0.75581667 -0.52113999 -0.85717002  1.0347419  -2.47108019 -1.76933492
 -0.18478974 -2.11023841 -2.30780793 -3.00024088  0.01644212 -1.95136056
 -3.78759209 -1.80734599 -2.33469756 -0.74641603 -2.42532987 -1.65660146]
log likelihood =  -13421.3771832
Edge derivatives =  [-1.988063982736851, 5.365185365554639, -0.5539954454246625, 2.3573966627515914, -8.13382283587801, -0.39335103716009356, 3.8281932623469404, -3.183860894230275, 1.925462445265301, 5.368449594046325, -1.8136508319823519, 1.2543816753353036]
other derivatives: [-14.18829925   0.74651325  -8.55907274   7.18737283  -5.95118763
   0.41964086]
Current x array =  [ -7.52824695e-01  -5.21539572e-01  -8.53140132e-01   1.03063324e+00
  -2.45520509e+00  -1.74128416e+00  -2.05995611e-01  -2.13218908e+00
  -2.38266590e+00  -2.96770516e+00   1.76245899e-03  -1.89375970e+00
  -3.67556478e+00  -1.83102326e+00  -2.37274147e+00  -7.27725474e-01
  -2.43938373e+00  -1.66782731e+00]
log likelihood =  -13421.3793908
Edge derivatives =  [1.5129146051771827, 5.662518121202877, 0.1745601606483706, 0.15544246585476743, -4.1404769603512275, -3.7959621050604926, 3.9793916223840577, -0.4136389424812759, 3.1599187846107806, 2.7259481817572873, -2.012273669980406, 0.3023560076650587]
other derivatives: [  6.29415808e+01   1.89913408e+01  -3.80594429e+01   5.87533577e-02
  -9.20063030e+00  -8.26366886e-01]
Current x array =  [-0.77229604 -0.5274395  -0.84093636  1.04173963 -2.44266516 -1.69889806
 -0.23208843 -2.1476605  -2.51028247 -2.91850659 -0.02599418 -1.82210589
 -3.47624009 -1.86347597 -2.40338905 -0.70916536 -2.45387426 -1.68161262]
log likelihood =  -13421.0128887
Edge derivatives =  [-0.22703943892275358, 5.5113060412035955, -0.10090440349741323, 1.2911036689703235, -6.124734016437244, -1.905074722773778, 3.9271812080347233, -1.7665357206391308, 2.549508050687833, 4.078348005145273, -1.900523101786669, 0.7804798572473015]
other derivatives: [ 24.91087798   9.94386937 -23.15136953   3.85462045  -7.42129487
  -0.19754225]
Current x array =  [-0.76254676 -0.52448541 -0.84704677  1.03617867 -2.44894389 -1.72012073
 -0.21902379 -2.13991398 -2.44638501 -2.94314025 -0.01209647 -1.85798286
 -3.57604171 -1.84722694 -2.38804384 -0.71845838 -2.44661887 -1.67471033]
log likelihood =  -13420.3643245
Edge derivatives =  [1.105922525469924, 6.136155065708543, 1.0510719443315442, 1.1906044705193164, -0.2482120509380054, -3.2976991479658744, 3.9648030410201356, 1.0283949656542308, 3.576202865150488, 1.7791754494858356, -1.7279415496531279, 1.4013457642525329]
other derivatives: [  6.65877451  -1.07356755 -14.26669769   7.75289664  -3.2108801
  -0.62773324]
Current x array =  [-0.75729989 -0.52167598 -0.84981699  1.04347553 -2.4475187  -1.68916479
 -0.23218118 -2.14917801 -2.54292271 -2.94282052 -0.03729748 -1.81404081
 -3.41714176 -1.87199721 -2.40448487 -0.70661515 -2.45059255 -1.6837441 ]
log likelihood =  -13419.930886
Edge derivatives =  [2.03419409344586, 4.419470249047098, 2.0447093499336813, 1.3014528617753796, 3.844421734956901, -4.204566352963262, 3.9096523739254825, 1.7071962310625048, 2.203327435588804, 0.998421795641085, -2.2174936438541435, 0.8652328081050287]
other derivatives: [  2.18278728e-03  -5.30526449e+00  -2.05454853e+00   3.27927410e+00
   1.19052856e+00  -1.15142029e+00]
Current x array =  [-0.75503068 -0.52040855 -0.8545422   1.05571757 -2.45453246 -1.66225298
 -0.23981651 -2.14513456 -2.63263936 -2.96052434 -0.05272451 -1.78429585
 -3.25271466 -1.8843983  -2.4001718  -0.70832587 -2.44757594 -1.68735308]
log likelihood =  -13419.6785225
Edge derivatives =  [1.4655368264175226, 1.8460631182485998, 3.4747795760233666, 0.916856188784862, 5.022946489254389, -2.3345506157972946, 3.714976666279693, 2.03064206927987, -0.3842030680495564, 1.1181702555079052, -2.6346893777780926, 0.4170353576287426]
other derivatives: [-3.14557838  3.05462891  3.84934538 -1.54850568  3.32493073 -1.23818609]
Current x array =  [-0.75403581 -0.52239035 -0.85709494  1.06382787 -2.46156461 -1.64835315
 -0.23926175 -2.13391519 -2.69833809 -2.96050572 -0.05693417 -1.7834851
 -3.13246314 -1.88947754 -2.38220959 -0.71599411 -2.44367518 -1.69039533]
log likelihood =  -13419.691533
Edge derivatives =  [0.5906577362421425, -0.6747881132448255, 4.627387372474204, 0.9827035937599794, 3.726395046309889, -0.9137397753275659, 3.2655373723202605, 1.4621935588170214, -2.579489299422777, 1.524825139950374, -2.8173543911246313, 0.2732534174206265]
other derivatives: [  5.68052201 -37.30292519  -3.26290319  -6.03304215   2.16550688
  -1.38898031]
Current x array =  [-0.75599249 -0.5117909  -0.85455769  1.06855862 -2.46694468 -1.63183672
 -0.23677049 -2.12080638 -2.76627612 -2.97052342 -0.05161252 -1.77668072
 -2.98304104 -1.88663971 -2.3657209  -0.72810492 -2.44300368 -1.69168909]
log likelihood =  -13419.5972364
Edge derivatives =  [1.0503298063552478, 0.6331200292416748, 4.057151232205093, 0.9502411848973185, 4.398082304580936, -1.6362666110239936, 3.5264606763407618, 1.7601488930901055, -1.4389792045424388, 1.3281808144332932, -2.7208852386912916, 0.3489578205940077]
other derivatives: [  1.14778231 -16.20010153   0.43019099  -3.65107553   2.81143002
  -1.31494744]
Current x array =  [-0.75497989 -0.5172762  -0.85587073  1.06611042 -2.46416045 -1.6403841
 -0.23805974 -2.1275903  -2.73111765 -2.96533918 -0.05436652 -1.78020204
 -3.06036817 -1.88810831 -2.37425393 -0.72183748 -2.44335119 -1.69101956]
log likelihood =  -13419.4689849
Edge derivatives =  [-0.01973201260467644, -0.1378283720937997, 4.587326597723782, 1.1525538453368276, 2.243344904811258, -0.9937584939880473, 3.2392082972544167, 1.3362140151677115, -2.1429042996514904, 1.6920063088546093, -2.676020831438527, 0.49837411537120624]
other derivatives: [ 1.03773345 -5.65814844 -1.0122676  -5.36128937  0.7206836  -1.21508492]
Current x array =  [-0.75523924 -0.51998027 -0.85539547  1.06579091 -2.4652963  -1.63197
 -0.23506108 -2.12285005 -2.76390612 -2.97223521 -0.04781438 -1.77521581
 -2.98437854 -1.88401972 -2.36822141 -0.73010992 -2.44387883 -1.69181368]
log likelihood =  -13419.3133643
Edge derivatives =  [-0.7862797700683362, -0.7273363588522741, 5.2642348615736, 1.3928285315072413, -1.4691827943487463, 0.7170724738503365, 2.932003624880414, 1.3146551702016966, -2.289069966168573, 1.6348967139961599, -2.0084616417991623, 0.9899934277157995]
other derivatives: [ 3.15612851  1.89302227  0.40436134 -3.40878614 -2.81888788 -0.90003596]
Current x array =  [-0.75643262 -0.52202629 -0.8561771   1.059354   -2.46348148 -1.63079926
 -0.23214484 -2.11492937 -2.77482436 -2.9716814  -0.03500767 -1.78037281
 -2.92890139 -1.87741261 -2.36351944 -0.73195654 -2.44964622 -1.69064249]
log likelihood =  -13419.1419265
Edge derivatives =  [-0.7329813194361665, -1.0256639850884914, 5.545394978196383, 2.000188965696137, -4.321227197401389, 1.4072598761468058, 2.453838287004973, 1.1709435204093386, -1.4832914321006565, 0.7479439047515051, -0.9930344750640205, 1.190115880391401]
other derivatives: [-1.86082616  7.45221769 -9.12004907 -0.34051482 -4.98002919 -0.54387783]
Current x array =  [-0.75581539 -0.52359902 -0.85231341  1.05211901 -2.46354556 -1.62828242
 -0.23188026 -2.10709954 -2.77880046 -2.98066104 -0.02454061 -1.7774582
 -2.85139477 -1.86957008 -2.36689182 -0.72581013 -2.46081512 -1.68619896]
log likelihood =  -13418.9042888
Edge derivatives =  [1.036901545611202, -0.7647477257830929, 5.848189346246249, 2.072303435892646, -6.5546482243958515, 2.764205390264955, 2.15732238179438, 1.0481394910473119, 0.08364934531091595, 0.019247448999614447, 0.6555397838076336, 1.6067640149979683]
other derivatives: [ 3.67854227  6.72171154 -1.88283593  7.33271008 -4.36575647 -0.14060788]
Current x array =  [-0.75818444 -0.52367366 -0.85541616  1.03882791 -2.46557148 -1.63537071
 -0.23309294 -2.09750381 -2.75076531 -2.96195761 -0.00972735 -1.78392434
 -2.79724348 -1.85501963 -2.37269954 -0.71456375 -2.48035668 -1.67876418]
log likelihood =  -13418.5864932
Edge derivatives =  [1.8185613740337658, -1.1599237295870564, 4.907327012235554, 1.0499742357002722, -8.277393523953245, 1.652174951741236, 1.724211877629314, -0.7697861907904894, 1.513124372259486, -1.9090191635537497, 1.7622004337264612, -0.21807246536248892]
other derivatives: [-4.5996785   4.36320988 -6.90160959  5.2348696  -6.14909368  0.07639755]
Current x array =  [ -7.56644227e-01  -5.22951015e-01  -8.53591976e-01   1.03336166e+00
  -2.46890735e+00  -1.64873699e+00  -2.34442004e-01  -2.08853764e+00
  -2.68890810e+00  -2.92371517e+00  -8.42329685e-04  -1.78859162e+00
  -2.75519369e+00  -1.83624448e+00  -2.38446657e+00  -6.94684146e-01
  -2.50681359e+00  -1.66644029e+00]
log likelihood =  -13418.2363963
Edge derivatives =  [3.195056887158726, -1.4372785179601677, 3.709396878912216, 0.5366966883556388, -1.7079484744316944, 1.1661313312082953, 1.430972699405367, -3.12682095202227, 2.5249290233657016, -1.6329348207679641, 3.129296381202632, -1.255589626268536]
other derivatives: [ 4.68171493  0.01273293  0.27757778  8.4286512   6.27096597  0.46147761]
Current x array =  [ -7.59608810e-01  -5.21941717e-01  -8.56691311e-01   1.02677780e+00
  -2.49201879e+00  -1.66861122e+00  -2.23478549e-01  -2.07516115e+00
  -2.59434373e+00  -2.89452961e+00  -1.39655055e-03  -1.80284059e+00
  -2.67931305e+00  -1.80753059e+00  -2.38578668e+00  -6.83229349e-01
  -2.53310654e+00  -1.65081943e+00]
log likelihood =  -13418.0759352
Edge derivatives =  [-0.7785279418227244, -2.0801184492016773, 2.061951735764612, -0.1279080284639315, -1.7677107638828926, -1.181239447823863, 1.1283016824819114, -4.616588130920243, 1.6926727784769802, -2.2765240695386915, 2.488623850364417, -2.7346702586230656]
other derivatives: [-4.17712727 -3.49355105  7.03712431 -2.56495696 -0.04056346  0.45438355]
Current x array =  [-0.75718511 -0.52061188 -0.85963614  1.03418756 -2.48952892 -1.67677629
 -0.21433565 -2.07645917 -2.54804955 -2.88850483 -0.00681793 -1.80817534
 -2.67960098 -1.80540118 -2.38317519 -0.6825495  -2.53408902 -1.64883335]
log likelihood =  -13417.9730255
Edge derivatives =  [-2.3207295862797364, -2.2691601849678205, 1.627619064333491, -0.021745177870206283, 0.4831481261525864, -2.0653231516496127, 0.8939138058185956, -4.158095892647946, 0.7917589575884936, -2.035534562238717, 1.9803064914969823, -2.6869473055601043]
other derivatives: [ 2.575689   -0.70813257  1.92503649 -6.11817086 -0.31031959  0.44310582]
Current x array =  [-0.75864975 -0.52133648 -0.85745904  1.03940362 -2.48955604 -1.67347861
 -0.21092219 -2.08000247 -2.54730747 -2.89978609 -0.01665612 -1.80553661
 -2.65599329 -1.81388411 -2.37774474 -0.68755547 -2.52674662 -1.65248861]
log likelihood =  -13417.8704675
Edge derivatives =  [-3.9029202463048507, -1.7350454335037369, 1.510755132743661, 0.33988954724037473, 4.23167430248215, -2.1142366534868287, 0.5993167323371298, -2.1357884761195463, -0.3617751029310914, -1.3143647300302366, 1.605090067835426, -1.1030716634335975]
other derivatives: [-9.86547093 -0.9265932   1.24509825 -3.05917638  2.65590643  0.73650881]
Current x array =  [-0.75517118 -0.52125937 -0.8568645   1.04101074 -2.49059017 -1.66997356
 -0.20675545 -2.08620697 -2.54077057 -2.91133053 -0.02959613 -1.80851262
 -2.62034753 -1.82965916 -2.36549483 -0.69877209 -2.51348422 -1.66082143]
log likelihood =  -13417.7558427
Edge derivatives =  [-4.464702506221331, -0.8075708191617742, 0.47086821708174753, 0.06967298371006121, 4.803246886477396, -2.667915423857603, 0.6105458716583145, -0.5390625292375594, -0.672583356842329, -1.1747491385641082, 1.469979518746387, -0.17753616786797977]
other derivatives: [ 3.46572051  2.09638529 -3.50883056 -1.89465936  0.78289304  0.90440153]
Current x array =  [-0.75860084 -0.52224134 -0.85491485  1.03829241 -2.48510196 -1.67697851
 -0.20701504 -2.09294583 -2.49143854 -2.90222688 -0.0333599  -1.82116113
 -2.62788874 -1.84134531 -2.36082219 -0.70021809 -2.50797215 -1.66556047]
log likelihood =  -13417.6670484
Edge derivatives =  [-4.351440045113336, -0.4489733636819199, 0.5311229809820521, 0.024194425517268733, 2.6794860861152956, -1.9556169038293207, 0.12615899562792493, 0.4774554982991097, -1.0266147219899482, -0.9650146453679487, 1.6400616291378929, 0.8875131501237727]
other derivatives: [ 5.82222128 -3.24853318 -2.83325789  0.83637133 -1.31913112  1.23200152]
Current x array =  [-0.7594667  -0.52089262 -0.85531675  1.03342996 -2.48249668 -1.67705485
 -0.20903437 -2.09354725 -2.47403665 -2.89535915 -0.02595974 -1.8309709
 -2.57891009 -1.84521029 -2.35405341 -0.70661913 -2.50568258 -1.66869374]
log likelihood =  -13417.714803
Edge derivatives =  [-1.4335384431095244, 0.7100708529716209, -0.1372826464515156, -0.5555250065123184, -1.1416681228640129, -1.4976384607894397, -0.18347639570195462, 1.7870046800802355, -1.0079117772230712, -0.7358418697538122, 1.6500997086827789, 1.7212749094237663]
other derivatives: [ -3.77767719  29.11237971   5.00713213   4.31227818  -1.50812411
   1.64491212]
Current x array =  [-0.75748278 -0.52953229 -0.85863756  1.02703733 -2.48112136 -1.68068394
 -0.22221127 -2.09855051 -2.42072761 -2.87255226 -0.01253165 -1.85256404
 -2.54152644 -1.85051084 -2.34973659 -0.71428461 -2.50079282 -1.67094127]
log likelihood =  -13417.6231112
Edge derivatives =  [-3.1565723374837886, 0.026320527279543926, 0.27639231106990103, -0.2092082889209934, 1.1195731174773218, -1.750018764142383, 0.001695134814035451, 1.0173723549556137, -1.01900561548867, -0.8709124860771826, 1.645765744483383, 1.2293795513856636]
other derivatives: [  1.91848812  10.1106707    0.38908183   2.29592843  -1.37424649
   1.40407792]
Current x array =  [-0.75865606 -0.52442284 -0.85667365  1.0308179  -2.48193472 -1.67853772
 -0.21441852 -2.09559161 -2.4522543  -2.88604014 -0.02047296 -1.83979397
 -2.56363494 -1.84737612 -2.35228953 -0.70975129 -2.5036846  -1.6696121 ]
log likelihood =  -13417.5804581
Edge derivatives =  [-1.9343425836139343, 0.2493829262351405, 0.3269212844280891, -0.4096836429644488, -0.329265670149464, -1.3640997195939257, -0.040210427118547686, 1.2007936920303952, -1.1416188314703022, -0.6025746355200781, 1.5054998177300112, 1.4088080683286717]
other derivatives: [-0.01437002  2.64626578  1.04828359  3.18395905 -1.19962351  1.43027137]
Current x array =  [-0.75807536 -0.52239356 -0.85705628  1.03005548 -2.48204343 -1.6778966
 -0.21948823 -2.09698705 -2.4438109  -2.87979512 -0.01505422 -1.84662666
 -2.55367809 -1.84830507 -2.35030715 -0.71450679 -2.50036343 -1.6703815 ]
log likelihood =  -13417.5496597
Edge derivatives =  [-0.5726466983034713, 0.34197143592713786, 0.24621763856256473, -0.6389200652841586, -0.9796406171575062, -1.2733056193074388, 0.045798549851548645, 1.0949904990588193, -1.3855414131459391, -0.2544506717139592, 1.0607123768045845, 1.133029336339362]
other derivatives: [-0.85292413 -1.34768925  1.34750735  2.11530278 -0.21937012  1.31767592]
Current x array =  [-0.75758893 -0.52125127 -0.85727425  1.03250214 -2.48317919 -1.67581185
 -0.22538794 -2.09953989 -2.43755539 -2.87734927 -0.01294247 -1.85276241
 -2.5537449  -1.85005681 -2.34936881 -0.71990642 -2.49421213 -1.6707773 ]
log likelihood =  -13417.5246943
Edge derivatives =  [0.42437796339842426, 0.2831224201162773, 0.13216442853254506, -0.8099293732639605, -0.9583169649878014, -1.2343026206950578, 0.10764470495885223, 0.718473322797756, -1.596050640002657, 0.06837409436150838, 0.4699622564928999, 0.5306043633387086]
other derivatives: [-0.70049282 -1.77096808  0.00745786  0.02528395  0.74360287  1.1496013 ]
Current x array =  [-0.75730695 -0.52105524 -0.85679724  1.03618639 -2.48436465 -1.6720094
 -0.23030751 -2.10184265 -2.43263263 -2.87885126 -0.01368327 -1.85920108
 -2.55241808 -1.85124824 -2.34994246 -0.72533636 -2.48683035 -1.67036433]
log likelihood =  -13417.4995217
Edge derivatives =  [0.8299949146187107, 0.2863969726704694, 0.18704044316596455, -0.7958037116177203, -0.31874960284877907, -0.9259024262794141, 0.11016188611084277, 0.27836346512817134, -1.4477576850075402, 0.3536046039001245, -0.20411205213279843, -0.09358630413594643]
other derivatives: [ 1.23473001 -1.59488991  3.0375304  -1.27347448  0.93441486  0.91204129]
Current x array =  [-0.75750932 -0.52108042 -0.85806738  1.03917993 -2.4833309  -1.66423274
 -0.23399203 -2.10410234 -2.4309261  -2.88525902 -0.01734893 -1.8674476
 -2.54719408 -1.85222677 -2.35399744 -0.73137618 -2.47734555 -1.66967967]
log likelihood =  -13417.4962463
Edge derivatives =  [0.7793584409558654, 0.26065644907140595, 0.13787263866475202, -0.7984710953082864, -0.566182673314974, -0.32926430559929953, 0.08318346173554467, -0.7974501748586478, -0.5875224058600843, 0.30467840038351907, -1.2398347312033104, -1.4600028426598106]
other derivatives: [-4.82814357  1.35387381 -8.11560312 -3.28600436 -1.46319508  0.54224074]
Current x array =  [-0.75554601 -0.52181502 -0.85351006  1.04187615 -2.47801735 -1.65099252
 -0.23919351 -2.10658656 -2.42004614 -2.89435536 -0.02213918 -1.88448817
 -2.54739757 -1.85107232 -2.36680386 -0.73747164 -2.46433317 -1.66696641]
log likelihood =  -13417.4820593
Edge derivatives =  [0.8029864312475015, 0.27306777973241314, 0.16313710963065042, -0.7965824309611236, -0.4485384354932116, -0.6079684495572051, 0.09592806572653595, -0.2864526726568931, -0.994064979740855, 0.3279175991993527, -0.7452538191383773, -0.8109292492875366]
other derivatives: [-1.94868335 -0.04165486 -2.81343091 -2.32303137 -0.32305252  0.71722752]
Current x array =  [-0.75647732 -0.52146656 -0.85567186  1.04059718 -2.48053787 -1.65727311
 -0.23672615 -2.10540816 -2.42520713 -2.89004045 -0.01986689 -1.87640485
 -2.54730105 -1.85161994 -2.36072904 -0.73458021 -2.47050569 -1.66825346]
log likelihood =  -13417.4689537
Edge derivatives =  [0.5372819918611158, 0.3694741283808517, 0.32650814615055956, -0.590900284335646, 0.33174464259150926, -0.2370863572450354, 0.053597127777784435, -0.3158865054516974, -0.5260027028315745, 0.355346898591719, -0.804429308901565, -0.7632290550936505]
other derivatives: [ 0.32978278  0.80326572 -0.77070581 -0.93150447 -0.33633114  0.64210326]
Current x array =  [-0.75707272 -0.52177937 -0.85645383  1.03962787 -2.47911612 -1.65251547
 -0.23608268 -2.10523111 -2.42535192 -2.89500915 -0.02263317 -1.87993957
 -2.54192149 -1.85134739 -2.36507521 -0.7353908  -2.46823594 -1.66807113]
log likelihood =  -13417.4621994
Edge derivatives =  [0.10835205943781911, 0.42106262954466056, 0.3421369245322775, -0.4261250957168483, 0.6491644664225065, -0.06684083522781153, 0.019733482715477063, -0.24152569889717568, -0.086024459701868, 0.2229635072654939, -0.6830693250239239, -0.5418418655227264]
other derivatives: [ 0.48676156  0.88384695  0.30631782  0.34087861 -0.73487172  0.62191248]
Current x array =  [-0.75718664 -0.5218613  -0.85684304  1.03825983 -2.47789052 -1.64982909
 -0.23453147 -2.10437975 -2.42201183 -2.89755118 -0.02378906 -1.88228502
 -2.54033201 -1.85114374 -2.36882382 -0.73407593 -2.46896466 -1.66842433]
log likelihood =  -13417.4556218
Edge derivatives =  [-0.004270125965585181, 0.2706627620787926, 0.3714902809184378, -0.2702647223004671, 0.5588135945355375, 0.12178966574793584, -0.029092984069708464, -0.18972311433953595, 0.24223012793561977, 0.13821081804345794, -0.5021917585989429, -0.23035983533962123]
other derivatives: [ 1.97032932  1.11303962 -0.06639311  1.03864295 -0.59644663  0.59426384]
Current x array =  [-0.75763776 -0.5219622  -0.85667897  1.03776221 -2.4785007  -1.64592922
 -0.23334661 -2.10247957 -2.41888896 -2.90010343 -0.02274124 -1.88490287
 -2.53433957 -1.850854   -2.37205044 -0.73297092 -2.47103351 -1.66950015]
log likelihood =  -13417.4579
Edge derivatives =  [-0.6084637956102885, -0.29371392264653046, 0.3923227429620258, 0.1406229639717502, 0.5982751472822844, 0.32703549322485037, -0.14996550237867057, -0.21879642495990384, 0.8624316704490874, -0.22028222536718395, -0.16319626273576227, 0.3489724621753489]
other derivatives: [-7.06022547 -0.28358045  3.11865733  1.59252522  0.21318556  0.4800313 ]
Current x array =  [-0.7553701  -0.52152104 -0.8579034   1.03913918 -2.48148727 -1.63472096
 -0.22988576 -2.0978092  -2.41488531 -2.90957786 -0.02165612 -1.88952999
 -2.5223979  -1.85065824 -2.3794472  -0.73037899 -2.4758898  -1.67221307]
log likelihood =  -13417.4507627
Edge derivatives =  [-0.2778417700564085, 0.016421911425434033, 0.38100922409499377, -0.08395486628203526, 0.5765883542281773, 0.21512176289834342, -0.08355900403516431, -0.2026872193430555, 0.5231796482578033, -0.024081914705359975, -0.3486437738275934, 0.031828334146494164]
other derivatives: [-2.10620783  0.48366928  1.3737008   1.29148248 -0.22864697  0.54260454]
Current x array =  [-0.75661254 -0.52176275 -0.85723254  1.03838474 -2.47985094 -1.64086191
 -0.23178194 -2.10036807 -2.41707889 -2.90438687 -0.02225065 -1.88699482
 -2.52894068 -1.8507655  -2.37539455 -0.7317991  -2.47322907 -1.67072668]
log likelihood =  -13417.4463947
Edge derivatives =  [-0.08278148310420408, -0.21967761600612545, 0.31373384453633346, -0.04315695507729652, 0.07646912394371952, 0.2392017007816451, -0.12073914078246818, -0.1996881089089218, 0.5729108912285897, -0.053168008053421784, -0.24515475908108336, 0.20918209384319275]
other derivatives: [-0.23355824  0.40217856  0.31923264  0.78380253 -0.00272848  0.49603841]
Current x array =  [-0.75710726 -0.52173192 -0.8568377   1.03915554 -2.4813858  -1.63753988
 -0.23178661 -2.09891435 -2.41315026 -2.9054244  -0.01981527 -1.88930424
 -2.52292156 -1.85097363 -2.37662987 -0.73150838 -2.47520148 -1.67189606]
log likelihood =  -13417.444633
Edge derivatives =  [-0.004114712088452821, -0.3357134987713919, 0.2217765900387721, -0.05350619375741599, -0.08623587051965587, 0.13267017155825367, -0.11706943580263501, -0.22757724453110967, 0.4842130508374292, -0.06658002261912008, -0.24053240715141944, 0.1681379447595101]
other derivatives: [ 0.35288394 -0.76342985 -0.18335413  0.03656169  0.09040377  0.44019544]
Current x array =  [-0.75721385 -0.5213985  -0.85665295  1.04017768 -2.48219144 -1.63578977
 -0.23190812 -2.09877715 -2.41137071 -2.90614623 -0.0191229  -1.88983238
 -2.52217034 -1.85145594 -2.37648339 -0.73149824 -2.47603889 -1.67220969]
log likelihood =  -13417.4431763
Edge derivatives =  [0.14732983517763854, -0.39950647258179317, 0.09371764733658962, -0.07970688806054782, -0.3324393730025405, -0.005573951537146057, -0.09882448144888989, -0.19475229463730562, 0.3477935278817151, -0.06982142097196542, -0.2278194697507489, 0.11536133366606344]
other derivatives: [ 0.28703653  0.51732059 -0.23555913 -0.71831892  0.21227606  0.37325663]
Current x array =  [-0.75716637 -0.52170591 -0.85664622  1.04117383 -2.48298924 -1.63370732
 -0.23236637 -2.09911756 -2.40842143 -2.90648907 -0.0182111  -1.89057961
 -2.52233235 -1.85237272 -2.3758268  -0.73166807 -2.47700527 -1.67252616]
log likelihood =  -13417.4415256
Edge derivatives =  [0.2540458573227328, -0.3169838237620928, -0.021508795827168373, -0.08604671036490728, -0.27908861887214254, -0.11128432536308631, -0.05743871261394949, -0.11267122234824187, 0.24903542582582971, -0.050331447740759816, -0.23300045650137607, 0.02235773334878871]
other derivatives: [ 0.14933903 -0.85983629 -0.24847395 -0.89730747  0.30631782  0.27248461]
Current x array =  [-0.7570663  -0.52133461 -0.85663834  1.04166187 -2.48301355 -1.63127846
 -0.2328522  -2.1003198  -2.40527531 -2.90720668 -0.01845873 -1.89153774
 -2.52453332 -1.85354649 -2.3751219  -0.73210092 -2.47731265 -1.67239829]
log likelihood =  -13417.4395869
Edge derivatives =  [0.20543717408680207, -0.15375826198363382, -0.13339822344660499, -0.0609624645879042, -0.12388795998607255, -0.19303697650769375, -0.014947687140020184, 0.04801203855430249, 0.18340968953268688, -0.05373286082145806, -0.17274472699552856, -0.027201415687465647]
other derivatives: [-0.0858563  -0.54387783 -0.00854925 -0.61427272  0.24283509  0.17917046]
Current x array =  [-0.75698112 -0.52143103 -0.85670763  1.04147047 -2.48248691 -1.62847761
 -0.23277872 -2.101777   -2.40159674 -2.90808333 -0.01914289 -1.8924756
 -2.52748228 -1.85483233 -2.37432737 -0.73216665 -2.47824285 -1.67217201]
log likelihood =  -13417.4383535
Edge derivatives =  [-0.032170600692261686, -0.03664821220188841, -0.12530255949750052, 0.002987276341615438, -0.05083069122582268, -0.13830847186359035, -0.007588111516599438, 0.18185078393103846, 0.05995425206021532, -0.0582678311373368, -0.02809218857862461, 0.0470629922138045]
other derivatives: [-0.35597623 -0.17062121 -0.45347406 -0.03747118  0.02055458  0.11386874]
Current x array =  [-0.75693429 -0.52155408 -0.8564981   1.0407532  -2.48191593 -1.62572822
 -0.23181053 -2.10265677 -2.40049473 -2.90916248 -0.0194282  -1.8930642
 -2.52788822 -1.855269   -2.37261916 -0.732123   -2.48019908 -1.67223977]
log likelihood =  -13417.4382891
Edge derivatives =  [-0.1755510222537563, -0.01585694263760301, -0.10364867575509826, 0.0242105466510324, 0.016728523606078127, -0.10530384989260577, -0.008562802104199914, 0.13527778040465474, -0.006410488775328793, -0.06520213895490254, 0.009847089482083349, 0.019402677831475756]
other derivatives: [ 0.43237378 -0.06402843  0.97261363 -0.05529728 -0.21937012  0.06675691]
Current x array =  [-0.75714592 -0.52159224 -0.85708289  1.04064846 -2.48152161 -1.62444093
 -0.23136604 -2.10295874 -2.40090917 -2.90979386 -0.01974648 -1.89338091
 -2.52788378 -1.85489194 -2.37192328 -0.73213749 -2.4809801  -1.67209654]
log likelihood =  -13417.4380153
Edge derivatives =  [-0.1245367009575708, -0.022992929130156797, -0.07842083051266203, 0.022918622362917463, 0.000977772589951853, -0.07825358142518798, -0.010391376740332185, 0.137478915973056, -0.0035712176208289037, -0.05183282992012242, 0.010329621553700874, 0.04417885377282432]
other derivatives: [ 0.0178261  -0.01455192  0.19226718  0.04329195 -0.08167262  0.08440111]
Current x array =  [-0.75704081 -0.52160455 -0.85676254  1.04058438 -2.48172154 -1.62484623
 -0.23145182 -2.10281778 -2.40144007 -2.90959397 -0.01959453 -1.8932247
 -2.52748709 -1.85478102 -2.3718768  -0.73220237 -2.48087061 -1.67215617]
log likelihood =  -13417.4379306
Edge derivatives =  [-0.10221329543660407, -0.031943278679034515, -0.05706544049110254, 0.02331920073422869, -0.00043147315919006557, -0.052945414816241376, -0.011428828444527687, 0.10871946800914069, -0.017075846900143077, -0.042934796780657564, 0.010202775374294648, 0.04145264506954727]
other derivatives: [-0.04383764 -0.01546141 -0.00582077  0.05275069 -0.02455636  0.08840289]
Current x array =  [-0.75702212 -0.5216037  -0.85668217  1.0406037  -2.48181568 -1.62477885
 -0.23149416 -2.1027746  -2.40192525 -2.90961696 -0.0195451  -1.89325663
 -2.52715073 -1.85454985 -2.37174885 -0.73229125 -2.48091153 -1.67214938]
log likelihood =  -13417.4378034
Edge derivatives =  [-0.06482442921970288, -0.0433010182508827, -0.022822897608106366, 0.027507119166253508, 0.009551761893310584, -0.004488436168025772, -0.00979586399143123, 0.026932513194418743, -0.0572954413769331, -0.02860461645063589, 0.01069845240798134, 0.006772290102679046]
other derivatives: [-0.09385985 -0.00363798 -0.15334081 -0.00327418  0.04201866  0.06075425]
Current x array =  [-0.75699628 -0.52160466 -0.85662403  1.04073311 -2.48193066 -1.623932
 -0.23161149 -2.10286468 -2.40263183 -2.90995097 -0.01954783 -1.89360261
 -2.52662254 -1.854035   -2.37145089 -0.73253233 -2.48116884 -1.6720771 ]
log likelihood =  -13417.43774
Edge derivatives =  [-0.006941482755820683, -0.018656927892060277, -0.014548149983126063, 0.026124527493048364, 0.014188058557385641, 0.008952183712948814, -0.0023775580452112324, -0.016027150815465546, -0.05267336828065261, -0.017336187038351047, 0.0004243354875988481, -0.025242517936433895]
other derivatives: [ 0.16189006  0.02819434 -0.11423253 -0.01000444  0.04656613  0.03637979]
Current x array =  [-0.7570494  -0.52161754 -0.85664053  1.04077452 -2.48182825 -1.62332662
 -0.23189896 -2.1031303  -2.40282796 -2.91006962 -0.01961885 -1.89379865
 -2.526788   -1.85382919 -2.37155119 -0.73273805 -2.48116566 -1.67200174]
log likelihood =  -13417.4377378
Edge derivatives =  [0.0191306313993731, 0.007885999939744898, -0.005213171985216425, 0.025701757475767736, -0.008771391913784843, 0.019104938716391462, 0.0007018431397413302, -0.06571332492209334, -0.03836735780120293, -0.021114459634794108, -0.009954159905968263, -0.054964714836272244]
other derivatives: [-0.34633558 -0.02182787  0.17735147 -0.00527507 -0.01236913  0.01382432]
Current x array =  [-0.75690726 -0.5216015  -0.85675793  1.04081847 -2.48164449 -1.62265026
 -0.23217112 -2.10340316 -2.40311916 -2.91018543 -0.01969235 -1.89397591
 -2.52694686 -1.85359003 -2.37174984 -0.73294558 -2.48118834 -1.67194914]
log likelihood =  -13417.4377181
Edge derivatives =  [0.006315343201171386, -0.005158483076207532, -0.009800684418624098, 0.025909756740708376, 0.002513412581530705, 0.014115540587551975, -0.0008119552159932056, -0.04128991851883245, -0.04539810518212317, -0.019257800661146657, -0.00485328105288646, -0.04035521404638631]
other derivatives: [-0.09549694  0.00327418  0.03346941 -0.00600267  0.01818989  0.02401066]
Current x array =  [-0.75697712 -0.52160939 -0.85670023  1.04079687 -2.48173481 -1.62298268
 -0.23203735 -2.10326905 -2.40297604 -2.91012851 -0.01965622 -1.89388879
 -2.52686878 -1.85370758 -2.3716522  -0.73284358 -2.48117719 -1.671975  ]
  status: 0
 success: True
    nfev: 90
     fun: 13417.437718149975
       x: array([-0.75697712, -0.52160939, -0.85670023,  1.04079687, -2.48173481,
       -1.62298268, -0.23203735, -2.10326905, -2.40297604, -2.91012851,
       -0.01965622, -1.89388879, -2.52686878, -1.85370758, -2.3716522 ,
       -0.73284358, -2.48117719, -1.671975  ])
 message: 'CONVERGENCE: REL_REDUCTION_OF_F_<=_FACTR*EPSMCH'
     jac: array([ 0.09549694, -0.00327418, -0.03346941,  0.00600267, -0.01818989,
       -0.02401066, -0.00631534,  0.00515848,  0.00980068, -0.02590976,
       -0.00251341, -0.01411554,  0.00081196,  0.04128992,  0.04539811,
        0.0192578 ,  0.00485328,  0.04035521])
     nit: 80
Lr rates:  [ 0.12113056  0.85801449  0.79292689  0.53210498  0.775371    0.81358928
  0.79214495]
Process rates:  [ 0.52502868  0.61491389  0.39120505  5.85872721  0.08624044  3.4499598 ]
log likelihood =  15499.4221527
Lr derivatives =  [-1773.7636807937736, -1614.5411763302066, -1035.9526686162685, -258.74692451042426, -333.43031284165085, -109.54598613955946, 41.802397393168775]
other derivatives =  [  367.12281144   282.003748    -252.20415409 -1049.45156636  -609.64648583
    82.7063559 ]
Current x_clock array =  [-0.64430238 -0.48627304 -0.93852343  1.76793238 -2.45061608  1.23836258
 -2.11088631 -0.15313429 -0.23202426 -0.63091448 -0.25441366 -0.20629961
 -0.23301088]
Lr rates:  [ 0.27122432  0.8580742   0.7930105   0.53225756  0.77546065  0.81366556
  0.77723871]
Process rates:  [ 0.44435151  0.54095017  0.39136305  9.43899895  0.11377124  3.32269808]
log likelihood =  14358.088248
Lr derivatives =  [34.117413625707492, -77.450035250128934, 232.36164343007124, 683.73888189027684, 258.57697701507823, 199.18979249601745, 132.70411405179092]
other derivatives =  [-394.4071068  -242.86910048 -215.55806597  205.71314963  -64.48335625
  428.4638635 ]
Current x_clock array =  [-0.81113934 -0.61442811 -0.93811965  2.24484993 -2.17356555  1.20077713
 -1.30480906 -0.1530647  -0.23191882 -0.63062776 -0.25429804 -0.20620586
 -0.25200775]
Lr rates:  [ 0.27962714  0.89417914  0.77122112  0.46857581  0.7418178   0.78444996
  0.75696929]
Process rates:  [ 0.47574449  0.56351517  0.40962912  9.27367837  0.11667005  3.05430269]
log likelihood =  14189.4232884
Lr derivatives =  [-126.63535528096337, -247.85355913349622, 1.6024448702067531, 409.67022292388356, 86.017630740072732, 84.802621361312504, 83.725870957248091]
other derivatives =  [-173.46101231 -140.6415322  -131.869092    124.92164387  -70.97187336
  342.06459532]
Current x_clock array =  [-0.74287436 -0.57356103 -0.89250311  2.2271801  -2.14840543  1.11655131
 -1.2742982  -0.11184914 -0.25978015 -0.75805738 -0.29865162 -0.24277249
 -0.2784326 ]
Lr rates:  [ 0.3438372   1.          0.75652108  0.34456565  0.68971705  0.73323532
  0.70917064]
Process rates:  [ 0.53114325  0.61380885  0.45166097  9.11041143  0.12811097  2.37197497]
log likelihood =  13986.5048976
Lr derivatives =  [-48.08193311148483, -233.82574675783528, -110.31880160713634, 134.33125005599777, -85.596338937799914, -42.079306571084331, 17.591773450594182]
other derivatives =  [ 295.52320484  136.43948478   98.49372873  224.32723199  101.38883226
  233.05874493]
Current x_clock array =  [-0.63272352 -0.48807172 -0.79482344  2.20941787 -2.05485844  0.86372293
 -1.06758699  0.         -0.27902488 -1.06547064 -0.37147383 -0.31028859
 -0.34365911]
Lr rates:  [ 0.38642743  1.          0.78959818  0.27579419  0.69195184  0.72209634
  0.6801542 ]
Process rates:  [ 0.48198388  0.59404825  0.45121301  8.05984698  0.12690484  1.86853899]
log likelihood =  13880.6925492
Lr derivatives =  [-228.33276711992335, -406.35449383160204, -294.76822109209138, -104.98107691108203, -212.18946334138931, -116.25713316461122, -24.596437189469292]
other derivatives =  [ -77.34270184   20.07091098  100.17884051  116.7978553    69.26129572
  149.16822693]
Current x_clock array =  [-0.72984461 -0.52079473 -0.79581574  2.08689457 -2.06431776  0.62515684
 -0.9508112   0.         -0.2362311  -1.28810037 -0.36823891 -0.32559672
 -0.38543574]
Lr rates:  [ 0.4784715   1.          0.90740487  0.21205669  0.73987605  0.73186799
  0.64909816]
Process rates:  [ 0.46910043  0.58232478  0.43882568  6.547619    0.12210206  1.3005966 ]
log likelihood =  13752.5012906
Lr derivatives =  [-236.01589876348686, -406.45484992241313, -239.5777280085008, -214.46382911779514, -232.2257744950125, -124.91938680532787, -45.917370659456608]
other derivatives =  [-129.93095879  -54.21461537   35.37406883   75.15372999   93.21556718
  104.19007594]
Current x_clock array =  [-0.75693839 -0.54072695 -0.82365304  1.87910147 -2.10289806  0.26282308
 -0.73715863  0.         -0.09716655 -1.55090164 -0.30127261 -0.31215512
 -0.43217133]
Lr rates:  [ 0.87601575  1.          1.          0.14395239  1.          0.83387142
  0.61724136]
Process rates:  [ 0.45121813  0.71005321  0.5005391   3.13062363  0.08288109  0.42908734]
log likelihood =  13722.8859666
Lr derivatives =  [-443.65837793544165, -568.3889902731845, nan, -408.23743627060287, nan, -0.26683647842418168, -48.394087511736878]
other derivatives =  [ -164.80844351  1070.66389319   457.01453928  -250.17543521  -109.72853488
     8.82919267]
Current x_clock array =  [-0.79580441 -0.34241537 -0.69206956  1.14123223 -2.49034835 -0.84609479
 -0.1323712   0.          0.         -1.93827267  0.         -0.18167607
 -0.48249515]
Lr rates:  [ 0.87601575  1.          1.          0.14395239  1.          0.83387142
  0.61724136]
Process rates:  [ 0.45121813  0.71005321  0.5005391   3.13062363  0.08288109  0.42908734]
log likelihood =  13722.8859666
Lr derivatives =  [-443.65837793544165, -568.3889902731845, nan, -408.23743627060287, nan, -0.26683647842418168, -48.394087511736878]
other derivatives =  [ -164.80844351  1070.66389319   457.01453928  -250.17543521  -109.72853488
     8.82919267]
Current x_clock array =  [-0.79580441 -0.34241537 -0.69206956  1.14123223 -2.49034835 -0.84609479
 -0.1323712   0.          0.         -1.93827267  0.         -0.18167607
 -0.48249515]
Lr rates:  [ 0.87601575  1.          1.          0.14395239  1.          0.83387142
  0.61724136]
Process rates:  [ 0.45121813  0.71005321  0.5005391   3.13062363  0.08288109  0.42908734]
log likelihood =  13722.8859666
Lr derivatives =  [-443.65837793544165, -568.3889902731845, nan, -408.23743627060287, nan, -0.26683647842418168, -48.394087511736878]
other derivatives =  [ -164.80844351  1070.66389319   457.01453928  -250.17543521  -109.72853488
     8.82919267]
Current x_clock array =  [-0.79580441 -0.34241537 -0.69206956  1.14123223 -2.49034835 -0.84609479
 -0.1323712   0.          0.         -1.93827267  0.         -0.18167607
 -0.48249515]
Lr rates:  [ 0.87601575  1.          1.          0.14395239  1.          0.83387142
  0.61724136]
Process rates:  [ 0.45121813  0.71005321  0.5005391   3.13062363  0.08288109  0.42908734]
log likelihood =  13722.8859666
Lr derivatives =  [-443.65837793544165, -568.3889902731845, nan, -408.23743627060287, nan, -0.26683647842418168, -48.394087511736878]
other derivatives =  [ -164.80844351  1070.66389319   457.01453928  -250.17543521  -109.72853488
     8.82919267]
Current x_clock array =  [-0.79580441 -0.34241537 -0.69206956  1.14123223 -2.49034835 -0.84609479
 -0.1323712   0.          0.         -1.93827267  0.         -0.18167607
 -0.48249515]
Lr rates:  [ 0.87601575  1.          1.          0.14395239  1.          0.83387142
  0.61724136]
Process rates:  [ 0.45121813  0.71005321  0.5005391   3.13062363  0.08288109  0.42908734]
log likelihood =  13722.8859666
Lr derivatives =  [-443.65837793544165, -568.3889902731845, nan, -408.23743627060287, nan, -0.26683647842418168, -48.394087511736878]
other derivatives =  [ -164.80844351  1070.66389319   457.01453928  -250.17543521  -109.72853488
     8.82919267]
Current x_clock array =  [-0.79580441 -0.34241537 -0.69206956  1.14123223 -2.49034835 -0.84609479
 -0.1323712   0.          0.         -1.93827267  0.         -0.18167607
 -0.48249515]
Lr rates:  [ 0.87601575  1.          1.          0.14395239  1.          0.83387142
  0.61724136]
Process rates:  [ 0.45121813  0.71005321  0.5005391   3.13062363  0.08288109  0.42908734]
log likelihood =  13722.8859666
Lr derivatives =  [-443.65837793544165, -568.3889902731845, nan, -408.23743627060287, nan, -0.26683647842418168, -48.394087511736878]
other derivatives =  [ -164.80844351  1070.66389319   457.01453928  -250.17543521  -109.72853488
     8.82919267]
Current x_clock array =  [-0.79580441 -0.34241537 -0.69206956  1.14123223 -2.49034835 -0.84609479
 -0.1323712   0.          0.         -1.93827267  0.         -0.18167607
 -0.48249515]
Lr rates:  [ 0.87601575  1.          1.          0.14395239  1.          0.83387142
  0.61724136]
Process rates:  [ 0.45121813  0.71005321  0.5005391   3.13062363  0.08288109  0.42908734]
log likelihood =  13722.8859666
Lr derivatives =  [-443.65837793544165, -568.3889902731845, nan, -408.23743627060287, nan, -0.26683647842418168, -48.394087511736878]
other derivatives =  [ -164.80844351  1070.66389319   457.01453928  -250.17543521  -109.72853488
     8.82919267]
Current x_clock array =  [-0.79580441 -0.34241537 -0.69206956  1.14123223 -2.49034835 -0.84609479
 -0.1323712   0.          0.         -1.93827267  0.         -0.18167607
 -0.48249515]
Lr rates:  [ 0.87601575  1.          1.          0.14395239  1.          0.83387142
  0.61724136]
Process rates:  [ 0.45121813  0.71005321  0.5005391   3.13062363  0.08288109  0.42908734]
log likelihood =  13722.8859666
Lr derivatives =  [-443.65837793544165, -568.3889902731845, nan, -408.23743627060287, nan, -0.26683647842418168, -48.394087511736878]
other derivatives =  [ -164.80844351  1070.66389319   457.01453928  -250.17543521  -109.72853488
     8.82919267]
Current x_clock array =  [-0.79580441 -0.34241537 -0.69206956  1.14123223 -2.49034835 -0.84609479
 -0.1323712   0.          0.         -1.93827267  0.         -0.18167607
 -0.48249515]
Lr rates:  [ 0.87601575  1.          1.          0.14395239  1.          0.83387142
  0.61724136]
Process rates:  [ 0.45121813  0.71005321  0.5005391   3.13062363  0.08288109  0.42908734]
log likelihood =  13722.8859666
Lr derivatives =  [-443.65837793544165, -568.3889902731845, nan, -408.23743627060287, nan, -0.26683647842418168, -48.394087511736878]
other derivatives =  [ -164.80844351  1070.66389319   457.01453928  -250.17543521  -109.72853488
     8.82919267]
Current x_clock array =  [-0.79580441 -0.34241537 -0.69206956  1.14123223 -2.49034835 -0.84609479
 -0.1323712   0.          0.         -1.93827267  0.         -0.18167607
 -0.48249515]
Lr rates:  [ 0.87601575  1.          1.          0.14395239  1.          0.83387142
  0.61724136]
Process rates:  [ 0.45121813  0.71005321  0.5005391   3.13062363  0.08288109  0.42908734]
log likelihood =  13722.8859666
Lr derivatives =  [-443.65837793544165, -568.3889902731845, nan, -408.23743627060287, nan, -0.26683647842418168, -48.394087511736878]
other derivatives =  [ -164.80844351  1070.66389319   457.01453928  -250.17543521  -109.72853488
     8.82919267]
Current x_clock array =  [-0.79580441 -0.34241537 -0.69206956  1.14123223 -2.49034835 -0.84609479
 -0.1323712   0.          0.         -1.93827267  0.         -0.18167607
 -0.48249515]
Lr rates:  [ 0.87601575  1.          1.          0.14395239  1.          0.83387142
  0.61724136]
Process rates:  [ 0.45121813  0.71005321  0.5005391   3.13062363  0.08288109  0.42908734]
log likelihood =  13722.8859666
Lr derivatives =  [-443.65837793544165, -568.3889902731845, nan, -408.23743627060287, nan, -0.26683647842418168, -48.394087511736878]
other derivatives =  [ -164.80844351  1070.66389319   457.01453928  -250.17543521  -109.72853488
     8.82919267]
Current x_clock array =  [-0.79580441 -0.34241537 -0.69206956  1.14123223 -2.49034835 -0.84609479
 -0.1323712   0.          0.         -1.93827267  0.         -0.18167607
 -0.48249515]
Lr rates:  [ 0.87601575  1.          1.          0.14395239  1.          0.83387142
  0.61724136]
Process rates:  [ 0.45121813  0.71005321  0.5005391   3.13062363  0.08288109  0.42908734]
log likelihood =  13722.8859666
Lr derivatives =  [-443.65837793544165, -568.3889902731845, nan, -408.23743627060287, nan, -0.26683647842418168, -48.394087511736878]
other derivatives =  [ -164.80844351  1070.66389319   457.01453928  -250.17543521  -109.72853488
     8.82919267]
Current x_clock array =  [-0.79580441 -0.34241537 -0.69206956  1.14123223 -2.49034835 -0.84609479
 -0.1323712   0.          0.         -1.93827267  0.         -0.18167607
 -0.48249515]
Lr rates:  [ 0.87601575  1.          1.          0.14395239  1.          0.83387142
  0.61724136]
Process rates:  [ 0.45121813  0.71005321  0.5005391   3.13062363  0.08288109  0.42908734]
log likelihood =  13722.8859666
Lr derivatives =  [-443.65837793544165, -568.3889902731845, nan, -408.23743627060287, nan, -0.26683647842418168, -48.394087511736878]
other derivatives =  [ -164.80844351  1070.66389319   457.01453928  -250.17543521  -109.72853488
     8.82919267]
Current x_clock array =  [-0.79580441 -0.34241537 -0.69206956  1.14123223 -2.49034835 -0.84609479
 -0.1323712   0.          0.         -1.93827267  0.         -0.18167607
 -0.48249515]
Lr rates:  [ 0.87601575  1.          1.          0.14395239  1.          0.83387142
  0.61724136]
Process rates:  [ 0.45121813  0.71005321  0.5005391   3.13062363  0.08288109  0.42908734]
log likelihood =  13722.8859666
Lr derivatives =  [-443.65837793544165, -568.3889902731845, nan, -408.23743627060287, nan, -0.26683647842418168, -48.394087511736878]
other derivatives =  [ -164.80844351  1070.66389319   457.01453928  -250.17543521  -109.72853488
     8.82919267]
Current x_clock array =  [-0.79580441 -0.34241537 -0.69206956  1.14123223 -2.49034835 -0.84609479
 -0.1323712   0.          0.         -1.93827267  0.         -0.18167607
 -0.48249515]
Lr rates:  [ 0.87601575  1.          1.          0.14395239  1.          0.83387142
  0.61724136]
Process rates:  [ 0.45121813  0.71005321  0.5005391   3.13062363  0.08288109  0.42908734]
log likelihood =  13722.8859666
Lr derivatives =  [-443.65837793544165, -568.3889902731845, nan, -408.23743627060287, nan, -0.26683647842418168, -48.394087511736878]
other derivatives =  [ -164.80844351  1070.66389319   457.01453928  -250.17543521  -109.72853488
     8.82919267]
Current x_clock array =  [-0.79580441 -0.34241537 -0.69206956  1.14123223 -2.49034835 -0.84609479
 -0.1323712   0.          0.         -1.93827267  0.         -0.18167607
 -0.48249515]
Lr rates:  [ 0.87601575  1.          1.          0.14395239  1.          0.83387142
  0.61724136]
Process rates:  [ 0.45121813  0.71005321  0.5005391   3.13062363  0.08288109  0.42908734]
log likelihood =  13722.8859666
Lr derivatives =  [-443.65837793544165, -568.3889902731845, nan, -408.23743627060287, nan, -0.26683647842418168, -48.394087511736878]
other derivatives =  [ -164.80844351  1070.66389319   457.01453928  -250.17543521  -109.72853488
     8.82919267]
Current x_clock array =  [-0.79580441 -0.34241537 -0.69206956  1.14123223 -2.49034835 -0.84609479
 -0.1323712   0.          0.         -1.93827267  0.         -0.18167607
 -0.48249515]
Lr rates:  [ 0.87601575  1.          1.          0.14395239  1.          0.83387142
  0.61724136]
Process rates:  [ 0.45121813  0.71005321  0.5005391   3.13062363  0.08288109  0.42908734]
log likelihood =  13722.8859666
Lr derivatives =  [-443.65837793544165, -568.3889902731845, nan, -408.23743627060287, nan, -0.26683647842418168, -48.394087511736878]
other derivatives =  [ -164.80844351  1070.66389319   457.01453928  -250.17543521  -109.72853488
     8.82919267]
Current x_clock array =  [-0.79580441 -0.34241537 -0.69206956  1.14123223 -2.49034835 -0.84609479
 -0.1323712   0.          0.         -1.93827267  0.         -0.18167607
 -0.48249515]
Lr rates:  [ 0.87601575  1.          1.          0.14395239  1.          0.83387142
  0.61724136]
Process rates:  [ 0.45121813  0.71005321  0.5005391   3.13062363  0.08288109  0.42908734]
log likelihood =  13722.8859666
Lr derivatives =  [-443.65837793544165, -568.3889902731845, nan, -408.23743627060287, nan, -0.26683647842418168, -48.394087511736878]
other derivatives =  [ -164.80844351  1070.66389319   457.01453928  -250.17543521  -109.72853488
     8.82919267]
Current x_clock array =  [-0.79580441 -0.34241537 -0.69206956  1.14123223 -2.49034835 -0.84609479
 -0.1323712   0.          0.         -1.93827267  0.         -0.18167607
 -0.48249515]
Lr rates:  [ 0.87601575  1.          1.          0.14395239  1.          0.83387142
  0.61724136]
Process rates:  [ 0.45121813  0.71005321  0.5005391   3.13062363  0.08288109  0.42908734]
log likelihood =  13722.8859666
Lr derivatives =  [-443.65837793544165, -568.3889902731845, nan, -408.23743627060287, nan, -0.26683647842418168, -48.394087511736878]
other derivatives =  [ -164.80844351  1070.66389319   457.01453928  -250.17543521  -109.72853488
     8.82919267]
Current x_clock array =  [-0.79580441 -0.34241537 -0.69206956  1.14123223 -2.49034835 -0.84609479
 -0.1323712   0.          0.         -1.93827267  0.         -0.18167607
 -0.48249515]
Lr rates:  [ 0.87601575  1.          1.          0.14395239  1.          0.83387142
  0.61724136]
Process rates:  [ 0.45121813  0.71005321  0.5005391   3.13062363  0.08288109  0.42908734]
log likelihood =  13722.8859666
Lr derivatives =  [-443.65837793544165, -568.3889902731845, nan, -408.23743627060287, nan, -0.26683647842418168, -48.394087511736878]
other derivatives =  [ -164.80844351  1070.66389319   457.01453928  -250.17543521  -109.72853488
     8.82919267]
Current x_clock array =  [-0.79580441 -0.34241537 -0.69206956  1.14123223 -2.49034835 -0.84609479
 -0.1323712   0.          0.         -1.93827267  0.         -0.18167607
 -0.48249515]
Lr rates:  [  1.51446258e+102   1.00000000e+000   1.00000000e+000   1.00000000e+000
   1.00000000e+000   1.00000000e+000   1.00000000e+000]
Process rates:  [  9.51229425e-01   9.51229425e-01   1.90339593e-16   1.50394921e-32
   4.01528638e-42   7.32769798e-46]
