

TREE # 1

  0  0.0000    484.591887  x:  0.22818   0.19969   2.00000   1.00000  
  1 99.0000    482.227039  x:  0.15714   0.13232   2.01969   0.88031  
  2 26.4953    444.227354  x:  0.11249   0.12217   2.15665   0.00010  
  3 60.5422    442.706084  x:  0.03634   0.23603   2.60209   0.00010  
  4  3.3978    437.585393  x:  0.34382   0.18610   6.19769   0.00010  
  5 42.6991    437.242844  x:  0.27359   0.31628   5.90168   0.00010  
  6  0.0414    437.194040  x:  0.23570   0.37747   5.47812   0.00010  
  7  0.1878    437.068766  x:  0.24782   0.33897   4.32755   0.00010  
  8  0.1439    437.055460  x:  0.27005   0.30563   4.13939   0.00010  
  9  0.1814    437.043299  x:  0.29600   0.29613   4.39177   0.00010  
 10  0.0777    437.038673  x:  0.29998   0.30158   4.24936   0.00010  
 11  0.1345    437.038666  x:  0.30082   0.30081   4.24956   0.00010  
 12  0.0011    437.038666  x:  0.30082   0.30082   4.24975   0.00010  
 13  0.0002    437.038666  x:  0.30082   0.30082   4.24975   0.00010  
 14  0.0000    437.038666  x:  0.30082   0.30082   4.24974   0.00010  
 15  0.0000    437.038666  x:  0.30082   0.30082   4.24974   0.00010  
 16  0.0000    437.038666  x:  0.30082   0.30082   4.24974   0.00010  