     2   1965    629


 1

     1    173    -2.7704104213   0.062636292198     123.0803  AAAAAAA
     2      8    -5.6206898544   0.003622141497       7.1175  AAAAAAG
     3      2    -6.4508192305   0.001579227887       3.1032  AAAAAAT
     4     22    -4.8731835397   0.007648975668      15.0302  AAAAACA
     5      1    -7.6298837653   0.000485717312       0.9544  AAAAACG
     6      1    -8.3436799513   0.000237895287       0.4675  AAAAACT
     7     28    -3.9171901417   0.019896923809      39.0975  AAAAAGA
     8      1    -7.9867412162   0.000339940072       0.6680  AAAAAGC
     9      3    -6.4960505199   0.001509388737       2.9659  AAAAAGG
    10     22    -4.4296321141   0.011918873652      23.4206  AAAAATA
    11      1    -8.3436799513   0.000237895287       0.4675  AAAAATC
    12      1    -7.7716237631   0.000421528249       0.8283  AAAAATT
    13     24    -5.0483948046   0.006419629941      12.6146  AAAACAA
    14      1    -7.7758038751   0.000419769891       0.8248  AAAACAG
    15     10    -5.4947989270   0.004108082407       8.0724  AAAACCA
    16     15    -5.8709757710   0.002820120200       5.5415  AAAACGA
    17      1    -8.2054570690   0.000273158849       0.5368  AAAACGG
    18      8    -5.6227747012   0.003614597753       7.1027  AAAACTA
    19      1    -8.3428003435   0.000238104634       0.4679  AAAACTC
    20     16    -4.0248745620   0.017865665045      35.1060  AAAAGAA
    21      1    -6.5034647252   0.001498239203       2.9440  AAAAGAG
    22      6    -5.7995314631   0.003028973599       5.9519  AAAAGCA
    23      2    -8.0661956793   0.000313975475       0.6170  AAAAGCG
    24     16    -4.3774125015   0.012557809934      24.6761  AAAAGGA
    25      1    -8.3172498483   0.000244266712       0.4800  AAAAGGC
    26      1    -6.3178209420   0.001803869964       3.5446  AAAAGGG
    27     10    -5.3559800375   0.004719841608       9.2745  AAAAGTA
    28      3    -7.6226442537   0.000489246428       0.9614  AAAAGTG
    29     12    -4.6048433789   0.010003268605      19.6564  AAAATAA
    30      1    -7.3322524495   0.000654098603       1.2853  AAAATAG
    31      5    -5.6227747012   0.003614597753       7.1027  AAAATCA
    32      1    -8.1974729836   0.000275348502       0.5411  AAAATCG
    33      5    -5.4274243453   0.004394399695       8.6350  AAAATGA
    34      2    -7.7619056433   0.000425644680       0.8364  AAAATGG
    35     18    -4.7772494289   0.008419124549      16.5436  AAAATTA
    36      2    -7.3493553395   0.000643006748       1.2635  AAAATTG
    37      1   -12.7026147650   0.000003043158       0.0060  AAACGCG
    38      1   -11.9879312739   0.000006218814       0.0122  AAACTTG
    39      2    -6.1956206483   0.002038337716       4.0053  AAAGAAA
    40      1   -10.9623662528   0.000017342225       0.0341  AAAGACG
    41      1    -7.3419096169   0.000647812266       1.2730  AAAGAGA
    42      1    -7.8546884742   0.000387928903       0.7623  AAAGATA
    43      1    -8.9195077632   0.000133754067       0.2628  AAAGCCA
    44      1    -7.4493763595   0.000581804336       1.1432  AAAGGAA
    45      1    -9.7747374505   0.000056870293       0.1118  AAAGGAG
    46      2    -8.0298486328   0.000325597490       0.6398  AAAGTAA
    47      1   -10.6578433116   0.000023515676       0.0462  AAAGTAG
    48      1   -11.8563839294   0.000007093129       0.0139  AAAGTCC
    49      1    -8.8515738023   0.000143156259       0.2813  AAAGTGA
    50      1    -8.9789621586   0.000126033583       0.2477  AAATTTA
    51      1    -7.1163048515   0.000811760793       1.5951  AACAAAA
    52      1   -10.1447073475   0.000039283446       0.0772  AACAGCA
    53      1   -12.0738965925   0.000005706546       0.0112  AACATGG
    54      4    -5.9362937985   0.002641802582       5.1911  AAGAAAA
    55      2    -8.0385716053   0.000322769663       0.6342  AAGAACA
    56      3    -7.5950201797   0.000502949807       0.9883  AAGAATA
    57      1    -8.9614117541   0.000128265047       0.2520  AAGAGCA
    58      2    -7.5358087101   0.000533629537       1.0486  AAGAGGA
    59      1    -8.7870630773   0.000152695765       0.3000  AAGATCA
    60      1    -7.9415218924   0.000355664783       0.6989  AAGATTA
    61      1   -10.0068785736   0.000045088715       0.0886  AAGATTT
    62      1    -8.1652360508   0.000284369517       0.5588  AAGGAAA
    63      3    -9.2572096353   0.000095421214       0.1875  AAGGAGA
    64      2    -9.8070041479   0.000055064565       0.1082  AAGGATA
    65      2   -10.4200440169   0.000029828566       0.0586  AAGGCAA
    66      1    -9.3415050587   0.000087707332       0.1723  AAGGGAA
    67      1    -9.8136924165   0.000054697507       0.1075  AAGGGTG
    68      2    -9.9764925913   0.000046479807       0.0913  AAGGTAA
    69      2   -10.9627249040   0.000017336007       0.0341  AAGGTCA
    70      1    -8.7753594500   0.000154493358       0.3036  AATAACA
    71      1   -12.4441082451   0.000003940873       0.0077  AATAACC
    72      1    -9.7013953251   0.000061198044       0.1203  AATAGCA
    73      1    -9.2576902550   0.000095375364       0.1874  AATAGTA
    74      1    -9.5746381978   0.000069468427       0.1365  ACAAAAG
    75      1    -8.0541907368   0.000317767448       0.6244  ACAAAGA
    76      1    -8.5628211145   0.000191079475       0.3755  ACAAATA
    77      2    -9.1693769345   0.000104181401       0.2047  ACAACAA
    78      1    -8.0388088530   0.000322693096       0.6341  ACAACCC
    79      2    -8.8783042899   0.000139380314       0.2739  ACAATTA
    80      1   -14.3594469792   0.000000580459       0.0011  ACATGAG
    81      1    -6.8898092989   0.001018107977       2.0006  ACCCCCC
    82      1   -11.3987581904   0.000011209396       0.0220  ACCCGAT
    83      1    -7.7463534002   0.000432316154       0.8495  ACCCTCC
    84      1   -12.6487993392   0.000003211414       0.0063  ACCGTTT
    85      1   -13.6963971403   0.000001126498       0.0022  ACCTCGT
    86      1   -10.6258952977   0.000024279085       0.0477  ACGGAGG
    87      1   -13.6432856935   0.000001187945       0.0023  ACTGTCT
    88      1   -10.4406602547   0.000029219909       0.0574  ACTTCTT
    89      1   -12.2518310404   0.000004776364       0.0094  ACTTGTC
    90      1   -10.3352415504   0.000032468455       0.0638  ACTTTCT
    91      2    -5.7299857700   0.003247123440       6.3806  AGAAAAA
    92      3    -7.1605169236   0.000776652979       1.5261  AGAAAAG
    93      1    -7.8259391797   0.000399243449       0.7845  AGAAACA
    94      1    -6.8552498635   0.001053908269       2.0709  AGAAAGA
    95      1    -7.3823877540   0.000622113657       1.2225  AGAAATA
    96      2    -7.9988914202   0.000335834721       0.6599  AGAACAA
    97      1    -8.4321690997   0.000217748659       0.4279  AGAACCA
    98      2    -8.7845461878   0.000153080568       0.3008  AGAACGA
    99      1    -8.9072814856   0.000135399419       0.2661  AGAACGG
   100      1    -8.5604530647   0.000191532497       0.3764  AGAACTA
   101      1    -9.1981822935   0.000101223229       0.1989  AGAACTG
   102      1   -10.5766908297   0.000025503603       0.0501  AGAACTT
   103      1    -6.9535340323   0.000955253285       1.8771  AGAAGAA
   104      1    -7.2384971803   0.000718390561       1.4116  AGAAGGA
   105      1    -8.2617526158   0.000258206058       0.5074  AGAAGTA
   106      2    -8.2678123503   0.000256646129       0.5043  AGAAGTG
   107      2    -7.5553399945   0.000523308190       1.0283  AGAATAA
   108      2    -8.5617869004   0.000191277195       0.3759  AGAATAG
   109      1    -8.5604530647   0.000191532497       0.3764  AGAATCA
   110      1    -8.3522707166   0.000235860338       0.4635  AGAATTG
   111      1    -9.3237463959   0.000089278809       0.1754  AGAATTT
   112      1   -10.0188219273   0.000044553407       0.0875  AGAGAGA
   113      1   -13.5267914726   0.000001334717       0.0026  AGAGATC
   114      1   -13.0643309597   0.000002119499       0.0042  AGAGGTT
   115      1   -11.4100416246   0.000011083627       0.0218  AGAGTGA
   116      1   -11.0447194896   0.000015971263       0.0314  AGATAGA
   117      1   -10.6529501848   0.000023631023       0.0464  AGCGAAG
   118      1    -8.4344515420   0.000217252227       0.4269  AGGAAAA
   119      1    -7.6200317634   0.000490526250       0.9639  AGGAAAG
   120      1   -10.4585020932   0.000028703196       0.0564  AGGAACA
   121      1    -9.3471690378   0.000087211964       0.1714  AGGAAGA
   122      2    -7.6628280772   0.000469976400       0.9235  AGGAGAG
   123      1    -8.5716123223   0.000189407018       0.3722  AGGAGTG
   124      1    -8.9482672290   0.000129962160       0.2554  AGGATAG
   125      1   -10.6413416589   0.000023906943       0.0470  AGGATGA
   126      1    -8.7734177003   0.000154793637       0.3042  AGGATGG
   127      1    -8.0373810713   0.000323154161       0.6350  AGGGAAA
   128      2    -6.3414151618   0.001761807230       3.4620  AGGGAAG
   129      1    -8.0369824099   0.000323283015       0.6353  AGGGACG
   130      1    -8.6854599997   0.000169025663       0.3321  AGGGAGA
   131      1   -10.1086771992   0.000040724642       0.0800  AGGGAGT
   132      1    -7.5934309842   0.000503749728       0.9899  AGGGATG
   133      1   -10.2661478561   0.000034791138       0.0684  AGGGCCA
   134      2    -8.2605115537   0.000258526707       0.5080  AGGGCTG
   135      2    -6.3754957689   0.001702775403       3.3460  AGGGGAG
   136     11    -5.7650262517   0.003135313055       6.1609  AGGGGGG
   137      2    -7.2830369785   0.000687095697       1.3501  AGGGGTG
   138      1   -11.4449723549   0.000010703151       0.0210  AGGTATG
   139      1   -10.5458350149   0.000026302804       0.0517  AGTAAAG
   140      1   -11.8329007926   0.000007261670       0.0143  AGTAATG
   141      1   -12.3585323718   0.000004292967       0.0084  AGTGGAA
   142      1   -11.1529989384   0.000014332241       0.0282  AGTGGTG
   143      1   -10.5674572653   0.000025740183       0.0506  ATAAATG
   144      1    -8.8734670446   0.000140056164       0.2752  ATAAATT
   145      1    -9.0312476459   0.000119613165       0.2350  ATAAGTA
   146      1   -11.6371986239   0.000008831386       0.0174  ATCCTGT
   147      1   -13.1087836136   0.000002027345       0.0040  ATCTAAC
   148      1    -9.2557812139   0.000095557613       0.1878  ATCTTTT
   149      1   -13.7436987323   0.000001074453       0.0021  ATGAATC
   150      1   -11.4485237992   0.000010665207       0.0210  ATGATTA
   151      1   -12.0573987574   0.000005801473       0.0114  ATGATTG
   152      1   -13.1096805311   0.000002025527       0.0040  ATTCAAC
   153      1   -14.5609852201   0.000000474509       0.0009  ATTCACA
   154      1   -13.9148638573   0.000000905423       0.0018  ATTCATA
   155      1   -11.7147896209   0.000008172059       0.0161  ATTCGAT
   156      1   -10.5606639358   0.000025915639       0.0509  ATTTAAC
   157      2    -8.6537217359   0.000174476284       0.3428  ATTTACT
   158      1   -10.9766380715   0.000017096478       0.0336  ATTTAGA
   159      2    -7.7254208460   0.000441461014       0.8675  ATTTATT
   160      1    -7.7423945838   0.000434031006       0.8529  ATTTCCT
   161      1   -10.8909974134   0.000018625156       0.0366  ATTTCTA
   162      1    -7.3711132637   0.000629167360       1.2363  ATTTCTT
   163      1    -8.5943356535   0.000185151592       0.3638  ATTTGAT
   164      1   -12.3086843927   0.000004512386       0.0089  ATTTGCG
   165      1    -7.5433716205   0.000529608968       1.0407  ATTTTAT
   166      3    -5.9728739169   0.002546911280       5.0047  ATTTTTT
   167      2    -6.4184988969   0.001631102852       3.2051  CAAAAAA
   168      1    -7.5652719616   0.000518136435       1.0181  CAAAAGA
   169      1    -8.0777157874   0.000310379198       0.6099  CAAAATA
   170      2    -7.6729534745   0.000465241713       0.9142  CAAAGAA
   171      1    -9.4475946339   0.000078879070       0.1550  CAAAGCA
   172      1   -12.0757279520   0.000005696105       0.0112  CAAATCC
   173      1    -8.4253114454   0.000219247036       0.4308  CAAATTA
   174      1   -10.5911795461   0.000025136752       0.0494  CAACGTA
   175      1   -11.9255359600   0.000006619201       0.0130  CAAGAAG
   176      1   -12.1184062809   0.000005458119       0.0107  CAAGCCA
   177      1   -12.3649379428   0.000004265556       0.0084  CAATTCA
   178      1    -8.8689057854   0.000140696456       0.2765  CACCAAC
   179      1   -10.4132874033   0.000030030789       0.0590  CACCAAT
   180      1    -9.6295497608   0.000065756649       0.1292  CACCAGC
   181      1   -10.2764471814   0.000034434652       0.0677  CACCCTA
   182      1   -12.4084786200   0.000004083816       0.0080  CAGCTCC
   183      1   -11.6334268522   0.000008864759       0.0174  CAGGATG
   184      1   -13.3084607350   0.000001660386       0.0033  CATCGCT
   185      1    -9.7820007110   0.000056458725       0.1109  CATTAAA
   186      1    -9.6528515573   0.000064242116       0.1262  CCACGCC
   187      1    -9.8017145409   0.000055356607       0.1088  CCCAATC
   188      1   -13.1732387386   0.000001900794       0.0037  CCCACAG
   189      1   -10.1055959832   0.000040850317       0.0803  CCCAGGC
   190     18    -5.3393450714   0.004799012692       9.4301  CCCCAAC
   191      1    -7.5807004982   0.000510203701       1.0026  CCCCAAT
   192     13    -5.4649538631   0.004232536319       8.3169  CCCCACC
   193      1    -8.4454062708   0.000214885276       0.4222  CCCCAGA
   194      6    -6.0857309879   0.002275100645       4.4706  CCCCAGC
   195      1    -8.3295193149   0.000241288001       0.4741  CCCCAGT
   196      4    -5.7015382639   0.003340822436       6.5647  CCCCATC
   197      2    -7.7518485405   0.000429947031       0.8448  CCCCATT
   198      6    -5.2535818833   0.005228756023      10.2745  CCCCCAC
   199     81    -3.8197726903   0.021932785863      43.0979  CCCCCCC
   200     11    -5.6538949965   0.003503842707       6.8851  CCCCCGC
   201      1    -8.1509735603   0.000288454395       0.5668  CCCCCGT
   202     14    -4.5289556043   0.010791941246      21.2062  CCCCCTC
   203      1    -6.9058796691   0.001001877370       1.9687  CCCCCTT
   204      8    -6.0857309879   0.002275100645       4.4706  CCCCGAC
   205      2    -8.3295193149   0.000241288001       0.4741  CCCCGAT
   206      9    -5.8652669763   0.002836265729       5.5733  CCCCGCC
   207      1    -9.4230107518   0.000080842257       0.1589  CCCCGCG
   208      3    -6.0054276563   0.002465334807       4.8444  CCCCGGC
   209      1    -8.6512638505   0.000174905654       0.3437  CCCCTAA
   210      6    -5.6302516358   0.003587672427       7.0498  CCCCTAC
   211      2    -9.1976725489   0.000101274840       0.1990  CCCCTAG
   212      1    -8.1927807384   0.000276643540       0.5436  CCCCTCA
   213      9    -4.6763190680   0.009313232246      18.3005  CCCCTCC
   214      3    -6.9669835855   0.000942491568       1.8520  CCCCTCT
   215      3    -6.0305647490   0.002404135862       4.7241  CCCCTGC
   216      1    -8.0262798475   0.000326761553       0.6421  CCCCTGT
   217     12    -4.5059294425   0.011043321283      21.7001  CCCCTTC
   218      2    -6.2487402938   0.001932887474       3.7981  CCCCTTT
   219      1   -10.5058580516   0.000027375611       0.0538  CCCGGGC
   220      1    -8.4747173755   0.000208678165       0.4101  CCCTAAC
   221      1    -9.2211043718   0.000098929372       0.1944  CCCTAGC
   222      2    -6.9552959300   0.000953571709       1.8738  CCCTCCC
   223      1   -10.7026408278   0.000022485479       0.0442  CCCTTAT
   224      2    -7.6409715036   0.000480361552       0.9439  CCCTTTC
   225      1    -9.5269264451   0.000072863229       0.1432  CCGCAAC
   226      1   -10.2731416380   0.000034548665       0.0679  CCGCAGC
   227      1   -13.6526425659   0.000001176881       0.0023  CCGGACG
   228      1    -8.1908088750   0.000277189582       0.5447  CCTCAAC
   229      1   -10.2481845510   0.000035421749       0.0696  CCTCAAT
   230      1   -10.9966288182   0.000016758100       0.0329  CCTCAGT
   231      1    -8.5524899576   0.000193063780       0.3794  CCTCATC
   232      2   -10.4940590186   0.000027700530       0.0544  CCTCCAT
   233      2    -9.6044267809   0.000067429579       0.1325  CCTCCTT
   234      2   -10.9966288182   0.000016758100       0.0329  CCTCGAT
   235      1    -7.5278934724   0.000537870102       1.0569  CCTCTCC
   236      1   -10.6797980866   0.000023005020       0.0452  CCTCTTA
   237      1    -7.3558288378   0.000638857689       1.2554  CCTCTTC
   238      1   -10.5600735140   0.000025930945       0.0510  CCTTAAC
   239      1   -11.1085768939   0.000014983261       0.0294  CCTTCAT
   240      1   -10.1805590212   0.000037900016       0.0745  CCTTCCT
   241      2    -9.7638112067   0.000057495078       0.1130  CCTTCTC
   242      1    -9.6543844529   0.000064143715       0.1260  CCTTTTC
   243      1    -8.6010903359   0.000183905166       0.3614  CCTTTTT
   244      1   -10.7559763584   0.000021317625       0.0419  CGAAAAG
   245      1   -15.0084527780   0.000000303327       0.0006  CGATCCA
   246      1    -9.9204537733   0.000049158845       0.0966  CGCCGGC
   247      1    -8.6533354371   0.000174543697       0.3430  CGCCTCC
   248      1   -14.3392044044   0.000000592329       0.0012  CGCTGAT
   249      1   -12.7325670139   0.000002953360       0.0058  CGGCAAC
   250      1   -10.6972318909   0.000022607431       0.0444  CGGCATG
   251      1   -12.6804439425   0.000003111381       0.0061  CGGCTAA
   252      1   -10.7684721682   0.000021052902       0.0414  CGGCTAG
   253      1    -9.6386596984   0.000065160331       0.1280  CGGGCAG
   254      1    -9.4590400000   0.000077981417       0.1532  CGGGCGG
   255      3    -7.9058024476   0.000368598550       0.7243  CGGGGAG
   256      5    -7.2953165216   0.000678710067       1.3337  CGGGGGG
   257      1   -14.0863742427   0.000000762720       0.0015  CGGTTTA
   258      1   -13.6661080338   0.000001161140       0.0023  CGTCATA
   259      1   -11.4815721817   0.000010318500       0.0203  CGTTTGT
   260      1   -14.4248624262   0.000000543703       0.0011  CTAAGTG
   261      1   -12.3864127972   0.000004174931       0.0082  CTACGGC
   262      1   -16.0260446437   0.000000109642       0.0002  CTAGATC
   263      1   -13.1833544018   0.000001881663       0.0037  CTCAAGT
   264      1    -8.4596577117   0.000211844570       0.4163  CTCCAAT
   265      1   -11.5444732352   0.000009689447       0.0190  CTCCACG
   266      1    -9.1738730912   0.000103714037       0.2038  CTCCACT
   267      1    -8.7165372583   0.000163853592       0.3220  CTCCAGC
   268      1    -9.2066650172   0.000100368212       0.1972  CTCCAGT
   269      2    -8.3202825360   0.000243527049       0.4785  CTCCATC
   270      1   -11.2884074188   0.000012517193       0.0246  CTCCATG
   271      1    -8.3819476250   0.000228963576       0.4499  CTCCATT
   272      1    -6.4676286401   0.001552903864       3.0515  CTCCCCC
   273      1    -8.0813307439   0.000309259217       0.6077  CTCCCCT
   274      1    -7.1668492899   0.000771750467       1.5165  CTCCCTC
   275      2    -7.9481403668   0.000353318597       0.6943  CTCCCTT
   276      1    -8.7165372583   0.000163853592       0.3220  CTCCGAC
   277      1    -8.5073937959   0.000201969513       0.3969  CTCCGCC
   278      1    -9.5741862044   0.000069499833       0.1366  CTCCGCT
   279      1    -8.2071328112   0.000272701488       0.5359  CTCCTAT
   280      2    -7.3097124840   0.000669009375       1.3146  CTCCTCC
   281      1    -7.8650723836   0.000383921527       0.7544  CTCCTCT
   282      1   -11.4319211289   0.000010843756       0.0213  CTCCTGG
   283      2    -7.1004512933   0.000824732643       1.6206  CTCCTTC
   284      2    -6.6588935787   0.001282564642       2.5202  CTCCTTT
   285      1   -12.7945032278   0.000002775990       0.0055  CTCGCGC
   286      1   -10.9749546531   0.000017125283       0.0337  CTCTCAC
   287      1    -9.5566294391   0.000070730800       0.1390  CTCTCCC
   288      1    -8.5280001101   0.000197850253       0.3888  CTCTTTT
   289      1   -12.3877161154   0.000004169493       0.0082  CTGCTAC
   290      1   -11.6022522106   0.000009145467       0.0180  CTTCGGG
   291      1    -8.2154125102   0.000270452923       0.5314  CTTCTCT
   292      1    -9.3024488277   0.000091200623       0.1792  CTTCTTC
   293      1    -7.3959315696   0.000613744666       1.2060  CTTTAAT
   294      1    -8.2017120844   0.000274183742       0.5388  CTTTACT
   295      2    -8.1424093690   0.000290935382       0.5717  CTTTAGT
   296      1   -10.1460938479   0.000039229017       0.0771  CTTTATC
   297      2    -7.2735136105   0.000693670419       1.3631  CTTTATT
   298      2    -8.1302936782   0.000294481705       0.5787  CTTTCAT
   299      2    -7.2902149073   0.000682181431       1.3405  CTTTCCT
   300      1    -6.9191427311   0.000988677139       1.9428  CTTTCTT
   301      1   -10.5464069611   0.000026287764       0.0517  CTTTGTC
   302      1    -7.6738267237   0.000464835618       0.9134  CTTTGTT
   303      1    -7.0914681993   0.000832174670       1.6352  CTTTTAT
   304      2    -6.8036356948   0.001109733154       2.1806  CTTTTCT
   305      1    -7.4917813125   0.000557648729       1.0958  CTTTTGT
   306      2    -5.5209835500   0.004001909927       7.8638  CTTTTTT
   307      3    -5.2865405144   0.005059232362       9.9414  GAAAAAA
   308      3    -8.1264065398   0.000295628624       0.5809  GAAAAAG
   309      4    -7.3892908327   0.000617833946       1.2140  GAAAACA
   310      4    -6.4332476471   0.001607222657       3.1582  GAAAAGA
   311      1    -6.9457394070   0.000962728221       1.8918  GAAAATA
   312      1    -8.0108544443   0.000331841058       0.6521  GAAACCA
   313      2    -8.1388312166   0.000291978258       0.5737  GAAACTA
   314      3    -6.5408998614   0.001443189244       2.8359  GAAAGAA
   315      4    -6.8931971835   0.001014664581       1.9938  GAAAGGA
   316      1    -7.8719257164   0.000381299380       0.7493  GAAAGTA
   317      1   -10.1087908607   0.000040720013       0.0800  GAAAGTG
   318      4    -7.1209430912   0.000808004370       1.5877  GAAATAA
   319      1    -8.1388312166   0.000291978258       0.5737  GAAATCA
   320      1   -10.2498595338   0.000035362468       0.0695  GAAATGG
   321      1    -7.2933051855   0.000680076555       1.3364  GAAATTA
   322      1   -11.4375159833   0.000010783256       0.0212  GAACTAA
   323      1   -10.2998434427   0.000033638361       0.0661  GAAGAAT
   324      1    -8.7802209935   0.000153744105       0.3021  GAAGACA
   325      2    -7.8198370687   0.000401687125       0.7893  GAAGAGA
   326      1    -9.3462130873   0.000087295374       0.1715  GAAGAGG
   327      1    -8.3366695678   0.000239568884       0.4708  GAAGATA
   328      1    -8.9547665845   0.000129120228       0.2537  GAAGCAA
   329      1    -9.7662432983   0.000057355415       0.1127  GAAGCGA
   330      1   -12.9099714550   0.000002473265       0.0049  GAAGCGC
   331      1    -7.9246954897   0.000361699974       0.7107  GAAGGAA
   332      1    -8.7605193008   0.000156803159       0.3081  GAAGGGG
   333      2    -8.5112151589   0.000201199187       0.3954  GAAGTAA
   334      1    -9.5253844080   0.000072975674       0.1434  GAAGTCA
   335      1   -10.6317441523   0.000024137494       0.0474  GAAGTTT
   336      1   -14.3270157501   0.000000599592       0.0012  GACAAGT
   337      1   -12.4614912455   0.000003872961       0.0076  GACACTA
   338      1   -13.1388603471   0.000001967277       0.0039  GACCGTC
   339      1    -8.1588253751   0.000286198373       0.5624  GAGAAAA
   340      1   -12.0963510193   0.000005579837       0.0110  GAGAAAC
   341      1    -9.2842877504   0.000092872056       0.1825  GAGAAGA
   342      1    -9.3826567010   0.000084171287       0.1654  GAGAGAA
   343      1   -11.1346985114   0.000014596942       0.0287  GAGAGCA
   344      1   -10.7049116013   0.000022434478       0.0441  GAGAGTG
   345      1   -10.9982507639   0.000016730942       0.0329  GAGATAG
   346      1   -12.8463858769   0.000002635636       0.0052  GAGATAT
   347      1   -10.1441179785   0.000039306605       0.0772  GAGATTA
   348      3   -10.7894274451   0.000020616322       0.0405  GAGATTG
   349      1   -12.5372038348   0.000003590555       0.0071  GAGCATA
   350      5    -6.4056201261   0.001652245303       3.2467  GAGGAAA
   351      1    -8.4844477374   0.000206657497       0.4061  GAGGACA
   352      2    -7.4777112974   0.000565550312       1.1113  GAGGAGA
   353      1   -10.6180819912   0.000024469527       0.0481  GAGGAGC
   354      1    -6.9635616016   0.000945722283       1.8583  GAGGAGG
   355      1    -9.0544073376   0.000116874793       0.2297  GAGGCCA
   356      1    -9.1832167147   0.000102749485       0.2019  GAGGCTA
   357      2    -7.5539609095   0.000524030374       1.0297  GAGGGAA
   358      1    -6.2327742433   0.001963995730       3.8593  GAGGGGG
   359      2    -8.9077662762   0.000135333795       0.2659  GAGGTGA
   360      2   -10.8138535438   0.000020118847       0.0395  GATGAGG
   361      1   -11.3518117000   0.000011748186       0.0231  GATGATA
   362      1   -12.8470955878   0.000002633767       0.0052  GATGTAT
   363      1   -12.6941299623   0.000003069088       0.0060  GCAAAAT
   364      1   -13.3128985067   0.000001653033       0.0032  GCACAGC
   365      1   -15.9466730991   0.000000118699       0.0002  GCATCGT
   366      2    -8.8096878613   0.000149279845       0.2933  GCCCAAC
   367      1   -12.1530608772   0.000005272210       0.0104  GCCCACA
   368      1    -8.9353020443   0.000131658114       0.2587  GCCCACC
   369      2    -7.2901224121   0.000682244533       1.3406  GCCCCCC
   370      1   -11.9820219298   0.000006255672       0.0123  GCCCGAA
   371      1    -9.1005951970   0.000111599365       0.2193  GCCCTAC
   372      1   -11.1281429610   0.000014692947       0.0289  GCCGGAC
   373      2   -10.0579072877   0.000042845613       0.0842  GCGGACG
   374      1   -10.3050680229   0.000033463073       0.0658  GCGGTAC
   375      1   -12.0746021222   0.000005702521       0.0112  GCTTAGT
   376      1   -11.8881905464   0.000006871071       0.0135  GCTTCAC
   377      1   -12.0745722076   0.000005702692       0.0112  GCTTGAT
   378      1   -11.6198419003   0.000008986008       0.0177  GCTTGTT
   379      1   -10.4814231153   0.000028052772       0.0551  GGAACAA
   380      1   -11.1544028436   0.000014312134       0.0281  GGAAGCA
   381      1   -10.2195559962   0.000036450478       0.0716  GGAAGTG
   382      1   -13.3669446842   0.000001566065       0.0031  GGAATAC
   383      2   -10.3242899958   0.000032825989       0.0645  GGAATTG
   384      2    -7.0123747427   0.000900667194       1.7698  GGAGAAG
   385      1    -8.7089026657   0.000165109335       0.3244  GGAGACG
   386      1    -7.1848012130   0.000758019677       1.4895  GGAGAGG
   387      1    -8.6019623133   0.000183744875       0.3611  GGAGCGG
   388      1    -9.1455729432   0.000106691086       0.2096  GGAGGAA
   389      1    -7.0485068003   0.000868705140       1.7070  GGAGGAG
   390      1   -10.6498829060   0.000023703617       0.0466  GGAGGCA
   391      1   -10.2063314803   0.000036935719       0.0726  GGAGGTA
   392      2   -10.0726911347   0.000042216850       0.0830  GGAGTAA
   393      1    -8.3368848177   0.000239517322       0.4707  GGAGTAG
   394      1    -8.9331794340   0.000131937869       0.2593  GGAGTCG
   395      1   -12.6961719520   0.000003062828       0.0060  GGCCCAC
   396      1   -12.5048043536   0.000003708792       0.0073  GGCGCGA
   397      1    -7.2929220314   0.000680337179       1.3369  GGGAAAG
   398      1    -8.9886911932   0.000124813343       0.2453  GGGAACG
   399      1   -12.2321934347   0.000004871087       0.0096  GGGAACT
   400      2    -7.4639157688   0.000573406443       1.1267  GGGAAGG
   401      2    -9.5487016046   0.000071293771       0.1401  GGGAGAA
   402      1    -7.3274334033   0.000657258341       1.2915  GGGAGAG
   403      1    -8.6785871523   0.000170191352       0.3344  GGGAGCG
   404      1    -6.7170754859   0.001210071917       2.3778  GGGAGGG
   405      1   -11.3072308577   0.000012283780       0.0241  GGGATCA
   406      1   -11.5988182975   0.000009176926       0.0180  GGGATCT
   407      1   -12.1124602858   0.000005490670       0.0108  GGGCTTA
   408      3    -5.9707464149   0.002552335606       5.0153  GGGGAAA
   409      1    -8.1720618231   0.000282435085       0.5550  GGGGAAC
   410     24    -4.2627699388   0.014083238624      27.6736  GGGGAAG
   411     11    -5.9583028831   0.002584294102       5.0781  GGGGACG
   412     22    -4.4333180647   0.011875022139      23.3344  GGGGAGG
   413      3    -8.0307628171   0.000325299970       0.6392  GGGGAGT
   414      1    -7.4450871336   0.000584305186       1.1482  GGGGATA
   415      2    -5.5147514574   0.004026928077       7.9129  GGGGATG
   416      2    -8.0095518394   0.000332273598       0.6529  GGGGCAA
   417      1    -9.3163509694   0.000089941512       0.1767  GGGGCAC
   418      3    -6.0296429071   0.002406353117       4.7285  GGGGCAG
   419     10    -6.0539652790   0.002348530938       4.6149  GGGGCCG
   420      1    -9.4481589412   0.000078834571       0.1549  GGGGCGC
   421      9    -5.8500161330   0.002879852697       5.6589  GGGGCGG
   422      5    -6.1818053941   0.002066693289       4.0611  GGGGCTG
   423      1    -6.5599971454   0.001415889752       2.7822  GGGGGAA
   424     23    -4.2967773046   0.013612356881      26.7483  GGGGGAG
   425      1    -8.0219892976   0.000328166552       0.6448  GGGGGCA
   426      2    -5.6478595668   0.003525053848       6.9267  GGGGGCG
   427      3    -6.1630417342   0.002105838120       4.1380  GGGGGGA
   428     95    -3.6862888177   0.025064849876      49.2524  GGGGGGG
   429      6    -5.2043081412   0.005492849403      10.7934  GGGGGTG
   430      2    -7.5660004137   0.000517759135       1.0174  GGGGTAA
   431     13    -5.5860914815   0.003749654857       7.3681  GGGGTAG
   432      1    -8.3261453849   0.000242103464       0.4757  GGGGTCA
   433      4    -6.1818053941   0.002066693289       4.0611  GGGGTCG
   434      9    -5.4064647074   0.004487476745       8.8179  GGGGTGG
   435      7    -5.3363832663   0.004813247502       9.4580  GGGGTTG
   436      1    -7.4141573802   0.000602659992       1.1842  GGGGTTT
   437      1   -10.3763735007   0.000031160057       0.0612  GGGTTCG
   438      1    -9.8275119781   0.000053946811       0.1060  GGTGAAA
   439      1    -9.9372948831   0.000048337888       0.0950  GGTGCCG
   440      1   -12.1478354312   0.000005299832       0.0104  GGTGTAT
   441      1   -10.6088297647   0.000024696976       0.0485  GTAGAAG
   442      1   -14.2741278914   0.000000632157       0.0012  GTAGCGC
   443      1   -10.1398598897   0.000039474333       0.0776  GTATTTT
   444      1   -11.6371986239   0.000008831386       0.0174  GTCCTAT
   445      1   -14.4762963203   0.000000516445       0.0010  GTCTCTA
   446      1   -10.9426834614   0.000017686950       0.0348  GTGAAAG
   447      1    -7.9295571233   0.000359945789       0.7073  GTGGAAG
   448      1   -10.6135340563   0.000024581067       0.0483  GTGGATA
   449      1   -10.1141482790   0.000040502442       0.0796  GTTGGTT
   450      1    -8.9946467266   0.000124072222       0.2438  GTTTAGT
   451      1    -8.9826422631   0.000125570618       0.2467  GTTTCAT
   452      1   -10.3707184157   0.000031336769       0.0616  GTTTCTC
   453      1   -11.2415697282   0.000013117416       0.0258  GTTTTAA
   454      1   -11.7401977113   0.000007967039       0.0157  GTTTTAG
   455      2    -7.9436855851   0.000354896065       0.6974  GTTTTAT
   456      3    -6.3731870301   0.001706711209       3.3537  GTTTTTT
   457      6    -5.9749474713   0.002541635592       4.9943  TAAAAAA
   458      2   -10.0985192421   0.000041140429       0.0808  TAAAAAC
   459      1    -8.8243241367   0.000147110855       0.2891  TAAAAAG
   460      1    -8.2529252029   0.000260495440       0.5119  TAAACAA
   461      1   -10.9789697749   0.000017056661       0.0335  TAAACAG
   462      1   -12.3020353635   0.000004542489       0.0089  TAAACGT
   463      2    -7.2294020489   0.000724954221       1.4245  TAAAGAA
   464      1    -9.0040472928   0.000122911338       0.2415  TAAAGCA
   465      1    -7.5819186087   0.000509582595       1.0013  TAAAGGA
   466      1    -8.6319373653   0.000178318842       0.3504  TAAATGA
   467      1   -14.5252554433   0.000000491770       0.0010  TAAGCAT
   468      1   -10.3045546767   0.000033480256       0.0658  TAATAAG
   469      1   -12.2955007340   0.000004572270       0.0090  TAATACG
   470      1   -12.3154702856   0.000004481870       0.0088  TAATACT
   471      1   -11.8923355333   0.000006842650       0.0134  TAATGAT
   472      1   -12.3777396691   0.000004211298       0.0083  TACAACA
   473      1   -11.4233296735   0.000010937321       0.0215  TACAAGA
   474      1   -11.9348604034   0.000006557767       0.0129  TACAATA
   475      2   -12.1348361835   0.000005369176       0.0106  TACTAAC
   476      1    -9.9958012740   0.000045590952       0.0896  TAGGGAG
   477      1   -11.5889834871   0.000009267624       0.0182  TATCTAT
   478      1   -13.5502468181   0.000001303775       0.0026  TATGCAA
   479      1    -8.2686134157   0.000256440621       0.5039  TATTAAT
   480      1    -9.0358948949   0.000119058583       0.2340  TATTAGT
   481      1    -9.4615503480   0.000077785902       0.1528  TATTCGT
   482      1    -7.8599100442   0.000385908585       0.7583  TATTCTT
   483      1    -8.8466546650   0.000143862199       0.2827  TATTTTA
   484      1   -15.0766465753   0.000000283332       0.0006  TCAGACA
   485      1   -12.3370236824   0.000004386304       0.0086  TCATACT
   486      1   -11.4825065802   0.000010308863       0.0203  TCATATT
   487      1    -9.7482140547   0.000058398868       0.1148  TCATTTT
   488      1    -7.5158634025   0.000544379795       1.0697  TCCCAAC
   489      2    -5.9963128968   0.002487908461       4.8887  TCCCCCC
   490      1   -10.3240270891   0.000032834621       0.0645  TCCCCGT
   491      2    -7.8067494258   0.000406978815       0.7997  TCCCTAC
   492      1    -6.8528408071   0.001056450255       2.0759  TCCCTCC
   493      1    -8.2070625390   0.000272720652       0.5359  TCCCTGC
   494      1   -10.1941118652   0.000037389828       0.0735  TCCCTGT
   495      1   -10.0513857781   0.000043125945       0.0847  TCCCTTA
   496      1    -6.6824002016   0.001252767467       2.4617  TCCCTTC
   497      1   -10.4415961370   0.000029192576       0.0574  TCCTAAT
   498      1   -11.1893658302   0.000013820386       0.0272  TCCTAGT
   499      1    -9.1866539909   0.000102396913       0.2012  TCCTATC
   500      2    -9.1435441504   0.000106907760       0.2101  TCCTCGC
   501      1   -10.8651127689   0.000019113555       0.0376  TCCTGTT
   502      1    -9.8383368110   0.000053365995       0.1049  TCCTTCT
   503      2    -7.9865189988   0.000340015620       0.6681  TCCTTTC
   504      1   -13.7530681444   0.000001064433       0.0021  TCGGAGC
   505      1   -11.3918169680   0.000011287474       0.0222  TCGTTCT
   506      1   -13.1571216328   0.000001931678       0.0038  TCTAAGC
   507      1   -10.2136172191   0.000036667593       0.0721  TCTCAAC
   508      1   -10.9600662007   0.000017382159       0.0342  TCTCGAC
   509      2   -11.8907551000   0.000006853472       0.0135  TCTCGAT
   510      1   -10.4954192745   0.000027662876       0.0544  TCTCTAC
   511      1   -10.5462155936   0.000026292795       0.0517  TCTCTCT
   512      1    -9.3866411653   0.000083836577       0.1647  TCTCTTT
   513      1   -10.4702678105   0.000028367461       0.0557  TCTGTTT
   514      3    -7.8224943896   0.000400621130       0.7872  TCTTAAT
   515      1    -8.6435083342   0.000176267411       0.3464  TCTTACC
   516      1   -10.8418274167   0.000019563843       0.0384  TCTTAGG
   517      1    -7.7131124598   0.000446928264       0.8782  TCTTATT
   518      1    -8.5214066302   0.000199159085       0.3913  TCTTCAT
   519      1   -10.1814754474   0.000037865299       0.0744  TCTTCCA
   520      1    -8.9217197434   0.000133458533       0.2622  TCTTCGT
   521      5    -7.3359152775   0.000651707134       1.2806  TCTTCTT
   522      1    -9.2237729709   0.000098665722       0.1939  TCTTGAC
   523      2    -8.5691638916   0.000189871336       0.3731  TCTTGAT
   524      3    -9.1966543368   0.000101378012       0.1992  TCTTGTC
   525      1    -8.1134255730   0.000299491185       0.5885  TCTTGTT
   526      1   -10.4998504987   0.000027540566       0.0541  TCTTTAA
   527      3    -7.5331064144   0.000535073512       1.0514  TCTTTAT
   528      1    -7.8228291075   0.000400487058       0.7870  TCTTTCC
   529      3    -7.2299106162   0.000724585626       1.4238  TCTTTCT
   530      2    -7.5186062806   0.000542888673       1.0668  TCTTTTC
   531      7    -5.9688098154   0.002557283248       5.0251  TCTTTTT
   532      1   -13.6775233913   0.000001147961       0.0023  TGAACTT
   533      1   -10.9149662224   0.000018184041       0.0357  TGAATTA
   534      1   -16.1209673618   0.000000099713       0.0002  TGACCAT
   535      1   -13.2210195495   0.000001812108       0.0036  TGATACT
   536      1   -12.6617708474   0.000003170026       0.0062  TGATCAG
   537      1   -13.9483742446   0.000000875584       0.0017  TGCGCCC
   538      1   -11.3780802573   0.000011443596       0.0225  TGGAGCG
   539      1   -11.1244788080   0.000014746883       0.0290  TGGCAGG
   540      1   -11.0528147054   0.000015842494       0.0311  TGGGACA
   541      1    -9.0154897416   0.000121512947       0.2388  TGGGCGG
   542      1   -11.4905685373   0.000010226087       0.0201  TGGGCTA
   543      2    -7.4622510219   0.000574361814       1.1286  TGGGGAG
   544      1    -8.8133339222   0.000148736552       0.2923  TGGGGCG
   545      1    -6.8517650960   0.001057587301       2.0782  TGGGGGG
   546      2    -8.7515575940   0.000158214699       0.3109  TGGGTAG
   547      1    -9.3472678994   0.000087203342       0.1714  TGGGTCG
   548      1   -11.7349810634   0.000008008708       0.0157  TGGGTCT
   549      1   -10.9127563083   0.000018224271       0.0358  TGGGTGA
   550      1   -10.5132098089   0.000027175090       0.0534  TGGTCGG
   551      1    -9.9941675614   0.000045665496       0.0897  TGGTTTG
   552      1   -11.9923153248   0.000006191611       0.0122  TGTCTAT
   553      1   -11.2478808303   0.000013034892       0.0256  TGTTCTA
   554      1    -9.4282729106   0.000080417969       0.1580  TGTTGAT
   555      1    -8.8267338507   0.000146756787       0.2884  TGTTTGT
   556      1   -11.0793150804   0.000015428176       0.0303  TTCCACT
   557      1   -10.9872322778   0.000016916311       0.0332  TTCCCAT
   558      1   -10.0269732044   0.000044191716       0.0868  TTCCCCT
   559      1   -10.0765196185   0.000042055532       0.0826  TTCCTAT
   560      1    -8.5223400254   0.000198973278       0.3910  TTCCTTT
   561      1    -8.0470522966   0.000320043928       0.6289  TTCTAAT
   562      1    -8.8510787419   0.000143227148       0.2814  TTCTACT
   563      1   -11.1351701132   0.000014590060       0.0287  TTCTAGC
   564      2    -8.7935412567   0.000151709772       0.2981  TTCTAGT
   565      1    -7.9254513458   0.000361426685       0.7102  TTCTATT
   566      2    -7.9355949533   0.000357779046       0.7030  TTCTCCT
   567      1   -10.9905344184   0.000016860543       0.0331  TTCTCGC
   568      1    -9.7225926388   0.000059914462       0.1177  TTCTCTC
   569      1    -8.7131035136   0.000164417191       0.3231  TTCTGGT
   570      2    -8.3257644590   0.000242195705       0.4759  TTCTGTT
   571      1   -11.0181861499   0.000016400706       0.0322  TTCTTAA
   572      2    -7.7435336412   0.000433536901       0.8519  TTCTTAT
   573      1    -9.7699299132   0.000057144357       0.1123  TTCTTCC
   574      4    -7.4547278800   0.000578699114       1.1371  TTCTTCT
   575      2   -10.1559595568   0.000038843898       0.0763  TTCTTTG
   576      2    -6.1734355313   0.002084063821       4.0952  TTCTTTT
   577      1   -14.7051989628   0.000000410784       0.0008  TTGATAG
   578      1    -9.7509957816   0.000058236644       0.1144  TTGTACT
   579      1   -10.1510812492   0.000039033854       0.0767  TTGTGCT
   580      1   -12.1624161325   0.000005223117       0.0103  TTGTGGA
   581      1    -9.0411480873   0.000118434785       0.2327  TTGTTGT
   582      1    -9.6525005263   0.000064264670       0.1263  TTTAACT
   583      1    -8.7242386693   0.000162596535       0.3195  TTTAATT
   584      1   -12.5960580383   0.000003385334       0.0067  TTTACAA
   585      1    -8.7411808827   0.000159864995       0.3141  TTTACCT
   586      2    -8.3120458048   0.000245541200       0.4825  TTTCAAT
   587      1   -12.0473262758   0.000005860203       0.0115  TTTCACA
   588      1    -9.1173740918   0.000109742473       0.2156  TTTCACT
   589      1    -8.1898370219   0.000277459100       0.5452  TTTCATT
   590      1    -8.9780995786   0.000126142343       0.2479  TTTCGGT
   591      1    -7.7197415283   0.000443975344       0.8724  TTTCTCT
   592      1   -10.4289171716   0.000029565064       0.0581  TTTCTTG
   593      4    -6.4374389483   0.001600500401       3.1450  TTTCTTT
   594      1   -12.2929537439   0.000004583930       0.0090  TTTGATA
   595     16    -4.7393400764   0.008744414928      17.1828  TTTTAAT
   596      3    -7.9708694107   0.000345378579       0.6787  TTTTACC
   597     10    -5.5451982308   0.003906168804       7.6756  TTTTACT
   598      7    -5.4858173637   0.004145145603       8.1452  TTTTAGT
   599      1    -7.7918845016   0.000413073712       0.8117  TTTTATA
   600      1    -7.5034524896   0.000551178145       1.0831  TTTTATC
   601     16    -4.6168857982   0.009883527483      19.4211  TTTTATT
   602      4    -7.8233175272   0.000400291500       0.7866  TTTTCAC
   603      7    -5.4738042675   0.004195241939       8.2437  TTTTCAT
   604      2    -6.6059150782   0.001352345106       2.6574  TTTTCCC
   605      8    -4.6338782872   0.009717000612      19.0939  TTTTCCT
   606      1    -9.0750401867   0.000114488041       0.2250  TTTTCGA
   607      3    -8.2236306404   0.000268239414       0.5271  TTTTCGC
   608      4    -5.8741173807   0.002811274385       5.5242  TTTTCGT
   609      1    -6.8636744058   0.001045066869       2.0536  TTTTCTC
   610     18    -4.2625792861   0.014085923887      27.6788  TTTTCTT
   611      4    -5.4858173637   0.004145145603       8.1452  TTTTGAT
   612      1    -8.3711825239   0.000231441706       0.4548  TTTTGCC
   613      1    -9.2018916517   0.000100848451       0.1982  TTTTGCG
   614      5    -5.9455113440   0.002617563531       5.1435  TTTTGCT
   615      1    -8.1191812512   0.000297772361       0.5851  TTTTGGC
   616      8    -5.4053948464   0.004492280290       8.8273  TTTTGGT
   617      2    -7.9037656028   0.000369350093       0.7258  TTTTGTC
   618      1    -8.5239590681   0.000198651392       0.3903  TTTTGTG
   619      6    -5.0171989114   0.006623052508      13.0143  TTTTGTT
   620      2    -8.2350845639   0.000265184549       0.5211  TTTTTAG
   621     28    -4.4348347263   0.011857025400      23.2991  TTTTTAT
   622      1    -7.6878939059   0.000458342468       0.9006  TTTTTCA
   623      3    -6.8580389716   0.001050972901       2.0652  TTTTTCC
   624      1    -8.0882070191   0.000307139960       0.6035  TTTTTCG
   625     30    -4.1470452936   0.015811064588      31.0687  TTTTTCT
   626      1    -7.7512986591   0.000430183516       0.8453  TTTTTGC
   627     14    -4.8351478395   0.007945513577      15.6129  TTTTTGT
   628      5    -5.8755991735   0.002807111744       5.5160  TTTTTTC
   629    176    -2.8643329569   0.057021154016     112.0466  TTTTTTT

 2

     1    173    -2.7704110415   0.062636253350     123.0802  AAAAAAA
     2      8    -5.6206915061   0.003622135514       7.1175  AAAAAAG
     3      2    -6.4508214169   0.001579224434       3.1032  AAAAAAT
     4     22    -4.8731831296   0.007648978805      15.0302  AAAAACA
     5      1    -7.6298841612   0.000485717120       0.9544  AAAAACG
     6      1    -8.3436804456   0.000237895170       0.4675  AAAAACT
     7     28    -3.9171899467   0.019896927689      39.0975  AAAAAGA
     8      1    -7.9867424434   0.000339939654       0.6680  AAAAAGC
     9      3    -6.4960509168   0.001509388138       2.9659  AAAAAGG
    10     22    -4.4296317039   0.011918878541      23.4206  AAAAATA
    11      1    -8.3436804456   0.000237895170       0.4675  AAAAATC
    12      1    -7.7716240548   0.000421528126       0.8283  AAAAATT
    13     24    -5.0483941144   0.006419634371      12.6146  AAAACAA
    14      1    -7.7758039622   0.000419769855       0.8248  AAAACAG
    15     10    -5.4947980096   0.004108086176       8.0724  AAAACCA
    16     15    -5.8709744152   0.002820124023       5.5415  AAAACGA
    17      1    -8.2054563136   0.000273159055       0.5368  AAAACGG
    18      8    -5.6227731700   0.003614603288       7.1027  AAAACTA
    19      1    -8.3427993012   0.000238104882       0.4679  AAAACTC
    20     16    -4.0248741465   0.017865672469      35.1060  AAAAGAA
    21      1    -6.5034649052   0.001498238933       2.9440  AAAAGAG
    22      6    -5.7995301824   0.003028977478       5.9519  AAAAGCA
    23      2    -8.0661950395   0.000313975676       0.6170  AAAAGCG
    24     16    -4.3774119434   0.012557816942      24.6761  AAAAGGA
    25      1    -8.3172506244   0.000244266522       0.4800  AAAAGGC
    26      1    -6.3178210171   0.001803869828       3.5446  AAAAGGG
    27     10    -5.3559787568   0.004719847653       9.2745  AAAAGTA
    28      3    -7.6226436138   0.000489246741       0.9614  AAAAGTG
    29     12    -4.6048426887   0.010003275509      19.6564  AAAATAA
    30      1    -7.3322525365   0.000654098546       1.2853  AAAATAG
    31      5    -5.6227731700   0.003614603288       7.1027  AAAATCA
    32      1    -8.1974721229   0.000275348739       0.5411  AAAATCG
    33      5    -5.4274229895   0.004394405653       8.6350  AAAATGA
    34      2    -7.7619048879   0.000425645002       0.8364  AAAATGG
    35     18    -4.7772483644   0.008419133512      16.5436  AAAATTA
    36      2    -7.3493549515   0.000643006997       1.2635  AAAATTG
    37      1   -12.7026155721   0.000003043156       0.0060  AAACGCG
    38      1   -11.9879323266   0.000006218808       0.0122  AAACTTG
    39      2    -6.1956226301   0.002038333677       4.0053  AAAGAAA
    40      1   -10.9623677531   0.000017342199       0.0341  AAAGACG
    41      1    -7.3419107842   0.000647811510       1.2729  AAAGAGA
    42      1    -7.8546894257   0.000387928534       0.7623  AAAGATA
    43      1    -8.9195082081   0.000133754008       0.2628  AAAGCCA
    44      1    -7.4493773069   0.000581803785       1.1432  AAAGGAA
    45      1    -9.7747387937   0.000056870216       0.1117  AAAGGAG
    46      2    -8.0298493043   0.000325597271       0.6398  AAAGTAA
    47      1   -10.6578445073   0.000023515647       0.0462  AAAGTAG
    48      1   -11.8563841277   0.000007093128       0.0139  AAAGTCC
    49      1    -8.8515738103   0.000143156258       0.2813  AAAGTGA
    50      1    -8.9789625399   0.000126033534       0.2477  AAATTTA
    51      1    -7.1163056751   0.000811760124       1.5951  AACAAAA
    52      1   -10.1447062718   0.000039283488       0.0772  AACAGCA
    53      1   -12.0738960301   0.000005706549       0.0112  AACATGG
    54      4    -5.9362946147   0.002641800426       5.1911  AAGAAAA
    55      2    -8.0385713917   0.000322769732       0.6342  AAGAACA
    56      3    -7.5950199660   0.000502949915       0.9883  AAGAATA
    57      1    -8.9614106807   0.000128265185       0.2520  AAGAGCA
    58      2    -7.5358083711   0.000533629718       1.0486  AAGAGGA
    59      1    -8.7870617453   0.000152695969       0.3000  AAGATCA
    60      1    -7.9415210271   0.000355665090       0.6989  AAGATTA
    61      1   -10.0068782253   0.000045088730       0.0886  AAGATTT
    62      1    -8.1652379433   0.000284368978       0.5588  AAGGAAA
    63      3    -9.2572107842   0.000095421104       0.1875  AAGGAGA
    64      2    -9.8070050200   0.000055064517       0.1082  AAGGATA
    65      2   -10.4200446194   0.000029828549       0.0586  AAGGCAA
    66      1    -9.3415060500   0.000087707245       0.1723  AAGGGAA
    67      1    -9.8136922174   0.000054697518       0.1075  AAGGGTG
    68      2    -9.9764931938   0.000046479779       0.0913  AAGGTAA
    69      2   -10.9627247231   0.000017336010       0.0341  AAGGTCA
    70      1    -8.7753592433   0.000154493390       0.3036  AATAACA
    71      1   -12.4441085675   0.000003940872       0.0077  AATAACC
    72      1    -9.7013942488   0.000061198110       0.1203  AATAGCA
    73      1    -9.2576891791   0.000095375466       0.1874  AATAGTA
    74      1    -9.5746387716   0.000069468387       0.1365  ACAAAAG
    75      1    -8.0541897356   0.000317767767       0.6244  ACAAAGA
    76      1    -8.5628199080   0.000191079706       0.3755  ACAAATA
    77      2    -9.1693755068   0.000104181550       0.2047  ACAACAA
    78      1    -8.0388104355   0.000322692586       0.6341  ACAACCC
    79      2    -8.8783025643   0.000139380554       0.2739  ACAATTA
    80      1   -14.3594479023   0.000000580458       0.0011  ACATGAG
    81      1    -6.8898111376   0.001018106105       2.0006  ACCCCCC
    82      1   -11.3987582041   0.000011209396       0.0220  ACCCGAT
    83      1    -7.7463540171   0.000432315887       0.8495  ACCCTCC
    84      1   -12.6488006168   0.000003211410       0.0063  ACCGTTT
    85      1   -13.6963990723   0.000001126495       0.0022  ACCTCGT
    86      1   -10.6258949843   0.000024279092       0.0477  ACGGAGG
    87      1   -13.6432863072   0.000001187944       0.0023  ACTGTCT
    88      1   -10.4406601110   0.000029219914       0.0574  ACTTCTT
    89      1   -12.2518312296   0.000004776363       0.0094  ACTTGTC
    90      1   -10.3352415784   0.000032468454       0.0638  ACTTTCT
    91      2    -5.7299856354   0.003247123877       6.3806  AGAAAAA
    92      3    -7.1605170917   0.000776652849       1.5261  AGAAAAG
    93      1    -7.8259380367   0.000399243905       0.7845  AGAAACA
    94      1    -6.8552489995   0.001053909180       2.0709  AGAAAGA
    95      1    -7.3823866111   0.000622114368       1.2225  AGAAATA
    96      2    -7.9988900073   0.000335835196       0.6599  AGAACAA
    97      1    -8.4321675182   0.000217749004       0.4279  AGAACCA
    98      2    -8.7845442919   0.000153080858       0.3008  AGAACGA
    99      1    -8.9072814341   0.000135399426       0.2661  AGAACGG
   100      1    -8.5604508679   0.000191532918       0.3764  AGAACTA
   101      1    -9.1981812849   0.000101223331       0.1989  AGAACTG
   102      1   -10.5766894812   0.000025503637       0.0501  AGAACTT
   103      1    -6.9535329982   0.000955254273       1.8771  AGAAGAA
   104      1    -7.2384963566   0.000718391153       1.4116  AGAAGGA
   105      1    -8.2617508409   0.000258206517       0.5074  AGAAGTA
   106      2    -8.2678125968   0.000256646066       0.5043  AGAAGTG
   107      2    -7.5553385817   0.000523308929       1.0283  AGAATAA
   108      2    -8.5617861721   0.000191277334       0.3759  AGAATAG
   109      1    -8.5604508679   0.000191532918       0.3764  AGAATCA
   110      1    -8.3522701755   0.000235860466       0.4635  AGAATTG
   111      1    -9.3237457436   0.000089278868       0.1754  AGAATTT
   112      1   -10.0188226433   0.000044553375       0.0875  AGAGAGA
   113      1   -13.5267922140   0.000001334716       0.0026  AGAGATC
   114      1   -13.0643323649   0.000002119496       0.0042  AGAGGTT
   115      1   -11.4100416559   0.000011083626       0.0218  AGAGTGA
   116      1   -11.0447200940   0.000015971254       0.0314  AGATAGA
   117      1   -10.6529505091   0.000023631015       0.0464  AGCGAAG
   118      1    -8.4344516706   0.000217252199       0.4269  AGGAAAA
   119      1    -7.6200313973   0.000490526430       0.9639  AGGAAAG
   120      1   -10.4585013926   0.000028703216       0.0564  AGGAACA
   121      1    -9.3471690665   0.000087211961       0.1714  AGGAAGA
   122      2    -7.6628283569   0.000469976269       0.9235  AGGAGAG
   123      1    -8.5716123959   0.000189407004       0.3722  AGGAGTG
   124      1    -8.9482661568   0.000129962299       0.2554  AGGATAG
   125      1   -10.6413413256   0.000023906950       0.0470  AGGATGA
   126      1    -8.7734174672   0.000154793673       0.3042  AGGATGG
   127      1    -8.0373818423   0.000323153911       0.6350  AGGGAAA
   128      2    -6.3414152562   0.001761807063       3.4620  AGGGAAG
   129      1    -8.0369818890   0.000323283184       0.6353  AGGGACG
   130      1    -8.6854612385   0.000169025454       0.3321  AGGGAGA
   131      1   -10.1086791925   0.000040724561       0.0800  AGGGAGT
   132      1    -7.5934304633   0.000503749991       0.9899  AGGGATG
   133      1   -10.2661484040   0.000034791119       0.0684  AGGGCCA
   134      2    -8.2605107826   0.000258526906       0.5080  AGGGCTG
   135      2    -6.3754965355   0.001702774098       3.3460  AGGGGAG
   136     11    -5.7650279726   0.003135307660       6.1609  AGGGGGG
   137      2    -7.2830375415   0.000687095310       1.3501  AGGGGTG
   138      1   -11.4449729531   0.000010703145       0.0210  AGGTATG
   139      1   -10.5458351579   0.000026302800       0.0517  AGTAAAG
   140      1   -11.8329002212   0.000007261674       0.0143  AGTAATG
   141      1   -12.3585339334   0.000004292961       0.0084  AGTGGAA
   142      1   -11.1529997240   0.000014332230       0.0282  AGTGGTG
   143      1   -10.5674568418   0.000025740193       0.0506  ATAAATG
   144      1    -8.8734669982   0.000140056170       0.2752  ATAAATT
   145      1    -9.0312456386   0.000119613405       0.2350  ATAAGTA
   146      1   -11.6371995563   0.000008831377       0.0174  ATCCTGT
   147      1   -13.1087838464   0.000002027344       0.0040  ATCTAAC
   148      1    -9.2557829747   0.000095557445       0.1878  ATCTTTT
   149      1   -13.7436987717   0.000001074453       0.0021  ATGAATC
   150      1   -11.4485228063   0.000010665218       0.0210  ATGATTA
   151      1   -12.0573980004   0.000005801477       0.0114  ATGATTG
   152      1   -13.1096808840   0.000002025527       0.0040  ATTCAAC
   153      1   -14.5609861896   0.000000474509       0.0009  ATTCACA
   154      1   -13.9148654566   0.000000905421       0.0018  ATTCATA
   155      1   -11.7147897969   0.000008172058       0.0161  ATTCGAT
   156      1   -10.5606643955   0.000025915627       0.0509  ATTTAAC
   157      2    -8.6537212447   0.000174476369       0.3428  ATTTACT
   158      1   -10.9766378835   0.000017096481       0.0336  ATTTAGA
   159      2    -7.7254210662   0.000441460917       0.8675  ATTTATT
   160      1    -7.7423949064   0.000434030866       0.8529  ATTTCCT
   161      1   -10.8909993194   0.000018625121       0.0366  ATTTCTA
   162      1    -7.3711137344   0.000629167064       1.2363  ATTTCTT
   163      1    -8.5943349991   0.000185151713       0.3638  ATTTGAT
   164      1   -12.3086845958   0.000004512386       0.0089  ATTTGCG
   165      1    -7.5433721206   0.000529608703       1.0407  ATTTTAT
   166      3    -5.9728754456   0.002546907386       5.0047  ATTTTTT
   167      2    -6.4185003868   0.001631100421       3.2051  CAAAAAA
   168      1    -7.5652726362   0.000518136086       1.0181  CAAAAGA
   169      1    -8.0777162469   0.000310379056       0.6099  CAAAATA
   170      2    -7.6729539287   0.000465241502       0.9142  CAAAGAA
   171      1    -9.4475942229   0.000078879103       0.1550  CAAAGCA
   172      1   -12.0757276832   0.000005696107       0.0112  CAAATCC
   173      1    -8.4253112506   0.000219247079       0.4308  CAAATTA
   174      1   -10.5911782301   0.000025136785       0.0494  CAACGTA
   175      1   -11.9255382564   0.000006619185       0.0130  CAAGAAG
   176      1   -12.1184070630   0.000005458115       0.0107  CAAGCCA
   177      1   -12.3649377554   0.000004265557       0.0084  CAATTCA
   178      1    -8.8689040386   0.000140696701       0.2765  CACCAAC
   179      1   -10.4132876322   0.000030030782       0.0590  CACCAAT
   180      1    -9.6295474971   0.000065756798       0.1292  CACCAGC
   181      1   -10.2764466700   0.000034434669       0.0677  CACCCTA
   182      1   -12.4084777023   0.000004083820       0.0080  CAGCTCC
   183      1   -11.6334257806   0.000008864768       0.0174  CAGGATG
   184      1   -13.3084592330   0.000001660388       0.0033  CATCGCT
   185      1    -9.7820027021   0.000056458613       0.1109  CATTAAA
   186      1    -9.6528512482   0.000064242135       0.1262  CCACGCC
   187      1    -9.8017145826   0.000055356605       0.1088  CCCAATC
   188      1   -13.1732411173   0.000001900790       0.0037  CCCACAG
   189      1   -10.1055964267   0.000040850299       0.0803  CCCAGGC
   190     18    -5.3393439115   0.004799018258       9.4301  CCCCAAC
   191      1    -7.5807000506   0.000510203929       1.0026  CCCCAAT
   192     13    -5.4649533480   0.004232538499       8.3169  CCCCACC
   193      1    -8.4454051585   0.000214885515       0.4223  CCCCAGA
   194      6    -6.0857293948   0.002275104270       4.4706  CCCCAGC
   195      1    -8.3295184283   0.000241288214       0.4741  CCCCAGT
   196      4    -5.7015368340   0.003340827213       6.5647  CCCCATC
   197      2    -7.7518477392   0.000429947376       0.8448  CCCCATT
   198      6    -5.2535816730   0.005228757123      10.2745  CCCCCAC
   199     81    -3.8197736288   0.021932765279      43.0979  CCCCCCC
   200     11    -5.6538947862   0.003503843444       6.8851  CCCCCGC
   201      1    -8.1509743602   0.000288454164       0.5668  CCCCCGT
   202     14    -4.5289555793   0.010791941516      21.2062  CCCCCTC
   203      1    -6.9058804482   0.001001876589       1.9687  CCCCCTT
   204      8    -6.0857293948   0.002275104270       4.4706  CCCCGAC
   205      2    -8.3295184283   0.000241288214       0.4741  CCCCGAT
   206      9    -5.8652664612   0.002836267190       5.5733  CCCCGCC
   207      1    -9.4230109869   0.000080842238       0.1589  CCCCGCG
   208      3    -6.0054266282   0.002465337342       4.8444  CCCCGGC
   209      1    -8.6512632420   0.000174905760       0.3437  CCCCTAA
   210      6    -5.6302502784   0.003587677297       7.0498  CCCCTAC
   211      2    -9.1976720290   0.000101274893       0.1990  CCCCTAG
   212      1    -8.1927819847   0.000276643196       0.5436  CCCCTCA
   213      9    -4.6763187847   0.009313234883      18.3005  CCCCTCC
   214      3    -6.9669840546   0.000942491126       1.8520  CCCCTCT
   215      3    -6.0305633916   0.002404139125       4.7241  CCCCTGC
   216      1    -8.0262791486   0.000326761782       0.6421  CCCCTGT
   217     12    -4.5059287065   0.011043329411      21.7001  CCCCTTC
   218      2    -6.2487401964   0.001932887662       3.7981  CCCCTTT
   219      1   -10.5058584953   0.000027375599       0.0538  CCCGGGC
   220      1    -8.4747176195   0.000208678114       0.4101  CCCTAAC
   221      1    -9.2211041828   0.000098929391       0.1944  CCCTAGC
   222      2    -6.9552982723   0.000953569475       1.8738  CCCTCCC
   223      1   -10.7026414829   0.000022485464       0.0442  CCCTTAT
   224      2    -7.6409721725   0.000480361231       0.9439  CCCTTTC
   225      1    -9.5269254917   0.000072863299       0.1432  CCGCAAC
   226      1   -10.2731402521   0.000034548713       0.0679  CCGCAGC
   227      1   -13.6526414064   0.000001176883       0.0023  CCGGACG
   228      1    -8.1908079117   0.000277189849       0.5447  CCTCAAC
   229      1   -10.2481840408   0.000035421767       0.0696  CCTCAAT
   230      1   -10.9966278694   0.000016758116       0.0329  CCTCAGT
   231      1    -8.5524887258   0.000193064018       0.3794  CCTCATC
   232      2   -10.4940597060   0.000027700511       0.0544  CCTCCAT
   233      2    -9.6044274604   0.000067429533       0.1325  CCTCCTT
   234      2   -10.9966278694   0.000016758116       0.0329  CCTCGAT
   235      1    -7.5278933857   0.000537870149       1.0569  CCTCTCC
   236      1   -10.6797989505   0.000023005001       0.0452  CCTCTTA
   237      1    -7.3558283033   0.000638858030       1.2554  CCTCTTC
   238      1   -10.5600738485   0.000025930936       0.0510  CCTTAAC
   239      1   -11.1085761490   0.000014983272       0.0294  CCTTCAT
   240      1   -10.1805594365   0.000037900000       0.0745  CCTTCCT
   241      2    -9.7638126540   0.000057494995       0.1130  CCTTCTC
   242      1    -9.6543853931   0.000064143654       0.1260  CCTTTTC
   243      1    -8.6010910559   0.000183905033       0.3614  CCTTTTT
   244      1   -10.7559774256   0.000021317602       0.0419  CGAAAAG
   245      1   -15.0084528542   0.000000303327       0.0006  CGATCCA
   246      1    -9.9204522448   0.000049158920       0.0966  CGCCGGC
   247      1    -8.6533343257   0.000174543891       0.3430  CGCCTCC
   248      1   -14.3392046779   0.000000592328       0.0012  CGCTGAT
   249      1   -12.7325665417   0.000002953362       0.0058  CGGCAAC
   250      1   -10.6972305480   0.000022607462       0.0444  CGGCATG
   251      1   -12.6804431475   0.000003111383       0.0061  CGGCTAA
   252      1   -10.7684707508   0.000021052931       0.0414  CGGCTAG
   253      1    -9.6386591733   0.000065160365       0.1280  CGGGCAG
   254      1    -9.4590403262   0.000077981392       0.1532  CGGGCGG
   255      3    -7.9058032848   0.000368598241       0.7243  CGGGGAG
   256      5    -7.2953183132   0.000678708851       1.3337  CGGGGGG
   257      1   -14.0863752179   0.000000762720       0.0015  CGGTTTA
   258      1   -13.6661075887   0.000001161141       0.0023  CGTCATA
   259      1   -11.4815718352   0.000010318503       0.0203  CGTTTGT
   260      1   -14.4248624671   0.000000543703       0.0011  CTAAGTG
   261      1   -12.3864113088   0.000004174937       0.0082  CTACGGC
   262      1   -16.0260450869   0.000000109642       0.0002  CTAGATC
   263      1   -13.1833548250   0.000001881663       0.0037  CTCAAGT
   264      1    -8.4596570734   0.000211844705       0.4163  CTCCAAT
   265      1   -11.5444729296   0.000009689450       0.0190  CTCCACG
   266      1    -9.1738724053   0.000103714108       0.2038  CTCCACT
   267      1    -8.7165349371   0.000163853973       0.3220  CTCCAGC
   268      1    -9.2066639442   0.000100368319       0.1972  CTCCAGT
   269      2    -8.3202804408   0.000243527560       0.4785  CTCCATC
   270      1   -11.2884068357   0.000012517200       0.0246  CTCCATG
   271      1    -8.3819473476   0.000228963639       0.4499  CTCCATT
   272      1    -6.4676287857   0.001552903638       3.0515  CTCCCCC
   273      1    -8.0813312995   0.000309259045       0.6077  CTCCCCT
   274      1    -7.1668485065   0.000771751071       1.5165  CTCCCTC
   275      2    -7.9481405004   0.000353318550       0.6943  CTCCCTT
   276      1    -8.7165349371   0.000163853973       0.3220  CTCCGAC
   277      1    -8.5073925051   0.000201969774       0.3969  CTCCGCC
   278      1    -9.5741855185   0.000069499881       0.1366  CTCCGCT
   279      1    -8.2071328010   0.000272701491       0.5359  CTCCTAT
   280      2    -7.3097114646   0.000669010057       1.3146  CTCCTCC
   281      1    -7.8650726565   0.000383921422       0.7544  CTCCTCT
   282      1   -11.4319206515   0.000010843761       0.0213  CTCCTGG
   283      2    -7.1004500214   0.000824733692       1.6206  CTCCTTC
   284      2    -6.6588945854   0.001282563351       2.5202  CTCCTTT
   285      1   -12.7945037105   0.000002775988       0.0055  CTCGCGC
   286      1   -10.9749550588   0.000017125276       0.0337  CTCTCAC
   287      1    -9.5566309633   0.000070730692       0.1390  CTCTCCC
   288      1    -8.5280019678   0.000197849886       0.3888  CTCTTTT
   289      1   -12.3877144308   0.000004169500       0.0082  CTGCTAC
   290      1   -11.6022519369   0.000009145470       0.0180  CTTCGGG
   291      1    -8.2154124660   0.000270452935       0.5314  CTTCTCT
   292      1    -9.3024491640   0.000091200593       0.1792  CTTCTTC
   293      1    -7.3959312819   0.000613744843       1.2060  CTTTAAT
   294      1    -8.2017115269   0.000274183895       0.5388  CTTTACT
   295      2    -8.1424086480   0.000290935592       0.5717  CTTTAGT
   296      1   -10.1460947992   0.000039228980       0.0771  CTTTATC
   297      2    -7.2735137640   0.000693670313       1.3631  CTTTATT
   298      2    -8.1302931937   0.000294481848       0.5787  CTTTCAT
   299      2    -7.2902151642   0.000682181256       1.3405  CTTTCCT
   300      1    -6.9191431353   0.000988676740       1.9427  CTTTCTT
   301      1   -10.5464079124   0.000026287739       0.0517  CTTTGTC
   302      1    -7.6738268772   0.000464835547       0.9134  CTTTGTT
   303      1    -7.0914686327   0.000832174309       1.6352  CTTTTAT
   304      2    -6.8036363245   0.001109732455       2.1806  CTTTTCT
   305      1    -7.4917817459   0.000557648487       1.0958  CTTTTGT
   306      2    -5.5209850119   0.004001904077       7.8637  CTTTTTT
   307      3    -5.2865419343   0.005059225178       9.9414  GAAAAAA
   308      3    -8.1264089664   0.000295627907       0.5809  GAAAAAG
   309      4    -7.3892912223   0.000617833705       1.2140  GAAAACA
   310      4    -6.4332482521   0.001607221685       3.1582  GAAAAGA
   311      1    -6.9457397966   0.000962727846       1.8918  GAAAATA
   312      1    -8.0108543269   0.000331841097       0.6521  GAAACCA
   313      2    -8.1388304853   0.000291978472       0.5737  GAAACTA
   314      3    -6.5409002459   0.001443188689       2.8359  GAAAGAA
   315      4    -6.8931974265   0.001014664334       1.9938  GAAAGGA
   316      1    -7.8719252361   0.000381299563       0.7493  GAAAGTA
   317      1   -10.1087910319   0.000040720006       0.0800  GAAAGTG
   318      4    -7.1209432009   0.000808004281       1.5877  GAAATAA
   319      1    -8.1388304853   0.000291978472       0.5737  GAAATCA
   320      1   -10.2498595833   0.000035362466       0.0695  GAAATGG
   321      1    -7.2933049209   0.000680076735       1.3364  GAAATTA
   322      1   -11.4375171869   0.000010783243       0.0212  GAACTAA
   323      1   -10.2998456315   0.000033638287       0.0661  GAAGAAT
   324      1    -8.7802207368   0.000153744144       0.3021  GAAGACA
   325      2    -7.8198370367   0.000401687138       0.7893  GAAGAGA
   326      1    -9.3462126705   0.000087295410       0.1715  GAAGAGG
   327      1    -8.3366693112   0.000239568945       0.4708  GAAGATA
   328      1    -8.9547660494   0.000129120298       0.2537  GAAGCAA
   329      1    -9.7662421291   0.000057355482       0.1127  GAAGCGA
   330      1   -12.9099709056   0.000002473266       0.0049  GAAGCGC
   331      1    -7.9246952464   0.000361700062       0.7107  GAAGGAA
   332      1    -8.7605195716   0.000156803117       0.3081  GAAGGGG
   333      2    -8.5112146237   0.000201199295       0.3954  GAAGTAA
   334      1    -9.5253830406   0.000072975774       0.1434  GAAGTCA
   335      1   -10.6317437169   0.000024137505       0.0474  GAAGTTT
   336      1   -14.3270179045   0.000000599591       0.0012  GACAAGT
   337      1   -12.4614907505   0.000003872963       0.0076  GACACTA
   338      1   -13.1388590271   0.000001967279       0.0039  GACCGTC
   339      1    -8.1588271804   0.000286197856       0.5624  GAGAAAA
   340      1   -12.0963539889   0.000005579820       0.0110  GAGAAAC
   341      1    -9.2842887827   0.000092871960       0.1825  GAGAAGA
   342      1    -9.3826575444   0.000084171216       0.1654  GAGAGAA
   343      1   -11.1346985687   0.000014596941       0.0287  GAGAGCA
   344      1   -10.7049119561   0.000022434470       0.0441  GAGAGTG
   345      1   -10.9982503059   0.000016730949       0.0329  GAGATAG
   346      1   -12.8463866669   0.000002635634       0.0052  GAGATAT
   347      1   -10.1441181444   0.000039306599       0.0772  GAGATTA
   348      3   -10.7894270995   0.000020616330       0.0405  GAGATTG
   349      1   -12.5372052759   0.000003590550       0.0071  GAGCATA
   350      5    -6.4056210720   0.001652243741       3.2467  GAGGAAA
   351      1    -8.4844476694   0.000206657511       0.4061  GAGGACA
   352      2    -7.4777115332   0.000565550179       1.1113  GAGGAGA
   353      1   -10.6180827697   0.000024469508       0.0481  GAGGAGC
   354      1    -6.9635605593   0.000945723269       1.8583  GAGGAGG
   355      1    -9.0544068615   0.000116874849       0.2297  GAGGCCA
   356      1    -9.1832156230   0.000102749597       0.2019  GAGGCTA
   357      2    -7.5539610116   0.000524030321       1.0297  GAGGGAA
   358      1    -6.2327743444   0.001963995531       3.8593  GAGGGGG
   359      2    -8.9077655634   0.000135333891       0.2659  GAGGTGA
   360      2   -10.8138527558   0.000020118862       0.0395  GATGAGG
   361      1   -11.3518117507   0.000011748186       0.0231  GATGATA
   362      1   -12.8470946033   0.000002633769       0.0052  GATGTAT
   363      1   -12.6941315653   0.000003069084       0.0060  GCAAAAT
   364      1   -13.3128980729   0.000001653034       0.0032  GCACAGC
   365      1   -15.9466731804   0.000000118699       0.0002  GCATCGT
   366      2    -8.8096876016   0.000149279883       0.2933  GCCCAAC
   367      1   -12.1530620834   0.000005272204       0.0104  GCCCACA
   368      1    -8.9353024295   0.000131658063       0.2587  GCCCACC
   369      2    -7.2901242508   0.000682243278       1.3406  GCCCCCC
   370      1   -11.9820216421   0.000006255674       0.0123  GCCCGAA
   371      1    -9.1005947398   0.000111599416       0.2193  GCCCTAC
   372      1   -11.1281413958   0.000014692970       0.0289  GCCGGAC
   373      2   -10.0579051785   0.000042845704       0.0842  GCGGACG
   374      1   -10.3050672869   0.000033463098       0.0658  GCGGTAC
   375      1   -12.0746008005   0.000005702529       0.0112  GCTTAGT
   376      1   -11.8881917917   0.000006871063       0.0135  GCTTCAC
   377      1   -12.0745708861   0.000005702700       0.0112  GCTTGAT
   378      1   -11.6198413923   0.000008986012       0.0177  GCTTGTT
   379      1   -10.4814225500   0.000028052788       0.0551  GGAACAA
   380      1   -11.1544020808   0.000014312145       0.0281  GGAAGCA
   381      1   -10.2195571676   0.000036450435       0.0716  GGAAGTG
   382      1   -13.3669450805   0.000001566064       0.0031  GGAATAC
   383      2   -10.3242903426   0.000032825978       0.0645  GGAATTG
   384      2    -7.0123742094   0.000900667674       1.7698  GGAGAAG
   385      1    -8.7089015140   0.000165109525       0.3244  GGAGACG
   386      1    -7.1848010917   0.000758019769       1.4895  GGAGAGG
   387      1    -8.6019619344   0.000183744944       0.3611  GGAGCGG
   388      1    -9.1455735392   0.000106691023       0.2096  GGAGGAA
   389      1    -7.0485069329   0.000868705024       1.7070  GGAGGAG
   390      1   -10.6498834396   0.000023703604       0.0466  GGAGGCA
   391      1   -10.2063320140   0.000036935699       0.0726  GGAGGTA
   392      2   -10.0726903849   0.000042216881       0.0830  GGAGTAA
   393      1    -8.3368835904   0.000239517616       0.4707  GGAGTAG
   394      1    -8.9331780296   0.000131938055       0.2593  GGAGTCG
   395      1   -12.6961718191   0.000003062828       0.0060  GGCCCAC
   396      1   -12.5048048461   0.000003708790       0.0073  GGCGCGA
   397      1    -7.2929226947   0.000680336728       1.3369  GGGAAAG
   398      1    -8.9886912407   0.000124813337       0.2453  GGGAACG
   399      1   -12.2321942890   0.000004871083       0.0096  GGGAACT
   400      2    -7.4639168487   0.000573405823       1.1267  GGGAAGG
   401      2    -9.5487036113   0.000071293627       0.1401  GGGAGAA
   402      1    -7.3274347378   0.000657257464       1.2915  GGGAGAG
   403      1    -8.6785882830   0.000170191160       0.3344  GGGAGCG
   404      1    -6.7170777745   0.001210069147       2.3778  GGGAGGG
   405      1   -11.3072312684   0.000012283775       0.0241  GGGATCA
   406      1   -11.5988185517   0.000009176923       0.0180  GGGATCT
   407      1   -12.1124613288   0.000005490664       0.0108  GGGCTTA
   408      3    -5.9707463469   0.002552335780       5.0153  GGGGAAA
   409      1    -8.1720624436   0.000282434909       0.5550  GGGGAAC
   410     24    -4.2627692018   0.014083249004      27.6736  GGGGAAG
   411     11    -5.9583015309   0.002584297596       5.0781  GGGGACG
   412     22    -4.4333177456   0.011875025929      23.3344  GGGGAGG
   413      3    -8.0307639794   0.000325299592       0.6392  GGGGAGT
   414      1    -7.4450864581   0.000584305580       1.1482  GGGGATA
   415      2    -5.5147501052   0.004026933522       7.9129  GGGGATG
   416      2    -8.0095510600   0.000332273857       0.6529  GGGGCAA
   417      1    -9.3163502061   0.000089941580       0.1767  GGGGCAC
   418      3    -6.0296414802   0.002406356550       4.7285  GGGGCAG
   419     10    -6.0539642901   0.002348533261       4.6149  GGGGCCG
   420      1    -9.4481589739   0.000078834568       0.1549  GGGGCGC
   421      9    -5.8500155575   0.002879854354       5.6589  GGGGCGG
   422      5    -6.1818037918   0.002066696600       4.0611  GGGGCTG
   423      1    -6.5599978490   0.001415888756       2.7822  GGGGGAA
   424     23    -4.2967772401   0.013612357759      26.7483  GGGGGAG
   425      1    -8.0219899641   0.000328166333       0.6448  GGGGGCA
   426      2    -5.6478592987   0.003525054793       6.9267  GGGGGCG
   427      3    -6.1630438631   0.002105833637       4.1380  GGGGGGA
   428     95    -3.6862897075   0.025064827572      49.2524  GGGGGGG
   429      6    -5.2043078730   0.005492850876      10.7935  GGGGGTG
   430      2    -7.5659996343   0.000517759539       1.0174  GGGGTAA
   431     13    -5.5860900545   0.003749660207       7.3681  GGGGTAG
   432      1    -8.3261444855   0.000242103682       0.4757  GGGGTCA
   433      4    -6.1818037918   0.002066696600       4.0611  GGGGTCG
   434      9    -5.4064641319   0.004487479327       8.8179  GGGGTGG
   435      7    -5.3363821304   0.004813252970       9.4580  GGGGTTG
   436      1    -7.4141567948   0.000602660345       1.1842  GGGGTTT
   437      1   -10.3763733704   0.000031160061       0.0612  GGGTTCG
   438      1    -9.8275121149   0.000053946804       0.1060  GGTGAAA
   439      1    -9.9372941017   0.000048337925       0.0950  GGTGCCG
   440      1   -12.1478347309   0.000005299836       0.0104  GGTGTAT
   441      1   -10.6088285783   0.000024697005       0.0485  GTAGAAG
   442      1   -14.2741275685   0.000000632157       0.0012  GTAGCGC
   443      1   -10.1398616763   0.000039474263       0.0776  GTATTTT
   444      1   -11.6371995563   0.000008831377       0.0174  GTCCTAT
   445      1   -14.4762984765   0.000000516444       0.0010  GTCTCTA
   446      1   -10.9426833513   0.000017686952       0.0348  GTGAAAG
   447      1    -7.9295555800   0.000359946345       0.7073  GTGGAAG
   448      1   -10.6135330737   0.000024581091       0.0483  GTGGATA
   449      1   -10.1141476064   0.000040502470       0.0796  GTTGGTT
   450      1    -8.9946460723   0.000124072303       0.2438  GTTTAGT
   451      1    -8.9826418448   0.000125570671       0.2467  GTTTCAT
   452      1   -10.3707194605   0.000031336736       0.0616  GTTTCTC
   453      1   -11.2415710378   0.000013117399       0.0258  GTTTTAA
   454      1   -11.7401991799   0.000007967027       0.0157  GTTTTAG
   455      2    -7.9436860851   0.000354895888       0.6974  GTTTTAT
   456      3    -6.3731885588   0.001706708600       3.3537  GTTTTTT
   457      6    -5.9749489611   0.002541631805       4.9943  TAAAAAA
   458      2   -10.0985222972   0.000041140303       0.0808  TAAAAAC
   459      1    -8.8243266564   0.000147110485       0.2891  TAAAAAG
   460      1    -8.2529253824   0.000260495393       0.5119  TAAACAA
   461      1   -10.9789707305   0.000017056644       0.0335  TAAACAG
   462      1   -12.3020355998   0.000004542488       0.0089  TAAACGT
   463      2    -7.2294025030   0.000724953892       1.4245  TAAAGAA
   464      1    -9.0040468818   0.000122911388       0.2415  TAAAGCA
   465      1    -7.5819189205   0.000509582436       1.0013  TAAAGGA
   466      1    -8.6319368792   0.000178318928       0.3504  TAAATGA
   467      1   -14.5252570352   0.000000491769       0.0010  TAAGCAT
   468      1   -10.3045562941   0.000033480201       0.0658  TAATAAG
   469      1   -12.2955010911   0.000004572268       0.0090  TAATACG
   470      1   -12.3154695201   0.000004481873       0.0088  TAATACT
   471      1   -11.8923354257   0.000006842650       0.0134  TAATGAT
   472      1   -12.3777403971   0.000004211295       0.0083  TACAACA
   473      1   -11.4233306136   0.000010937311       0.0215  TACAAGA
   474      1   -11.9348611294   0.000006557762       0.0129  TACAATA
   475      2   -12.1348352267   0.000005369181       0.0106  TACTAAC
   476      1    -9.9958013668   0.000045590948       0.0896  TAGGGAG
   477      1   -11.5889836960   0.000009267622       0.0182  TATCTAT
   478      1   -13.5502480574   0.000001303773       0.0026  TATGCAA
   479      1    -8.2686118668   0.000256441019       0.5039  TATTAAT
   480      1    -9.0358927929   0.000119058833       0.2340  TATTAGT
   481      1    -9.4615482958   0.000077786062       0.1528  TATTCGT
   482      1    -7.8599088429   0.000385909048       0.7583  TATTCTT
   483      1    -8.8466548039   0.000143862179       0.2827  TATTTTA
   484      1   -15.0766471186   0.000000283332       0.0006  TCAGACA
   485      1   -12.3370221606   0.000004386310       0.0086  TCATACT
   486      1   -11.4825054333   0.000010308874       0.0203  TCATATT
   487      1    -9.7482141608   0.000058398862       0.1148  TCATTTT
   488      1    -7.5158630753   0.000544379973       1.0697  TCCCAAC
   489      2    -5.9963146680   0.002487904055       4.8887  TCCCCCC
   490      1   -10.3240287142   0.000032834567       0.0645  TCCCCGT
   491      2    -7.8067489012   0.000406979028       0.7997  TCCCTAC
   492      1    -6.8528413565   0.001056449674       2.0759  TCCCTCC
   493      1    -8.2070620144   0.000272720795       0.5359  TCCCTGC
   494      1   -10.1941120015   0.000037389823       0.0735  TCCCTGT
   495      1   -10.0513872492   0.000043125881       0.0847  TCCCTTA
   496      1    -6.6824002984   0.001252767345       2.4617  TCCCTTC
   497      1   -10.4415952791   0.000029192601       0.0574  TCCTAAT
   498      1   -11.1893645347   0.000013820404       0.0272  TCCTAGT
   499      1    -9.1866528823   0.000102397027       0.2012  TCCTATC
   500      2    -9.1435442502   0.000106907749       0.2101  TCCTCGC
   501      1   -10.8651118729   0.000019113573       0.0376  TCCTGTT
   502      1    -9.8383368768   0.000053365992       0.1049  TCCTTCT
   503      2    -7.9865185988   0.000340015757       0.6681  TCCTTTC
   504      1   -13.7530683338   0.000001064433       0.0021  TCGGAGC
   505      1   -11.3918163861   0.000011287480       0.0222  TCGTTCT
   506      1   -13.1571221066   0.000001931677       0.0038  TCTAAGC
   507      1   -10.2136172277   0.000036667593       0.0721  TCTCAAC
   508      1   -10.9600657760   0.000017382167       0.0342  TCTCGAC
   509      2   -11.8907544854   0.000006853477       0.0135  TCTCGAT
   510      1   -10.4954191176   0.000027662880       0.0544  TCTCTAC
   511      1   -10.5462163346   0.000026292776       0.0517  TCTCTCT
   512      1    -9.3866423801   0.000083836475       0.1647  TCTCTTT
   513      1   -10.4702691581   0.000028367423       0.0557  TCTGTTT
   514      3    -7.8224926239   0.000400621838       0.7872  TCTTAAT
   515      1    -8.6435083591   0.000176267407       0.3464  TCTTACC
   516      1   -10.8418261281   0.000019563869       0.0384  TCTTAGG
   517      1    -7.7131110784   0.000446928881       0.8782  TCTTATT
   518      1    -8.5214048549   0.000199159439       0.3913  TCTTCAT
   519      1   -10.1814774849   0.000037865222       0.0744  TCTTCCA
   520      1    -8.9217179681   0.000133458770       0.2622  TCTTCGT
   521      5    -7.3359142529   0.000651707802       1.2806  TCTTCTT
   522      1    -9.2237719809   0.000098665819       0.1939  TCTTGAC
   523      2    -8.5691616917   0.000189871754       0.3731  TCTTGAT
   524      3    -9.1966536168   0.000101378085       0.1992  TCTTGTC
   525      1    -8.1134241915   0.000299491599       0.5885  TCTTGTT
   526      1   -10.4998502290   0.000027540574       0.0541  TCTTTAA
   527      3    -7.5331053040   0.000535074106       1.0514  TCTTTAT
   528      1    -7.8228294235   0.000400486931       0.7870  TCTTTCC
   529      3    -7.2299097668   0.000724586242       1.4238  TCTTTCT
   530      2    -7.5186064653   0.000542888573       1.0668  TCTTTTC
   531      7    -5.9688097143   0.002557283506       5.0251  TCTTTTT
   532      1   -13.6775230181   0.000001147961       0.0023  TGAACTT
   533      1   -10.9149653758   0.000018184056       0.0357  TGAATTA
   534      1   -16.1209675498   0.000000099713       0.0002  TGACCAT
   535      1   -13.2210178277   0.000001812111       0.0036  TGATACT
   536      1   -12.6617699975   0.000003170028       0.0062  TGATCAG
   537      1   -13.9483760726   0.000000875583       0.0017  TGCGCCC
   538      1   -11.3780817406   0.000011443579       0.0225  TGGAGCG
   539      1   -11.1244798700   0.000014746868       0.0290  TGGCAGG
   540      1   -11.0528149329   0.000015842491       0.0311  TGGGACA
   541      1    -9.0154900678   0.000121512907       0.2388  TGGGCGG
   542      1   -11.4905685399   0.000010226087       0.0201  TGGGCTA
   543      2    -7.4622518592   0.000574361333       1.1286  TGGGGAG
   544      1    -8.8133345557   0.000148736458       0.2923  TGGGGCG
   545      1    -6.8517668875   0.001057585407       2.0782  TGGGGGG
   546      2    -8.7515570688   0.000158214782       0.3109  TGGGTAG
   547      1    -9.3472671989   0.000087203403       0.1714  TGGGTCG
   548      1   -11.7349808314   0.000008008710       0.0157  TGGGTCT
   549      1   -10.9127575208   0.000018224248       0.0358  TGGGTGA
   550      1   -10.5132093420   0.000027175103       0.0534  TGGTCGG
   551      1    -9.9941665517   0.000045665542       0.0897  TGGTTTG
   552      1   -11.9923155202   0.000006191609       0.0122  TGTCTAT
   553      1   -11.2478806704   0.000013034894       0.0256  TGTTCTA
   554      1    -9.4282708554   0.000080418134       0.1580  TGTTGAT
   555      1    -8.8267327004   0.000146756956       0.2884  TGTTTGT
   556      1   -11.0793152456   0.000015428174       0.0303  TTCCACT
   557      1   -10.9872325796   0.000016916305       0.0332  TTCCCAT
   558      1   -10.0269745202   0.000044191658       0.0868  TTCCCCT
   559      1   -10.0765205450   0.000042055493       0.0826  TTCCTAT
   560      1    -8.5223419737   0.000198972890       0.3910  TTCCTTT
   561      1    -8.0470514048   0.000320044213       0.6289  TTCTAAT
   562      1    -8.8510775855   0.000143227313       0.2814  TTCTACT
   563      1   -11.1351690050   0.000014590076       0.0287  TTCTAGC
   564      2    -8.7935399314   0.000151709973       0.2981  TTCTAGT
   565      1    -7.9254508931   0.000361426848       0.7102  TTCTATT
   566      2    -7.9355946245   0.000357779163       0.7030  TTCTCCT
   567      1   -10.9905338397   0.000016860552       0.0331  TTCTCGC
   568      1    -9.7225926809   0.000059914460       0.1177  TTCTCTC
   569      1    -8.7131027536   0.000164417316       0.3231  TTCTGGT
   570      2    -8.3257640063   0.000242195815       0.4759  TTCTGTT
   571      1   -11.0181867446   0.000016400697       0.0322  TTCTTAA
   572      2    -7.7435334682   0.000433536976       0.8519  TTCTTAT
   573      1    -9.7699300562   0.000057144349       0.1123  TTCTTCC
   574      4    -7.4547279053   0.000578699100       1.1371  TTCTTCT
   575      2   -10.1559619932   0.000038843803       0.0763  TTCTTTG
   576      2    -6.1734363865   0.002084062039       4.0952  TTCTTTT
   577      1   -14.7051990498   0.000000410784       0.0008  TTGATAG
   578      1    -9.7509946256   0.000058236711       0.1144  TTGTACT
   579      1   -10.1510800939   0.000039033899       0.0767  TTGTGCT
   580      1   -12.1624158571   0.000005223119       0.0103  TTGTGGA
   581      1    -9.0411479220   0.000118434804       0.2327  TTGTTGT
   582      1    -9.6525006118   0.000064264665       0.1263  TTTAACT
   583      1    -8.7242394660   0.000162596406       0.3195  TTTAATT
   584      1   -12.5960588699   0.000003385331       0.0067  TTTACAA
   585      1    -8.7411817820   0.000159864851       0.3141  TTTACCT
   586      2    -8.3120460830   0.000245541131       0.4825  TTTCAAT
   587      1   -12.0473269903   0.000005860199       0.0115  TTTCACA
   588      1    -9.1173741012   0.000109742472       0.2156  TTTCACT
   589      1    -8.1898377409   0.000277458901       0.5452  TTTCATT
   590      1    -8.9780999887   0.000126142292       0.2479  TTTCGGT
   591      1    -7.7197427238   0.000443974813       0.8724  TTTCTCT
   592      1   -10.4289208017   0.000029564956       0.0581  TTTCTTG
   593      4    -6.4374409757   0.001600497156       3.1450  TTTCTTT
   594      1   -12.2929552501   0.000004583924       0.0090  TTTGATA
   595     16    -4.7393389869   0.008744424455      17.1828  TTTTAAT
   596      3    -7.9708686225   0.000345378852       0.6787  TTTTACC
   597     10    -5.5451968711   0.003906174115       7.6756  TTTTACT
   598      7    -5.4858158408   0.004145151915       8.1452  TTTTAGT
   599      1    -7.7918845715   0.000413073683       0.8117  TTTTATA
   600      1    -7.5034526614   0.000551178050       1.0831  TTTTATC
   601     16    -4.6168851500   0.009883533890      19.4211  TTTTATT
   602      4    -7.8233168548   0.000400291769       0.7866  TTTTCAC
   603      7    -5.4738029808   0.004195247337       8.2437  TTTTCAT
   604      2    -6.6059151223   0.001352345046       2.6574  TTTTCCC
   605      8    -4.6338777412   0.009717005917      19.0939  TTTTCCT
   606      1    -9.0750397098   0.000114488096       0.2250  TTTTCGA
   607      3    -8.2236299680   0.000268239594       0.5271  TTTTCGC
   608      4    -5.8741160939   0.002811278002       5.5242  TTTTCGT
   609      1    -6.8636745814   0.001045066686       2.0536  TTTTCTC
   610     18    -4.2625788884   0.014085929490      27.6789  TTTTCTT
   611      4    -5.4858158408   0.004145151915       8.1452  TTTTGAT
   612      1    -8.3711817357   0.000231441889       0.4548  TTTTGCC
   613      1    -9.2018909850   0.000100848518       0.1982  TTTTGCG
   614      5    -5.9455099843   0.002617567090       5.1435  TTTTGCT
   615      1    -8.1191809750   0.000297772444       0.5851  TTTTGGC
   616      8    -5.4053938889   0.004492284592       8.8273  TTTTGGT
   617      2    -7.9037657746   0.000369350029       0.7258  TTTTGTC
   618      1    -8.5239590774   0.000198651390       0.3903  TTTTGTG
   619      6    -5.0171982632   0.006623056801      13.0143  TTTTGTT
   620      2    -8.2350851714   0.000265184388       0.5211  TTTTTAG
   621     28    -4.4348343579   0.011857029768      23.2991  TTTTTAT
   622      1    -7.6878951947   0.000458341878       0.9006  TTTTTCA
   623      3    -6.8580393771   0.001050972475       2.0652  TTTTTCC
   624      1    -8.0882083079   0.000307139564       0.6035  TTTTTCG
   625     30    -4.1470451215   0.015811067311      31.0687  TTTTTCT
   626      1    -7.7512991459   0.000430183307       0.8453  TTTTTGC
   627     14    -4.8351474711   0.007945516504      15.6129  TTTTTGT
   628      5    -5.8756009386   0.002807106789       5.5160  TTTTTTC
   629    176    -2.8643336171   0.057021116368     112.0465  TTTTTTT