     2   1209    368


 1

     1    130    -2.5226748736   0.080244675060      97.0158  AAAAAAA
     2      1    -6.5240004556   0.001467785531       1.7746  AAAAAAC
     3      3    -5.1877310379   0.005584663841       6.7519  AAAAAAG
     4      2    -6.2114442912   0.002006337635       2.4257  AAAAAAT
     5     11    -5.4633936145   0.004239145282       5.1251  AAAAACA
     6      1    -8.0856495368   0.000307926470       0.3723  AAAAACG
     7     17    -4.1786345266   0.015319411540      18.5212  AAAAAGA
     8      9    -5.1508374501   0.005794550048       7.0056  AAAAATA
     9      1    -7.7730933724   0.000420909222       0.5089  AAAAATG
    10      1    -8.6424935272   0.000176446379       0.2133  AAAAATT
    11      1    -5.5578187720   0.003857180619       4.6633  AAAAGAA
    12      1    -8.1429961964   0.000290764704       0.3515  AAAAGAG
    13      1    -7.2111108660   0.000738336507       0.8926  AAAAGGA
    14      1   -10.5845402752   0.000025304197       0.0306  AAAATAC
    15      1    -9.5277622050   0.000072802359       0.0880  AAAATCA
    16      1   -12.1390933105   0.000005346367       0.0065  AAAATCG
    17      1   -10.6874729464   0.000022829136       0.0276  AAAATGG
    18      1    -8.9202886488   0.000133649661       0.1616  AAACAGA
    19      3    -5.8943345326   0.002755009102       3.3308  AAAGAAA
    20      1    -9.5824088113   0.000068930707       0.0833  AAAGAAT
    21      3    -8.3892472169   0.000227298320       0.2748  AAAGGAA
    22      1    -9.8202390093   0.000054340595       0.0657  AAAGGGG
    23      1   -12.4143207015   0.000004060028       0.0049  AAAGTAG
    24      1    -6.9517871040   0.000956923503       1.1569  AAATAAA
    25      1   -12.5137915163   0.000003675610       0.0044  AAATACG
    26     15    -5.2845477263   0.005069324392       6.1288  AACAAAA
    27      1    -7.9155724503   0.000365014876       0.4413  AACAAAG
    28      8    -5.8665983209   0.002832492194       3.4245  AACAACA
    29      1    -6.4786774185   0.001535840611       1.8568  AACAAGA
    30      1    -6.5206164742   0.001472760903       1.7806  AACAATA
    31      1    -9.0072796968   0.000122514680       0.1481  AACAATG
    32      1   -12.1335681564   0.000005375988       0.0065  AACAGAC
    33      1    -9.5535033532   0.000070952256       0.0858  AACAGTA
    34      1    -8.6561581654   0.000174051702       0.2104  AACGAAA
    35      1   -11.2689054577   0.000012763699       0.0154  AACGAAG
    36      6    -4.0457400521   0.017496751355      21.1536  AAGAAAA
    37      2    -6.5665145342   0.001406691854       1.7007  AAGAAAG
    38      2    -6.5387252087   0.001446331095       1.7486  AAGAACA
    39      5    -4.4346808879   0.011858849606      14.3373  AAGAAGA
    40      1    -6.2681462645   0.001895739528       2.2919  AAGAAGG
    41      2    -6.2261690443   0.001977011250       2.3902  AAGAATA
    42      1    -8.4500823156   0.000213882809       0.2586  AAGAATG
    43      1    -9.4261506049   0.000080588822       0.0974  AAGAATT
    44      1   -12.9289944544   0.000002426661       0.0029  AAGAGCC
    45      1    -8.4243008267   0.000219468723       0.2653  AAGAGGG
    46      1    -9.2544528269   0.000095684635       0.1157  AAGAGTA
    47      2    -7.4171741728   0.000600844632       0.7264  AAGGAAA
    48      1    -7.8044572168   0.000407912765       0.4932  AAGGAGA
    49      1    -9.4878909747   0.000075763723       0.0916  AAGGAGG
    50      1    -9.8598608654   0.000052229616       0.0631  AAGGGAA
    51      1    -8.4416060274   0.000215703446       0.2608  AAGGGGG
    52      9    -4.9719915619   0.006929334086       8.3776  AATAAAA
    53      2    -6.5206164742   0.001472760903       1.7806  AATAACA
    54      1    -9.2660937215   0.000094577238       0.1143  AATAACC
    55      2    -6.1661212541   0.002099363125       2.5381  AATAAGA
    56      5    -5.4233925250   0.004412152890       5.3343  AATAATA
    57      2    -7.9065497691   0.000368323191       0.4453  AATAATG
    58      1    -8.0067127575   0.000333218290       0.4029  AATAGAA
    59      2    -8.3436020010   0.000237913832       0.2876  AATGAAA
    60      1    -7.6273865334   0.000486931777       0.5887  ACACCAA
    61      1    -9.6109091807   0.000066993887       0.0810  ACACCAC
    62      1    -9.3173050056   0.000089855745       0.1086  ACACCCC
    63      1   -11.1914448166   0.000013791683       0.0167  ACCCTTC
    64      1   -13.7167240626   0.000001103831       0.0013  ACCTATA
    65      1   -10.3388083540   0.000032352853       0.0391  ACTCCAC
    66      1    -5.6219627909   0.003617533674       4.3736  AGAAAAA
    67      1   -11.1732443430   0.000014044997       0.0170  AGAAACG
    68      1   -12.6031164933   0.000003361523       0.0041  AGAACTA
    69      1   -10.0677536148   0.000042425812       0.0513  AGAAGGG
    70      1   -15.3413547467   0.000000217437       0.0003  AGACAGC
    71      1    -7.0273446308   0.000887284724       1.0727  AGAGGAG
    72      2    -6.8471363273   0.001062493975       1.2846  AGAGGGG
    73      1   -12.0792271988   0.000005676208       0.0069  AGCAATG
    74      1    -8.7179862648   0.000163616339       0.1978  AGCGGCG
    75      1    -9.6397259657   0.000065090889       0.0787  AGGAAAG
    76      2    -7.5328962971   0.000535185952       0.6470  AGGAAGA
    77      1    -8.7065981264   0.000165490275       0.2001  AGGAGGG
    78      1   -12.2402692752   0.000004831907       0.0058  AGGCGAA
    79      2    -7.6042116057   0.000498348162       0.6025  AGGGAAA
    80      1    -8.1988362106   0.000274973395       0.3324  AGGGAGG
    81      1    -7.5876099039   0.000506690647       0.6126  AGGGGAA
    82      1    -5.4444563200   0.004320188169       5.2231  AGGGGGG
    83      1    -9.8703931123   0.000051682408       0.0625  AGGTGGG
    84      1   -11.3789465321   0.000011433687       0.0138  AGTAAGG
    85      1    -9.2862483504   0.000092690150       0.1121  ATAAATA
    86      1   -10.8004343985   0.000020390644       0.0247  ATATTAC
    87      1   -10.1556319982   0.000038856624       0.0470  ATATTGT
    88      1    -9.8284109636   0.000053898335       0.0652  ATATTTA
    89      1    -9.8001436379   0.000055443635       0.0670  ATCCCCC
    90      1    -6.3051076201   0.001826949542       2.2088  ATTTTTT
    91      1    -9.6338939458   0.000065471610       0.0792  CAAAACA
    92      1    -8.3602983461   0.000233974518       0.2829  CAAAAGA
    93      1   -12.3448450049   0.000004352131       0.0053  CAACCAT
    94      1   -12.4801474745   0.000003801376       0.0046  CAAGCCC
    95      1   -12.1599277126   0.000005236131       0.0063  CAATCCC
    96      1   -13.5085393736   0.000001359302       0.0016  CACAGTA
    97      1   -13.2318715625   0.000001792550       0.0022  CACTCTT
    98      1   -13.5493499950   0.000001304945       0.0016  CAGGACC
    99      1   -16.1811924325   0.000000093885       0.0001  CAGTTCA
   100      1   -15.5122768251   0.000000183275       0.0002  CATGAGT
   101      1   -12.2919801388   0.000004588396       0.0055  CATTTAT
   102      1   -12.4373195623   0.000003967718       0.0048  CCAACAA
   103      1   -11.2005842717   0.000013666209       0.0165  CCACAAA
   104      7    -5.8346737012   0.002924377325       3.5356  CCACCAC
   105      1    -9.0135576346   0.000121747950       0.1472  CCACCAG
   106     11    -5.4047775295   0.004495054307       5.4345  CCACCCC
   107      1    -6.3891532730   0.001679677828       2.0307  CCACCTC
   108      1    -8.4460370244   0.000214749779       0.2596  CCACCTT
   109      1    -8.2905953288   0.000250865071       0.3033  CCACTCC
   110      2    -8.6349841830   0.000177776363       0.2149  CCATCCC
   111      1    -9.6189566876   0.000066456917       0.0803  CCATCTC
   112      3    -5.5929059264   0.003724189903       4.5025  CCCCCAC
   113      1    -9.3474077462   0.000087191148       0.1054  CCCCCAG
   114     83    -2.9310785838   0.053339476012      64.4874  CCCCCCC
   115      3    -5.6798367848   0.003414115633       4.1277  CCCCCGC
   116      5    -4.4272977743   0.011946728852      14.4436  CCCCCTC
   117      1    -8.2266765716   0.000267423618       0.3233  CCCCCTG
   118      1    -8.4786619775   0.000207856634       0.2513  CCCCTAC
   119      3    -7.3120490498   0.000667448016       0.8069  CCCCTTC
   120      1    -6.1613072923   0.002109493744       2.5504  CCCTCCC
   121      1   -11.3784459545   0.000011439412       0.0138  CCCTCGT
   122      1   -10.2826647135   0.000034221217       0.0414  CCCTTTT
   123      1   -10.0714972160   0.000042267283       0.0511  CCGCAGC
   124      4    -6.7265341794   0.001198680178       1.4492  CCGCCAC
   125      4    -5.4917083879   0.004120798235       4.9820  CCGCCCC
   126      1    -7.9778138858   0.000342988415       0.4147  CCGCCCT
   127      7    -5.9595421211   0.002581093530       3.1205  CCGCCGC
   128      1    -6.4760841314   0.001539828655       1.8617  CCGCCTC
   129      1   -10.1558607554   0.000038847736       0.0470  CCGCGGC
   130      1    -8.3775261873   0.000229978165       0.2780  CCGCTCC
   131      2    -9.3576036705   0.000086306670       0.1043  CCGCTTC
   132      1   -15.5978251020   0.000000168248       0.0002  CCGGAAG
   133      1    -8.6292708821   0.000178794960       0.2162  CCTCATC
   134      1    -6.4488987613   0.001582263660       1.9130  CCTCCAC
   135      1    -8.0003798385   0.000335335230       0.4054  CCTCCCA
   136      4    -4.2821844365   0.013812456673      16.6993  CCTCCCC
   137      1    -6.6850907525   0.001249401362       1.5105  CCTCCCT
   138      1    -6.5358296198   0.001450525144       1.7537  CCTCCGC
   139     11    -4.5170387890   0.010921316154      13.2039  CCTCCTC
   140      2    -6.2711275320   0.001890096237       2.2851  CCTCCTT
   141      1    -9.3309317841   0.000088639606       0.1072  CCTCTAC
   142      1    -7.1672984260   0.000771403924       0.9326  CCTCTCC
   143      1   -10.9535667312   0.000017495502       0.0212  CCTCTCG
   144      2    -9.3683815651   0.000085381461       0.1032  CCTCTCT
   145      1    -9.6787504458   0.000062599677       0.0757  CCTTCAC
   146      1    -7.5123251537   0.000546309358       0.6605  CCTTCCC
   147      1    -7.7464307549   0.000432282713       0.5226  CCTTCTC
   148      2    -8.6489219583   0.000175315744       0.2120  CCTTTTT
   149      1   -10.6282137447   0.000024222860       0.0293  CGAGCAC
   150      1   -12.6012781320   0.000003367708       0.0041  CGAGCAG
   151      1   -12.2277211626   0.000004892921       0.0059  CGAGGCA
   152      1   -16.5203009683   0.000000066884       0.0001  CGATATC
   153      1   -10.2312286040   0.000036027479       0.0436  CGGCCGC
   154      1   -10.2874576205   0.000034057591       0.0412  CGGGCCC
   155      1   -12.8116197341   0.000002728879       0.0033  CGTAATT
   156      1   -11.0663362955   0.000015629721       0.0189  CGTGGCT
   157      1    -9.8655004094   0.000051935894       0.0628  CGTGGTT
   158      1    -8.3567361211   0.000234809474       0.2839  CTACCCC
   159      2   -11.8939993505   0.000006831274       0.0083  CTACTTC
   160      1    -9.2186159700   0.000099175855       0.1199  CTATCAC
   161      2    -8.7924188001   0.000151880155       0.1836  CTATCCC
   162      1   -10.0404642321   0.000043599528       0.0527  CTATTAA
   163      1    -8.8429349661   0.000144398320       0.1746  CTATTCC
   164      2    -9.5364620921   0.000072171733       0.0873  CTATTTC
   165      2    -5.8830496871   0.002786275038       3.3686  CTCCCCC
   166      1    -7.3791996900   0.000624100160       0.7545  CTCCCTC
   167      1   -11.1766628307   0.000013997066       0.0169  CTCCTAC
   168      1    -9.9917777435   0.000045774758       0.0553  CTCCTTC
   169      1    -8.9803647424   0.000125856934       0.1522  CTCTCAC
   170      1    -6.3194169816   0.001800993212       2.1774  CTCTCCC
   171      1    -6.3878335141   0.001681896061       2.0334  CTCTTCC
   172      1    -9.3718717163   0.000085083986       0.1029  CTCTTGT
   173      1    -7.7850717737   0.000415897479       0.5028  CTCTTTC
   174      1    -7.0809619019   0.000840963834       1.0167  CTCTTTT
   175      1   -11.8190891392   0.000007362661       0.0089  CTGTCAT
   176      2   -10.0725650789   0.000042222172       0.0510  CTGTTAC
   177      1    -9.2991745012   0.000091499733       0.1106  CTGTTCT
   178      1   -10.1894331728   0.000037565174       0.0454  CTGTTGG
   179      1   -15.0981029210   0.000000277317       0.0003  CTTCACG
   180      3    -7.2341056322   0.000721552345       0.8724  CTTCCCC
   181      1   -11.0690477620   0.000015587398       0.0188  CTTCCTA
   182      1    -7.4685352258   0.000570763725       0.6901  CTTCCTC
   183      2    -9.1744856319   0.000103650527       0.1253  CTTCCTT
   184      1   -13.6625044644   0.000001165332       0.0014  CTTCGGC
   185      1   -15.9868478668   0.000000114025       0.0001  CTTCGGG
   186      1   -10.5933030741   0.000025083430       0.0303  CTTCTCT
   187      1    -9.8253789719   0.000054062003       0.0654  CTTTCAC
   188      3    -7.8792374731   0.000378521580       0.4576  CTTTCTC
   189      1    -8.0969621190   0.000304462656       0.3681  CTTTTAT
   190      3    -7.2000892490   0.000746519179       0.9025  CTTTTCT
   191      1    -9.0771647068   0.000114245067       0.1381  CTTTTTA
   192      1    -7.4349844577   0.000590238150       0.7136  CTTTTTC
   193      4    -5.3983093460   0.004524223377       5.4698  CTTTTTT
   194      2    -5.3757251073   0.004627562038       5.5947  GAAAAAA
   195      1    -7.3415028701   0.000648075815       0.7835  GAAAAAG
   196      1    -8.9926663319   0.000124318177       0.1503  GAAAAAT
   197      1    -9.7882240047   0.000056108457       0.0678  GAAAACG
   198      1    -7.9974024328   0.000336335147       0.4066  GAAAATA
   199      1    -9.4756678404   0.000076695476       0.0927  GAAAATG
   200      1   -11.2359590986   0.000013191220       0.0159  GAAAATT
   201      1    -8.1835123269   0.000279219506       0.3376  GAAAGAA
   202      2    -7.8439748441   0.000392107373       0.4741  GAAAGAG
   203      1   -12.1222833713   0.000005436999       0.0066  GAAGACG
   204      1    -9.5402642952   0.000071897843       0.0869  GAAGGGA
   205      2    -8.1324481905   0.000293847924       0.3553  GACAAAA
   206      1    -9.2406627529   0.000097013273       0.1173  GACAAGA
   207      1    -8.9448330358   0.000130409242       0.1577  GACAAGG
   208      2   -10.0532690505   0.000043044803       0.0520  GACAATG
   209      1    -9.9490588514   0.000047772574       0.0578  GACAGAG
   210      1    -6.8754891742   0.001032792300       1.2486  GAGAAAA
   211      2    -7.6530518458   0.000474593530       0.5738  GAGAAAG
   212      1    -8.9986883381   0.000123571782       0.1494  GAGAATA
   213      1    -8.8087326347   0.000149422509       0.1807  GAGAATG
   214      1    -7.6958884755   0.000454692826       0.5497  GAGAGAG
   215      1   -10.9372930841   0.000017782547       0.0215  GAGAGTA
   216      1   -12.7677249717   0.000002851330       0.0034  GAGCGCG
   217      1    -9.8599357431   0.000052225705       0.0631  GAGGAAG
   218      1    -7.2514788060   0.000709124955       0.8573  GAGGGAG
   219      1   -11.1445289103   0.000014454151       0.0175  GAGGGCA
   220      1    -5.6922971561   0.003371838427       4.0766  GAGGGGG
   221      1    -7.8198920262   0.000401665050       0.4856  GATAAAA
   222      1    -9.3799721483   0.000084397553       0.1020  GATAAAG
   223      1   -12.7106546088   0.000003018790       0.0036  GATAGAT
   224      1   -12.4702662494   0.000003839124       0.0046  GATGGAT
   225      1    -8.1250694418   0.000296024173       0.3579  GATGGGG
   226      1   -10.9171736524   0.000018143945       0.0219  GATGGTA
   227      1   -13.0335619412   0.000002185727       0.0026  GATTGAG
   228      1   -16.8744377528   0.000000046938       0.0001  GCAAGTC
   229      1    -9.5945646327   0.000068097869       0.0823  GCCCCAC
   230      1    -8.4301752347   0.000218183254       0.2638  GCCCCTC
   231      1   -10.4564183011   0.000028763070       0.0348  GCGCCTC
   232      1   -12.7036411613   0.000003040036       0.0037  GCGGTAG
   233      1   -12.1904505905   0.000005078724       0.0061  GCTAGGG
   234      1   -11.1977224768   0.000013705375       0.0166  GCTCCCG
   235      1   -10.1899474752   0.000037545859       0.0454  GCTCCGG
   236      1   -14.7627778652   0.000000387799       0.0005  GCTGAGA
   237      1   -11.9246858522   0.000006624830       0.0080  GGAAGCA
   238      1    -9.8512996645   0.000052678684       0.0637  GGAAGCG
   239      1    -9.5387435001   0.000072007268       0.0871  GGAAGTG
   240      1   -13.5486439033   0.000001305866       0.0016  GGAATTG
   241      1    -9.5068496679   0.000074340872       0.0899  GGAGACG
   242      2    -9.2228540155   0.000098756433       0.1194  GGAGAGA
   243      1    -8.2911008828   0.000250738277       0.3031  GGAGGAC
   244      5    -4.4204291218   0.012029069241      14.5431  GGAGGAG
   245      1    -9.9951195364   0.000045622044       0.0552  GGAGGCC
   246      4    -6.5672211851   0.001405698165       1.6995  GGAGGCG
   247      1    -6.5492956255   0.001431123290       1.7302  GGAGGGA
   248     17    -4.1042806343   0.016501885461      19.9508  GGAGGGG
   249      3    -6.2546650208   0.001921469501       2.3231  GGAGGTG
   250      1   -12.8940041396   0.000002513073       0.0030  GGCGAAC
   251      2    -6.5072000528   0.001492653228       1.8046  GGCGGAG
   252      1    -8.3716950861   0.000231323109       0.2797  GGCGGCA
   253      1    -5.9820185143   0.002523726968       3.0512  GGCGGCG
   254      6    -5.4276185195   0.004393546499       5.3118  GGCGGGG
   255      1    -9.4662615762   0.000077420297       0.0936  GGCGGTC
   256      1    -6.6360051291   0.001312259092       1.5865  GGCGGTG
   257      1   -12.8482135289   0.000002630824       0.0032  GGCTTCT
   258      1    -7.5260401781   0.000538867858       0.6515  GGGAGAG
   259      1   -11.4124974276   0.000011056441       0.0134  GGGAGCA
   260      3    -6.6411906450   0.001305471965       1.5783  GGGGGAA
   261      1    -8.2133556801   0.000271009772       0.3277  GGGGGAC
   262      4    -4.2415763728   0.014384897998      17.3913  GGGGGAG
   263      4    -5.6100472819   0.003660896259       4.4260  GGGGGCG
   264      2    -5.2571458861   0.005210153891       6.2991  GGGGGGA
   265    161    -2.6822684159   0.068407800672      82.7050  GGGGGGG
   266      1    -7.8308260648   0.000397297151       0.4803  GGGGGTA
   267      2    -5.2974911175   0.005004132952       6.0500  GGGGGTG
   268      2    -9.4786418385   0.000076467722       0.0924  GGTAGAG
   269      5    -6.1946438884   0.002040329655       2.4668  GGTGGAG
   270      1    -6.6360051291   0.001312259092       1.5865  GGTGGCG
   271      4    -5.1150623552   0.006005603342       7.2608  GGTGGGG
   272      3    -5.5388088557   0.003931206685       4.7528  GGTGGTG
   273      1   -10.2265113062   0.000036197833       0.0438  GTATTGT
   274      1   -12.8238032037   0.000002695833       0.0033  GTCAACA
   275      1   -11.7111429526   0.000008201915       0.0099  GTCTCTC
   276      1    -6.8142019150   0.001098069199       1.3276  GTGGGGG
   277      1    -9.9383446802   0.000048287169       0.0584  GTGTGTG
   278      1   -14.1219878943   0.000000736035       0.0009  GTTAACG
   279      1   -15.2673956119   0.000000234129       0.0003  GTTCATA
   280      1   -11.4066999880   0.000011120726       0.0134  TAAAATG
   281      1    -9.6904755094   0.000061869978       0.0748  TAAAATT
   282      1   -14.9087400324   0.000000335132       0.0004  TAAGACG
   283      1   -12.0306696327   0.000005958632       0.0072  TATAACG
   284      1   -11.5155386417   0.000009973902       0.0121  TATACTC
   285      1   -12.5316518111   0.000003610545       0.0044  TCACAAC
   286      1    -9.1542620762   0.000105768049       0.1279  TCACCAT
   287      1    -9.0231063927   0.000120590941       0.1458  TCACCTC
   288      1   -11.8245675117   0.000007322436       0.0089  TCACTGC
   289      1    -8.6575226867   0.000173814367       0.2101  TCACTTT
   290      1   -11.4493781725   0.000010656099       0.0129  TCATCAT
   291      1    -5.6327828348   0.003578602798       4.3265  TCCCCCC
   292      1    -7.1091114705   0.000817621150       0.9885  TCCCCTC
   293      2    -8.3713461041   0.000231403850       0.2798  TCCCTCC
   294      1    -9.5545228330   0.000070879959       0.0857  TCCCTTC
   295      1    -7.8389714011   0.000394074177       0.4764  TCCTTCT
   296      1   -11.9846428718   0.000006239298       0.0075  TCCTTGC
   297      1    -9.7872361209   0.000056163913       0.0679  TCGCCCT
   298      1   -11.0559307761   0.000015793205       0.0191  TCGCTGC
   299      1   -11.0919896518   0.000015233865       0.0184  TCGCTTC
   300      1    -9.6505854671   0.000064387859       0.0778  TCGTTCT
   301      1   -11.0550783639   0.000015806673       0.0191  TCTCATC
   302      4    -6.9695013250   0.000940121604       1.1366  TCTCCCC
   303      1    -7.8904448783   0.000374303019       0.4525  TCTCCCT
   304      4    -7.0896005937   0.000833730296       1.0080  TCTCCTC
   305      1    -6.2343931944   0.001960818689       2.3706  TCTCCTT
   306      1   -11.5615324332   0.000009525554       0.0115  TCTCTCA
   307      2    -7.9599921421   0.000349155861       0.4221  TCTCTCT
   308      4    -8.6981621419   0.000166892254       0.2018  TCTCTTC
   309      3    -6.1291260826   0.002178483944       2.6338  TCTCTTT
   310      1   -10.1588903716   0.000038730220       0.0468  TCTTCCC
   311      1   -12.6230191094   0.000003295281       0.0040  TCTTGGT
   312      1    -7.4836119925   0.000562222998       0.6797  TCTTTCT
   313      1    -8.4353093898   0.000217065938       0.2624  TCTTTGT
   314      1    -8.4757560257   0.000208461533       0.2520  TCTTTTC
   315      2    -5.6429650718   0.003542349499       4.2827  TCTTTTT
   316      1   -12.3218336833   0.000004453440       0.0054  TGAGGCC
   317      1   -12.5085559370   0.000003694904       0.0045  TGAGTTC
   318      1    -9.7085555548   0.000060761417       0.0735  TGATTAT
   319      1   -10.4084800036   0.000030175507       0.0365  TGCGGTG
   320      1   -13.7083130649   0.000001113154       0.0013  TGGAAAT
   321      1   -13.4809349073   0.000001397347       0.0017  TGGATCT
   322      1   -10.6484801204   0.000023736891       0.0287  TTATAAA
   323      1   -11.7777385811   0.000007673493       0.0093  TTATCGC
   324      1   -11.6978703969   0.000008311501       0.0100  TTATCTA
   325      2   -10.7337388998   0.000021796985       0.0264  TTATCTC
   326      2    -8.0852430422   0.000308051666       0.3724  TTATTAC
   327      7    -5.4249658903   0.004405216420       5.3259  TTATTAT
   328      1    -9.9190702235   0.000049226906       0.0595  TTATTCG
   329      3    -6.2918713590   0.001851292271       2.2382  TTATTCT
   330      2    -6.3169227895   0.001805490842       2.1828  TTATTGT
   331      1    -7.7061621813   0.000450045360       0.5441  TTATTTC
   332      6    -4.9002669473   0.007444595491       9.0005  TTATTTT
   333      1    -9.0566800633   0.000116609471       0.1410  TTCATCT
   334      1   -10.2037250014   0.000037032117       0.0448  TTCCCCT
   335      1   -10.9874142688   0.000016913232       0.0204  TTCTCTA
   336      2    -7.2880486249   0.000683660831       0.8265  TTCTCTT
   337      1    -6.3517078304   0.001743766534       2.1082  TTCTTAT
   338      6    -4.5679749052   0.010378956821      12.5482  TTCTTCT
   339      2    -6.4386386889   0.001598581367       1.9327  TTCTTGT
   340      1    -6.7544543939   0.001165675661       1.4093  TTCTTTC
   341      7    -4.0816716741   0.016879225492      20.4070  TTCTTTT
   342      2    -8.5300445682   0.000197446170       0.2387  TTGCTTT
   343      1    -8.1955935391   0.000275866491       0.3335  TTGTCTT
   344      1    -9.2001347890   0.000101025784       0.1221  TTGTGTT
   345      3    -6.3169227895   0.001805490842       2.1828  TTGTTAT
   346      1    -8.6788965837   0.000170138698       0.2057  TTGTTCC
   347      1    -6.3788022175   0.001697154562       2.0519  TTGTTCT
   348      4    -5.5498305821   0.003888115904       4.7007  TTGTTGT
   349      4    -7.7930930397   0.000412574798       0.4988  TTGTTTC
   350      4    -4.9871978058   0.006824762031       8.2511  TTGTTTT
   351      1   -10.4644298088   0.000028533555       0.0345  TTTAATT
   352      2    -9.8981048710   0.000050269860       0.0608  TTTCCCC
   353      2    -9.9128267321   0.000049535215       0.0599  TTTCCTC
   354      1    -8.4911180672   0.000205283611       0.2482  TTTCCTT
   355      1    -8.7057249178   0.000165634846       0.2003  TTTCTGT
   356      1    -5.9134111167   0.002702951063       3.2679  TTTCTTT
   357      1    -8.2842378223   0.000252465028       0.3052  TTTTCAT
   358      1    -7.4168296290   0.000601051685       0.7267  TTTTCCT
   359      4    -8.3186905667   0.000243915046       0.2949  TTTTCTC
   360      6    -5.5793684087   0.003774948991       4.5639  TTTTCTT
   361      4    -7.8731092541   0.000380848365       0.4604  TTTTTAC
   362      6    -5.0759618291   0.006245076853       7.5503  TTTTTAT
   363      1    -6.8274478372   0.001083620167       1.3101  TTTTTCC
   364     15    -4.2113919864   0.014825716771      17.9243  TTTTTCT
   365      3    -5.1628926875   0.005725114742       6.9217  TTTTTGT
   366      1    -6.1234643303   0.002190852963       2.6487  TTTTTTA
   367      8    -5.2106056413   0.005458366874       6.5992  TTTTTTC
   368    153    -2.3705079482   0.093433254971     112.9608  TTTTTTT

 2

     1    130    -2.5226744467   0.080244709314      97.0159  AAAAAAA
     2      1    -6.5239989330   0.001467787766       1.7746  AAAAAAC
     3      3    -5.1877297537   0.005584671013       6.7519  AAAAAAG
     4      2    -6.2114427687   0.002006340689       2.4257  AAAAAAT
     5     11    -5.4633947937   0.004239140283       5.1251  AAAAACA
     6      1    -8.0856497456   0.000307926406       0.3723  AAAAACG
     7     17    -4.1786352757   0.015319400065      18.5212  AAAAAGA
     8      9    -5.1508386293   0.005794543215       7.0056  AAAAATA
     9      1    -7.7730935812   0.000420909134       0.5089  AAAAATG
    10      1    -8.6424928611   0.000176446497       0.2133  AAAAATT
    11      1    -5.5578168004   0.003857188224       4.6633  AAAAGAA
    12      1    -8.1429936864   0.000290765433       0.3515  AAAAGAG
    13      1    -7.2111100711   0.000738337094       0.8926  AAAAGGA
    14      1   -10.5845368175   0.000025304285       0.0306  AAAATAC
    15      1    -9.5277614365   0.000072802415       0.0880  AAAATCA
    16      1   -12.1390915967   0.000005346376       0.0065  AAAATCG
    17      1   -10.6874704065   0.000022829194       0.0276  AAAATGG
    18      1    -8.9202966534   0.000133648592       0.1616  AAACAGA
    19      3    -5.8943415362   0.002754989807       3.3308  AAAGAAA
    20      1    -9.5824147171   0.000068930299       0.0833  AAAGAAT
    21      3    -8.3892563791   0.000227296238       0.2748  AAAGGAA
    22      1    -9.8202440105   0.000054340323       0.0657  AAAGGGG
    23      1   -12.4143250848   0.000004060010       0.0049  AAAGTAG
    24      1    -6.9517939327   0.000956916968       1.1569  AAATAAA
    25      1   -12.5137989833   0.000003675582       0.0044  AAATACG
    26     15    -5.2845444361   0.005069341071       6.1288  AACAAAA
    27      1    -7.9155684105   0.000365016350       0.4413  AACAAAG
    28      8    -5.8665958753   0.002832499121       3.4245  AACAACA
    29      1    -6.4786747001   0.001535844786       1.8568  AACAAGA
    30      1    -6.5206138806   0.001472764723       1.7806  AACAATA
    31      1    -9.0072763823   0.000122515086       0.1481  AACAATG
    32      1   -12.1335631909   0.000005376015       0.0065  AACAGAC
    33      1    -9.5534992245   0.000070952549       0.0858  AACAGTA
    34      1    -8.6561623058   0.000174050981       0.2104  AACGAAA
    35      1   -11.2689088370   0.000012763656       0.0154  AACGAAG
    36      6    -4.0457375172   0.017496795709      21.1536  AAGAAAA
    37      2    -6.5665118133   0.001406695681       1.7007  AAGAAAG
    38      2    -6.5387240206   0.001446332813       1.7486  AAGAACA
    39      5    -4.4346790260   0.011858871686      14.3374  AAGAAGA
    40      1    -6.2681447306   0.001895742436       2.2920  AAGAAGG
    41      2    -6.2261678562   0.001977013599       2.3902  AAGAATA
    42      1    -8.4500814071   0.000213883003       0.2586  AAGAATG
    43      1    -9.4261477459   0.000080589052       0.0974  AAGAATT
    44      1   -12.9289904711   0.000002426670       0.0029  AAGAGCC
    45      1    -8.4243011758   0.000219468647       0.2653  AAGAGGG
    46      1    -9.2544501390   0.000095684892       0.1157  AAGAGTA
    47      2    -7.4171790687   0.000600841690       0.7264  AAGGAAA
    48      1    -7.8044627830   0.000407910495       0.4932  AAGGAGA
    49      1    -9.4878967547   0.000075763285       0.0916  AAGGAGG
    50      1    -9.8598679860   0.000052229244       0.0631  AAGGGAA
    51      1    -8.4416129404   0.000215701955       0.2608  AAGGGGG
    52      9    -4.9719882718   0.006929356884       8.3776  AATAAAA
    53      2    -6.5206138806   0.001472764723       1.7806  AATAACA
    54      1    -9.2660903959   0.000094577553       0.1143  AATAACC
    55      2    -6.1661185357   0.002099368832       2.5381  AATAAGA
    56      5    -5.4233900613   0.004412163760       5.3343  AATAATA
    57      2    -7.9065465922   0.000368324361       0.4453  AATAATG
    58      1    -8.0067079254   0.000333219900       0.4029  AATAGAA
    59      2    -8.3436061414   0.000237912847       0.2876  AATGAAA
    60      1    -7.6273908629   0.000486929669       0.5887  ACACCAA
    61      1    -9.6109044842   0.000066994202       0.0810  ACACCAC
    62      1    -9.3172982784   0.000089856350       0.1086  ACACCCC
    63      1   -11.1914409077   0.000013791737       0.0167  ACCCTTC
    64      1   -13.7167362895   0.000001103817       0.0013  ACCTATA
    65      1   -10.3388038529   0.000032352998       0.0391  ACTCCAC
    66      1    -5.6219726496   0.003617498010       4.3736  AGAAAAA
    67      1   -11.1732547281   0.000014044851       0.0170  AGAAACG
    68      1   -12.6031260762   0.000003361491       0.0041  AGAACTA
    69      1   -10.0677560886   0.000042425707       0.0513  AGAAGGG
    70      1   -15.3413689039   0.000000217434       0.0003  AGACAGC
    71      1    -7.0273410501   0.000887287901       1.0727  AGAGGAG
    72      2    -6.8471310158   0.001062499619       1.2846  AGAGGGG
    73      1   -12.0792339739   0.000005676169       0.0069  AGCAATG
    74      1    -8.7179810362   0.000163617195       0.1978  AGCGGCG
    75      1    -9.6397334164   0.000065090404       0.0787  AGGAAAG
    76      2    -7.5329047129   0.000535181448       0.6470  AGGAAGA
    77      1    -8.7066022482   0.000165489593       0.2001  AGGAGGG
    78      1   -12.2402783843   0.000004831863       0.0058  AGGCGAA
    79      2    -7.6042149159   0.000498346512       0.6025  AGGGAAA
    80      1    -8.1988328796   0.000274974311       0.3324  AGGGAGG
    81      1    -7.5876114353   0.000506689871       0.6126  AGGGGAA
    82      1    -5.4444529511   0.004320202723       5.2231  AGGGGGG
    83      1    -9.8703970231   0.000051682206       0.0625  AGGTGGG
    84      1   -11.3789527798   0.000011433616       0.0138  AGTAAGG
    85      1    -9.2862600133   0.000092689069       0.1121  ATAAATA
    86      1   -10.8004347105   0.000020390637       0.0247  ATATTAC
    87      1   -10.1556271280   0.000038856813       0.0470  ATATTGT
    88      1    -9.8284162873   0.000053898048       0.0652  ATATTTA
    89      1    -9.8001502019   0.000055443271       0.0670  ATCCCCC
    90      1    -6.3051039566   0.001826956235       2.2088  ATTTTTT
    91      1    -9.6338918562   0.000065471747       0.0792  CAAAACA
    92      1    -8.3602957943   0.000233975115       0.2829  CAAAAGA
    93      1   -12.3448522549   0.000004352099       0.0053  CAACCAT
    94      1   -12.4801590802   0.000003801332       0.0046  CAAGCCC
    95      1   -12.1599408362   0.000005236062       0.0063  CAATCCC
    96      1   -13.5085343232   0.000001359309       0.0016  CACAGTA
    97      1   -13.2318842188   0.000001792527       0.0022  CACTCTT
    98      1   -13.5493590984   0.000001304933       0.0016  CAGGACC
    99      1   -16.1812005220   0.000000093885       0.0001  CAGTTCA
   100      1   -15.5122852871   0.000000183274       0.0002  CATGAGT
   101      1   -12.2919889242   0.000004588355       0.0055  CATTTAT
   102      1   -12.4373249955   0.000003967696       0.0048  CCAACAA
   103      1   -11.2005837835   0.000013666216       0.0165  CCACAAA
   104      7    -5.8346711289   0.002924384848       3.5356  CCACCAC
   105      1    -9.0135545023   0.000121748331       0.1472  CCACCAG
   106     11    -5.4047740822   0.004495069803       5.4345  CCACCCC
   107      1    -6.3891504410   0.001679682585       2.0307  CCACCTC
   108      1    -8.4460333202   0.000214750575       0.2596  CCACCTT
   109      1    -8.2905902774   0.000250866338       0.3033  CCACTCC
   110      2    -8.6349881537   0.000177775657       0.2149  CCATCCC
   111      1    -9.6189612724   0.000066456612       0.0803  CCATCTC
   112      3    -5.5929071894   0.003724185200       4.5025  CCCCCAC
   113      1    -9.3474076317   0.000087191158       0.1054  CCCCCAG
   114     83    -2.9310781183   0.053339500844      64.4875  CCCCCCC
   115      3    -5.6798380479   0.003414111321       4.1277  CCCCCGC
   116      5    -4.4272986514   0.011946718374      14.4436  CCCCCTC
   117      1    -8.2266762512   0.000267423704       0.3233  CCCCCTG
   118      1    -8.4786616351   0.000207856705       0.2513  CCCCTAC
   119      3    -7.3120483212   0.000667448502       0.8069  CCCCTTC
   120      1    -6.1613142447   0.002109479077       2.5504  CCCTCCC
   121      1   -11.3784536263   0.000011439324       0.0138  CCCTCGT
   122      1   -10.2826699446   0.000034221038       0.0414  CCCTTTT
   123      1   -10.0714926761   0.000042267475       0.0511  CCGCAGC
   124      4    -6.7265314723   0.001198683423       1.4492  CCGCCAC
   125      4    -5.4917049406   0.004120812441       4.9821  CCGCCCC
   126      1    -7.9778096626   0.000342989864       0.4147  CCGCCCT
   127      7    -5.9595395541   0.002581100156       3.1206  CCGCCGC
   128      1    -6.4760812995   0.001539833016       1.8617  CCGCCTC
   129      1   -10.1558562295   0.000038847912       0.0470  CCGCGGC
   130      1    -8.3775211359   0.000229979327       0.2780  CCGCTCC
   131      2    -9.3575992479   0.000086307052       0.1043  CCGCTTC
   132      1   -15.5978319027   0.000000168247       0.0002  CCGGAAG
   133      1    -8.6292669281   0.000178795667       0.2162  CCTCATC
   134      1    -6.4488974527   0.001582265730       1.9130  CCTCCAC
   135      1    -8.0003760664   0.000335336495       0.4054  CCTCCCA
   136      4    -4.2821817139   0.013812494278      16.6993  CCTCCCC
   137      1    -6.6850876821   0.001249405199       1.5105  CCTCCCT
   138      1    -6.5358283112   0.001450527042       1.7537  CCTCCGC
   139     11    -4.5170368089   0.010921337779      13.2039  CCTCCTC
   140      2    -6.2711257255   0.001890099652       2.2851  CCTCCTT
   141      1    -9.3309288952   0.000088639862       0.1072  CCTCTAC
   142      1    -7.1672941056   0.000771407256       0.9326  CCTCTCC
   143      1   -10.9535615083   0.000017495594       0.0212  CCTCTCG
   144      2    -9.3683784091   0.000085381730       0.1032  CCTCTCT
   145      1    -9.6787565552   0.000062599294       0.0757  CCTTCAC
   146      1    -7.5123298493   0.000546306792       0.6605  CCTTCCC
   147      1    -7.7464361919   0.000432280363       0.5226  CCTTCTC
   148      2    -8.6489288692   0.000175314532       0.2120  CCTTTTT
   149      1   -10.6282168435   0.000024222785       0.0293  CGAGCAC
   150      1   -12.6012739049   0.000003367722       0.0041  CGAGCAG
   151      1   -12.2277200560   0.000004892926       0.0059  CGAGGCA
   152      1   -16.5203125694   0.000000066884       0.0001  CGATATC
   153      1   -10.2312366009   0.000036027191       0.0436  CGGCCGC
   154      1   -10.2874598663   0.000034057514       0.0412  CGGGCCC
   155      1   -12.8116309245   0.000002728848       0.0033  CGTAATT
   156      1   -11.0663378649   0.000015629696       0.0189  CGTGGCT
   157      1    -9.8655014580   0.000051935839       0.0628  CGTGGTT
   158      1    -8.3567430473   0.000234807848       0.2839  CTACCCC
   159      2   -11.8940055041   0.000006831232       0.0083  CTACTTC
   160      1    -9.2186196458   0.000099175490       0.1199  CTATCAC
   161      2    -8.7924216437   0.000151879723       0.1836  CTATCCC
   162      1   -10.0404629162   0.000043599585       0.0527  CTATTAA
   163      1    -8.8429363718   0.000144398117       0.1746  CTATTCC
   164      2    -9.5364618155   0.000072171753       0.0873  CTATTTC
   165      2    -5.8830595951   0.002786247431       3.3686  CTCCCCC
   166      1    -7.3792109398   0.000624093139       0.7545  CTCCCTC
   167      1   -11.1766735281   0.000013996916       0.0169  CTCCTAC
   168      1    -9.9917878718   0.000045774295       0.0553  CTCCTTC
   169      1    -8.9803722896   0.000125855984       0.1522  CTCTCAC
   170      1    -6.3194228133   0.001800982710       2.1774  CTCTCCC
   171      1    -6.3878380116   0.001681888497       2.0334  CTCTTCC
   172      1    -9.3718686349   0.000085084248       0.1029  CTCTTGT
   173      1    -7.7850764474   0.000415895535       0.5028  CTCTTTC
   174      1    -7.0809569181   0.000840968026       1.0167  CTCTTTT
   175      1   -11.8190873103   0.000007362674       0.0089  CTGTCAT
   176      2   -10.0725664742   0.000042222113       0.0510  CTGTTAC
   177      1    -9.2991696699   0.000091500175       0.1106  CTGTTCT
   178      1   -10.1894319201   0.000037565221       0.0454  CTGTTGG
   179      1   -15.0981075872   0.000000277316       0.0003  CTTCACG
   180      3    -7.2341132830   0.000721546824       0.8724  CTTCCCC
   181      1   -11.0690550878   0.000015587284       0.0188  CTTCCTA
   182      1    -7.4685436159   0.000570758936       0.6900  CTTCCTC
   183      2    -9.1744938863   0.000103649672       0.1253  CTTCCTT
   184      1   -13.6625115967   0.000001165324       0.0014  CTTCGGC
   185      1   -15.9868549216   0.000000114024       0.0001  CTTCGGG
   186      1   -10.5933085188   0.000025083294       0.0303  CTTCTCT
   187      1    -9.8253838531   0.000054061739       0.0654  CTTTCAC
   188      3    -7.8792415286   0.000378520045       0.4576  CTTTCTC
   189      1    -8.0969604718   0.000304463157       0.3681  CTTTTAT
   190      3    -7.2000872805   0.000746520649       0.9025  CTTTTCT
   191      1    -9.0771608294   0.000114245510       0.1381  CTTTTTA
   192      1    -7.4349844943   0.000590238129       0.7136  CTTTTTC
   193      4    -5.3983060948   0.004524238086       5.4698  CTTTTTT
   194      2    -5.3757217874   0.004627577401       5.5947  GAAAAAA
   195      1    -7.3415024462   0.000648076090       0.7835  GAAAAAG
   196      1    -8.9926623635   0.000124318671       0.1503  GAAAAAT
   197      1    -9.7882258499   0.000056108354       0.0678  GAAAACG
   198      1    -7.9974007447   0.000336335715       0.4066  GAAAATA
   199      1    -9.4756696855   0.000076695334       0.0927  GAAAATG
   200      1   -11.2359565819   0.000013191253       0.0159  GAAAATT
   201      1    -8.1835093410   0.000279220339       0.3376  GAAAGAA
   202      2    -7.8439786463   0.000392105882       0.4741  GAAAGAG
   203      1   -12.1222913435   0.000005436955       0.0066  GAAGACG
   204      1    -9.5402716600   0.000071897313       0.0869  GAAGGGA
   205      2    -8.1324420578   0.000293849726       0.3553  GACAAAA
   206      1    -9.2406577212   0.000097013761       0.1173  GACAAGA
   207      1    -8.9448342275   0.000130409087       0.1577  GACAAGG
   208      2   -10.0532701542   0.000043044756       0.0520  GACAATG
   209      1    -9.9490619359   0.000047772427       0.0578  GACAGAG
   210      1    -6.8754840142   0.001032797629       1.2487  GAGAAAA
   211      2    -7.6530558477   0.000474591631       0.5738  GAGAAAG
   212      1    -8.9986850193   0.000123572192       0.1494  GAGAATA
   213      1    -8.8087381854   0.000149421679       0.1807  GAGAATG
   214      1    -7.6958952456   0.000454689747       0.5497  GAGAGAG
   215      1   -10.9372957472   0.000017782500       0.0215  GAGAGTA
   216      1   -12.7677418053   0.000002851282       0.0034  GAGCGCG
   217      1    -9.8599456977   0.000052225186       0.0631  GAGGAAG
   218      1    -7.2514899095   0.000709117081       0.8573  GAGGGAG
   219      1   -11.1445393741   0.000014454000       0.0175  GAGGGCA
   220      1    -5.6923070290   0.003371805137       4.0765  GAGGGGG
   221      1    -7.8198858935   0.000401667513       0.4856  GATAAAA
   222      1    -9.3799713876   0.000084397617       0.1020  GATAAAG
   223      1   -12.7106559688   0.000003018785       0.0036  GATAGAT
   224      1   -12.4702739554   0.000003839095       0.0046  GATGGAT
   225      1    -8.1250764025   0.000296022112       0.3579  GATGGGG
   226      1   -10.9171805776   0.000018143820       0.0219  GATGGTA
   227      1   -13.0335747159   0.000002185699       0.0026  GATTGAG
   228      1   -16.8744493771   0.000000046937       0.0001  GCAAGTC
   229      1    -9.5945625613   0.000068098010       0.0823  GCCCCAC
   230      1    -8.4301727726   0.000218183791       0.2638  GCCCCTC
   231      1   -10.4564123647   0.000028763240       0.0348  GCGCCTC
   232      1   -12.7036508363   0.000003040007       0.0037  GCGGTAG
   233      1   -12.1904636977   0.000005078657       0.0061  GCTAGGG
   234      1   -11.1977209246   0.000013705396       0.0166  GCTCCCG
   235      1   -10.1899488718   0.000037545806       0.0454  GCTCCGG
   236      1   -14.7627842489   0.000000387797       0.0005  GCTGAGA
   237      1   -11.9246922579   0.000006624788       0.0080  GGAAGCA
   238      1    -9.8513058492   0.000052678358       0.0637  GGAAGCG
   239      1    -9.5387496848   0.000072006823       0.0871  GGAAGTG
   240      1   -13.5486484790   0.000001305860       0.0016  GGAATTG
   241      1    -9.5068468898   0.000074341078       0.0899  GGAGACG
   242      2    -9.2228515375   0.000098756677       0.1194  GGAGAGA
   243      1    -8.2910979590   0.000250739010       0.3031  GGAGGAC
   244      5    -4.4204272061   0.012029092286      14.5432  GGAGGAG
   245      1    -9.9951165085   0.000045622182       0.0552  GGAGGCC
   246      4    -6.5672199390   0.001405699917       1.6995  GGAGGCG
   247      1    -6.5492927472   0.001431127409       1.7302  GGAGGGA
   248     17    -4.1042780174   0.016501928643      19.9508  GGAGGGG
   249      3    -6.2546637746   0.001921471895       2.3231  GGAGGTG
   250      1   -12.8940005790   0.000002513082       0.0030  GGCGAAC
   251      2    -6.5071972770   0.001492657371       1.8046  GGCGGAG
   252      1    -8.3716918605   0.000231323855       0.2797  GGCGGCA
   253      1    -5.9820160110   0.002523733286       3.0512  GGCGGCG
   254      6    -5.4276151554   0.004393561279       5.3118  GGCGGGG
   255      1    -9.4662603535   0.000077420392       0.0936  GGCGGTC
   256      1    -6.6360024777   0.001312262572       1.5865  GGCGGTG
   257      1   -12.8482189403   0.000002630810       0.0032  GGCTTCT
   258      1    -7.5260483877   0.000538863434       0.6515  GGGAGAG
   259      1   -11.4125050288   0.000011056357       0.0134  GGGAGCA
   260      3    -6.6411900547   0.001305472735       1.5783  GGGGGAA
   261      1    -8.2133552627   0.000271009885       0.3277  GGGGGAC
   262      4    -4.2415771530   0.014384886776      17.3913  GGGGGAG
   263      4    -5.6100484792   0.003660891876       4.4260  GGGGGCG
   264      2    -5.2571445722   0.005210160736       6.2991  GGGGGGA
   265    161    -2.6822679639   0.068407831596      82.7051  GGGGGGG
   266      1    -7.8308262867   0.000397297063       0.4803  GGGGGTA
   267      2    -5.2974923148   0.005004126961       6.0500  GGGGGTG
   268      2    -9.4786464915   0.000076467366       0.0924  GGTAGAG
   269      5    -6.1946411126   0.002040335319       2.4668  GGTGGAG
   270      1    -6.6360024777   0.001312262572       1.5865  GGTGGCG
   271      4    -5.1150589910   0.006005623546       7.2608  GGTGGGG
   272      3    -5.5388063342   0.003931216597       4.7528  GGTGGTG
   273      1   -10.2265062882   0.000036198015       0.0438  GTATTGT
   274      1   -12.8238085682   0.000002695819       0.0033  GTCAACA
   275      1   -11.7111456591   0.000008201892       0.0099  GTCTCTC
   276      1    -6.8142119870   0.001098058139       1.3276  GTGGGGG
   277      1    -9.9383516467   0.000048286833       0.0584  GTGTGTG
   278      1   -14.1219994825   0.000000736027       0.0009  GTTAACG
   279      1   -15.2674044888   0.000000234126       0.0003  GTTCATA
   280      1   -11.4066977089   0.000011120751       0.0134  TAAAATG
   281      1    -9.6904768916   0.000061869892       0.0748  TAAAATT
   282      1   -14.9087447722   0.000000335131       0.0004  TAAGACG
   283      1   -12.0306686011   0.000005958638       0.0072  TATAACG
   284      1   -11.5155405863   0.000009973883       0.0121  TATACTC
   285      1   -12.5316452271   0.000003610569       0.0044  TCACAAC
   286      1    -9.1542629835   0.000105767953       0.1279  TCACCAT
   287      1    -9.0231010480   0.000120591586       0.1458  TCACCTC
   288      1   -11.8245639975   0.000007322462       0.0089  TCACTGC
   289      1    -8.6575251079   0.000173813946       0.2101  TCACTTT
   290      1   -11.4493851224   0.000010656025       0.0129  TCATCAT
   291      1    -5.6327794182   0.003578615024       4.3265  TCCCCCC
   292      1    -7.1091094629   0.000817622791       0.9885  TCCCCTC
   293      2    -8.3713423511   0.000231404719       0.2798  TCCCTCC
   294      1    -9.5545216310   0.000070880044       0.0857  TCCCTTC
   295      1    -7.8389798320   0.000394070854       0.4764  TCCTTCT
   296      1   -11.9846519748   0.000006239241       0.0075  TCCTTGC
   297      1    -9.7872345094   0.000056164004       0.0679  TCGCCCT
   298      1   -11.0559274147   0.000015793258       0.0191  TCGCTGC
   299      1   -11.0919879225   0.000015233891       0.0184  TCGCTTC
   300      1    -9.6505930641   0.000064387370       0.0778  TCGTTCT
   301      1   -11.0550737769   0.000015806746       0.0191  TCTCATC
   302      4    -6.9694958165   0.000940126783       1.1366  TCTCCCC
   303      1    -7.8904479111   0.000374301883       0.4525  TCTCCCT
   304      4    -7.0895967129   0.000833733532       1.0080  TCTCCTC
   305      1    -6.2343970889   0.001960811053       2.3706  TCTCCTT
   306      1   -11.5615358850   0.000009525522       0.0115  TCTCTCA
   307      2    -7.9599983824   0.000349153682       0.4221  TCTCTCT
   308      4    -8.6981638920   0.000166891961       0.2018  TCTCTTC
   309      3    -6.1291313295   0.002178472514       2.6338  TCTCTTT
   310      1   -10.1588925149   0.000038730137       0.0468  TCTTCCC
   311      1   -12.6230286730   0.000003295249       0.0040  TCTTGGT
   312      1    -7.4836229916   0.000562216814       0.6797  TCTTTCT
   313      1    -8.4353208251   0.000217063456       0.2624  TCTTTGT
   314      1    -8.4757649706   0.000208459669       0.2520  TCTTTTC
   315      2    -5.6429749310   0.003542314574       4.2827  TCTTTTT
   316      1   -12.3218320337   0.000004453448       0.0054  TGAGGCC
   317      1   -12.5085573273   0.000003694899       0.0045  TGAGTTC
   318      1    -9.7085636063   0.000060760928       0.0735  TGATTAT
   319      1   -10.4084746909   0.000030175667       0.0365  TGCGGTG
   320      1   -13.7083219753   0.000001113144       0.0013  TGGAAAT
   321      1   -13.4809470400   0.000001397330       0.0017  TGGATCT
   322      1   -10.6484802587   0.000023736888       0.0287  TTATAAA
   323      1   -11.7777356731   0.000007673516       0.0093  TTATCGC
   324      1   -11.6978654219   0.000008311542       0.0100  TTATCTA
   325      2   -10.7337344402   0.000021797082       0.0264  TTATCTC
   326      2    -8.0852399623   0.000308052615       0.3724  TTATTAC
   327      7    -5.4249635149   0.004405226884       5.3259  TTATTAT
   328      1    -9.9190668526   0.000049227071       0.0595  TTATTCG
   329      3    -6.2918687228   0.001851297151       2.2382  TTATTCT
   330      2    -6.3169202791   0.001805495375       2.1828  TTATTGT
   331      1    -7.7061582451   0.000450047131       0.5441  TTATTTC
   332      6    -4.9002637532   0.007444619270       9.0005  TTATTTT
   333      1    -9.0566854942   0.000116608837       0.1410  TTCATCT
   334      1   -10.2037323870   0.000037031843       0.0448  TTCCCCT
   335      1   -10.9874095768   0.000016913312       0.0204  TTCTCTA
   336      2    -7.2880446774   0.000683663529       0.8265  TTCTCTT
   337      1    -6.3517067199   0.001743768471       2.1082  TTCTTAT
   338      6    -4.5679731073   0.010378975481      12.5482  TTCTTCT
   339      2    -6.4386375783   0.001598583142       1.9327  TTCTTGT
   340      1    -6.7544518807   0.001165678590       1.4093  TTCTTTC
   341      7    -4.0816692325   0.016879266703      20.4070  TTCTTTT
   342      2    -8.5300487915   0.000197445336       0.2387  TTGCTTT
   343      1    -8.1955888214   0.000275867792       0.3335  TTGTCTT
   344      1    -9.2001296611   0.000101026302       0.1221  TTGTGTT
   345      3    -6.3169202791   0.001805495375       2.1828  TTGTTAT
   346      1    -8.6788931025   0.000170139290       0.2057  TTGTTCC
   347      1    -6.3787995813   0.001697159036       2.0519  TTGTTCT
   348      4    -5.5498282120   0.003888125119       4.7007  TTGTTGT
   349      4    -7.7930891036   0.000412576422       0.4988  TTGTTTC
   350      4    -4.9871946117   0.006824783830       8.2512  TTGTTTT
   351      1   -10.4644387777   0.000028533299       0.0345  TTTAATT
   352      2    -9.8981097305   0.000050269615       0.0608  TTTCCCC
   353      2    -9.9128329323   0.000049534908       0.0599  TTTCCTC
   354      1    -8.4911276549   0.000205281643       0.2482  TTTCCTT
   355      1    -8.7057335312   0.000165633419       0.2003  TTTCTGT
   356      1    -5.9134181538   0.002702932042       3.2678  TTTCTTT
   357      1    -8.2842374923   0.000252465111       0.3052  TTTTCAT
   358      1    -7.4168288660   0.000601052143       0.7267  TTTTCCT
   359      4    -8.3186882098   0.000243915621       0.2949  TTTTCTC
   360      6    -5.5793665016   0.003774956190       4.5639  TTTTCTT
   361      4    -7.8731094886   0.000380848276       0.4604  TTTTTAC
   362      6    -5.0759630254   0.006245069383       7.5503  TTTTTAT
   363      1    -6.8274471492   0.001083620912       1.3101  TTTTTCC
   364     15    -4.2113927490   0.014825705466      17.9243  TTTTTCT
   365      3    -5.1628938838   0.005725107893       6.9217  TTTTTGT
   366      1    -6.1234628607   0.002190856182       2.6487  TTTTTTA
   367      8    -5.2106044095   0.005458373598       6.5992  TTTTTTC
   368    153    -2.3705075678   0.093433290509     112.9608  TTTTTTT