

TREE #  1

  0  0.0000   6469.968766  x:  0.11169   0.11455   0.00000   0.03268   0.03681   0.06082   0.06506   0.07677   0.08892   0.11191   0.24026   0.11008   2.17889  
  1 99.0000   6452.262978  x:  0.11818   0.12980   0.03717   0.03967   0.04078   0.06546   0.06014   0.07718   0.09149   0.11654   0.24833   0.11657   2.18040  
  2 1269.5852   6439.487096  x:  0.13830   0.17343   0.02899   0.03537   0.04391   0.07647   0.04475   0.07462   0.08797   0.10416   0.27760   0.13669   2.18748  
  3 453.5885   6437.786843  x:  0.13977   0.18293   0.02683   0.03987   0.04246   0.07330   0.05609   0.07543   0.09029   0.10295   0.28705   0.13816   2.19237  
  4 230.4749   6437.008893  x:  0.13571   0.18705   0.02663   0.03805   0.03892   0.06606   0.05470   0.07602   0.09196   0.10559   0.29609   0.13410   2.20131  
  5 116.7609   6435.992413  x:  0.12600   0.18987   0.02523   0.03698   0.04454   0.06855   0.05416   0.07813   0.09311   0.10985   0.31117   0.12439   2.22238  
  6 157.6399   6435.345792  x:  0.12238   0.18859   0.02538   0.03893   0.03936   0.07383   0.05392   0.07514   0.09138   0.11014   0.31859   0.12077   2.24263  
  7 149.8142   6431.357889  x:  0.12796   0.16684   0.02938   0.04458   0.04406   0.06750   0.05265   0.07155   0.07850   0.09722   0.34269   0.12635   2.40732  
  8 187.4697   6426.469081  x:  0.14057   0.14861   0.03109   0.03182   0.04055   0.07264   0.05597   0.07895   0.09381   0.09888   0.35677   0.13896   2.62153  
  9 825.1829   6423.685516  x:  0.14453   0.15154   0.02506   0.04387   0.04117   0.07224   0.04987   0.08014   0.10213   0.10973   0.34995   0.14292   2.75276  
 10 716.7945   6418.521923  x:  0.14278   0.17796   0.02182   0.03830   0.04424   0.07068   0.05535   0.06997   0.09082   0.12760   0.31922   0.14117   2.98910  
 11 876.9371   6416.648340  x:  0.13601   0.19257   0.02336   0.03862   0.04063   0.07147   0.05480   0.08131   0.08914   0.11599   0.30249   0.13440   3.07648  
 12 473.7220   6416.337845  x:  0.13390   0.19528   0.02406   0.03833   0.04171   0.07098   0.05445   0.07740   0.09363   0.11056   0.29921   0.13229   3.09066  
 13 140.6145   6415.145713  x:  0.13569   0.19209   0.02179   0.03769   0.04153   0.07166   0.05345   0.07680   0.09280   0.10691   0.32650   0.13410   3.29292  
 14  0.1425   6415.088767  x:  0.13606   0.19229   0.02105   0.03796   0.04184   0.07144   0.05343   0.07653   0.09210   0.10917   0.32272   0.13446   3.33766  
 15  0.0371   6415.087010  x:  0.13602   0.19195   0.02105   0.03798   0.04175   0.07146   0.05349   0.07666   0.09235   0.10873   0.32231   0.13442   3.34144  
 16  0.0032   6415.086863  x:  0.13598   0.19172   0.02098   0.03794   0.04175   0.07144   0.05352   0.07665   0.09236   0.10883   0.32237   0.13439   3.34049  
 17  0.0006   6415.086851  x:  0.13598   0.19175   0.02095   0.03795   0.04175   0.07144   0.05351   0.07665   0.09234   0.10882   0.32234   0.13438   3.34016  
 18  0.0002   6415.086851  x:  0.13598   0.19175   0.02095   0.03795   0.04175   0.07144   0.05351   0.07665   0.09234   0.10882   0.32234   0.13438   3.34017  
 19  0.0000   6415.086851  x:  0.13598   0.19175   0.02095   0.03795   0.04175   0.07144   0.05351   0.07665   0.09234   0.10882   0.32234   0.13438   3.34017  

TREE #  2

  0  0.0000   6436.499956  x:  0.15013   0.13452   0.00000   0.02396   0.03110   0.05953   0.06319   0.08752   0.09701   0.12550   0.27841   0.10195   3.34017  
  1 99.0000   6423.891397  x:  0.15303   0.14375   0.02692   0.03754   0.03975   0.06529   0.05980   0.08514   0.09777   0.12657   0.28257   0.10485   3.34007  
  2 1048.9738   6416.997048  x:  0.16222   0.17155   0.02236   0.03951   0.04574   0.07745   0.04774   0.07256   0.08992   0.11018   0.29766   0.11404   3.33973  
  3 335.6610   6415.557633  x:  0.16462   0.18591   0.02321   0.03911   0.04127   0.07216   0.05656   0.07482   0.09055   0.10551   0.30753   0.11644   3.33954  
  4 170.8536   6415.297506  x:  0.16328   0.18970   0.02315   0.03788   0.04132   0.06935   0.05355   0.07779   0.09240   0.10666   0.31184   0.11509   3.33947  
  5 78.5585   6415.162983  x:  0.16005   0.19176   0.02205   0.03773   0.04220   0.07156   0.05434   0.07834   0.09383   0.10913   0.31671   0.11186   3.33942  
  6 48.1504   6415.131006  x:  0.15882   0.19182   0.02211   0.03814   0.04123   0.07126   0.05409   0.07714   0.09328   0.10977   0.31852   0.11064   3.33941  
  7 32.3058   6415.122551  x:  0.15844   0.19137   0.02210   0.03828   0.04182   0.07079   0.05423   0.07702   0.09259   0.10953   0.31946   0.11026   3.33940  
  8 14.5403   6415.117890  x:  0.15851   0.19047   0.02237   0.03810   0.04159   0.07107   0.05415   0.07735   0.09240   0.10901   0.32066   0.11033   3.33939  
  9  7.4261   6415.116446  x:  0.15870   0.19006   0.02229   0.03826   0.04163   0.07100   0.05415   0.07723   0.09272   0.10893   0.32119   0.11052   3.33938  
 10  5.8259   6415.116177  x:  0.15880   0.18998   0.02232   0.03815   0.04167   0.07099   0.05416   0.07715   0.09273   0.10905   0.32132   0.11062   3.33938  
 11  2.7352   6415.116101  x:  0.15886   0.18996   0.02228   0.03819   0.04166   0.07100   0.05416   0.07719   0.09267   0.10914   0.32137   0.11067   3.33938  
 12  1.1174   6415.088630  x:  0.15913   0.19197   0.02135   0.03808   0.04186   0.07153   0.05338   0.07656   0.09228   0.10861   0.32233   0.11134   3.33674  
 13  0.0036   6415.088395  x:  0.15915   0.19201   0.02133   0.03807   0.04186   0.07153   0.05338   0.07656   0.09228   0.10862   0.32240   0.11136   3.34134  
 14  0.0804   6415.086904  x:  0.15908   0.19186   0.02096   0.03795   0.04175   0.07145   0.05356   0.07666   0.09235   0.10881   0.32244   0.11128   3.34021  
 15  0.0008   6415.086851  x:  0.15910   0.19175   0.02095   0.03795   0.04175   0.07144   0.05351   0.07665   0.09234   0.10883   0.32234   0.11127   3.34017  
 16  0.0001   6415.086851  x:  0.15910   0.19175   0.02095   0.03795   0.04175   0.07144   0.05351   0.07665   0.09234   0.10883   0.32234   0.11126   3.34017  
 17  0.0000   6415.086851  x:  0.15910   0.19175   0.02095   0.03795   0.04175   0.07144   0.05351   0.07665   0.09234   0.10883   0.32234   0.11126   3.34017  