     2   1143    208


 1

     1    235    -1.8448276273   0.158052562486     180.6541  AAAAAAA
     2      1    -6.2346426451   0.001960329623       2.2407  AAAAAAC
     3     16    -4.3382154492   0.013059813321      14.9274  AAAAAAG
     4      5    -5.9536051154   0.002596463076       2.9678  AAAAAAT
     5      1    -5.6685660646   0.003452812838       3.9466  AAAAAGA
     6      1    -8.1618178754   0.000285343205       0.3261  AAAAAGG
     7      2    -4.9567988002   0.007035413587       8.0415  AAAAGAA
     8      2    -7.4493240525   0.000581834769       0.6650  AAAAGAG
     9      1    -6.5513160346   0.001428234755       1.6325  AAAATAA
    10      1    -5.6159668001   0.003639289531       4.1597  AAAGAAA
    11      1    -8.3626423698   0.000233426718       0.2668  AAAGGAA
    12      1    -5.7864488014   0.003068860984       3.5077  AACAAAA
    13      4    -6.7581312810   0.001161397473       1.3275  AACAAAC
    14      1    -8.0684679744   0.000313262840       0.3581  AACAAAT
    15      1    -9.5575816612   0.000070663480       0.0808  AACGAAA
    16      1   -10.7156756774   0.000022194286       0.0254  AACGGGC
    17      1   -12.5351098744   0.000003598081       0.0041  AACTATC
    18      8    -3.9669987358   0.018930162381      21.6372  AAGAAAA
    19      6    -4.7494901183   0.008656107669       9.8939  AAGAAAG
    20      1    -7.0785855379   0.000842964647       0.9635  AAGAGAA
    21      1   -11.1029861623   0.000015067263       0.0172  AAGAGAC
    22      1    -8.5193533035   0.000199568444       0.2281  AAGGAAG
    23      1    -8.7852997444   0.000152965256       0.1748  AAGGAGG
    24      4    -5.5054112716   0.004064716534       4.6460  AATAAAA
    25      1    -8.0684679744   0.000313262840       0.3581  AATAAAC
    26      1    -7.5647480898   0.000518407944       0.5925  AATAAAG
    27      2    -6.4131019481   0.001639929627       1.8744  AATAAAT
    28      1   -12.0917389089   0.000005605631       0.0064  AATCAAT
    29      1   -11.3016340366   0.000012352723       0.0141  AATTTTT
    30      1   -12.3608862045   0.000004282874       0.0049  ACTCTCC
    31      1   -16.9691725763   0.000000042695       0.0000  ACTTGTC
    32      5    -5.0296264116   0.006541253851       7.4767  AGAAAAA
    33      1    -7.1429006971   0.000790455895       0.9035  AGGAAAA
    34      1    -9.8711124464   0.000051645244       0.0590  AGGAGAA
    35      1    -7.0693168033   0.000850814184       0.9725  AGGGGGA
    36      1    -5.5884483548   0.003740827801       4.2758  AGGGGGG
    37      1   -11.0385048197   0.000016070829       0.0184  AGTGGGC
    38      1   -10.4547231314   0.000028811869       0.0329  ATAAAGA
    39      1   -12.7760506052   0.000002827690       0.0032  ATTAAAC
    40      1   -11.1492242414   0.000014386443       0.0164  ATTTTTG
    41      1   -10.6514802236   0.000023665785       0.0270  CAAAAAC
    42      1   -11.0621472271   0.000015695332       0.0179  CACCCCA
    43      2    -9.3247186900   0.000089192046       0.1019  CATAAAC
    44      1   -15.6507097689   0.000000159582       0.0002  CATATTT
    45      1   -12.5879758689   0.000003412806       0.0039  CATCCTC
    46      2    -6.7503519639   0.001170467586       1.3378  CCACCCA
    47      4    -5.8597579692   0.002851933855       3.2598  CCACCCC
    48      1    -9.6846144260   0.000062233668       0.0711  CCACTCA
    49      1    -8.7943070161   0.000151593643       0.1733  CCACTCC
    50      1   -11.2236193770   0.000013355004       0.0153  CCACTCG
    51      1   -11.3203531340   0.000012123642       0.0139  CCATCCT
    52      1   -11.6208038690   0.000008977368       0.0103  CCATCTT
    53      1   -11.9656297550   0.000006359061       0.0073  CCCAAAA
    54      3    -6.3195299902   0.001800789696       2.0583  CCCCCCA
    55    125    -2.2582982672   0.104528212573     119.4757  CCCCCCC
    56      2    -4.5819195307   0.010235230589      11.6989  CCCCCCT
    57      3    -5.9141402912   0.002700980858       3.0872  CCCCCTC
    58      1    -7.1236544662   0.000805816534       0.9210  CCCCGCC
    59      2    -5.1928669994   0.005556054753       6.3506  CCCCTCC
    60      1    -8.5794402665   0.000187930139       0.2148  CCCCTTC
    61      1    -6.1754636902   0.002079841292       2.3773  CCCTCTC
    62      1    -8.5504676709   0.000193454605       0.2211  CCCTTCC
    63      2    -6.0700948401   0.002310954029       2.6414  CCCTTTC
    64      2   -10.3292830667   0.000032662495       0.0373  CCCTTTG
    65      3    -6.0633569245   0.002326577618       2.6593  CCGCCCC
    66      2    -7.0036213312   0.000908585711       1.0385  CCGCCCG
    67      1    -8.9979059713   0.000123668499       0.1414  CCGCTCC
    68      1   -12.3836360173   0.000004186540       0.0048  CCGCTTC
    69      1    -9.8463035672   0.000052942530       0.0605  CCTAAAC
    70      8    -4.1895087153   0.015153727839      17.3207  CCTCCCC
    71      2    -4.8681342710   0.007687695072       8.7870  CCTCCCT
    72      1    -9.8071122930   0.000055058611       0.0629  CCTCCGC
    73      4    -7.1239339732   0.000805591334       0.9208  CCTCTCC
    74      2    -7.7984750144   0.000410360296       0.4690  CCTCTCT
    75      1    -7.7918473242   0.000413089069       0.4722  CCTTCCC
    76      3    -8.1055825846   0.000301849326       0.3450  CCTTCTC
    77      1   -12.6419594978   0.000003233454       0.0037  CCTTGCC
    78      1   -10.4758944552   0.000028208296       0.0322  CCTTTCC
    79      4    -7.9766579462   0.000343385118       0.3925  CCTTTTC
    80      1   -11.1592591181   0.000014242799       0.0163  CGAGGGC
    81      1   -10.1983667627   0.000037231076       0.0426  CGCAAAC
    82      1   -10.8076903840   0.000020243225       0.0231  CGCTCCC
    83      1   -14.5775542872   0.000000466712       0.0005  CGTAAAG
    84      1   -15.9431693863   0.000000119116       0.0001  CTAAAGA
    85      1   -13.0729187591   0.000002101375       0.0024  CTATTCT
    86      1    -9.1439518931   0.000106864178       0.1221  CTATTTC
    87      1   -10.9613538606   0.000017359791       0.0198  CTCATTC
    88      2    -5.2683720609   0.005151990877       5.8887  CTCCCCC
    89      1   -13.2257777310   0.000001803507       0.0021  CTCCTAC
    90      1    -8.0365683862   0.000323416890       0.3697  CTCCTCC
    91      1   -11.1649528158   0.000014161935       0.0162  CTCGTTC
    92      1   -11.0167760970   0.000016423849       0.0188  CTCTTAC
    93      3    -5.5995381547   0.003699571952       4.2286  CTCTTTC
    94      1   -16.7515496422   0.000000053076       0.0001  CTGAGAC
    95      1   -12.6082290475   0.000003344381       0.0038  CTTCCAC
    96      4    -7.1951123556   0.000750243786       0.8575  CTTCCCC
    97      1   -11.0345566492   0.000016134404       0.0184  CTTCCCG
    98      1   -10.8207129094   0.000019981316       0.0228  CTTCCTC
    99      3    -9.8987085834   0.000050239520       0.0574  CTTCTCC
   100      1   -10.7702854117   0.000021014762       0.0240  CTTTCCC
   101      1    -9.5267683482   0.000072874750       0.0833  CTTTTCT
   102      6    -7.1742213349   0.000766082007       0.8756  CTTTTTC
   103      1    -5.4775861561   0.004179405965       4.7771  GAAAAAA
   104      3    -9.7462208491   0.000058515385       0.0669  GAAAGAG
   105      1    -7.0173167524   0.000896227069       1.0244  GAAGGGG
   106      2    -5.4606464492   0.004250806926       4.8587  GAGAAAG
   107      1    -9.8892674062   0.000050716087       0.0580  GAGAGAA
   108      1    -8.0963500859   0.000304649054       0.3482  GAGAGAG
   109      1    -9.1489679471   0.000106329484       0.1215  GAGGAAG
   110      1   -10.1532150858   0.000038950650       0.0445  GAGTTTG
   111      1    -9.3389752215   0.000087929498       0.1005  GATAAAT
   112      1   -10.0449285743   0.000043405319       0.0496  GCGAAAG
   113      1   -10.2442518710   0.000035561326       0.0406  GGAAAGG
   114      2    -7.9249455961   0.000361609522       0.4133  GGAAGAG
   115      1    -7.6138424689   0.000493571676       0.5642  GGAAGGG
   116      2    -6.9476700349   0.000960871344       1.0983  GGAGAGG
   117      3    -4.7305579392   0.008821547779      10.0830  GGAGGGA
   118     11    -4.0480892905   0.017455695560      19.9519  GGAGGGG
   119      1   -10.5758385388   0.000025525349       0.0292  GGCAGGC
   120      1    -9.6327738977   0.000065544982       0.0749  GGCAGGG
   121      1    -7.8946636274   0.000372727254       0.4260  GGCGGGA
   122      1   -10.4035962147   0.000030323238       0.0347  GGGAGAC
   123      2    -5.0506490558   0.006405174781       7.3211  GGGGAGG
   124      1    -5.7699075706   0.003120045885       3.5662  GGGGGAG
   125      3    -4.4347527500   0.011857997435      13.5537  GGGGGGA
   126      3    -6.5256397358   0.001465381390       1.6749  GGGGGGC
   127    210    -2.1508776877   0.116381965911     133.0246  GGGGGGG
   128      1   -11.1791291867   0.000013962587       0.0160  GGTAGGA
   129      1    -5.7859638724   0.003070349524       3.5094  GGTGGGG
   130      1    -6.6650741736   0.001274662076       1.4569  GGTGGGT
   131      1   -11.4958420716   0.000010172301       0.0116  GTGTTTC
   132      1   -12.4449195155   0.000003937677       0.0045  GTTCCCC
   133      2    -7.1485777005   0.000785981187       0.8984  TAAAAAA
   134      1   -12.3455603755   0.000004349018       0.0050  TACAAAG
   135      1    -6.6015207233   0.001358300866       1.5525  TATTTTT
   136      1   -13.7874021781   0.000001028507       0.0012  TCACTCG
   137      1   -14.6231017831   0.000000445931       0.0005  TCATCCG
   138      1   -11.2968395172   0.000012412091       0.0142  TCCAAAC
   139      1   -10.3984756385   0.000030478908       0.0348  TCCCACC
   140      2    -5.7379012040   0.003221522504       3.6822  TCCCCCC
   141      1    -9.3911846411   0.000083456532       0.0954  TCCCCTC
   142      1    -8.6510220633   0.000174947949       0.2000  TCCCTCC
   143      1    -9.3379586255   0.000088018932       0.1006  TCCTCCC
   144      1    -9.5023314686   0.000074677518       0.0854  TCCTCTC
   145      1    -7.9872843170   0.000339755500       0.3883  TCCTTTC
   146      2    -7.3757624703   0.000626249020       0.7158  TCCTTTT
   147      1    -9.7515719785   0.000058203098       0.0665  TCGCCCG
   148      1   -13.7580080380   0.000001059188       0.0012  TCGCTTG
   149      1    -9.9480611195   0.000047820262       0.0547  TCGTTTG
   150      1    -8.9822230388   0.000125623271       0.1436  TCGTTTT
   151      1   -10.9180920922   0.000018127289       0.0207  TCTACCT
   152      1   -12.9125101860   0.000002466994       0.0028  TCTAGAT
   153      6    -7.2533528255   0.000707797285       0.8090  TCTCCCC
   154      3    -5.5613216895   0.003843692870       4.3933  TCTCCCT
   155      2    -9.1722808026   0.000103879311       0.1187  TCTCCTT
   156      2   -10.0441307072   0.000043439964       0.0497  TCTCTCC
   157      1    -8.1676879179   0.000283673134       0.3242  TCTCTCT
   158      1   -15.4617442102   0.000000192775       0.0002  TCTCTGC
   159      5   -10.3925332101   0.000030660566       0.0350  TCTTCTC
   160      2   -11.5643144546   0.000009499091       0.0109  TCTTTCC
   161      1    -9.0378381730   0.000118827443       0.1358  TCTTTCT
   162      7    -7.7367329182   0.000436495314       0.4989  TCTTTTC
   163      1    -5.1454170070   0.005826044356       6.6592  TCTTTTT
   164      1   -15.0092674388   0.000000303080       0.0003  TGTATAC
   165      2    -6.8051196785   0.001108087549       1.2665  TGTTTTT
   166      1   -13.0193269654   0.000002217064       0.0025  TTAATTC
   167      1   -16.5663016870   0.000000063877       0.0001  TTACTGC
   168      1   -11.0473950199   0.000015928589       0.0182  TTAGTTT
   169      1    -9.6333890613   0.000065504674       0.0749  TTATCTA
   170      1   -11.1724756656   0.000014055797       0.0161  TTATCTG
   171      1    -8.7065327713   0.000165501091       0.1892  TTATCTT
   172      1    -6.4072286569   0.001649589752       1.8855  TTATTTA
   173      7    -7.6554572625   0.000473453307       0.5412  TTATTTC
   174      7    -5.4799123454   0.004169695175       4.7660  TTATTTT
   175      1   -10.5560794538   0.000026034722       0.0298  TTCAAAC
   176      1    -8.2310160173   0.000266265662       0.3043  TTCCCCC
   177      1   -11.8242822426   0.000007324525       0.0084  TTCCCCG
   178      1   -11.2639815321   0.000012826701       0.0147  TTCCCTC
   179      1    -9.0476552312   0.000117666615       0.1345  TTCCTCC
   180      2    -8.1109228025   0.000300241682       0.3432  TTCTCTC
   181      1    -7.3115424582   0.000667786225       0.7633  TTCTCTT
   182      1   -12.8833554796   0.000002539977       0.0029  TTCTGTG
   183      1    -8.8305698781   0.000146194902       0.1671  TTCTTCC
   184      1    -8.0235170119   0.000327665590       0.3745  TTCTTCT
   185      7    -4.8937000955   0.007493643917       8.5652  TTCTTTC
   186      4    -4.0852640122   0.016818698388      19.2238  TTCTTTT
   187      1    -9.6218163295   0.000066267145       0.0757  TTGTTCT
   188      1    -7.8590562177   0.000386238224       0.4415  TTGTTTC
   189      1    -6.6604939900   0.001280513653       1.4636  TTGTTTG
   190      7    -5.6835113006   0.003401593432       3.8880  TTGTTTT
   191      1   -10.1442522557   0.000039301328       0.0449  TTTAAAC
   192      1    -7.2096263616   0.000739433385       0.8452  TTTATTT
   193      2    -8.5006587601   0.000203334376       0.2324  TTTCCCC
   194      2   -11.1444554117   0.000014455214       0.0165  TTTCCTC
   195      3    -8.6739815749   0.000170976989       0.1954  TTTCTCC
   196      1    -6.0685902709   0.002314433636       2.6454  TTTCTCT
   197      1    -9.8118651922   0.000054797543       0.0626  TTTCTTA
   198      2    -8.3431176187   0.000238029101       0.2721  TTTCTTC
   199      1    -5.7314057826   0.003242515756       3.7062  TTTCTTT
   200      1    -9.1318829248   0.000108161733       0.1236  TTTTATC
   201      1   -11.1584978988   0.000014253645       0.0163  TTTTCCC
   202      2    -7.6833735550   0.000460419027       0.5263  TTTTCTC
   203      4    -5.0724027627   0.006267343097       7.1636  TTTTCTT
   204      1    -8.3957520468   0.000225824582       0.2581  TTTTTCC
   205      1    -5.7840535513   0.003076220483       3.5161  TTTTTCT
   206     11    -4.4575715580   0.011590475938      13.2479  TTTTTTC
   207      1    -6.1298098083   0.002176994968       2.4883  TTTTTTG
   208    186    -1.8457424575   0.157908037355     180.4889  TTTTTTT

 2

     1    235    -1.8448282853   0.158052458491     180.6540  AAAAAAA
     2      1    -6.2346446601   0.001960325673       2.2407  AAAAAAC
     3     16    -4.3382150065   0.013059819102      14.9274  AAAAAAG
     4      5    -5.9536071303   0.002596457844       2.9678  AAAAAAT
     5      1    -5.6685707960   0.003452796502       3.9465  AAAAAGA
     6      1    -8.1618215064   0.000285342169       0.3261  AAAAAGG
     7      2    -4.9567995014   0.007035408654       8.0415  AAAAGAA
     8      2    -7.4493236567   0.000581834999       0.6650  AAAAGAG
     9      1    -6.5513189239   0.001428230628       1.6325  AAAATAA
    10      1    -5.6159697118   0.003639278935       4.1597  AAAGAAA
    11      1    -8.3626434910   0.000233426457       0.2668  AAAGGAA
    12      1    -5.7864499802   0.003068857366       3.5077  AACAAAA
    13      4    -6.7581287313   0.001161400434       1.3275  AACAAAC
    14      1    -8.0684651669   0.000313263720       0.3581  AACAAAT
    15      1    -9.5575850937   0.000070663238       0.0808  AACGAAA
    16      1   -10.7156663251   0.000022194494       0.0254  AACGGGC
    17      1   -12.5351100066   0.000003598081       0.0041  AACTATC
    18      8    -3.9669978415   0.018930179310      21.6372  AAGAAAA
    19      6    -4.7494860312   0.008656143048       9.8940  AAGAAAG
    20      1    -7.0785846889   0.000842965363       0.9635  AAGAGAA
    21      1   -11.1029856969   0.000015067270       0.0172  AAGAGAC
    22      1    -8.5193514835   0.000199568807       0.2281  AAGGAAG
    23      1    -8.7852963881   0.000152965770       0.1748  AAGGAGG
    24      4    -5.5054124505   0.004064711743       4.6460  AATAAAA
    25      1    -8.0684651669   0.000313263720       0.3581  AATAAAC
    26      1    -7.5647468895   0.000518408566       0.5925  AATAAAG
    27      2    -6.4130993825   0.001639933835       1.8744  AATAAAT
    28      1   -12.0917407714   0.000005605621       0.0064  AATCAAT
    29      1   -11.3016353462   0.000012352707       0.0141  AATTTTT
    30      1   -12.3608931339   0.000004282845       0.0049  ACTCTCC
    31      1   -16.9691784836   0.000000042695       0.0000  ACTTGTC
    32      5    -5.0296244374   0.006541266765       7.4767  AGAAAAA
    33      1    -7.1428971986   0.000790458660       0.9035  AGGAAAA
    34      1    -9.8711082258   0.000051645462       0.0590  AGGAGAA
    35      1    -7.0693101002   0.000850819887       0.9725  AGGGGGA
    36      1    -5.5884536156   0.003740808122       4.2757  AGGGGGG
    37      1   -11.0384971495   0.000016070952       0.0184  AGTGGGC
    38      1   -10.4547274392   0.000028811745       0.0329  ATAAAGA
    39      1   -12.7760478041   0.000002827697       0.0032  ATTAAAC
    40      1   -11.1492290125   0.000014386375       0.0164  ATTTTTG
    41      1   -10.6514750167   0.000023665908       0.0271  CAAAAAC
    42      1   -11.0621490054   0.000015695304       0.0179  CACCCCA
    43      2    -9.3247049224   0.000089193274       0.1019  CATAAAC
    44      1   -15.6507176233   0.000000159580       0.0002  CATATTT
    45      1   -12.5879788029   0.000003412796       0.0039  CATCCTC
    46      2    -6.7503494865   0.001170470486       1.3378  CCACCCA
    47      4    -5.8597592689   0.002851930148       3.2598  CCACCCC
    48      1    -9.6846120100   0.000062233818       0.0711  CCACTCA
    49      1    -8.7943083761   0.000151593437       0.1733  CCACTCC
    50      1   -11.2236167118   0.000013355040       0.0153  CCACTCG
    51      1   -11.3203542414   0.000012123628       0.0139  CCATCCT
    52      1   -11.6208032249   0.000008977373       0.0103  CCATCTT
    53      1   -11.9656270222   0.000006359079       0.0073  CCCAAAA
    54      3    -6.3195321644   0.001800785781       2.0583  CCCCCCA
    55    125    -2.2582990718   0.104528128471     119.4757  CCCCCCC
    56      2    -4.5819193191   0.010235232755      11.6989  CCCCCCT
    57      3    -5.9141452054   0.002700967585       3.0872  CCCCCTC
    58      1    -7.1236575073   0.000805814084       0.9210  CCCCGCC
    59      2    -5.1928678643   0.005556049947       6.3506  CCCCTCC
    60      1    -8.5794429812   0.000187929629       0.2148  CCCCTTC
    61      1    -6.1754649244   0.002079838725       2.3773  CCCTCTC
    62      1    -8.5504695302   0.000193454246       0.2211  CCCTTCC
    63      2    -6.0700884167   0.002310968873       2.6414  CCCTTTC
    64      2   -10.3292780633   0.000032662659       0.0373  CCCTTTG
    65      3    -6.0633582241   0.002326574595       2.6593  CCGCCCC
    66      2    -7.0036188665   0.000908587950       1.0385  CCGCCCG
    67      1    -8.9979073313   0.000123668330       0.1414  CCGCTCC
    68      1   -12.3836392299   0.000004186526       0.0048  CCGCTTC
    69      1    -9.8462977704   0.000052942837       0.0605  CCTAAAC
    70      8    -4.1895079553   0.015153739356      17.3207  CCTCCCC
    71      2    -4.8681302355   0.007687726095       8.7871  CCTCCCT
    72      1    -9.8071179021   0.000055058302       0.0629  CCTCCGC
    73      4    -7.1239332742   0.000805591898       0.9208  CCTCTCC
    74      2    -7.7984710763   0.000410361912       0.4690  CCTCTCT
    75      1    -7.7918488241   0.000413088450       0.4722  CCTTCCC
    76      3    -8.1055822586   0.000301849425       0.3450  CCTTCTC
    77      1   -12.6419631551   0.000003233443       0.0037  CCTTGCC
    78      1   -10.4758947926   0.000028208286       0.0322  CCTTTCC
    79      4    -7.9766502406   0.000343387764       0.3925  CCTTTTC
    80      1   -11.1592488355   0.000014242945       0.0163  CGAGGGC
    81      1   -10.1983514702   0.000037231646       0.0426  CGCAAAC
    82      1   -10.8076930362   0.000020243171       0.0231  CGCTCCC
    83      1   -14.5775520841   0.000000466713       0.0005  CGTAAAG
    84      1   -15.9431798562   0.000000119115       0.0001  CTAAAGA
    85      1   -13.0729264720   0.000002101359       0.0024  CTATTCT
    86      1    -9.1439400019   0.000106865449       0.1221  CTATTTC
    87      1   -10.9613448537   0.000017359948       0.0198  CTCATTC
    88      2    -5.2683702726   0.005152000090       5.8887  CTCCCCC
    89      1   -13.2257790261   0.000001803504       0.0021  CTCCTAC
    90      1    -8.0365649369   0.000323418005       0.3697  CTCCTCC
    91      1   -11.1649438090   0.000014162063       0.0162  CTCGTTC
    92      1   -11.0167690068   0.000016423965       0.0188  CTCTTAC
    93      3    -5.5995246904   0.003699621765       4.2287  CTCTTTC
    94      1   -16.7515404054   0.000000053076       0.0001  CTGAGAC
    95      1   -12.6082320719   0.000003344371       0.0038  CTTCCAC
    96      4    -7.1951090141   0.000750246293       0.8575  CTTCCCC
    97      1   -11.0345537473   0.000016134451       0.0184  CTTCCCG
    98      1   -10.8207134646   0.000019981305       0.0228  CTTCCTC
    99      3    -9.8987043206   0.000050239734       0.0574  CTTCTCC
   100      1   -10.7702842389   0.000021014787       0.0240  CTTTCCC
   101      1    -9.5267770570   0.000072874115       0.0833  CTTTTCT
   102      6    -7.1742126064   0.000766088694       0.8756  CTTTTTC
   103      1    -5.4775908900   0.004179386180       4.7770  GAAAAAA
   104      3    -9.7462143036   0.000058515768       0.0669  GAAAGAG
   105      1    -7.0173134182   0.000896230057       1.0244  GAAGGGG
   106      2    -5.4606331310   0.004250863539       4.8587  GAGAAAG
   107      1    -9.8892635997   0.000050716280       0.0580  GAGAGAA
   108      1    -8.0963415540   0.000304651653       0.3482  GAGAGAG
   109      1    -9.1489579763   0.000106330544       0.1215  GAGGAAG
   110      1   -10.1532035276   0.000038951101       0.0445  GAGTTTG
   111      1    -9.3389678143   0.000087930150       0.1005  GATAAAT
   112      1   -10.0449174027   0.000043405804       0.0496  GCGAAAG
   113      1   -10.2442521467   0.000035561316       0.0406  GGAAAGG
   114      2    -7.9249452499   0.000361609647       0.4133  GGAAGAG
   115      1    -7.6138439930   0.000493570924       0.5642  GGAAGGG
   116      2    -6.9476693539   0.000960871999       1.0983  GGAGAGG
   117      3    -4.7305539709   0.008821582786      10.0831  GGAGGGA
   118     11    -4.0480885539   0.017455708417      19.9519  GGAGGGG
   119      1   -10.5758383215   0.000025525354       0.0292  GGCAGGC
   120      1    -9.6327774771   0.000065544748       0.0749  GGCAGGG
   121      1    -7.8946625033   0.000372727673       0.4260  GGCGGGA
   122      1   -10.4035987870   0.000030323160       0.0347  GGGAGAC
   123      2    -5.0506499446   0.006405169088       7.3211  GGGGAGG
   124      1    -5.7699125071   0.003120030483       3.5662  GGGGGAG
   125      3    -4.4347525302   0.011858000042      13.5537  GGGGGGA
   126      3    -6.5256419233   0.001465378185       1.6749  GGGGGGC
   127    210    -2.1508785220   0.116381868816     133.0245  GGGGGGG
   128      1   -11.1791303253   0.000013962571       0.0160  GGTAGGA
   129      1    -5.7859651913   0.003070345475       3.5094  GGTGGGG
   130      1    -6.6650716795   0.001274665256       1.4569  GGTGGGT
   131      1   -11.4958339117   0.000010172384       0.0116  GTGTTTC
   132      1   -12.4449230623   0.000003937663       0.0045  GTTCCCC
   133      2    -7.1485862518   0.000785974466       0.8984  TAAAAAA
   134      1   -12.3455569827   0.000004349033       0.0050  TACAAAG
   135      1    -6.6015209213   0.001358300597       1.5525  TATTTTT
   136      1   -13.7873951080   0.000001028514       0.0012  TCACTCG
   137      1   -14.6230964733   0.000000445933       0.0005  TCATCCG
   138      1   -11.2968387104   0.000012412101       0.0142  TCCAAAC
   139      1   -10.3984832677   0.000030478676       0.0348  TCCCACC
   140      2    -5.7379066105   0.003221505086       3.6822  TCCCCCC
   141      1    -9.3911941222   0.000083455740       0.0954  TCCCCTC
   142      1    -8.6510272902   0.000174947034       0.2000  TCCCTCC
   143      1    -9.3379662692   0.000088018260       0.1006  TCCTCCC
   144      1    -9.5023355728   0.000074677212       0.0854  TCCTCTC
   145      1    -7.9872788068   0.000339757372       0.3883  TCCTTTC
   146      2    -7.3757589164   0.000626251246       0.7158  TCCTTTT
   147      1    -9.7515646198   0.000058203526       0.0665  TCGCCCG
   148      1   -13.7580051243   0.000001059191       0.0012  TCGCTTG
   149      1    -9.9480559656   0.000047820508       0.0547  TCGTTTG
   150      1    -8.9822215407   0.000125623460       0.1436  TCGTTTT
   151      1   -10.9180832023   0.000018127450       0.0207  TCTACCT
   152      1   -12.9124996481   0.000002467020       0.0028  TCTAGAT
   153      6    -7.2533503164   0.000707799061       0.8090  TCTCCCC
   154      3    -5.5613083441   0.003843744167       4.3934  TCTCCCT
   155      2    -9.1722719960   0.000103880226       0.1187  TCTCCTT
   156      2   -10.0441282932   0.000043440069       0.0497  TCTCTCC
   157      1    -8.1676780364   0.000283675938       0.3242  TCTCTCT
   158      1   -15.4617483958   0.000000192774       0.0002  TCTCTGC
   159      5   -10.3925307747   0.000030660641       0.0350  TCTTCTC
   160      2   -11.5643153303   0.000009499083       0.0109  TCTTTCC
   161      1    -9.0378396154   0.000118827272       0.1358  TCTTTCT
   162      7    -7.7367298356   0.000436496660       0.4989  TCTTTTC
   163      1    -5.1454149660   0.005826056247       6.6592  TCTTTTT
   164      1   -15.0092670104   0.000000303081       0.0003  TGTATAC
   165      2    -6.8051198765   0.001108087329       1.2665  TGTTTTT
   166      1   -13.0193301380   0.000002217057       0.0025  TTAATTC
   167      1   -16.5663081149   0.000000063877       0.0001  TTACTGC
   168      1   -11.0474005642   0.000015928501       0.0182  TTAGTTT
   169      1    -9.6333865398   0.000065504839       0.0749  TTATCTA
   170      1   -11.1724728947   0.000014055836       0.0161  TTATCTG
   171      1    -8.7065339371   0.000165500898       0.1892  TTATCTT
   172      1    -6.4072260875   0.001649593991       1.8855  TTATTTA
   173      7    -7.6554560104   0.000473453900       0.5412  TTATTTC
   174      7    -5.4799134651   0.004169690506       4.7660  TTATTTT
   175      1   -10.5560703994   0.000026034958       0.0298  TTCAAAC
   176      1    -8.2310132917   0.000266266388       0.3043  TTCCCCC
   177      1   -11.8242780828   0.000007324556       0.0084  TTCCCCG
   178      1   -11.2639814046   0.000012826703       0.0147  TTCCCTC
   179      1    -9.0476517966   0.000117667019       0.1345  TTCCTCC
   180      2    -8.1109187447   0.000300242900       0.3432  TTCTCTC
   181      1    -7.3115415427   0.000667786836       0.7633  TTCTCTT
   182      1   -12.8833571300   0.000002539973       0.0029  TTCTGTG
   183      1    -8.8305697695   0.000146194918       0.1671  TTCTTCC
   184      1    -8.0235201216   0.000327664571       0.3745  TTCTTCT
   185      7    -4.8936959041   0.007493675326       8.5653  TTCTTTC
   186      4    -4.0852630487   0.016818714593      19.2238  TTCTTTT
   187      1    -9.6218215222   0.000066266801       0.0757  TTGTTCT
   188      1    -7.8590549656   0.000386238708       0.4415  TTGTTTC
   189      1    -6.6604914334   0.001280516927       1.4636  TTGTTTG
   190      7    -5.6835124204   0.003401589623       3.8880  TTGTTTT
   191      1   -10.1442466879   0.000039301547       0.0449  TTTAAAC
   192      1    -7.2096313644   0.000739429685       0.8452  TTTATTT
   193      2    -8.5006518742   0.000203335776       0.2324  TTTCCCC
   194      2   -11.1444555578   0.000014455211       0.0165  TTTCCTC
   195      3    -8.6739812851   0.000170977039       0.1954  TTTCTCC
   196      1    -6.0685910386   0.002314431859       2.6454  TTTCTCT
   197      1    -9.8118693957   0.000054797313       0.0626  TTTCTTA
   198      2    -8.3431193697   0.000238028684       0.2721  TTTCTTC
   199      1    -5.7314086123   0.003242506581       3.7062  TTTCTTT
   200      1    -9.1318846578   0.000108161545       0.1236  TTTTATC
   201      1   -11.1584983664   0.000014253638       0.0163  TTTTCCC
   202      2    -7.6833731034   0.000460419235       0.5263  TTTTCTC
   203      4    -5.0724033868   0.006267339185       7.1636  TTTTCTT
   204      1    -8.3957556189   0.000225823775       0.2581  TTTTTCC
   205      1    -5.7840582025   0.003076206175       3.5161  TTTTTCT
   206     11    -4.4575710569   0.011590481745      13.2479  TTTTTTC
   207      1    -6.1298117603   0.002176990718       2.4883  TTTTTTG
   208    186    -1.8457430358   0.157907946036     180.4888  TTTTTTT