

TREE #  1

  0  0.0000   4547.623699  x:  0.04658   0.03018   0.01837   0.00783   0.02210   0.03142   0.03329   0.06453   0.06566   0.05400   0.15622   0.08183   1.77275  
  1 99.0000   4533.357497  x:  0.04527   0.04250   0.03064   0.03007   0.02305   0.03150   0.03102   0.06406   0.06452   0.05020   0.15671   0.08052   1.77467  
  2 1428.0636   4526.031874  x:  0.03930   0.06425   0.03876   0.02227   0.02005   0.03069   0.02822   0.06034   0.05677   0.03412   0.15716   0.07454   1.78158  
  3 504.6449   4525.375894  x:  0.03668   0.06486   0.03881   0.02206   0.02427   0.03236   0.03081   0.06123   0.05634   0.03193   0.15664   0.07193   1.78697  
  4 174.9911   4523.167770  x:  0.02721   0.06238   0.03868   0.02313   0.02112   0.03125   0.02925   0.06271   0.05704   0.03297   0.15379   0.06246   1.82567  
  5 178.4038   4472.309628  x:  0.03787   0.09160   0.03524   0.01583   0.02784   0.03393   0.03042   0.07403   0.05808   0.06672   0.11208   0.07310   3.13685  
  6 722.7407   4450.179930  x:  0.04430   0.07674   0.01973   0.02753   0.02004   0.03180   0.03334   0.06175   0.05708   0.03651   0.13165   0.07953   3.56713  
  7 4177.6333   4441.689302  x:  0.04679   0.05946   0.03906   0.02382   0.02162   0.03075   0.03131   0.05529   0.05913   0.02577   0.15268   0.08202   3.76027  
  8 3277.7178   4439.852989  x:  0.04512   0.06158   0.03780   0.02327   0.02245   0.03349   0.02940   0.05977   0.05466   0.03163   0.17254   0.08035   3.80105  
  9 398.1909   4439.744258  x:  0.04490   0.06247   0.03770   0.02309   0.02241   0.03167   0.03086   0.06001   0.05617   0.03218   0.17432   0.08013   3.80339  
 10 86.0929   4439.733966  x:  0.04484   0.06275   0.03755   0.02301   0.02252   0.03195   0.03054   0.05988   0.05711   0.03216   0.17457   0.08007   3.80363  
 11 20.1610   4439.733130  x:  0.04484   0.06276   0.03758   0.02301   0.02242   0.03209   0.03067   0.05981   0.05713   0.03220   0.17458   0.08006   3.80371  
 12  1.5129   4439.653014  x:  0.04443   0.06290   0.03727   0.02311   0.02325   0.03174   0.03055   0.05708   0.05662   0.03321   0.17466   0.07964   3.81193  
 13  2.2820   4427.057207  x:  0.03020   0.06133   0.03797   0.02409   0.01873   0.03092   0.02898   0.06305   0.05899   0.03422   0.16749   0.06229   5.24565  
 14 128.5587   4424.648685  x:  0.04001   0.06838   0.03751   0.02267   0.02282   0.03232   0.03059   0.06337   0.05759   0.03427   0.16313   0.07041   5.64863  
 15  0.2590   4424.270143  x:  0.03937   0.06752   0.03724   0.02298   0.02135   0.03199   0.03039   0.06253   0.05805   0.03496   0.16706   0.06901   6.04394  
 16  0.1993   4424.262779  x:  0.03939   0.06722   0.03733   0.02302   0.02166   0.03205   0.03031   0.06276   0.05797   0.03485   0.16589   0.06909   6.06667  
 17  0.0206   4424.262654  x:  0.03933   0.06723   0.03732   0.02299   0.02166   0.03205   0.03034   0.06279   0.05797   0.03478   0.16596   0.06914   6.07050  
 18  0.0035   4424.262649  x:  0.03925   0.06722   0.03732   0.02298   0.02165   0.03205   0.03034   0.06279   0.05798   0.03478   0.16595   0.06922   6.07070  
 19  0.0001   4424.262649  x:  0.03919   0.06722   0.03732   0.02298   0.02165   0.03205   0.03034   0.06279   0.05798   0.03478   0.16595   0.06928   6.07052  
 20  0.0002   4424.262649  x:  0.03908   0.06722   0.03732   0.02298   0.02165   0.03205   0.03034   0.06279   0.05798   0.03479   0.16595   0.06939   6.07049  
 21  0.0001   4424.262649  x:  0.03907   0.06722   0.03732   0.02298   0.02165   0.03205   0.03034   0.06279   0.05798   0.03479   0.16595   0.06940   6.07050  

TREE #  2

  0  0.0000   4447.308496  x:  0.04962   0.03018   0.01837   0.00783   0.02210   0.03142   0.03329   0.06453   0.06566   0.05400   0.15622   0.07879   6.07050  
  1 99.0000   4431.548558  x:  0.04869   0.04504   0.03034   0.03230   0.02298   0.03182   0.03135   0.06449   0.06496   0.05074   0.15772   0.07787   6.07049  
  2 1474.5792   4424.733998  x:  0.04348   0.06857   0.03724   0.02406   0.01879   0.03127   0.02936   0.06180   0.05791   0.03604   0.16115   0.07266   6.07048  
  3 479.2488   4424.389647  x:  0.04165   0.06926   0.03766   0.02358   0.02232   0.03218   0.03050   0.06250   0.05763   0.03434   0.16191   0.07083   6.07048  
  4 154.6298   4424.303163  x:  0.03944   0.06842   0.03810   0.02378   0.02164   0.03206   0.03029   0.06279   0.05786   0.03417   0.16318   0.06862   6.07048  
  5 53.5186   4424.285103  x:  0.03944   0.06858   0.03799   0.02370   0.02173   0.03205   0.03038   0.06281   0.05777   0.03481   0.16564   0.06862   6.07048  
  6 15.5805   4424.283083  x:  0.03950   0.06847   0.03781   0.02380   0.02171   0.03206   0.03029   0.06278   0.05779   0.03454   0.16602   0.06868   6.07048  
  7 10.4642   4424.282918  x:  0.03953   0.06841   0.03791   0.02378   0.02170   0.03207   0.03034   0.06275   0.05782   0.03448   0.16607   0.06871   6.07048  
  8  2.3289   4424.282906  x:  0.03953   0.06840   0.03792   0.02378   0.02171   0.03206   0.03032   0.06275   0.05782   0.03447   0.16607   0.06871   6.07048  
  9  0.8895   4424.282905  x:  0.03954   0.06840   0.03793   0.02378   0.02170   0.03207   0.03032   0.06276   0.05781   0.03447   0.16607   0.06871   6.07048  
 10  0.1563   4424.282896  x:  0.03954   0.06839   0.03793   0.02378   0.02170   0.03206   0.03032   0.06278   0.05779   0.03447   0.16607   0.06871   6.07049  
 11  0.0880   4424.278069  x:  0.03960   0.06827   0.03776   0.02352   0.02159   0.03207   0.03029   0.06330   0.05831   0.03451   0.16606   0.06880   6.07512  
 12  0.1168   4424.264019  x:  0.03958   0.06737   0.03723   0.02308   0.02150   0.03210   0.03044   0.06280   0.05801   0.03482   0.16596   0.06885   6.08849  
 13 47.6596   4424.262983  x:  0.03867   0.06726   0.03725   0.02302   0.02157   0.03208   0.03041   0.06279   0.05800   0.03482   0.16593   0.06979   6.06558  
 14  0.0546   4424.262666  x:  0.03728   0.06721   0.03732   0.02298   0.02166   0.03205   0.03036   0.06279   0.05798   0.03481   0.16596   0.07121   6.07062  
 15  0.0079   4424.262650  x:  0.03699   0.06722   0.03731   0.02298   0.02166   0.03205   0.03034   0.06279   0.05798   0.03478   0.16595   0.07148   6.07059  
 16  0.0003   4424.262649  x:  0.03688   0.06722   0.03732   0.02298   0.02165   0.03205   0.03034   0.06279   0.05798   0.03479   0.16595   0.07159   6.07049  
 17  0.0001   4424.262649  x:  0.03684   0.06722   0.03732   0.02298   0.02165   0.03205   0.03034   0.06279   0.05798   0.03479   0.16595   0.07164   6.07051  
 18  0.0001   4424.262649  x:  0.03682   0.06722   0.03732   0.02298   0.02165   0.03205   0.03034   0.06279   0.05798   0.03479   0.16595   0.07166   6.07051  
 19  0.0001   4424.262649  x:  0.03681   0.06722   0.03732   0.02298   0.02165   0.03205   0.03034   0.06279   0.05798   0.03479   0.16595   0.07166   6.07051  
 20  0.0011   4424.262649  x:  0.03681   0.06722   0.03732   0.02298   0.02165   0.03205   0.03034   0.06279   0.05798   0.03479   0.16595   0.07166   6.07051  
 21  0.0032   4424.262649  x:  0.03681   0.06722   0.03732   0.02298   0.02165   0.03205   0.03034   0.06279   0.05798   0.03479   0.16595   0.07166   6.07051  
 22  0.0091   4424.262649  x:  0.03681   0.06722   0.03732   0.02298   0.02165   0.03205   0.03034   0.06279   0.05798   0.03479   0.16595   0.07166   6.07051  