"YLR406C_YDL075W" "YER131W_YGL189C" "YDR502C_YLR180W" "YHR106W_YDR353W" "YIL057C_YER067W" "YPL087W_YBR183W" "YNL069C_YIL133C" "YDR518W_YCL043C" "YGR043C_YLR354C" "YPR157W_YGR141W" "YDR099W_YER177W" "YBR024W_YBR037C" "YPL037C_YDR252W" "YPR159W_YGR143W" "YGL133W_YPL216W" "YBR191W_YPL079W" "YNL049C_YIL109C" "YPL232W_YMR183C" "YLR284C_YOR180C" "YIR033W_YKL020C" "YMR243C_YOR316C" "YER102W_YBL072C" "YAL056W_YOR371C" "YDR438W_YML018C"
"length" 336 354 1143 954 465 918 591 1494 993 1209 744 831 426 2007 2862 477 2502 864 804 2511 1119 594 1965 993
"ll" -1319.55910797922 -1375.13412546448 -6890.25339358032 -6811.06668760322 -3771.15299175022 -8125.66880924746 -2539.56186963761 -13668.851097382 -7543.31653721952 -10653.2797653428 -4271.84912340969 -7531.53939051859 -3203.98662887308 -16161.5789998331 -30093.0264364499 -1685.99546522678 -21211.159359053 -6719.93145664654 -8051.19846037308 -23850.7482092247 -9722.11411650639 -38696.4812475271 -19983.9487425973 -9243.83328331423
"pi_a" 0.292883108997915 0.300521626987608 0.236045355717379 0.265082889232347 0.319189025715244 0.260896446773271 0.268191182307001 0.282924418231036 0.288078320695393 0.267277219705525 0.259635879213772 0.28667851162944 0.320807552013352 0.282305622970203 0.338807133963597 0.281565951158004 0.297125679357838 0.31621933673635 0.291515318685548 0.313085272999382 0.266137139551721 5.93208858248582e-26 0.316226921983722 0.266438879378839
"pi_c" 0.204457371838307 0.277552500307663 0.24955887999665 0.243210386629768 0.234810037980206 0.189036384770091 0.229879069092662 0.247394498360413 0.230074116762347 0.222670924245781 0.256757900665958 0.215137936948686 0.248096749943105 0.236384966579388 0.190120055495155 0.244596911587297 0.224529900534379 0.226923934309809 0.20174896101207 0.215854002405025 0.234618226778481 0.353212759568152 0.20356192421567 0.206570247525861
"pi_g" 0.19646612689532 0.167872300434994 0.193876037967259 0.215685132783724 0.184841534698473 0.205815122981198 0.195368620264383 0.191363181074425 0.192587802958599 0.219007137192758 0.177004081769781 0.209939895245917 0.182652393210613 0.190050006735741 0.192435768649584 0.171883644859825 0.181753160297302 0.200933570075378 0.217125749791399 0.183112613695525 0.197743666401372 5.30542031196344e-24 0.199460230161523 0.1987752614649
"pi_t" 0.306193392268458 0.254053572269735 0.320519726318712 0.276021591354161 0.261159401606076 0.34425204547544 0.306561128335954 0.278317902334126 0.289259759583661 0.291044718855936 0.306602138350489 0.288243656175957 0.24844330483293 0.291259403714667 0.278637041891664 0.301953492394875 0.296591259810481 0.255923158878463 0.289609970510983 0.287948110900067 0.301500967268425 0.646787240431848 0.280750923639085 0.3282156116304
"kappa" 11.0514367521889 12.086331917683 6.99080149009074 5.01994593733731 4.16420830308192 3.38302489495035 7.05191834920454 3.59480755036263 4.55564860628524 3.28902061912362 9.63981009271172 3.57438888411465 4.24151559038202 3.57138132868232 3.46444265150695 13.3676343191703 3.69226246362936 4.79352656094679 3.48121804091401 3.53667523071609 3.38059066337453 5.33587329744228 3.03048591640993 3.53081732077941
"tau" 0 0 0 0 0 0 0 0 0 0 0 0 0 0 0 0 0 0 0 0 0 0 0 0
"(N0,N1)" 0.00659550067536429 0.00390491904078839 0.0182586062119835 0.0142930010792076 0.0235885994500215 0.0260999537115863 0.0108470851833313 0.00569997534482993 0.0484753623236183 0.0117803059501091 0.0105897672616968 0.0241750411305013 0.00553264807176317 0.0169517572382156 0.0896570962505304 0.00172406811643737 0.0384156771094113 0.0244566498993746 0.0186979625254472 0.041384670265839 0.0333596776040983 0 0.0309548478584037 0.0885832269740317
"(N0,kluyveri)" 0.0867023135336737 0.0673508579707056 0.14806838240206 0.193770591037436 0.339102455215109 0.395141669822964 0.0912497548025015 0.424133648104801 0.2558529431964 0.345923959687999 0.1467120212803 0.382627215184733 0.244763226670952 0.30839498319963 0.528653364114126 0.0593891300616225 0.333425816915723 0.284817012346698 0.492043514759598 0.49371422925934 0.31515724802031 1.91807870025555e-11 0.583011688109968 0.45299616684776
"(N1,N2)" 0.0221412407818636 0.0280902483741624 0.0476383156900861 0.0778738983487041 0.154539194584054 0.261603010658634 0.0447271780201681 0.304221453126662 0.114367679368913 0.217765752506734 0.0652252534133085 0.233464285327767 0.158689131897257 0.142204317629861 0.270959968966428 0.0302588521311932 0.188128946919211 0.162574214103752 0.332450237811743 0.329141552129507 0.160745643720924 4.35393307491085e-16 0.334469881889695 0.240920844759536
"(N1,castellii)" 0.0563220929397334 0.0634459389299173 0.129809776190077 0.179477589958228 0.260005208093574 0.369041716111378 0.0804026696191703 0.418433672759971 0.207377580872782 0.33414365373789 0.136122254018603 0.358452174054231 0.239230578599188 0.250899458310667 0.438996267863596 0.0576650619451852 0.295010139806311 0.260360362447323 0.473345552234151 0.452329558993501 0.281797570416212 4.35413075214116e-16 0.476311820988449 0.364412939873728
"(N2,N3)" 0.00646508346274395 0.00917045873487291 0.0143783321063522 0.0175306301750353 0.0156506769961109 0.0182520300432398 0.00882826529156146 0.0180878107715882 0.0141974487759203 0.0177031212556977 0.0140760889005026 0.020318205575493 0.0091435717229482 0.0228855225188554 0.0222974041770366 0.00466059943869371 0.0114404260707886 0.0173322888990442 0.0141920049092962 0.0203683535434456 0.0233528530705453 1.97668255791512e-20 0.0245272500757863 0.0247230086418725
"(N2,bayanus)" 0.0341808521578699 0.0353556905557549 0.0821714604999907 0.101603691609524 0.10546601350952 0.107438705452743 0.0356754915990022 0.11421221963331 0.0930099015038688 0.116377901231156 0.0708970006052949 0.124987888726464 0.080541446701931 0.108695140680806 0.168036298897168 0.0274062098139919 0.1068811928871 0.0977861483435706 0.140895314422408 0.123188006863994 0.121051926695288 1.97677230323884e-20 0.141841939098753 0.123492095114192
"(N3,N4)" 0.00490322648674527 0.00622832323806541 0.0161340122201077 0.0224703558661295 0.0212323183415413 0.0161389331978635 0.00320177609931747 0.0245443603237879 0.0153266425446638 0.023457680386075 0.010193410109976 0.0295080485447539 0.00811077508912949 0.0185501240909085 0.0335114485852606 0.00682776399293161 0.0265597709103742 0.0169009993816802 0.0296558359004164 0.0210880676564531 0.0170975701726022 8.97375080825871e-25 0.0227633961171769 0.0239058676545123
"(N3,kudriavzevii)" 0.0277157686951259 0.0261852318208819 0.0677931283936385 0.0840730614344886 0.0898153365134095 0.0891866754095035 0.0268472263074407 0.0961244088617215 0.0788124527279485 0.098674779975458 0.0568209117047923 0.104669683150971 0.0713978749789828 0.0858096181619506 0.145738894720131 0.0227456103752982 0.0954407668163117 0.0804538594445264 0.126703309513112 0.102819653320549 0.0976990736247429 8.97453237234693e-25 0.117314689022967 0.0987690864723194
"(N4,N5)" 0.00484416519949806 0.00371751948953684 0.0213902138968734 0.0256307352538217 0.0263929154289433 0.0299473488734244 0.0113287817496247 0.0280464348557448 0.0236235861373109 0.0271031976165032 0.0162200757469923 0.0358259773134855 0.0260537206664689 0.0254778746540113 0.038397296097893 0.0072240678079238 0.0263465519684326 0.0229614458181318 0.0375317160997633 0.0331172819894486 0.029170289966545 7.3826110317908e-29 0.025188081064043 0.0266225667262645
"(N4,mikatae)" 0.0228125422083807 0.0199569085828165 0.0516591161735308 0.0616027055683591 0.0685830181718682 0.07304774221164 0.0236454502081233 0.0715800485379336 0.0634858101832847 0.075217099589383 0.0466275015948163 0.0751616346062176 0.0632870998898533 0.067259494071042 0.112227446134871 0.0159178463823666 0.0688809959059375 0.0635528600628463 0.0970474736126952 0.0817315856640955 0.0806015034521407 7.8156408819949e-29 0.0945512929057903 0.0748632188178072
"(N5,cerevisiae)" 0.0179683770088826 0.0162393890932797 0.0302689022766574 0.0359719703145374 0.0421901027429249 0.0431003933382156 0.0123166684584986 0.0435336136821888 0.0398622240459738 0.0481139019728797 0.030407425847824 0.0393356572927321 0.0372333792233844 0.0417816194170307 0.0738301500369779 0.0086937785744428 0.0425344439375049 0.0405914142447145 0.059515757512932 0.0486143036746469 0.0514312134855957 4.3302985020405e-30 0.0693632118417473 0.0482406520915426
"(N5,paradoxus)" 0.0179683770088826 0.0162393890932797 0.0302689022766574 0.0359719703145374 0.0421901027429249 0.0431003933382156 0.0123166684584986 0.0435336136821888 0.0398622240459738 0.0481139019728797 0.030407425847824 0.0393356572927321 0.0372333792233844 0.0417816194170307 0.0738301500369779 0.0086937785744428 0.0425344439375049 0.0405914142447145 0.059515757512932 0.0486143036746469 0.0514312134855957 4.3302985020405e-30 0.0693632118417473 0.0482406520915426
"(N0,N1,tau)" 0 0 0 0 0 0 0 0 0 0 0 0 0 0 0 0 0 0 0 0 0 NA 0 0
"(N0,kluyveri,tau)" 0 0 0 0 0 0 0 0 0 0 0 0 0 0 0 0 0 0 0 0 0 0 0 0
"(N1,N2,tau)" 0 0 0 0 0 0 0 0 0 0 0 0 0 0 0 0 0 0 0 0 0 NA 0 0
"(N1,castellii,tau)" 0 0 0 0 0 0 0 0 0 0 0 0 0 0 0 0 0 0 0 0 0 NA 0 0
"(N2,N3,tau)" 0 0 0 0 0 0 0 0 0 0 0 0 0 0 0 0 0 0 0 0 0 NA 0 0
"(N2,bayanus,tau)" 0 0 0 0 0 0 0 0 0 0 0 0 0 0 0 0 0 0 0 0 0 NA 0 0
"(N3,N4,tau)" 0 0 0 0 0 0 0 0 0 0 0 0 0 0 0 0 0 0 0 0 0 NA 0 0
"(N3,kudriavzevii,tau)" 0 0 0 0 0 0 0 0 0 0 0 0 0 0 0 0 0 0 0 0 0 NA 0 0
"(N4,N5,tau)" 0 0 0 0 0 0 0 0 0 0 0 0 0 0 0 0 0 0 0 0 0 NA 0 0
"(N4,mikatae,tau)" 0 0 0 0 0 0 0 0 0 0 0 0 0 0 0 0 0 0 0 0 0 NA 0 0
"(N5,cerevisiae,tau)" 0 0 0 0 0 0 0 0 0 0 0 0 0 0 0 0 0 0 0 0 0 NA 0 0
"(N5,paradoxus,tau)" 0 0 0 0 0 0 0 0 0 0 0 0 0 0 0 0 0 0 0 0 0 NA 0 0
