"YLR406C_YDL075W" "YER131W_YGL189C" "YDR502C_YLR180W" "YHR106W_YDR353W" "YIL057C_YER067W" "YPL087W_YBR183W" "YNL069C_YIL133C" "YDR518W_YCL043C" "YGR043C_YLR354C" "YPR157W_YGR141W" "YDR099W_YER177W" "YBR024W_YBR037C" "YPL037C_YDR252W" "YPR159W_YGR143W" "YGL133W_YPL216W" "YBR191W_YPL079W" "YNL049C_YIL109C" "YPL232W_YMR183C" "YLR284C_YOR180C" "YIR033W_YKL020C" "YMR243C_YOR316C" "YER102W_YBL072C" "YAL056W_YOR371C" "YDR438W_YML018C"
"length" 336 354 1143 954 465 918 591 1494 993 1209 744 831 426 2007 2862 477 2502 864 804 2511 1119 594 1965 993
"ll" -1273.88849675864 -1327.8807626665 -6720.679305961 -6665.86010697044 -3730.04627304181 -8086.08048730478 -2461.87139044809 -13634.7021513829 -7502.74991247394 -10589.5527573489 -4119.58991917091 -7499.43624858662 -3188.7839670011 -15929.7037567589 -30081.5230381183 -1566.81416062252 -21089.6191241515 -6627.56728008867 -8033.42076845563 -23774.0250662361 -9655.40408229277 -2126.92868674902 -19957.3206893088 -9236.7452348433
"pi_a" 0.299511230285383 0.311970936332889 0.246056750618162 0.267458724571596 0.321092096648653 0.260619420725394 0.269954020666628 0.28370060127141 0.290230863749466 0.266650959082879 0.269815013402877 0.287914320891541 0.324542909186898 0.283529623489535 0.338593878113139 0.284737397866811 0.297052787632137 0.323491486972596 0.29131978140958 0.313081002661671 0.264597146893527 0.27633737400687 0.317438749720934 0.266035980029962
"pi_c" 0.205465168308096 0.264283684602813 0.247005439374148 0.240588877416681 0.232868821681406 0.188951768930803 0.230244779846482 0.245899733251134 0.230222664850674 0.222109793828081 0.254060206999538 0.214080167336167 0.24530564667031 0.234798681241819 0.189939878715576 0.237268503784834 0.223835213602617 0.219791568483593 0.200588529915833 0.21493820268663 0.235512811053409 0.239345072020052 0.203310631715474 0.206672833325009
"pi_g" 0.199187440158706 0.179465669689075 0.203322741915964 0.218166312598634 0.190546076648342 0.206676736342097 0.203016971631624 0.19317007468002 0.194630301117993 0.221421331585984 0.180813273078401 0.210821718971927 0.184789608684447 0.192926484073224 0.192693861765967 0.188842715330175 0.184106435408643 0.205279873389907 0.219083057553348 0.184616758338342 0.199791199108638 0.209026903795277 0.199306408679289 0.198890859321452
"pi_t" 0.295836161247815 0.244279709375224 0.303615068091725 0.27378608541309 0.255493005021599 0.343752074001706 0.296784227855267 0.277229590797436 0.284916170281867 0.289817915503056 0.295311506519184 0.287183792800365 0.245361835458344 0.288745211195422 0.278772381405318 0.28915138301818 0.295005563356602 0.251437071153904 0.289008631121239 0.287364036313357 0.300098842944426 0.275290650177801 0.279944209884303 0.328400327323577
"kappa" 10.4312270845048 9.90872387148769 6.14354882246008 5.08382012830204 4.11858473614879 3.41500616866308 7.50802421152768 3.62060228340475 4.46172204908404 3.32021541445804 8.47284933115998 3.55684361063926 4.24216491648221 3.57399266688348 3.50790678531598 11.8456426212711 3.66301151194138 4.5869459764477 3.55456108277943 3.59035050244639 3.41634001238324 8.83095388277754 3.08270837304021 3.57538636594844
"tau" 7.62377788602534 6.74476542742555 2.6724791004102 1.60936443629989 0.869902437033012 0.380238742878491 4.13798203941111 0.232160247928871 0.541175534416204 0.473310646179514 3.4481724919239 0.360173577720808 0.447039068048054 1.03388209415198 0.0722105449700044 15.2612133856102 0.479927891371069 0.982171296076767 0.200117723082069 0.268610207824557 0.53977671043371 16.2596970021609 0.158388172024734 0.117244666977913
"(N0,N1)" 0.0262848481415799 0.018086726865252 0.0502000425382805 0.0464143412349579 0.0738754482237808 0.0552962413372894 0.0295645448990774 0.0175252560196473 0.0701395589433371 0.041631798293058 0.0480189917117341 0.0492186844800366 0.0148979438392632 0.0668358395774805 0.102182024493045 0.0178370170393893 0.0636117044309818 0.0668765066156276 0.0441946160644374 0.0764843250907999 0.0621655629240922 0.0269440871492263 0.0631436570515315 0.102386968402551
"(N0,kluyveri)" 0.0730698573374357 0.065896823793256 0.150017144875684 0.196760034205585 0.310650229424422 0.404512713460707 0.0926985616025152 0.427835969286858 0.25795371177595 0.353891138683461 0.148879784307789 0.388190814882521 0.244107635224593 0.289873085612758 0.534481737208643 0.0552796029582006 0.338706393193537 0.29274463795356 0.502462182851491 0.510128359859225 0.322476265814624 0.070407164532897 0.542084460728055 0.457893036004603
"(N1,N2)" 0.0217499178015432 0.0240171566305502 0.0408911436740799 0.0725734344567857 0.15269871130962 0.256867753010019 0.038456170373737 0.307671465601867 0.108924329289205 0.213255107572202 0.0542672775112815 0.229530800684295 0.160491880965517 0.137995807025004 0.270448345792797 0.0206653712757325 0.183996785269325 0.149413030373115 0.330384324181527 0.324102757788239 0.157649764291951 0.0185468257014367 0.338279572980707 0.238544113675678
"(N1,castellii)" 0.0467850091958558 0.047810096928004 0.0998171023374036 0.150345692970627 0.236774781200641 0.349216472123418 0.0631340167034378 0.41031071326721 0.187814152832612 0.312259340390403 0.100860792596055 0.338972130402484 0.22920969138533 0.223037246035277 0.432299712715599 0.0374425859188113 0.275094688762555 0.225868131337932 0.458267566787054 0.433644034768425 0.260310702890531 0.0434630773836707 0.470206877807804 0.355506067602052
"(N2,N3)" 0.00589109105682157 0.00573415747871568 0.00906217925934286 0.0126227512071313 0.0101215248037836 0.01367190912123 0.00553945600286133 0.0145573684728869 0.00983106785691731 0.0123447509993481 0.00784582086760488 0.016317034172682 0.00598804099472401 0.0155774322582893 0.0205859684390749 0.00125049506535187 0.00698952946859082 0.0124654318208203 0.010027287527938 0.0165726172253828 0.0183881996017417 0.0054173383009889 0.0213597912172404 0.0224925659086158
"(N2,bayanus)" 0.0250350913943126 0.0237929402974538 0.0589259586633237 0.0777722585138417 0.0840760698910216 0.0923487191133992 0.0246778463297009 0.102639247665343 0.0788898235434076 0.0990042328182003 0.0465935150847734 0.109441329718189 0.0687178104198131 0.0850414390102735 0.161851366922802 0.0167772146430789 0.0910979034932296 0.0764551009648173 0.127883242605527 0.109541276980186 0.102660938598581 0.024916251682234 0.131927304827097 0.116961953926374
"(N3,N4)" 0.00336999766834367 0.00469925288146512 0.0117565441017761 0.0193158982534075 0.0192321470459271 0.0147092711107901 0.00275759059322457 0.0231699369672073 0.0141563387363821 0.0211775808106894 0.007102900443826 0.0266516688385747 0.00754852398537704 0.0156753592044174 0.0328189870790248 0.00404680369484474 0.0245117938052565 0.0136833124046959 0.0280505042936822 0.0191577304227695 0.0150889761207823 0.00575540002897963 0.021954066834713 0.023205334010833
"(N3,kudriavzevii)" 0.019144000337491 0.0180587828187381 0.0498637794039808 0.0651495073067103 0.073954545087238 0.0786768099921693 0.0191383903268395 0.088081879192456 0.0690587556864903 0.0866594818188521 0.0387476942171686 0.0931242955455073 0.0627297694250891 0.0694640067519842 0.141265398483727 0.015526719577727 0.0841083740246388 0.063989669143997 0.117855955077589 0.0929686597548029 0.0842727389968392 0.019498913381245 0.110567513609857 0.0944693880177585
"(N4,N5)" 0.00366914711045383 0.00241699642148179 0.0163670312698007 0.0191209747692411 0.0206397452981133 0.0265675625093995 0.00835732832030487 0.0253874470674383 0.0199488332398659 0.0235542272161285 0.0107003908051653 0.0315923192840717 0.0229575117107032 0.0206159008010711 0.037126410803521 0.00633798781508646 0.0226131764390528 0.01806425751744 0.0347991611960934 0.0300755732927415 0.0252290893278235 0.00822565085212719 0.0236120266353014 0.0253584740656457
"(N4,mikatae)" 0.0157740026691473 0.013359529937273 0.0381072353022047 0.0458336090533028 0.0547223980413109 0.0639675388813792 0.0163807997336149 0.0649119422252487 0.0549024169501081 0.0654819010081628 0.0316447937733426 0.0664726267069326 0.0551812454397121 0.0537886475475668 0.108446411404702 0.0114799158828823 0.0595965802193823 0.0503063567393011 0.0898054507839068 0.0738109293320334 0.0691837628760569 0.0137435133522654 0.088613446775144 0.0712640540069255
"(N5,cerevisiae)" 0.0121048555586935 0.0109425335157912 0.021740204032404 0.0267126342840617 0.0340826527431976 0.0373999763719797 0.00802347141331009 0.0395244951578104 0.0349535837102422 0.0419276737920342 0.0209444029681773 0.0348803074228609 0.0322237337290088 0.0331727467464957 0.0713200006011812 0.00514192806779579 0.0369834037803295 0.0322420992218611 0.0550062895878134 0.0437353560392919 0.0439546735482335 0.00551786250013823 0.0650014201398426 0.0459055799412798
"(N5,paradoxus)" 0.0121048555586935 0.0109425335157912 0.021740204032404 0.0267126342840617 0.0340826527431976 0.0373999763719797 0.00802347141331009 0.0395244951578104 0.0349535837102422 0.0419276737920342 0.0209444029681773 0.0348803074228609 0.0322237337290088 0.0331727467464957 0.0713200006011812 0.00514192806779579 0.0369834037803295 0.0322420992218611 0.0550062895878134 0.0437353560392919 0.0439546735482335 0.00551786250013823 0.0650014201398426 0.0459055799412798
"(N0,N1,tau)" 6.2716998596126 3.75806601835279 1.67038469923827 1.10302396554474 0.799089097241665 0.336358419978964 2.56358344590412 0.198724445128427 0.37305986636388 0.415040010980713 2.45473460764516 0.300143134846412 0.337520294326733 0.923457664635098 0.062797991960147 9.02757729717762 0.38371732631688 0.793616153818771 0.18984860400762 0.245108472154007 0.432360249084861 10.3105003522924 0.158609140660552 0.0957104647557443
"(N0,kluyveri,tau)" 0 0 0 0 0 0 0 0 0 0 0 0 0 0 0 0 0 0 0 0 0 0 0 0
"(N1,N2,tau)" 10.4429613406964 6.73062055147228 2.18945643031376 1.195921323405 0.795408378508603 0.308726082912082 3.84350766174697 0.192246937887283 0.399042753349226 0.403582148466116 2.5598221103899 0.326598141114768 0.287813870298945 0.951604862376212 0.0659404224990883 13.6513881263901 0.446119898794752 0.910534690580911 0.183036484046268 0.262248691543056 0.469587512159031 14.6737293297999 0.151765858120406 0.109111453159809
"(N1,castellii,tau)" 8.45929186709423 5.72412706601892 2.66509335059966 1.80910076032912 1.0330665648408 0.396000528355165 5.08815518125444 0.246658774671659 0.498558679558479 0.432272240234768 3.95636228443067 0.3634024616724 0.661410035010458 1.06720770557193 0.0756801834738487 13.3241989278622 0.467458331474412 0.972306661697722 0.191047024639521 0.275298259990614 0.61393064967352 15.1353200003594 0.156894679637498 0.129771316942937
"(N2,N3,tau)" 4.93119509924434 7.22931210984464 2.19582295979211 1.49139405539834 0.802731031084459 0.233040136374455 5.71787790040901 0.162825278102297 0.398178544039659 0.325627258383044 3.11736061363928 0.339023975486632 0.24779725381854 0.800814041052226 0.064969976867114 24.6275058639913 0.394816793221685 0.816597890035722 0.188605489001108 0.26114756481704 0.415676252561199 16.4005339992975 0.138222519405557 0.0889307515076759
"(N2,bayanus,tau)" 7.99957488073121 5.69115845456582 2.3427872440899 1.50976080624048 0.71468345208774 0.390456217232049 4.95231733951076 0.219587811184733 0.516097428932948 0.488809842096173 2.84065135804486 0.292957644975121 0.392721053150415 1.05952434564141 0.0639410943187991 12.921012256107 0.493188963695758 1.05690019983755 0.188995442600542 0.282482709925032 0.52738333293443 18.9430328376356 0.149293558898508 0.127619935007633
"(N3,N4,tau)" 5.7771541315287 8.55472169630065 3.45790468198328 1.9012213056466 0.678423636684753 0.45138452686075 4.96224443804929 0.314998973745488 0.646227417062399 0.750693777660244 4.36954383409982 0.640018365511779 0.659048981116315 0.972717140265156 0.0812910853484758 23.8182578553998 0.534918418680259 1.18954162982642 0.218980557833752 0.273017090485157 0.54123024122001 22.8760319150044 0.169289248572789 0.120173333691863
"(N3,kudriavzevii,tau)" 3.85562144270003 5.70034083762572 2.96644357683901 1.36499631271389 0.738330885943009 0.322380389029652 3.4818249445965 0.215971998639848 0.478770914251454 0.465320229337293 3.06042251770649 0.346072700606637 0.392438069155429 0.93539841089453 0.0680493813226574 14.6173950144082 0.40231936934614 0.850446698182946 0.183214694050816 0.227848458350884 0.498355674324192 10.2683831266636 0.129734774413425 0.084054842625795
"(N4,N5,tau)" 9.80696829516351 7.94903507253668 3.105432758267 1.70253651030461 0.622410528209815 0.455680051916627 3.55322556308666 0.28534941142072 0.584195726401339 0.633305868338639 3.28517210732677 0.325914571458215 0.519808157171865 1.11154831555656 0.0880831687971358 15.3639003182593 0.526557417127361 1.18506812932285 0.312856271111548 0.282429657548753 0.490227159270599 39.1634979920534 0.203062709582238 0.140204278884782
"(N4,mikatae,tau)" 10.0964404046877 9.02821971275671 3.00079963795896 1.74669089014403 1.10059657930672 0.451353120000592 2.64855533921804 0.248341817751236 0.808036096297568 0.515861312034773 5.39390255824668 0.447202512091746 0.522453810402994 1.22565788958467 0.0807956209457414 27.9882956785166 0.545869522749139 0.981242479583485 0.244434177126859 0.263759543301854 0.598972614680926 13.1018131328689 0.146110706889139 0.125218396759826
"(N5,cerevisiae,tau)" 5.57989903961289 15.3705862578382 3.29759165088258 2.24896417932843 0.872041815303478 0.661100453939191 4.5263891685155 0.295224011338155 0.835059529644746 0.671233903063152 4.00536032797285 0.461074485560331 0.483924405447886 0.976345519456208 0.0911471313727249 9.35654173569475 0.624341457791857 1.40770607476865 0.238133770114335 0.308686034716158 0.659830831088081 45.1805475927819 0.202449839457008 0.125436390308944
"(N5,paradoxus,tau)" 8.06124367377732 3.48769765100076 2.61615480130194 1.59791559565879 0.870618760793505 0.275691358774296 2.538177566151 0.249168812312336 0.555080261167324 0.475512704667243 2.90075040015656 0.311936036786239 0.348184674629095 1.12459629514693 0.059415024506171 22.4953265494842 0.535121053659562 0.889809403625164 0.192260843452733 0.268515850539931 0.411882560889901 30.661859934022 0.214136023741081 0.109032558397037
