"YLR406C_YDL075W" "YER131W_YGL189C" "YDR502C_YLR180W" "YHR106W_YDR353W" "YIL057C_YER067W" "YPL087W_YBR183W" "YNL069C_YIL133C" "YDR518W_YCL043C" "YGR043C_YLR354C" "YPR157W_YGR141W" "YDR099W_YER177W" "YBR024W_YBR037C" "YPL037C_YDR252W" "YPR159W_YGR143W" "YGL133W_YPL216W" "YBR191W_YPL079W" "YNL049C_YIL109C" "YPL232W_YMR183C" "YLR284C_YOR180C" "YIR033W_YKL020C" "YMR243C_YOR316C" "YER102W_YBL072C" "YAL056W_YOR371C" "YDR438W_YML018C"
"length" 336 354 1143 954 465 918 591 1494 993 1209 744 831 426 2007 2862 477 2502 864 804 2511 1119 594 1965 993
"ll" -1313.93900955421 -1397.79019529684 -7015.82826269898 -6777.72097263814 -3761.26904256257 -8096.35490885707 -2532.96464237347 -13620.7297327267 -7501.28527019478 -10632.6104327125 -4244.9261210635 -7505.92446010647 -3157.94962763126 -16130.0912290689 -29973.610334976 -1671.42810013876 -21132.1718340585 -6703.79917051356 -8020.97502878075 -23803.2200851987 -9686.45949821629 -2349.00519467845 -19927.7191579002 -9189.6360494508
"pi_a" 0.293950873871113 0.300579909502954 0.246473643123121 0.265202629466076 0.319941868508667 0.263023866814071 0.269265767817304 0.284486396494598 0.291421837498784 0.269151212319461 0.260981079686028 0.287641363007085 0.320670517928933 0.281866729756406 0.34034193814399 0.282068628747339 0.298438533440399 0.317882627002694 0.292336751628416 0.314308191074079 0.267423204333575 0.266436019361319 0.315612038330728 0.267809747523314
"pi_c" 0.206788551282865 0.280928467091047 0.23594433074371 0.240626310114749 0.232755003183067 0.187950319765785 0.229267706730529 0.245576543365944 0.225113272415576 0.221050083842433 0.255309507129844 0.214399686486246 0.246368458605525 0.235407207416435 0.189203936485718 0.241297755944888 0.221691675776447 0.224666265472432 0.20210755440931 0.214689346166961 0.232233312122575 0.249104833500647 0.20383498098142 0.204518300992974
"pi_g" 0.19575292869827 0.172478251355669 0.186481411489614 0.215207417233902 0.184748825373442 0.206309585628987 0.194439717048128 0.190226702020526 0.189714131448433 0.218266939112661 0.176548597249425 0.211081049019795 0.184737953434832 0.190073386941871 0.191934240406038 0.172693189045684 0.181428180765183 0.198978641063761 0.215908856705721 0.182924291419427 0.196210761301154 0.195141606437016 0.198875134939357 0.199098678387039
"pi_t" 0.303507646147752 0.24601337205033 0.331100614643554 0.278963643185273 0.262554302934825 0.342716227791157 0.307026808404039 0.279710358118932 0.293750758637208 0.291531764725444 0.307160815934703 0.286877901486874 0.24822307003071 0.292652675885288 0.278519884964254 0.303940426262089 0.29844161001797 0.258472466461112 0.289646837256553 0.288078171339534 0.304132722242697 0.289317540701019 0.281677845748494 0.328573273096673
"kappa" 10.9439694354588 12.7127791852889 6.80367175159975 4.98981117396353 4.14740142780991 3.35495236850232 7.0291108481716 3.58796277651581 4.52434483269232 3.28335699421395 9.46746715839491 3.52762532241727 4.2569100226438 3.55092545256884 3.41952334308847 13.1272587784985 3.68140857507189 4.79543456575459 3.43369869681173 3.5166655557178 3.34678950589895 8.83365321910513 3.01156076767287 3.50891986734271
"tau" 0 0 0 0 0 0 0 0 0 0 0 0 0 0 0 0 0 0 0 0 0 0 0 0
"(N0,N1)" 0.00676763594766489 0.0421822418884336 0.101948663838336 0.0198462740120901 0.0228922421983352 0.0321042894475219 0.0133533249327216 0.0154000651556291 0.0687282962088912 0.0151471863661029 0.0094903294581271 0.0367463981712274 0.0172004659636897 0.0165470568457355 0.125789528570242 0.00368882007265948 0.05145984579059 0.0271296545890236 0.0199102388366239 0.0490335714110545 0.0423319738995206 0.00182199509495962 0.0293433844959308 0.131885872245204
"(N0,kluyveri)" 0.0823581812508396 9.47907643918681e-07 1.38735200271083e-06 0.143779502693623 0.339145009254762 0.34417689049835 0.0704847493958238 0.291710812047373 0.131054825366522 0.303299383152615 0.143491094158723 0.276294407900147 0.157910696372347 0.308023883956622 0.330625744124502 0.0429660988110075 0.232513717140681 0.25749581887268 0.471945843180655 0.426035071052735 0.240592300394794 0.076501014353714 0.589323693085405 0.234605747665755
"(N1,N2)" 0.0312794619353853 0.0377849938897876 0.0498958158280701 0.112868690191036 0.158031984290986 0.284376504384969 0.053010542971526 0.377437271816664 0.129249477743113 0.205968408091877 0.0887123880409259 0.278948829570491 0.275334878104462 0.155807824003687 0.321279043452826 0.0425593882422725 0.18838096698715 0.164570852356034 0.351912830660428 0.336919280549109 0.204763042430314 0.0236469470065226 0.34395711220503 0.312492425373555
"(N1,castellii)" 0.0397258788430031 0.057982739551008 0.150366269246539 0.131630800334585 0.254147428568517 0.342708706320984 0.0734208551276681 0.372785497028914 0.21552160356036 0.362880958001563 0.0953781848147199 0.319995441771987 0.117506265651041 0.22668466695222 0.397182108661321 0.0407385362858981 0.321173610357653 0.266711067998829 0.430648486656425 0.452952588328563 0.233666752109399 0.0722608038819915 0.447127349111381 0.317926865645176
"(N2,N3)" 0.0104137376408593 0.014797746232146 0.0308787553101957 0.0348168206598474 0.0271615551217893 0.0440996739275693 0.0103303963695579 0.0357551392207332 0.0323053146895364 0.0365752292245323 0.0250421902538387 0.0444230336204405 0.0214800456243992 0.0403620631845513 0.0624547241782278 0.0116939079897834 0.0320348683765636 0.0268822454986222 0.0542739602181875 0.0457030465481845 0.0482471618659149 0.0122517244101118 0.0620683514450264 0.0479189573382161
"(N2,bayanus)" 0.025872372505911 0.0212838280530311 0.0403132533710674 0.0758496910098255 0.0834222196436706 0.0655322238752189 0.0356007604424761 0.0907800660054067 0.0566462689387306 0.0804652307908573 0.0549957236712459 0.0871688395944352 0.0681329898225615 0.0770273947167528 0.107771109156647 0.00978179540054294 0.0675183797890996 0.0791141973574015 0.0770522432128444 0.0874952887455175 0.0829879140675807 0.0341235919430399 0.0870329948925337 0.0945569986073745
"(N3,N4)" 0.00706768203391859 0.0124411456979744 0.026549057844113 0.0387128721113235 0.0351479302617027 0.0296272103429106 0.00289093925159712 0.0403038750520043 0.0254189080519569 0.0355512398143043 0.0220445383140864 0.0468293134550235 0.0162645797621027 0.0281952950271358 0.0529863363664105 0.0102135707001046 0.0421356060948012 0.0280014616310667 0.0531327910015858 0.0348628619149159 0.0258484417507294 0.00666451312659491 0.0365582346397889 0.0411356903847954
"(N3,kudriavzevii)" 0.0275106426817002 0.0174687039034098 0.0566658129377668 0.0720262876302847 0.0676955309846227 0.0731711792824207 0.0316735305359835 0.0739128827384991 0.0699388493237959 0.0792814179462379 0.0353512752147183 0.0846320960543606 0.0648648326273869 0.073890585960139 0.124273379300498 0.0299256615616927 0.074685068076551 0.0618171581348968 0.0892003208003727 0.0738676380374375 0.0960996516926921 0.0451343871298733 0.096266848641282 0.0716319845138972
"(N4,N5)" 0.00302573101629259 0.00485692162571444 0.0252505771500384 0.0320971988591254 0.0318729385513147 0.0353489141232417 0.00905600603322802 0.0341760218196086 0.0270128695803438 0.0311374881980682 0.0211041507816786 0.0394833848623163 0.0343410991862352 0.0278430494231067 0.0426395828591488 0.00666999020810737 0.0335857886191071 0.0255220420976119 0.0465595497219778 0.0383145951944241 0.0284207502229232 0.0112033070329633 0.0374070374006542 0.0378579981356576
"(N4,mikatae)" 0.0364719544474157 0.026653933895734 0.0597525469048301 0.0695600117191177 0.0706687072033226 0.0808476664689749 0.0273189584774142 0.0771127628219776 0.0745922893549337 0.0819476844863496 0.0577814690339633 0.0884116857402149 0.0734561881616144 0.0782782031998532 0.126703121109084 0.0238212034980767 0.073127103264106 0.0710584240507308 0.109591571081752 0.092685606344443 0.0976680447829914 0.0172974518282011 0.0821481499238739 0.0734167302412316
"(N5,cerevisiae)" 0.0191643893139501 0.020778276680469 0.0330085276173254 0.041446480927288 0.0646177454961998 0.0666358919733369 0.0175195002535547 0.0508753830751333 0.0492755778191397 0.0588271551903335 0.0452980252843693 0.0510943691571951 0.0493292279751478 0.0510418495463297 0.0959853598503521 0.0103268973184144 0.057179467962053 0.0604755804744304 0.0780425133616229 0.059647549498491 0.0661438054099107 0.00374158383531694 0.0602943409760733 0.069245973901803
"(N5,paradoxus)" 0.0142979636957954 0.0182754468846738 0.0317676415812629 0.0390089177910129 0.0283551099990045 0.0267403298946475 0.00491091072703361 0.044479911574412 0.0378368485865941 0.0443028580752721 0.0251914412174283 0.0327912895377227 0.0365008467313427 0.0374666327764287 0.0605392408221874 0.00674860391952453 0.0374537238214439 0.0244704003596977 0.0540471252065877 0.0444628244593458 0.0386940879621809 0.0117532754416056 0.0994753546500882 0.0418787807768627
"(N0,N1,tau)" 0 0 0 0 0 0 0 0 0 0 0 0 0 0 0 0 0 0 0 0 0 0 0 0
"(N0,kluyveri,tau)" 0 0 0 0 0 0 0 0 0 0 0 0 0 0 0 0 0 0 0 0 0 0 0 0
"(N1,N2,tau)" 0 0 0 0 0 0 0 0 0 0 0 0 0 0 0 0 0 0 0 0 0 0 0 0
"(N1,castellii,tau)" 0 0 0 0 0 0 0 0 0 0 0 0 0 0 0 0 0 0 0 0 0 0 0 0
"(N2,N3,tau)" 0 0 0 0 0 0 0 0 0 0 0 0 0 0 0 0 0 0 0 0 0 0 0 0
"(N2,bayanus,tau)" 0 0 0 0 0 0 0 0 0 0 0 0 0 0 0 0 0 0 0 0 0 0 0 0
"(N3,N4,tau)" 0 0 0 0 0 0 0 0 0 0 0 0 0 0 0 0 0 0 0 0 0 0 0 0
"(N3,kudriavzevii,tau)" 0 0 0 0 0 0 0 0 0 0 0 0 0 0 0 0 0 0 0 0 0 0 0 0
"(N4,N5,tau)" 0 0 0 0 0 0 0 0 0 0 0 0 0 0 0 0 0 0 0 0 0 0 0 0
"(N4,mikatae,tau)" 0 0 0 0 0 0 0 0 0 0 0 0 0 0 0 0 0 0 0 0 0 0 0 0
"(N5,cerevisiae,tau)" 0 0 0 0 0 0 0 0 0 0 0 0 0 0 0 0 0 0 0 0 0 0 0 0
"(N5,paradoxus,tau)" 0 0 0 0 0 0 0 0 0 0 0 0 0 0 0 0 0 0 0 0 0 0 0 0
