"YLR406C_YDL075W" "YER131W_YGL189C" "YDR502C_YLR180W" "YHR106W_YDR353W" "YIL057C_YER067W" "YNL069C_YIL133C" "YDR518W_YCL043C" "YGR043C_YLR354C" "YDR099W_YER177W" "YMR143W_YDL083C" "YJR048W_YEL039C" "YBR191W_YPL079W" "YDR418W_YEL054C" "YPL232W_YMR183C" "YLR284C_YOR180C" "YBL087C_YER117W" "YGL062W_YBR218C" "YIR033W_YKL020C" "YER102W_YBL072C" "YAL056W_YOR371C" "YDR438W_YML018C"
"length" 112 118 381 318 155 197 498 331 248 134 108 159 163 288 268 136 1129 837 198 655 331
"ll" -1182.13661957823 -1211.07732036977 -5889.20642200617 -5817.49802826152 -3314.50567599012 -2334.08268038456 -15639.8253388298 -6811.28640628662 -3491.43722007324 -1224.02743162591 -1881.27560443575 -1479.09854172527 -1751.24034943961 -5797.79918607689 -9382.47957248133 -1372.14345466357 -18886.8405751435 -27688.6450637735 -2062.98340878414 -24050.7105929762 -10485.0290440079
"pi_a" 0.322837888754788 0.328909187551364 0.256252277036748 0.286787280339972 0.28272414458473 0.281527469350423 0.322967114348075 0.281480626795551 0.288290720700043 0.295705862899779 0.302064375989311 0.302095877368846 0.298558533394413 0.318980310743516 0.323039172213019 0.267849450485383 0.281596999207217 0.322912383534377 0.293063621624018 0.322920214612565 0.323026537826472
"pi_c" 0.186364200989996 0.23987645958441 0.209715109969489 0.210530146085869 0.215077769005823 0.203220286689147 0.172625108267045 0.228125362378276 0.22522762619911 0.205725907176058 0.200019467892524 0.216709896017762 0.209344292542781 0.207929422258499 0.166854783139134 0.190815985861461 0.206481627183282 0.16905918863942 0.214212931603804 0.167935898853027 0.165057143865162
"pi_g" 0.201830019482703 0.180692440429983 0.216389706742348 0.212936238271939 0.231646122297662 0.203257357434041 0.202173802443797 0.195760179549645 0.174420579167226 0.190436027958635 0.225555491749652 0.186125177758286 0.185720903644658 0.218903091865152 0.202169307143431 0.22052375746309 0.197346358251628 0.202177212538981 0.204652742826318 0.202176724836246 0.202170095795736
"pi_t" 0.288967890772513 0.250521912434244 0.317642906251415 0.28974633530222 0.270551964111785 0.311994886526389 0.302233974941083 0.294633831276528 0.312061073933621 0.308132201965528 0.272360664368514 0.295069048855106 0.306376270418148 0.254187175132834 0.307936737504416 0.320810806190066 0.314575015357873 0.305851215287222 0.288070703945861 0.306967161698161 0.30974622251263
"kappa" 6.27691761152508 6.78470990719454 4.33279574680757 3.66588298374389 2.2265919705019 5.44661973363283 4.61385054460447 2.9566364563616 5.41589625958634 7.83351137163181 2.87018916450773 7.94075808260129 8.39861816464742 3.07644417545599 4.58595464712939 8.43207650069658 3.49014460121537 4.55646522783323 7.09978149151747 4.46938508150211 4.57363435045671
"omega" 0.0847511663580582 0.0525583191016026 0.0676308732470318 0.0584828930894059 0.0343324820936875 0.166815965733571 0.118166833371497 0.103784663443096 0.0247362362517359 0.0554776126166668 0.0619485846335076 0.090388882384104 0.0755933174344736 0.0494100487409202 0.116031990266173 0.0550939629575242 0.0469781346777713 0.116762505998097 0.186753393714266 0.120670613551745 0.111845599969236
"tau" 1.73132338992483 1.29706053138603 1.8161426036565 0.171800469866309 0.292587309560153 1.30782635620598 3.50389588531806 0.0603437417334495 0.376011971733703 3.59209541988564 0.402947696116626 4.05128219410187 1.36107473933352 0.258933139647685 3.50838056447386 2.94091182532877 1.08826717210381 3.50890470554307 4.93899447079637 3.50026411729532 3.41167672078597
"(N0,N1)" 0.043334518587412 0.0171400853374549 0.235340327733734 0.0669641636070103 0.484110455108242 0.059390922288977 0.0537459370765224 0.255341664168507 0.0373123298519303 0.0131778123171199 0.021567163684539 0.00662803404788224 0.0118927079258874 0.407244604223518 0.0537973238589183 0.0107186914155189 0.128010181791548 0.0536847802555227 0.0359370369049496 0.0527338510579264 0.0542930475841981
"(N0,kluyveri)" 0.246063485549635 0.22042316937718 0.679548335326855 0.838180036783263 5.06810711769088 0.290394737381046 0.345529241924766 1.14614142449994 0.658407563271706 0.168687803419063 0.807525976693414 0.180123356306804 0.248036935585342 2.34578025126934 0.345906080243073 0.229625149027946 0.816310904648864 0.345100849791126 0.22214612804182 0.338992959321055 0.349085260221353
"(N1,N2)" 0.0779811153782779 0.115280739147349 0.242556806030045 0.419883880576525 3.05841789689708 0.145145108270222 0.0963089040352787 0.582849174952138 0.405091175672253 0.0920089513413718 0.54464560867791 0.113524094006036 0.155047027021526 1.60986381989059 0.0964093958286498 0.135246657780579 0.396473716356763 0.0961929400616269 0.101164888321294 0.0944899514454689 0.0972962869002256
"(N1,castellii)" 0.165199821666942 0.203283084039725 0.444208007593121 0.771215873176253 3.46895516078754 0.231003815092069 0.205887562783158 0.890799760331437 0.621095233419775 0.155509991101943 0.785958813008875 0.173495322258921 0.236144227659455 1.93853564704582 0.206134426007647 0.218906457612428 0.688300722857316 0.20561538560258 0.18620909113687 0.201978605842278 0.208025032727559
"(N2,N3)" 0.0194969777868512 0.0180095914896425 0.0482434173120275 0.0634270062944402 0.0876133788507332 0.0200834885822087 0.0246067704538854 0.0396777759270942 0.0410175081031429 0.0161399005053449 0.033017053141384 0.00423715446208021 0.00723873191644739 0.0681067305208315 0.0246349533381464 0.0213028206118644 0.0443782457600489 0.0245752414326787 0.0200951026770295 0.024140431333657 0.0248611319922918
"(N2,bayanus)" 0.0872187062886639 0.0880023448923766 0.201651201563076 0.351331992599728 0.410537263890462 0.0858587068218466 0.10957865874788 0.307950585379299 0.216004057747522 0.063501039760571 0.241313204330965 0.0599712282528855 0.0810972006379288 0.328671827155233 0.109725030178998 0.083659799831849 0.291827006500553 0.109422445540953 0.0850442028155759 0.107488654396809 0.110728745827333
"(N3,N4)" 0.0125412332221698 0.0184747814992978 0.0421962124222549 0.0772253618189447 0.0708651520329094 0.00783157805952642 0.015834541360242 0.0468551048258877 0.0215650358339727 0.0119366047243559 0.0232389769508508 0.0173973587705062 0.0185344042218539 0.0490273529751261 0.0158534739811828 0.0158636378167383 0.0627178379820733 0.0158136484708176 0.0226804579528777 0.0155339422396419 0.015998887050894
"(N3,kudriavzevii)" 0.0677217285018127 0.0699927534027341 0.153407784251049 0.287904986305288 0.322923885039729 0.0657752182396379 0.0849718882939941 0.268272809452205 0.174986549644379 0.0473611392552261 0.208296151189581 0.0557340737908053 0.0738584687214815 0.260565096634402 0.0850900768408513 0.0623569792199846 0.247448760740504 0.0848472041082744 0.0649491001385463 0.0833482230631517 0.0858676138350414
"(N4,N5)" 0.0114683489690586 0.00940616484241036 0.0392794508001509 0.0950002947999657 0.0964907947510965 0.0294000717928074 0.0145625877956522 0.0854992461893868 0.0580073316912107 0.00754029013105899 0.0620513365166602 0.0201905988630842 0.0190926144014584 0.0816769390989988 0.0146989224063638 0.00802255977001829 0.0727772728676714 0.014453130913345 0.0238740990922753 0.014092802442989 0.0148127183655237
"(N4,mikatae)" 0.0551804952796429 0.0515179719034363 0.111211571828794 0.210679624486343 0.25205873300682 0.0579436401801115 0.0691373469337522 0.221417704626317 0.153421513810406 0.0354245345308702 0.185057174238731 0.0383367150202991 0.0553240644996276 0.211537743659276 0.0692366028596684 0.0464933414032463 0.18473092275843 0.0690335556374568 0.0422686421856687 0.0678142808235099 0.0698687267841475
"(N5,cerevisiae)" 0.0437121463105843 0.0421118070610259 0.0719321210286428 0.115679329686378 0.155567938255723 0.0285435683873041 0.0545747591381 0.13591845843693 0.0954141821191957 0.0278842443998112 0.12300583772207 0.0181461161572149 0.0362314500981692 0.129860804560277 0.0545376804533046 0.038470781633228 0.111953649890759 0.0545804247241118 0.0183945430933934 0.0537214783805209 0.0550560084186238
"(N5,paradoxus)" 0.0437121463105843 0.0421118070610259 0.0719321210286428 0.115679329686378 0.155567938255723 0.0285435683873041 0.0545747591381 0.13591845843693 0.0954141821191957 0.0278842443998112 0.12300583772207 0.0181461161572149 0.0362314500981692 0.129860804560277 0.0545376804533046 0.038470781633228 0.111953649890759 0.0545804247241118 0.0183945430933934 0.0537214783805209 0.0550560084186238
