"YLR406C_YDL075W" "YER131W_YGL189C" "YDR502C_YLR180W" "YHR106W_YDR353W" "YIL057C_YER067W" "YNL069C_YIL133C" "YDR518W_YCL043C" "YGR043C_YLR354C" "YDR099W_YER177W" "YMR143W_YDL083C" "YJR048W_YEL039C" "YBR191W_YPL079W" "YDR418W_YEL054C" "YPL232W_YMR183C" "YLR284C_YOR180C" "YBL087C_YER117W" "YGL062W_YBR218C" "YIR033W_YKL020C" "YER102W_YBL072C" "YAL056W_YOR371C" "YDR438W_YML018C"
"length" 112 118 381 318 155 197 498 331 248 134 108 159 163 288 268 136 1129 837 198 655 331
"ll" -1195.08198576143 -1220.87722478917 -5801.38498135628 -5816.55150262305 -3323.96215573194 -2381.43619727386 -12690.1253324776 -6785.25792952703 -3492.30752947683 -1246.97936024579 -1896.73219297778 -1533.39662667817 -1771.21642018766 -5805.86811882193 -7333.29985830295 -1415.2904988534 -19307.5144633991 -21765.4934765484 -2196.65837772452 -18539.1254559552 -8419.20674727324
"pi_a" 0.322445572685615 0.325357165000559 0.264411136996044 0.28711036943553 0.27783797941313 0.281088470759734 0.281790226531158 0.286712695309552 0.285954803967794 0.298220214238572 0.300695247947601 0.302405590087537 0.297617460822245 0.318376934036261 0.295695542923921 0.267840992250251 0.285307713840968 0.325462435477345 0.288405809808745 0.335103660608967 0.273720062031487
"pi_c" 0.18670259062005 0.2447777451958 0.223181118824899 0.209481405372119 0.214206657770514 0.200723730169574 0.250361283453002 0.221669033643436 0.225041989070245 0.196199324140253 0.202596811625215 0.214537481470204 0.209042106571459 0.208715411816088 0.18099882371484 0.1868274270516 0.200817056279945 0.187580380457843 0.215039553966817 0.171208015067437 0.19671500516319
"pi_g" 0.198725011333909 0.178019159566272 0.1959985113134 0.212754037835842 0.234788998939614 0.196330947353625 0.193598908048073 0.194751629903529 0.175788046440321 0.179116733058325 0.217354073116605 0.181040695224827 0.182415285060703 0.218291459911354 0.239549405092129 0.217483669389835 0.190370364841846 0.191292747512298 0.196655638832553 0.198459001640897 0.21703951723843
"pi_t" 0.292126825360426 0.25184593023737 0.316409232865657 0.290654187356509 0.273166363876742 0.321856851717068 0.274249581967767 0.296866641143483 0.313215160521639 0.32646372856285 0.279353867310579 0.302016233217431 0.310925147545593 0.254616194236297 0.283756228269111 0.327847911308315 0.323504865037241 0.295664436552513 0.299898997391885 0.295229322682699 0.312525415566893
"kappa" 5.97415468220414 7.09231584944287 3.89227866806936 3.52092573509571 2.22900035227977 4.64439098134794 2.50897638220499 2.91507276463371 5.11858574281282 9.93962402153872 2.5830547333942 7.70029448284614 7.67507885402943 3.12671189958541 2.42189101962815 8.30375130500728 3.40079951395887 2.64473399522542 5.78556969706022 2.4957424920561 2.81678255905342
"omega" 0.0746327527332284 0.048116811213231 0.0399467848383915 0.0609854494689677 0.0323466777930568 0.152659827326045 0.124067243023575 0.111368974864129 0.0249030990828127 0.021161918693988 0.0628248301974499 0.0744918614425973 0.06573088591622 0.0518646161419517 0.0926292122137482 0.0501831366795579 0.0449740891646347 0.0856746325280009 0.134448126603044 0.123063978770993 0.105819260284753
"tau" 0 0 0 0 0 0 0 0 0 0 0 0 0 0 0 0 0 0 0 0 0
"(N0,N1)" 0.0193464563685144 0.00314364469499212 0.079842290687048 0.0560251915563267 0.228290825367372 0.0289408915624666 0.0795769528750922 0.295397701745795 3.49157377868103e-06 5.94887420715378e-07 0.0189047751123082 0.000743887818202991 0.00764209293922533 0.326119562077164 0.120241861265478 0.00406300359346251 0.0132867471359508 0.383289498472334 1.48992733849312e-06 0.203815516591749 1.01941673377752
"(N0,kluyveri)" 0.269622235111834 0.168510255058061 0.358370304527998 0.602114164369919 5.78244773610711 0.230299989970265 1.63021021182832 0.515923406241609 0.687345725575667 0.0909617815746607 0.566253763055102 0.142799808545678 0.224366289469776 2.09708947067504 3.24887685036145 0.24825873768582 1.0815401559273 3.17589554060236 0.247192379357755 3.70234646871157 1.1575198294648
"(N1,N2)" 0.0908573790625991 0.123929450697004 0.18331697649881 0.575966169443276 2.72084824087583 0.18106163888856 2.43429639182204 0.570462527305323 0.448493105199431 0.127083841099035 0.638062894790453 0.147946382790832 0.201509991188766 1.11147986429848 2.50768010720565 0.130742160891699 0.14821479903528 2.86973924781245 0.0786620415090365 2.1247954157905 2.14099499976013
"(N1,castellii)" 0.135098747062493 0.213946418801597 0.685791702981843 0.564081515829312 4.23809878261086 0.242461336617725 2.15433806093033 0.959309161874132 0.435626289043206 0.128652995682382 0.633388160836354 0.13815457646831 0.184888418302584 2.35638560607935 3.10161807761548 0.173276221144129 0.876506407189032 3.35738592747249 0.241234131387816 2.79785494537545 1.73358179077027
"(N2,N3)" 0.0304987267370104 0.0479316871092054 0.0792169318032215 0.12781201832784 0.176746106513588 0.0309905572476624 0.1418240413784 0.105511374500454 0.0835110582654212 0.0418050475763708 0.139346575763938 0.0338781342014539 0.0241959496338825 0.124117910938762 0.210545199844533 0.0641243927434096 0.0851171777865847 0.191001395579594 0.0401524820007259 0.243129181195867 0.143129504830394
"(N2,bayanus)" 0.0810470989981022 0.0661424877751503 0.169158511173011 0.273064611086908 0.333422576028098 0.110826108314736 0.315019021610487 0.193973399402823 0.197195912629923 0.0523479371504585 0.138572517833524 0.0321739677136768 0.049109094971631 0.269351043713205 0.280401502152252 0.0522023155190452 0.240395258414987 0.306190565667095 0.107134876161528 0.330666095193297 0.354856437193556
"(N3,N4)" 0.0210205019187153 0.0410050156728605 0.0942094636216234 0.143825462222827 0.156081907250183 0.00732696080781287 0.134683289503883 0.0776731566334191 0.0730076140032889 0.0106128122737925 0.0364744749027601 0.0305269232415639 0.0365817686424575 0.105329438879785 0.193722113667954 0.03061707877507 0.116463619753683 0.116327239186564 0.019736161770885 0.110477125917264 0.143636667310353
"(N3,kudriavzevii)" 0.0851954526091796 0.0571604248159921 0.200524484062915 0.244293031518183 0.281680171445356 0.0979448869880754 0.262726603870357 0.238998354526615 0.120152980205072 0.113432515779977 0.263861051025916 0.0989847379647953 0.107769337198042 0.208426129081236 0.336014323826961 0.0809920203922956 0.246991764226711 0.270793887451318 0.143448000335775 0.346367269208756 0.232883409351224
"(N4,N5)" 0.00570792502425974 0.014457000767524 0.0818063287554655 0.118147376026927 0.102112113083575 0.0275337600648877 0.109790938604853 0.0940011223409791 0.0688849830209007 0.00720088129199755 0.0791698310814924 0.0215001853099484 0.0328362726539574 0.0882837731437148 0.149059756405274 0.00658068478991803 0.0921344320724337 0.132260754831804 0.0324411168263584 0.124385723932184 0.119556200599131
"(N4,mikatae)" 0.114715337908986 0.0850635507847832 0.222188511624637 0.249348307305545 0.309895261953286 0.086425984224421 0.270189311103501 0.254063246247781 0.211831188722662 0.084619723908179 0.223473633489558 0.075060391532202 0.0757365452961244 0.269396759696989 0.425435852356973 0.103129338510949 0.2606700018555 0.335647590552618 0.0556332609588184 0.289473862220694 0.252847588175565
"(N5,cerevisiae)" 0.0584204135940751 0.0644349290952425 0.10962982275204 0.13918532796784 0.256549844712091 0.0534909584491496 0.172983941249675 0.165087059508626 0.159755206625677 0.0512231953569379 0.179888107140916 0.0322005710795504 0.0738069735130751 0.218457822527981 0.277032406587329 0.0626691334127024 0.167031022887238 0.203532652745556 0.0112925909732114 0.19313131959929 0.230262447581543
"(N5,paradoxus)" 0.0433613023391629 0.0597805388160495 0.108819610559927 0.125735301432599 0.110074248388271 0.0144276755944801 0.145582433211484 0.122071700884399 0.0732861815233288 0.0419052930705863 0.12863109538151 0.0204293275929992 0.0307935709498496 0.0743514077589078 0.179065903609106 0.0513338311578807 0.128462360295504 0.14855275528283 0.0362019003901026 0.354644213638301 0.126840461869912
