"YLR406C_YDL075W" "YER131W_YGL189C" "YDR502C_YLR180W" "YHR106W_YDR353W" "YIL057C_YER067W" "YNL069C_YIL133C" "YDR518W_YCL043C" "YGR043C_YLR354C" "YDR099W_YER177W" "YMR143W_YDL083C" "YJR048W_YEL039C" "YBR191W_YPL079W" "YDR418W_YEL054C" "YPL232W_YMR183C" "YLR284C_YOR180C" "YBL087C_YER117W" "YGL062W_YBR218C" "YIR033W_YKL020C" "YER102W_YBL072C" "YAL056W_YOR371C" "YDR438W_YML018C"
"length" 112 118 381 318 155 197 498 331 248 134 108 159 163 288 268 136 1129 837 198 655 331
"ll" -1178.09909594857 -1205.18474531564 -5755.65129987565 -5794.30000202345 -3307.5580161609 -2322.82897131031 -12656.3509616314 -6779.74380293048 -3478.05259484659 -1209.75000137 -1875.13586979053 -1467.29434406714 -1739.17628494494 -5775.8439388752 -7332.40803984256 -1367.6792935917 -18865.238686284 -21734.5597860038 -2058.95625715011 -18524.4797113464 -8416.00223314519
"pi_a" 0.324264346773735 0.32916435316406 0.266488315838634 0.288875969660779 0.283106703408305 0.28260494354898 0.282740696651014 0.287041348904646 0.288351777334613 0.300037017659661 0.304220243807762 0.300352003408011 0.298387462537403 0.31928815048518 0.296086206348057 0.267849949872514 0.282876655385969 0.325797801898738 0.293139565639131 0.336067534536935 0.273704842105494
"pi_c" 0.187285691152457 0.240452523689123 0.224057222906929 0.208280636255842 0.214572349862002 0.202415430456648 0.249067927534621 0.221812879942851 0.224158815985346 0.197274216959975 0.199305797048438 0.213921816758396 0.209556538340893 0.20696456662945 0.180724217084761 0.190498571258643 0.20517321027575 0.187616095019029 0.213678042655442 0.171231710575284 0.196699709264069
"pi_g" 0.200818507022601 0.182383508471779 0.200978373623121 0.213743011049956 0.231931949312612 0.20149205919301 0.19536681726475 0.195129285603866 0.174890878975038 0.187973920252258 0.223576045327812 0.192163598118428 0.187134260729618 0.218265949854162 0.239677063416583 0.221038448906655 0.196669312741237 0.191803399126653 0.204823305949837 0.198340436566705 0.216642961073309
"pi_t" 0.287631455051207 0.247999614675037 0.308476087631315 0.289100383033422 0.270388997417081 0.313487566801362 0.272824558549615 0.296016485548637 0.312598527705003 0.314714845128106 0.272897913815988 0.293562581715166 0.304921738392086 0.255481333031208 0.283512513150598 0.320613029962188 0.315280821597043 0.294782703955581 0.28835908575559 0.294360318321076 0.312952487557128
"kappa" 6.2963393711208 6.60746396587465 3.8411638270008 3.68684763498465 2.21161027308318 5.43273598346795 2.51219467404812 2.92221613898253 5.1591748204828 11.4159344913955 2.83160493999432 8.16698003439831 8.40557417590729 3.08299576574213 2.42597656881725 8.44193248991185 3.52317644539891 2.65741793601666 7.12699252842711 2.51262841750077 2.83935834927529
"omega" 0.0856290777109823 0.0547083683926362 0.0415351538025154 0.0607810242505138 0.0340673779134672 0.172551742064282 0.117050042931257 0.110453961102521 0.0257312895804113 0.0243246146248253 0.0640862042195664 0.0927907392990547 0.0761824572259738 0.0470793859866716 0.0930417830040538 0.0560279182646738 0.0473980721428038 0.0853652876106241 0.189359107888789 0.122067775674654 0.105676105786476
"tau" 1.65198392698824 1.35689087667643 0.584919060566533 0.181963901405931 0.292104428923209 1.46452396425732 0.174591365669595 0.0767797732676137 0.356978280387948 3.1618517975198 0.382859366690656 3.83181540051515 1.40944619580111 0.274552423227218 0.0342462715403515 2.81034756348905 1.08650235002414 0.140428728771079 4.8672060998254 0.0688771510492337 0.0620143621623548
"(N0,N1)" 0.0406017276250337 0.0441239287891872 0.205046534202616 0.101542217044877 0.498799409947784 0.116220278730687 0.189957373916141 0.343592217330909 0.0219791549948086 4.83249297236972e-05 0.0408137919532191 0.035510404008572 0.0196647292112736 0.564127946833693 0.133923743449444 0.0172409176753096 0.134841115983401 0.60129233192667 0.0518812728006488 0.270948083453327 1.15509063298652
"(N0,kluyveri)" 0.237149614941269 0.114121018401792 0.233870371684435 0.553173294926514 5.05897626166703 0.131180038870968 1.55578862427191 0.480126040179418 0.642040328848645 0.0706958390009155 0.53256991764017 0.119273995699586 0.215649097465834 2.03688764765912 3.21092045650709 0.215992635983759 0.785575018903399 2.89166455651184 0.182808959763113 3.63487333501234 1.04104384739342
"(N1,N2)" 0.109035934078381 0.133462156903811 0.226575457367214 0.607061572783758 2.54458916375595 0.178995978483733 2.58646909947136 0.566151177241644 0.471952863105313 0.176692840678451 0.661112247263173 0.137897755824068 0.209278937278287 1.2165913190645 2.50246105852916 0.168025663053892 0.394507662860826 2.88848949700359 0.0902315882036262 2.14248622848413 2.13741972267686
"(N1,castellii)" 0.116995885594398 0.181567729211525 0.596303993016628 0.555611909536471 4.07968476531646 0.196940178064394 2.27823406072753 0.956914561948374 0.475401453188947 0.131547135277198 0.650638276522191 0.102116367041114 0.17172048558691 2.62479209660412 3.10472636064217 0.162134136329001 0.689955781848481 3.36532541377082 0.199637132318304 2.82029455187179 1.70694912302226
"(N2,N3)" 0.0269524225503 0.0350072305063901 0.0899806875087199 0.13359269858504 0.160096881010336 0.0251086643886545 0.131448231508243 0.1001178700848 0.0802931434588849 0.0287356787692042 0.110812625540695 0.0278876754120903 0.0257195769727965 0.12363363992632 0.21128348209969 0.0511502019920252 0.0937071027539643 0.199797643958355 0.0261287472737018 0.225942541328869 0.127104700141774
"(N2,bayanus)" 0.0746906418065973 0.0586695851901343 0.126263612742915 0.245934567416205 0.290833419486221 0.0778929140443264 0.301445433621826 0.190887796286445 0.162681571230212 0.0499718345389002 0.135495295885171 0.016875493631572 0.0266299247342511 0.239201608434455 0.273827048920778 0.0488507521827227 0.203234368293173 0.275676421725008 0.0713360429901813 0.335406564073388 0.359103171370871
"(N3,N4)" 0.0201277766162235 0.0346444026193219 0.0853187175057828 0.137545237136666 0.13606838124566 0.00565210996139198 0.128869875688604 0.0765943779810932 0.0647221812543901 0.00843747054619817 0.0298360230044365 0.0207156045106054 0.0321423571791844 0.0947043170978592 0.191272250216296 0.0285546210974995 0.103047772043694 0.111973809243931 0.0173994048639403 0.107606538766069 0.141553226672017
"(N3,kudriavzevii)" 0.0605769681275634 0.0458501973034674 0.172244592365442 0.227636177925827 0.251859536826857 0.0815332325400654 0.249345552511554 0.232153912006421 0.104331269786341 0.0763234003959103 0.223876543066717 0.0723362019964058 0.0853374839220515 0.191068596102528 0.330034755259172 0.0529763409721108 0.201464725273508 0.260352825318279 0.0837016672118809 0.339628811108513 0.228401687739973
"(N4,N5)" 0.0036554966724432 0.0105194369827931 0.0731314512388779 0.108159672239926 0.0943366884040014 0.0213721975356407 0.103697284705405 0.090381457717157 0.0573934760543674 0.00385788033089392 0.0712732054249988 0.0183386509754389 0.024942190083429 0.0813699629867239 0.147408984711448 0.00424461379928013 0.075623799955116 0.127170625698974 0.0304924693122138 0.121259697816489 0.11720740406241
"(N4,mikatae)" 0.0896809581444196 0.0639727626680794 0.188642447052217 0.230326123909568 0.269282772890542 0.0657943854322131 0.256099315736872 0.246844897101635 0.188710120083459 0.0539679742842368 0.185008775777171 0.0550788936976024 0.0566587610519905 0.242217379304931 0.419320856978972 0.0597388130139663 0.200065297574385 0.3201167880723 0.0299781662949011 0.282533800084862 0.248313234400004
"(N5,cerevisiae)" 0.0416569152791389 0.0524416657748885 0.0921292352411041 0.129791298786282 0.219311892201807 0.0402317419058894 0.164055336020678 0.160382881221239 0.136577189153548 0.0292414713268138 0.152771748758853 0.0169383997477886 0.0581546562026341 0.198357028286105 0.273392803945282 0.0524541141796094 0.135945806143956 0.194672973252181 0.0106730430121369 0.190666124100418 0.22636856997369
"(N5,paradoxus)" 0.0375611005442853 0.0396112981497109 0.0899626605690664 0.11322110852576 0.0958172573397432 0.0102660327988772 0.136977159328104 0.118887023248879 0.0618925749079385 0.0333822656711968 0.108878281128914 0.0191962939781083 0.021868485696135 0.0647460357152081 0.177322914318806 0.0251051412858116 0.0934874752445018 0.142772601180608 0.0275749086702133 0.344692447907445 0.124633031302774
