# YLR406C_YDL075W YER131W_YGL189C YDR502C_YLR180W YML026C_YDR450W YNL301C_YOL120C YHR106W_YDR353W YIL057C_YER067W YNL069C_YIL133C YDR518W_YCL043C YGR043C_YLR354C YDR099W_YER177W YMR143W_YDL083C YJL177W_YKL180W YJR048W_YEL039C YBR191W_YPL079W YDR418W_YEL054C YPL232W_YMR183C YLR284C_YOR180C YBL087C_YER117W YGL062W_YBR218C YIR033W_YKL020C YER102W_YBL072C YAL056W_YOR371C YDR438W_YML018C
1.120000000000000000e+02 1.180000000000000000e+02 3.810000000000000000e+02 1.410000000000000000e+02 1.850000000000000000e+02 3.180000000000000000e+02 1.550000000000000000e+02 1.970000000000000000e+02 4.980000000000000000e+02 3.310000000000000000e+02 2.480000000000000000e+02 1.340000000000000000e+02 1.830000000000000000e+02 1.080000000000000000e+02 1.590000000000000000e+02 1.630000000000000000e+02 2.880000000000000000e+02 2.680000000000000000e+02 1.360000000000000000e+02 1.129000000000000000e+03 8.370000000000000000e+02 1.980000000000000000e+02 6.550000000000000000e+02 3.310000000000000000e+02
-1.182136619578228419e+03 -1.211077320369774043e+03 -5.889206422006170214e+03 -1.387975880377191288e+03 -2.144618745233910886e+03 -5.817498028261518812e+03 -3.314505675990115378e+03 -2.334082680384561172e+03 -1.563982533882983989e+04 -6.811286406286616511e+03 -3.491437220073239587e+03 -1.224027431625905592e+03 -1.842294925698836323e+03 -1.881275604435749756e+03 -1.479098541725267296e+03 -1.751240349439606234e+03 -5.797799186076888873e+03 -9.382479572481333889e+03 -1.372143454663569401e+03 -1.888684057514353117e+04 -2.768864506377347425e+04 -2.062983408784136827e+03 -2.405071059297621105e+04 -1.048502904400787884e+04
3.228378887547883047e-01 3.289091875513636132e-01 2.562522770367476332e-01 2.986051340329234915e-01 2.759879800244028347e-01 2.867872803399716952e-01 2.827241445847297752e-01 2.815274693504228321e-01 3.229671143480746243e-01 2.814806267955510810e-01 2.882907207000431904e-01 2.957058628997794592e-01 3.094274789622176169e-01 3.020643759893105185e-01 3.020958773688460219e-01 2.985585333944132946e-01 3.189803107435155161e-01 3.230391722130191434e-01 2.678494504853827229e-01 2.815969992072168693e-01 3.229123835343769566e-01 2.930636216240175562e-01 3.229202146125653705e-01 3.230265378264723930e-01
1.863642009899956764e-01 2.398764595844097569e-01 2.097151099694892773e-01 2.187852813523627760e-01 2.206001682747390780e-01 2.105301460858692852e-01 2.150777690058231773e-01 2.032202866891472670e-01 1.726251082670452741e-01 2.281253623782762696e-01 2.252276261991096318e-01 2.057259071760575986e-01 2.276657339165789329e-01 2.000194678925239222e-01 2.167098960177619160e-01 2.093442925427810020e-01 2.079294222584991136e-01 1.668547831391337666e-01 1.908159858614608684e-01 2.064816271832816130e-01 1.690591886394196275e-01 2.142129316038039744e-01 1.679358988530273988e-01 1.650571438651617928e-01
2.018300194827026828e-01 1.806924404299826425e-01 2.163897067423481702e-01 2.010079109710724288e-01 2.002597291674498570e-01 2.129362382719392210e-01 2.316461222976620715e-01 2.032573574340410805e-01 2.021738024437974013e-01 1.957601795496445585e-01 1.744205791672260863e-01 1.904360279586348736e-01 1.776975127035862745e-01 2.255554917496515599e-01 1.861251777582862976e-01 1.857209036446575423e-01 2.189030918651517776e-01 2.021693071434308153e-01 2.205237574630902475e-01 1.973463582516279680e-01 2.021772125389814379e-01 2.046527428263177906e-01 2.021767248362461300e-01 2.021700957957356382e-01
2.889678907725133361e-01 2.505219124342439874e-01 3.176429062514148915e-01 2.816016736436412482e-01 3.031521225334082859e-01 2.897463353022198262e-01 2.705519641117849483e-01 3.119948865263887927e-01 3.022339749410827281e-01 2.946338312765280909e-01 3.120610739336210360e-01 3.081322019655280964e-01 2.852092744176172867e-01 2.723606643685140272e-01 2.950690488551057644e-01 3.063762704181481888e-01 2.541871751328335649e-01 3.079367375044162469e-01 3.208108061900660779e-01 3.145750153578734665e-01 3.058512152872219780e-01 2.880707039458607621e-01 3.069671616981610729e-01 3.097462225126302315e-01
6.276917611525084872e+00 6.784709907194535816e+00 4.332795746807574844e+00 5.692496549776279835e+00 5.434625475057210053e+00 3.665882983743892432e+00 2.226591970501901940e+00 5.446619733632828364e+00 4.613850544604471970e+00 2.956636456361599219e+00 5.415896259586336470e+00 7.833511371631809439e+00 6.448326502616854583e+00 2.870189164507731316e+00 7.940758082601293566e+00 8.398618164647423612e+00 3.076444175455985253e+00 4.585954647129391937e+00 8.432076500696584986e+00 3.490144601215368070e+00 4.556465227833230713e+00 7.099781491517467735e+00 4.469385081502107226e+00 4.573634350456710962e+00
8.475116635805821086e-02 5.255831910160260745e-02 6.763087324703184744e-02 8.226155045485065986e-02 1.115955779644410839e-01 5.848289308940589348e-02 3.433248209368750664e-02 1.668159657335711310e-01 1.181668333714974289e-01 1.037846634430956705e-01 2.473623625173588386e-02 5.547761261666678267e-02 9.539739423205913227e-02 6.194858463350762234e-02 9.038888238410397458e-02 7.559331743447360308e-02 4.941004874092022603e-02 1.160319902661733210e-01 5.509396295752424372e-02 4.697813467777130908e-02 1.167625059980966912e-01 1.867533937142663025e-01 1.206706135517449374e-01 1.118455999692363895e-01
1.731323389924831480e+00 1.297060531386033722e+00 1.816142603656504706e+00 3.710006199594927612e+00 2.950518032724051221e+00 1.718004698663089247e-01 2.925873095601534968e-01 1.307826356205978868e+00 3.503895885318064618e+00 6.034374173344950881e-02 3.760119717337033762e-01 3.592095419885635188e+00 1.951794269241469815e+00 4.029476961166262861e-01 4.051282194101872847e+00 1.361074739333520967e+00 2.589331396476853842e-01 3.508380564473862595e+00 2.940911825328770046e+00 1.088267172103812630e+00 3.508904705543065106e+00 4.938994470796369107e+00 3.500264117295315724e+00 3.411676720785968175e+00
4.333451858741203117e-02 1.714008533745489671e-02 2.353403277337340338e-01 4.956066197095659875e-02 8.466176926794044891e-03 6.696416360701033799e-02 4.841104551082422991e-01 5.939092228897695225e-02 5.374593707652235153e-02 2.553416641685074540e-01 3.731232985193026069e-02 1.317781231711993850e-02 1.164145759529977738e-02 2.156716368453901606e-02 6.628034047882242971e-03 1.189270792588742985e-02 4.072446042235176034e-01 5.379732385891827784e-02 1.071869141551888907e-02 1.280101817915482443e-01 5.368478025552271549e-02 3.593703690494960690e-02 5.273385105792641192e-02 5.429304758419811749e-02
2.460634855496353912e-01 2.204231693771802336e-01 6.795483353268549909e-01 2.128837263678709790e-01 1.990077356159188349e-01 8.381800367832630272e-01 5.068107117690876073e+00 2.903947373810458199e-01 3.455292419247662505e-01 1.146141424499944383e+00 6.584075632717055759e-01 1.686878034190626985e-01 2.230627951310824308e-01 8.075259766934141936e-01 1.801233563068036780e-01 2.480369355853423718e-01 2.345780251269338201e+00 3.459060802430733994e-01 2.296251490279464513e-01 8.163109046488640219e-01 3.451008497911260409e-01 2.221461280418195183e-01 3.389929593210552761e-01 3.490852602213528333e-01
7.798111537827791262e-02 1.152807391473487514e-01 2.425568060300448414e-01 8.345284230658030211e-02 8.934540184314669620e-02 4.198838805765245930e-01 3.058417896897077437e+00 1.451451082702222561e-01 9.630890403527865573e-02 5.828491749521381715e-01 4.050911756722532786e-01 9.200895134137179743e-02 1.496918683806194583e-01 5.446456086779097872e-01 1.135240940060359416e-01 1.550470270215260904e-01 1.609863819890587244e+00 9.640939582864976876e-02 1.352466577805785108e-01 3.964737163567632061e-01 9.619294006162688870e-02 1.011648883212940137e-01 9.448995144546890046e-02 9.729628690022561199e-02
1.651998216669418318e-01 2.032830840397253369e-01 4.442080075931209571e-01 1.402503012288500717e-01 1.905415586891248125e-01 7.712158731762527308e-01 3.468955160787539960e+00 2.310038150920688538e-01 2.058875627831581456e-01 8.907997603314369295e-01 6.210952334197753499e-01 1.555099911019428016e-01 2.114213375357826552e-01 7.859588130088751567e-01 1.734953222589214472e-01 2.361442276594549472e-01 1.938535647045820598e+00 2.061344260076473922e-01 2.189064576124275519e-01 6.883007228573158054e-01 2.056153856025799698e-01 1.862090911368699531e-01 2.019786058422775865e-01 2.080250327275588451e-01
1.949697778685122521e-02 1.800959148964253673e-02 4.824341731202748396e-02 2.562944715260152048e-03 1.158373784401353461e-02 6.342700629444023019e-02 8.761337885073319787e-02 2.008348858220872571e-02 2.460677045388536682e-02 3.967777592709415685e-02 4.101750810314292589e-02 1.613990050534491738e-02 1.048630780683020361e-02 3.301705314138402014e-02 4.237154462080207351e-03 7.238731916447387581e-03 6.810673052083146550e-02 2.463495333814638352e-02 2.130282061186438911e-02 4.437824576004888860e-02 2.457524143267869957e-02 2.009510267702954017e-02 2.414043133365695315e-02 2.486113199229183016e-02
8.721870628866390529e-02 8.800234489237659941e-02 2.016512015630761712e-01 5.679745892226979731e-02 1.011961568459780886e-01 3.513319925997281379e-01 4.105372638904624116e-01 8.585870682184661151e-02 1.095786587478795177e-01 3.079505853792987580e-01 2.160040577475220436e-01 6.350103976057096256e-02 6.172946915516319688e-02 2.413132043309653696e-01 5.997122825288550563e-02 8.109720063792884293e-02 3.286718271552332982e-01 1.097250301789976512e-01 8.365979983184901325e-02 2.918270065005526548e-01 1.094224455409530811e-01 8.504420281557589778e-02 1.074886543968086861e-01 1.107287458273332470e-01
1.254123322216979010e-02 1.847478149929779670e-02 4.219621242225492924e-02 4.500203367927803550e-05 1.756632806204811575e-02 7.722536181894472385e-02 7.086515203290935649e-02 7.831578059526415544e-03 1.583454136024198614e-02 4.685510482588771397e-02 2.156503583397267540e-02 1.193660472435586692e-02 1.402560815442065352e-02 2.323897695085076417e-02 1.739735877050619522e-02 1.853440422185386946e-02 4.902735297512614276e-02 1.585347398118284665e-02 1.586363781673831228e-02 6.271783798207333782e-02 1.581364847081759978e-02 2.268045795287767369e-02 1.553394223964185868e-02 1.599888705089395208e-02
6.772172850181268355e-02 6.999275340273408696e-02 1.534077842510486733e-01 5.423451420700965003e-02 8.961241900196455223e-02 2.879049863052879354e-01 3.229238850397291860e-01 6.577521823963788927e-02 8.497188829399414389e-02 2.682728094522046081e-01 1.749865496443790969e-01 4.736113925522605905e-02 5.124316134833299674e-02 2.082961511895813356e-01 5.573407379080529134e-02 7.385846872148145448e-02 2.605650966344018049e-01 8.509007684085125034e-02 6.235697921998459986e-02 2.474487607405037037e-01 8.484720410827437109e-02 6.494910013854633679e-02 8.334822306315171903e-02 8.586761383504142031e-02
1.146834896905857964e-02 9.406164842410358329e-03 3.927945080015089047e-02 1.605034971317579814e-02 8.829690559949195799e-03 9.500029479996566217e-02 9.649079475109652304e-02 2.940007179280738903e-02 1.456258779565218660e-02 8.549924618938681276e-02 5.800733169121072980e-02 7.540290131058985552e-03 7.590245267310808709e-03 6.205133651666015077e-02 2.019059886308424354e-02 1.909261440145839164e-02 8.167693909899882698e-02 1.469892240636380687e-02 8.022559770018289002e-03 7.277727286767135539e-02 1.445313091334498624e-02 2.387409909227529783e-02 1.409280244298896818e-02 1.481271836552365204e-02
5.518049527964288825e-02 5.151797190343627986e-02 1.112115718287936955e-01 5.418951217333038695e-02 7.204609093991642954e-02 2.106796244863432255e-01 2.520587330068199128e-01 5.794364018011147893e-02 6.913734693375216123e-02 2.214177046263168802e-01 1.534215138104064180e-01 3.542453453087018866e-02 3.721755319391233108e-02 1.850571742387305818e-01 3.833671502029911693e-02 5.532406449962760236e-02 2.115377436592756621e-01 6.923660285966838634e-02 4.649334140324628412e-02 1.847309227584303382e-01 6.903355563745680601e-02 4.226864218566867698e-02 6.781428082350988984e-02 6.986872678414747517e-02
4.371214631058432248e-02 4.211180706102592153e-02 7.193212102864281199e-02 3.813916246015458533e-02 6.321640037996723027e-02 1.156793296863775633e-01 1.555679382557234036e-01 2.854356838730407603e-02 5.457475913809998330e-02 1.359184584369300952e-01 9.541418211919565351e-02 2.788424439981120745e-02 2.962730792660152324e-02 1.230058377220704380e-01 1.814611615721486645e-02 3.623145009816922113e-02 1.298608045602768490e-01 5.453768045330460723e-02 3.847078163322799338e-02 1.119536498907590105e-01 5.458042472411180762e-02 1.839454309339337915e-02 5.372147838052091645e-02 5.505600841862381967e-02
4.371214631058432248e-02 4.211180706102592153e-02 7.193212102864281199e-02 3.813916246015458533e-02 6.321640037996723027e-02 1.156793296863775633e-01 1.555679382557234036e-01 2.854356838730407603e-02 5.457475913809998330e-02 1.359184584369300952e-01 9.541418211919565351e-02 2.788424439981120745e-02 2.962730792660152324e-02 1.230058377220704380e-01 1.814611615721486645e-02 3.623145009816922113e-02 1.298608045602768490e-01 5.453768045330460723e-02 3.847078163322799338e-02 1.119536498907590105e-01 5.458042472411180762e-02 1.839454309339337915e-02 5.372147838052091645e-02 5.505600841862381967e-02
1.396198260322565998e+00 8.660525241673888708e-01 1.355088109291421539e+00 2.816166193533904405e+00 2.206886201161336380e+00 1.375871020381424226e-01 2.506369977065265320e-01 7.178666708812170283e-01 6.141038249071156807e-01 4.081335093156071570e-02 3.419889324585145274e-01 2.566741289648844848e+00 1.519176163502433230e+00 3.036471662937738070e-01 2.946805360818830710e+00 9.833400285799376306e-01 2.157054510049209173e-01 6.220528500535508210e-01 2.317879096224084279e+00 9.406985277127252187e-01 5.558095583564662823e-01 3.231199229509152726e+00 5.311442442760883065e-01 5.126976520590197373e-01
0.000000000000000000e+00 0.000000000000000000e+00 0.000000000000000000e+00 0.000000000000000000e+00 0.000000000000000000e+00 0.000000000000000000e+00 0.000000000000000000e+00 0.000000000000000000e+00 0.000000000000000000e+00 0.000000000000000000e+00 0.000000000000000000e+00 0.000000000000000000e+00 0.000000000000000000e+00 0.000000000000000000e+00 0.000000000000000000e+00 0.000000000000000000e+00 0.000000000000000000e+00 0.000000000000000000e+00 0.000000000000000000e+00 0.000000000000000000e+00 0.000000000000000000e+00 0.000000000000000000e+00 0.000000000000000000e+00 0.000000000000000000e+00
2.627677782230659176e+00 1.441562861612403434e+00 1.203770625245804471e+00 3.095107454127326907e+00 2.251113925968967866e+00 1.486215830391270920e-01 1.873687313260365417e-01 9.267467755389432460e-01 9.029642271086767424e-01 3.613619578937397880e-02 3.318031928409412301e-01 4.223182623393908486e+00 1.835606925648586074e+00 3.218247143971172397e-01 4.031968519138791507e+00 1.573933712986908429e+00 1.856227325197824796e-01 1.061355389677041572e+00 3.009406500864289402e+00 9.897095032832087247e-01 1.099788494519638116e+00 4.114704187087097509e+00 9.486796846986802478e-01 8.196223088128830048e-01
2.047249975105263964e+00 9.503129490446701189e-01 1.065809933014477684e+00 4.112231979167234819e+00 2.789056900424446539e+00 1.688277917779447135e-01 1.848373308269595783e-01 1.213406027979306634e+00 1.202006901390974658e+00 3.822254667262017097e-02 4.207461159258277794e-01 3.169292777971380204e+00 1.656380547788371960e+00 3.715923248186718264e-01 3.153431737889927255e+00 1.112724621689908044e+00 1.717466248644665405e-01 1.012960692232831361e+00 2.996164719785235686e+00 8.082677217082271381e-01 1.053185849863268020e+00 3.768553324214180211e+00 9.712657378248976681e-01 9.438314934751635965e-01
9.998437266461194239e-01 9.731719508227265614e-01 8.134237218118630652e-01 2.611247362460395571e+00 3.454512239062855539e+00 1.363926423600699822e-01 1.522376417150034800e-01 1.444901146095828315e+00 3.892703690161848362e-01 2.905833733089435364e-02 3.199445297337492611e-01 1.653544858875491741e+00 1.940560770062569107e+00 2.178524617119710904e-01 4.573822396726838768e+00 1.979179296327192361e+00 1.649960383770500416e-01 4.018546863756130572e-01 2.253729374263474305e+00 9.273558477450597470e-01 5.070182196511233697e-01 4.528839803112068907e+00 4.862679934085350486e-01 2.850757766832960338e-01
1.419078722347554944e+00 1.091786130027147861e+00 9.123774260029320349e-01 3.803269343797443636e+00 2.825944847823582684e+00 1.187032552213310027e-01 1.442695477154114225e-01 1.123850847304102674e+00 5.035336109947217142e-01 3.241825496308277377e-02 2.670275686581211616e-01 4.714079290666393973e+00 2.195287477034728152e+00 2.869471699817000010e-01 3.033581515816432539e+00 9.524265645075660203e-01 1.433318854818382559e-01 5.341554978836037249e-01 4.363542358533546661e+00 9.680389700682663356e-01 6.833562231395235997e-01 4.951536491590062816e+00 5.330391004114032327e-01 4.852651210107353785e-01
1.064061053737456852e+00 1.414534578676886367e+00 9.959434023973481320e-01 1.281954904860679312e+00 1.750430347675497211e+00 1.270916125063787372e-01 1.083296817236422821e-01 1.237134993551449291e+00 7.533665703556332582e-01 3.744977710978816127e-02 4.127418402433642441e-01 3.792724282445392614e+00 2.559379514898452168e+00 3.417870651518576941e-01 5.961548651417993838e+00 1.341552114129590523e+00 1.324433725947570528e-01 9.893822958948643720e-01 2.080658764729759636e+00 9.503459911311545882e-01 6.571008294951656836e-01 6.265983638999480299e+00 4.132802051441228364e-01 5.088607118608363677e-01
6.580684906264522294e-01 7.977954113948394488e-01 1.090754164400923987e+00 4.562173311460297143e+00 2.426483745891972799e+00 9.729481535222349320e-02 1.372857137462074051e-01 7.389401903805760119e-01 5.286661867901540912e-01 3.038028248196000120e-02 3.093944089252643193e-01 2.632254594966519257e+00 8.811867502359311821e-01 2.456231562799714441e-01 3.120693486001866468e+00 1.272719269005707643e+00 1.387132577817792589e-01 7.964105023209000489e-01 2.245475632603511684e+00 7.966720858629994240e-01 6.203360441979672846e-01 2.402076288166723472e+00 5.254186921546974975e-01 4.643975540281292114e-01
1.853238150903918857e+00 1.217184770555270079e+00 1.207386679520431993e+00 2.822082020190798346e+00 1.883430209368421648e+00 1.076681172854925400e-01 8.930899605863086566e-02 7.377629597665988914e-01 7.603389134456215448e-01 4.691541980648224891e-02 2.928713644445773978e-01 2.680130407850426888e+00 3.857363608461393589e+00 3.186878203882790306e-01 3.782090944937121169e+00 2.082153678213928938e+00 1.256269903831205847e-01 1.457749720573480179e+00 3.158268375045994336e+00 9.195621661736862462e-01 9.177099098665499888e-01 1.113094218949678194e+01 7.443021183666425067e-01 7.043816946081599140e-01
2.290045142469733896e+00 1.642241075560824548e+00 1.106495390871875761e+00 3.887531962734085855e+00 1.518028772667384452e+00 1.230201100277212717e-01 1.610222610067056359e-01 6.668770371408108133e-01 7.044810027205923308e-01 3.801879944335116723e-02 4.524717125019814823e-01 3.618214616876461953e+00 2.208129080256769683e+00 2.909706436574338029e-01 6.697233318433162275e+00 1.120886516205190198e+00 1.220330123238276970e-01 9.108208152579669870e-01 1.575047696949646081e+00 8.245933896475433622e-01 7.311793619820238233e-01 3.419085179338805958e+00 6.111309589293536515e-01 5.800805802565653924e-01
1.316207994211581633e+00 2.474277062445374487e+00 1.094835109381343763e+00 4.129297035663359594e+00 4.547156188042910330e+00 1.729931647360459790e-01 1.075220302486455948e-01 7.360484106230196222e-01 5.695795994617770530e-01 5.106362865466835405e-02 3.576820238771157290e-01 3.896765123779345252e+00 1.604837300907429931e+00 3.274137872877251332e-01 2.485226258138931055e+00 2.487082830462392646e+00 1.843502028215227018e-01 6.957338320735745318e-01 4.342909514307572216e+00 1.087878492604944292e+00 7.231013641351700105e-01 1.092928441201207512e+01 7.579538679919544109e-01 4.177451347337964305e-01
1.653052624238252610e+00 6.711764763787139154e-01 9.026372800943801566e-01 2.289253661584070176e+00 1.349352641521801122e+00 1.129122202800485197e-01 1.525931849783696559e-01 6.291652067045567787e-01 5.439318902738160544e-01 2.963527958751835736e-02 2.689518893642924846e-01 5.138704966298655030e+00 2.546756492038628306e+00 2.425053924371813052e-01 4.922567997528238593e+00 1.023101575163735344e+00 1.084529885375285913e-01 7.609263541334980729e-01 1.716211496437845430e+00 7.019005410097489683e-01 5.919873090706713192e-01 8.435327115764684081e+00 7.867366166173445086e-01 4.401614927660598697e-01
# length ll pi_a pi_c pi_g pi_t kappa omega tau (N0,N1) (N0,kluyveri) (N1,N2) (N1,castellii) (N2,N3) (N2,bayanus) (N3,N4) (N3,kudriavzevii) (N4,N5) (N4,mikatae) (N5,cerevisiae) (N5,paradoxus) (N0,N1,tau) (N0,kluyveri,tau) (N1,N2,tau) (N1,castellii,tau) (N2,N3,tau) (N2,bayanus,tau) (N3,N4,tau) (N3,kudriavzevii,tau) (N4,N5,tau) (N4,mikatae,tau) (N5,cerevisiae,tau) (N5,paradoxus,tau)
