"YLR406C_YDL075W" "YER131W_YGL189C" "YDR502C_YLR180W" "YHR106W_YDR353W" "YIL057C_YER067W" "YNL069C_YIL133C" "YDR518W_YCL043C" "YGR043C_YLR354C" "YDR099W_YER177W" "YMR143W_YDL083C" "YJR048W_YEL039C" "YBR191W_YPL079W" "YDR418W_YEL054C" "YPL232W_YMR183C" "YLR284C_YOR180C" "YBL087C_YER117W" "YGL062W_YBR218C" "YIR033W_YKL020C" "YER102W_YBL072C" "YAL056W_YOR371C" "YDR438W_YML018C"
"length" 112 118 381 318 155 197 498 331 248 134 108 159 163 288 268 136 1129 837 198 655 331
"ll" -1199.56088569825 -1228.0237799848 -6134.54352443088 -6338.28108020754 -3894.17013800129 -2387.38429124939 -15724.8421695745 -7526.82251433548 -3704.44860556225 -1269.38723482814 -2061.24266651181 -1550.79088911416 -1786.1373902923 -6673.9345773406 -9424.05904883639 -1421.69370066078 -20913.8587890215 -27839.4369660808 -2212.28859636005 -24182.717408163 -10388.4755595976
"pi_a" 0.321056169940572 0.322319237478327 0.276359012769331 0.323158264561895 0.32330793762674 0.279895555736013 0.322957986690187 0.323104769760834 0.26891004522896 0.290468169279882 0.323827853889705 0.304197996882718 0.297061385379377 0.323116097911073 0.323024507863051 0.267952150775934 0.320853071625044 0.322907551368924 0.294576032513645 0.322915734567903 0.323013212023714
"pi_c" 0.185166528489201 0.246037297862477 0.194573556904041 0.172106401266684 0.172236630286543 0.201071382488982 0.171785195298679 0.166911652697634 0.20845307510061 0.201706985228638 0.16753912270982 0.210726976457907 0.209152706971895 0.168319217755257 0.166638836667795 0.185800878768682 0.172399565950181 0.168515440721324 0.205669637471772 0.167391798393482 0.165552800999034
"pi_g" 0.200303535452031 0.174182051911725 0.172863245187408 0.202161863632229 0.20215248406649 0.197553467941139 0.202174371413656 0.202165209319987 0.168076752793777 0.181088486659959 0.202119688964904 0.181977340025503 0.179651592048471 0.202164501124778 0.202170222489997 0.215528942168019 0.200867889552413 0.202177513438259 0.204115904612888 0.202177003853036 0.202170927394469
"pi_t" 0.293473766118195 0.257461412747471 0.35620418513922 0.302573470539192 0.302302948020227 0.321479593833866 0.303082446597478 0.307818368221546 0.354560126876654 0.32673635883152 0.306513334435571 0.303097686633872 0.314134315600257 0.306400183208893 0.308166432979157 0.330718028287365 0.305879472872362 0.306399494471493 0.295638425401695 0.307515463185579 0.309263059582783
"kappa" 5.99045575732599 6.50232660567639 5.40260282809596 5.02946701554212 4.73918667015149 4.65804703467917 4.59801826697631 4.86119312749271 5.73952017849287 6.4985032143642 4.88173699813956 6.19211715626564 6.34056179158053 4.89455443466908 4.54281349024655 8.42438814670097 5.06527142828849 4.52486463789439 5.66783095344807 4.42136248107931 4.57201055136935
"omega" 0.0738826827521825 0.0666509217049793 0.0808495483252733 0.0879973869662838 0.104066826547932 0.151780066812163 0.115177894206979 0.101034094495787 0.0766041452527973 0.0720901686148741 0.0898598456488128 0.0837373746715097 0.079947005504072 0.0973556680371897 0.112998646192455 0.0496203745709895 0.084255084463372 0.114004087082263 0.101037288619934 0.118419679755286 0.109770903039881
"tau" 0 0 0 0 0 0 0 0 0 0 0 0 0 0 0 0 0 0 0 0 0
"(N0,N1)" 0.0194530569906062 0.00462372708979045 0.057124688215447 0.0575971698549972 0.0559257823957104 0.0226620015829914 0.0541381319369989 0.0563816361592612 0.0569240310742074 0.0017982669112654 0.0570524598371008 0.00769687773662546 0.0140739457993801 0.0568071397971328 0.0541012817146178 0.00505825318445589 0.0576567019007801 0.0539799648568692 0.0070824683190026 0.0529070931671757 0.0545887350256898
"(N0,kluyveri)" 0.286581342347646 0.224458533102408 0.36740742656904 0.370420598149087 0.359771957503025 0.288247212505337 0.348044714332198 0.362567045847488 0.366268653340319 0.181837800175347 0.367376220251633 0.194964305326286 0.257519569264175 0.365311002294818 0.347850956128969 0.239051597880174 0.370653662643257 0.346995253106516 0.258392002147736 0.340103783636907 0.350977704971675
"(N1,N2)" 0.0678077996119464 0.103718462598391 0.102391678384539 0.103233923590408 0.100256376286115 0.155300801939424 0.097010617216555 0.101048727205934 0.10205944078109 0.0783997786344739 0.102340428822662 0.0843602241026596 0.112173534786099 0.101812722491487 0.096952393091872 0.104640498867212 0.103313524071265 0.0967212888632819 0.092114109895173 0.0947998570632092 0.0978245977522957
"(N1,castellii)" 0.173767320538032 0.219834806012618 0.218999036825131 0.220782762183779 0.214484028686857 0.265585210922346 0.207383590957338 0.216084423888757 0.218393092583769 0.180039533264082 0.21918833936659 0.178259522652928 0.222897702137764 0.217723485195893 0.207288860500902 0.219786170454474 0.220849765206975 0.206742593034378 0.208915612426259 0.202639092027196 0.20914858028118
"(N2,N3)" 0.0195046910762645 0.0285219211765482 0.0261693458281891 0.026383223327097 0.0256276730357074 0.0275481392424576 0.0247857374265828 0.0258228078482907 0.0260926118999765 0.0201198471336232 0.0261795857702494 0.0184271286304184 0.0178566617648546 0.0260184615680574 0.0247731892688576 0.0283126781767263 0.0263954878249451 0.0247100545479128 0.0285110508267766 0.0242194531618044 0.0249956554094583
"(N2,bayanus)" 0.105959520926085 0.116116343414227 0.116607358440592 0.117548838593371 0.114227652400742 0.110284408982922 0.110372973740783 0.115035696682823 0.116333651802679 0.101639754629608 0.116847910543927 0.0938992985502685 0.110724167351666 0.115910762704405 0.11033646740903 0.115145671587263 0.11753624113571 0.110021304171096 0.116801502531086 0.107839234963986 0.111323982528884
"(N3,N4)" 0.0151800144759967 0.021140036256045 0.0168427454718918 0.0169799583712998 0.0164954152110035 0.00870435163505885 0.0159496056580377 0.0166186611118042 0.0167959594525276 0.0136353915844188 0.0168567589048656 0.0182838082078295 0.0193726492165616 0.0167447093127712 0.0159422706875481 0.0164308084996693 0.0169852846889433 0.0159003442506574 0.0245746126275475 0.0155847426776127 0.0160853074081754
"(N3,kudriavzevii)" 0.0864548298498209 0.087594422237679 0.0904380126124028 0.0911656152662737 0.0885999793650351 0.082736269740464 0.0855872363142 0.0892128888345325 0.0902410399027021 0.0815199074959849 0.090668324773678 0.0754721699198501 0.0928675055868111 0.0898923011363479 0.0855632781401729 0.0868329934105363 0.0911407533107648 0.0853112496231831 0.0882904517043089 0.0836197818021821 0.0863283271194259
"(N4,N5)" 0.0143249314841733 0.0128233642151846 0.0158893404769569 0.0159533815340452 0.0157536844410323 0.0362567271550121 0.0146532384421977 0.0155216753120212 0.0162307578719607 0.0132150532577441 0.0153020074654586 0.0159340366863765 0.0200900706985085 0.015659097183366 0.0147569324847542 0.0103725927997004 0.0155757096566653 0.0145243507791498 0.0194754657631422 0.0141388483183692 0.0148704265310294
"(N4,mikatae)" 0.0712748153738242 0.066454385981634 0.073595267140511 0.0741856568949739 0.0721045641540316 0.0740319181054052 0.0696376306561623 0.0725942277227283 0.0734450804501746 0.0678845159115661 0.0738115658688125 0.0571883617120206 0.0734948563702495 0.0731475918235767 0.0696210074526248 0.0704021849108669 0.0741554686218216 0.0694109053725257 0.0637158390767614 0.0680350391245694 0.0702430197112505
"(N5,cerevisiae)" 0.0569498838896509 0.0536310217664494 0.0577059266635541 0.0582322753609287 0.0563508797129994 0.0377751909503931 0.0549843922139647 0.0570725524107071 0.0572143225782139 0.054669462653822 0.0585095584033539 0.0412543250256441 0.053404785671741 0.0574884946402108 0.0548640749678706 0.0600295921111665 0.0585797589651563 0.0548865545933759 0.0442403733136192 0.0538961908062002 0.0553725931802211
"(N5,paradoxus)" 0.0569498838896509 0.0536310217664494 0.0577059266635541 0.0582322753609287 0.0563508797129994 0.0377751909503931 0.0549843922139647 0.0570725524107071 0.0572143225782139 0.054669462653822 0.0585095584033539 0.0412543250256441 0.053404785671741 0.0574884946402108 0.0548640749678706 0.0600295921111665 0.0585797589651563 0.0548865545933759 0.0442403733136192 0.0538961908062002 0.0553725931802211
