

TREE #  1

  0  0.0000  10480.121630  x:  0.18196   0.00000   0.14401   0.02573   0.01293   0.03599   0.05756   0.07601   0.09292   0.10984   0.11009   0.28512   0.12026   0.21304   0.02181   0.01473   0.04321   0.05173   0.03426   0.06270   0.07660   0.11389   0.25530   0.09481   2.05541  
  1 99.0000  10394.829226  x:  0.19669   0.07088   0.17022   0.05608   0.05862   0.02911   0.07573   0.05874   0.09792   0.11099   0.11379   0.30830   0.14500   0.23366   0.03676   0.06160   0.02928   0.07739   0.01721   0.08042   0.07123   0.10905   0.26958   0.10955   2.06198  
  2 1858.9634  10368.612346  x:  0.20573   0.09945   0.18769   0.05510   0.03714   0.02284   0.08388   0.04182   0.09783   0.09890   0.10121   0.33506   0.16309   0.25994   0.03808   0.03925   0.02298   0.08328   0.02938   0.08369   0.04865   0.09007   0.28635   0.11859   2.07459  
  3 718.7886  10361.107701  x:  0.20819   0.10627   0.19448   0.05348   0.02748   0.03303   0.08483   0.04760   0.09929   0.09516   0.09428   0.35126   0.17053   0.27573   0.04299   0.03414   0.03107   0.07847   0.01782   0.08405   0.05170   0.08129   0.29582   0.12104   2.08529  
  4 574.4294  10355.490827  x:  0.20728   0.10013   0.19865   0.05274   0.02948   0.03291   0.07881   0.05503   0.09903   0.09628   0.08812   0.37607   0.17614   0.29908   0.05207   0.03797   0.03012   0.07028   0.02914   0.07993   0.06487   0.07175   0.30869   0.12013   2.10762  
  5 388.6162  10350.593353  x:  0.20373   0.08423   0.19826   0.05513   0.03600   0.02536   0.07335   0.05305   0.09764   0.10023   0.08792   0.40009   0.17755   0.32012   0.05735   0.03612   0.02324   0.06775   0.02036   0.07733   0.06499   0.06465   0.31905   0.11658   2.13551  
  6 485.6815  10345.926830  x:  0.19905   0.06278   0.19501   0.05942   0.04064   0.02639   0.07481   0.04824   0.09771   0.10439   0.09206   0.42724   0.17650   0.34167   0.06188   0.04057   0.03320   0.07684   0.02042   0.08094   0.05670   0.06149   0.32824   0.11190   2.17444  
  7 592.4041  10343.488340  x:  0.19827   0.05448   0.19211   0.05994   0.03687   0.03242   0.08191   0.05079   0.09883   0.10328   0.09540   0.44045   0.17405   0.34909   0.06191   0.04524   0.02483   0.08153   0.02055   0.08362   0.05407   0.06504   0.32961   0.11113   2.20338  
  8 365.8119  10338.274116  x:  0.20366   0.05459   0.18583   0.05740   0.03019   0.02136   0.08986   0.05096   0.09811   0.09595   0.10277   0.46386   0.16557   0.35239   0.05168   0.04964   0.02762   0.07864   0.01856   0.08772   0.06055   0.07863   0.32265   0.11651   2.28921  
  9 321.5982  10328.526768  x:  0.21604   0.06431   0.17457   0.05133   0.04346   0.03064   0.08821   0.04788   0.10065   0.09239   0.11263   0.50449   0.14906   0.35183   0.02555   0.03879   0.02924   0.07027   0.02160   0.08538   0.06348   0.09950   0.30532   0.12890   2.47141  
 10 1174.0794  10322.151794  x:  0.22017   0.07554   0.16943   0.04746   0.03746   0.03038   0.07052   0.05312   0.09771   0.10198   0.10523   0.51625   0.14231   0.34328   0.03398   0.03972   0.02915   0.08056   0.02083   0.07624   0.05700   0.10994   0.29458   0.13303   2.60103  
 11 676.7611  10313.227649  x:  0.21312   0.08269   0.16563   0.05981   0.03078   0.02920   0.07605   0.05459   0.09648   0.12083   0.08464   0.50080   0.14379   0.32024   0.03812   0.04493   0.02810   0.07617   0.02154   0.08219   0.05433   0.07652   0.28866   0.12598   2.79591  
 12 544.2467  10308.362593  x:  0.20750   0.08243   0.16790   0.06882   0.03367   0.03064   0.08419   0.04804   0.10019   0.11236   0.08232   0.47906   0.15221   0.30814   0.06250   0.03516   0.02813   0.07365   0.02290   0.08383   0.05988   0.06828   0.29292   0.12036   2.91339  
 13 703.2176  10304.891592  x:  0.20542   0.07780   0.17667   0.06530   0.03728   0.03098   0.07832   0.05079   0.10059   0.09203   0.08843   0.45259   0.16617   0.30550   0.06312   0.04021   0.02804   0.07590   0.02217   0.08036   0.05621   0.05850   0.30513   0.11827   2.99498  
 14 425.5573  10302.295422  x:  0.20733   0.07223   0.19397   0.05316   0.03780   0.03089   0.07997   0.05027   0.09632   0.10218   0.09543   0.42039   0.18514   0.31342   0.05815   0.03999   0.02792   0.07521   0.02187   0.08441   0.05711   0.06733   0.32496   0.12019   3.06051  
 15 246.7852  10302.109806  x:  0.20767   0.07173   0.19661   0.05645   0.03636   0.03049   0.07988   0.05065   0.09932   0.10371   0.09672   0.41724   0.18550   0.31515   0.05625   0.03946   0.02814   0.07603   0.02198   0.08177   0.05795   0.06836   0.32651   0.12053   3.06525  
 16 68.7200  10302.049491  x:  0.20785   0.07101   0.19889   0.05757   0.03638   0.03056   0.07954   0.04985   0.10082   0.10300   0.09379   0.41525   0.18321   0.31710   0.05561   0.04016   0.02811   0.07538   0.02188   0.08195   0.05752   0.06990   0.32667   0.12071   3.06688  
 17 24.7523  10302.020141  x:  0.20810   0.07077   0.20050   0.05848   0.03694   0.03030   0.07984   0.05084   0.10015   0.10251   0.09252   0.41398   0.18108   0.31855   0.05530   0.03954   0.02818   0.07599   0.02192   0.08228   0.05751   0.07025   0.32658   0.12096   3.06771  
 18 28.6656  10302.003408  x:  0.20844   0.07079   0.20163   0.05889   0.03668   0.03072   0.07972   0.05021   0.09898   0.10235   0.09270   0.41303   0.17901   0.31973   0.05542   0.03966   0.02810   0.07614   0.02189   0.08214   0.05792   0.06985   0.32637   0.12130   3.06821  
 19 18.9241  10301.993673  x:  0.20879   0.07103   0.20223   0.05849   0.03671   0.03063   0.07995   0.05040   0.09917   0.10254   0.09342   0.41235   0.17727   0.32064   0.05606   0.03980   0.02815   0.07563   0.02194   0.08203   0.05740   0.06930   0.32621   0.12165   3.06853  
 20 12.1530  10301.990394  x:  0.20889   0.07115   0.20226   0.05804   0.03674   0.03057   0.07992   0.05033   0.09962   0.10261   0.09358   0.41209   0.17662   0.32099   0.05617   0.03973   0.02811   0.07594   0.02191   0.08223   0.05763   0.06895   0.32619   0.12175   3.06866  
 21  8.1960  10301.975741  x:  0.20843   0.07264   0.19931   0.05826   0.03659   0.03060   0.07970   0.05038   0.09954   0.10250   0.09358   0.41109   0.17550   0.32277   0.05593   0.03963   0.02810   0.07582   0.02196   0.08238   0.05757   0.06923   0.32769   0.12129   3.06956  
 22  1.4696  10301.964094  x:  0.20832   0.07289   0.19877   0.05780   0.03679   0.03055   0.08043   0.05021   0.09942   0.10248   0.09319   0.41109   0.17520   0.32305   0.05581   0.03974   0.02822   0.07604   0.02187   0.08136   0.05762   0.06926   0.32814   0.12118   3.07030  
 23  3.7059  10300.131047  x:  0.20728   0.07636   0.20605   0.05553   0.03457   0.03031   0.08020   0.05037   0.09979   0.10098   0.09611   0.44765   0.15617   0.31733   0.05176   0.03896   0.02807   0.07676   0.02156   0.08207   0.05671   0.07470   0.36102   0.12037   3.19054  
 24  6.5633  10298.448490  x:  0.22703   0.06733   0.19527   0.05861   0.03394   0.03014   0.08114   0.05012   0.09975   0.09944   0.09368   0.46769   0.16530   0.34023   0.05323   0.03944   0.02770   0.07778   0.02090   0.08267   0.05566   0.07317   0.34820   0.14033   3.30251  
 25 83.8475  10297.876933  x:  0.21677   0.07161   0.19843   0.05546   0.03308   0.02997   0.08115   0.05020   0.09998   0.09860   0.09683   0.47404   0.17204   0.35636   0.05137   0.03886   0.02767   0.07760   0.02096   0.08252   0.05568   0.07499   0.32960   0.13014   3.33964  
 26 55.2029  10297.584177  x:  0.21515   0.07443   0.20034   0.05740   0.03475   0.02961   0.08141   0.05061   0.09968   0.10086   0.09435   0.47255   0.17479   0.35360   0.05270   0.04006   0.02820   0.07631   0.02092   0.08317   0.05707   0.07162   0.33307   0.12901   3.41698  
 27  0.0608  10297.560649  x:  0.21548   0.07700   0.20001   0.05763   0.03493   0.02966   0.08153   0.05031   0.09991   0.09995   0.09479   0.47190   0.17449   0.35300   0.05343   0.04016   0.02786   0.07692   0.02110   0.08310   0.05676   0.07200   0.33272   0.12936   3.42644  
 28  0.0072  10297.557396  x:  0.21533   0.07794   0.19980   0.05781   0.03510   0.02964   0.08154   0.05026   0.09988   0.10020   0.09466   0.47227   0.17458   0.35349   0.05331   0.04027   0.02786   0.07701   0.02095   0.08316   0.05666   0.07187   0.33255   0.12918   3.42156  
 29  0.0031  10297.557211  x:  0.21536   0.07799   0.19986   0.05781   0.03509   0.02963   0.08157   0.05028   0.09988   0.10015   0.09464   0.47232   0.17469   0.35353   0.05333   0.04030   0.02787   0.07698   0.02100   0.08318   0.05671   0.07187   0.33264   0.12918   3.42058  
 30  0.0009  10297.557206  x:  0.21537   0.07798   0.19989   0.05781   0.03509   0.02962   0.08156   0.05028   0.09988   0.10014   0.09464   0.47232   0.17471   0.35356   0.05335   0.04030   0.02786   0.07698   0.02099   0.08317   0.05671   0.07186   0.33266   0.12917   3.42057  
 31  0.0000  10297.557206  x:  0.21538   0.07798   0.19989   0.05781   0.03509   0.02962   0.08156   0.05028   0.09988   0.10014   0.09464   0.47232   0.17471   0.35356   0.05335   0.04030   0.02786   0.07698   0.02099   0.08317   0.05671   0.07186   0.33266   0.12917   3.42058  

TREE #  2

  0  0.0000  10590.516469  x:  0.08683   0.00000   0.10702   0.02233   0.05096   0.04067   0.06889   0.08643   0.07211   0.06924   0.07747   0.22634   0.10162   0.17181   0.05493   0.03518   0.06109   0.05109   0.06956   0.07172   0.06903   0.07262   0.19121   0.13179   3.42058  
  1 99.0000  10357.866845  x:  0.13245   0.20253   0.17842   0.09499   0.04246   0.02695   0.07672   0.05698   0.09550   0.10395   0.11034   0.28470   0.16184   0.22394   0.05448   0.03611   0.02440   0.07612   0.02035   0.07989   0.06013   0.07568   0.23704   0.17740   3.41855  
  2 3076.6837  10329.783925  x:  0.14093   0.19587   0.19688   0.06357   0.02201   0.03601   0.08561   0.04043   0.10171   0.09695   0.08583   0.32723   0.17467   0.26918   0.05186   0.04668   0.04067   0.07960   0.02367   0.08716   0.05524   0.07461   0.27352   0.18588   3.41702  
  3 599.6005  10315.704909  x:  0.14486   0.17827   0.20806   0.04784   0.03916   0.03414   0.08806   0.04776   0.10360   0.09716   0.07754   0.36259   0.18145   0.30443   0.05046   0.04147   0.02500   0.07755   0.01464   0.08505   0.05336   0.07372   0.30150   0.18982   3.41575  
  4 745.4698  10309.893217  x:  0.14648   0.16504   0.21385   0.05240   0.04530   0.02688   0.08534   0.05258   0.10232   0.09958   0.08525   0.38631   0.18458   0.32587   0.05126   0.03857   0.02272   0.07790   0.02948   0.08304   0.05544   0.07399   0.31811   0.19143   3.41495  
  5 678.4129  10305.313918  x:  0.14619   0.14815   0.21585   0.06443   0.04248   0.02302   0.07964   0.05412   0.09975   0.10218   0.09934   0.40802   0.18488   0.34262   0.05269   0.03828   0.02986   0.07575   0.02100   0.08206   0.05936   0.07418   0.33038   0.19115   3.41434  
  6 501.7160  10304.380357  x:  0.14568   0.14352   0.21475   0.06854   0.03839   0.02873   0.07883   0.05280   0.09983   0.10313   0.10326   0.41477   0.18392   0.34545   0.05272   0.03838   0.02510   0.07682   0.02053   0.08169   0.05877   0.07370   0.33190   0.19064   3.41426  
  7 218.0373  10304.045130  x:  0.14513   0.14274   0.21052   0.07020   0.03754   0.02621   0.08122   0.05136   0.09955   0.10443   0.10258   0.42352   0.18148   0.34415   0.05256   0.03877   0.02397   0.07914   0.01998   0.08270   0.05530   0.07242   0.32910   0.19009   3.41440  
  8 63.5096  10303.610354  x:  0.14479   0.14431   0.20286   0.07225   0.03990   0.02854   0.08318   0.05239   0.10057   0.10642   0.10037   0.43938   0.17769   0.34129   0.05383   0.03985   0.02604   0.08007   0.02022   0.08342   0.05505   0.07169   0.32357   0.18975   3.41469  
  9 133.4133  10303.228424  x:  0.14493   0.14681   0.19490   0.07256   0.03839   0.02741   0.08108   0.05228   0.10044   0.10542   0.09725   0.45476   0.17445   0.33828   0.05526   0.03914   0.02491   0.07771   0.02046   0.08244   0.05850   0.07176   0.31798   0.18989   3.41505  
 10 161.0805  10303.184574  x:  0.14525   0.14738   0.19348   0.07230   0.03839   0.02776   0.07998   0.05253   0.10011   0.10434   0.09747   0.45664   0.17450   0.33793   0.05440   0.03809   0.02535   0.07738   0.02055   0.08211   0.05750   0.07150   0.31734   0.19020   3.41516  
 11 40.8521  10303.163500  x:  0.14569   0.14766   0.19206   0.07176   0.03871   0.02778   0.07959   0.05267   0.09963   0.10321   0.09837   0.45752   0.17506   0.33777   0.05373   0.03914   0.02522   0.07751   0.02054   0.08213   0.05723   0.07202   0.31709   0.19065   3.41531  
 12 21.6357  10303.149565  x:  0.14613   0.14775   0.19040   0.07096   0.03877   0.02782   0.08026   0.05241   0.09950   0.10290   0.09949   0.45799   0.17600   0.33769   0.05345   0.03861   0.02527   0.07777   0.02050   0.08226   0.05754   0.07304   0.31702   0.19109   3.41554  
 13 16.0208  10303.143683  x:  0.14624   0.14778   0.18936   0.07045   0.03860   0.02773   0.08024   0.05245   0.09985   0.10367   0.09993   0.45811   0.17681   0.33766   0.05291   0.03870   0.02525   0.07747   0.02053   0.08220   0.05759   0.07300   0.31709   0.19119   3.41578  
 14  9.3092  10303.141442  x:  0.14608   0.14779   0.18893   0.07030   0.03853   0.02770   0.07993   0.05255   0.09993   0.10393   0.09992   0.45813   0.17738   0.33766   0.05324   0.03873   0.02526   0.07764   0.02051   0.08218   0.05742   0.07313   0.31717   0.19104   3.41602  
 15  4.9521  10303.135509  x:  0.14521   0.14788   0.18804   0.07047   0.03860   0.02775   0.08001   0.05251   0.09969   0.10367   0.09975   0.45826   0.17928   0.33763   0.05365   0.03869   0.02525   0.07779   0.02051   0.08228   0.05762   0.07230   0.31746   0.19017   3.41705  
 16  4.9353  10303.132919  x:  0.14491   0.14785   0.18800   0.07057   0.03861   0.02775   0.08023   0.05247   0.09979   0.10351   0.09976   0.45838   0.17986   0.33757   0.05383   0.03876   0.02525   0.07734   0.02055   0.08217   0.05738   0.07239   0.31745   0.18986   3.41765  
 17  5.1679  10303.111448  x:  0.14355   0.14707   0.18989   0.07034   0.03862   0.02759   0.08005   0.05237   0.10081   0.10323   0.09992   0.45966   0.18238   0.33675   0.05253   0.03872   0.02530   0.07777   0.02051   0.08203   0.05759   0.07363   0.31619   0.18850   3.42345  
 18  5.1889  10303.087216  x:  0.14326   0.14648   0.19155   0.06979   0.03830   0.02782   0.08012   0.05280   0.09914   0.10399   0.10004   0.46066   0.18403   0.33628   0.05212   0.03868   0.02527   0.07746   0.02055   0.08263   0.05754   0.07419   0.31516   0.18821   3.43010  
 19 19.5151  10303.029346  x:  0.14452   0.14494   0.19317   0.06901   0.03908   0.02805   0.07979   0.05096   0.09845   0.10456   0.10057   0.46171   0.18534   0.33628   0.05319   0.03886   0.02546   0.07748   0.02058   0.08155   0.05751   0.07307   0.31396   0.18947   3.44608  
 20 28.4391  10302.880540  x:  0.14824   0.14160   0.19574   0.06797   0.03783   0.02778   0.08068   0.05272   0.10003   0.10361   0.10157   0.46360   0.18710   0.33726   0.05609   0.03900   0.02551   0.07803   0.02043   0.08117   0.05748   0.06972   0.31221   0.19317   3.48751  
 21 137.0045  10302.777976  x:  0.14945   0.14017   0.19539   0.06876   0.03833   0.02776   0.07980   0.05190   0.10123   0.10318   0.10083   0.46405   0.18623   0.33914   0.05627   0.03878   0.02525   0.07714   0.02058   0.08462   0.05733   0.06981   0.31314   0.19438   3.51575  
 22 102.2272  10302.523833  x:  0.14963   0.13934   0.19189   0.07180   0.03781   0.02803   0.08050   0.05204   0.10006   0.10328   0.09652   0.46424   0.18089   0.34544   0.05282   0.03904   0.02572   0.07767   0.02051   0.08247   0.05743   0.07335   0.31912   0.19454   3.58383  
 23 141.2749  10302.464583  x:  0.14713   0.14108   0.19211   0.06848   0.03765   0.02801   0.08046   0.05198   0.10013   0.10331   0.09967   0.46515   0.17721   0.34549   0.05349   0.03909   0.02581   0.07763   0.02055   0.08257   0.05741   0.07262   0.32219   0.19204   3.59555  
 24 19.5765  10302.183412  x:  0.14999   0.13630   0.19432   0.06880   0.03708   0.02815   0.08060   0.05161   0.10028   0.10311   0.09800   0.47048   0.17730   0.33009   0.05310   0.03921   0.02609   0.07767   0.02051   0.08267   0.05736   0.07317   0.33969   0.19486   3.58992  
 25  2.3910  10299.135100  x:  0.15086   0.10686   0.20025   0.05929   0.03126   0.02953   0.08209   0.04801   0.10117   0.10103   0.09363   0.49060   0.17960   0.36700   0.05292   0.04110   0.02875   0.07783   0.02048   0.08414   0.05647   0.07212   0.34149   0.19547   3.45177  
 26 10.4431  10297.926807  x:  0.15121   0.08119   0.20084   0.05875   0.03830   0.03027   0.08257   0.05038   0.10048   0.10003   0.09315   0.48853   0.17333   0.36789   0.05300   0.04073   0.02764   0.07775   0.02098   0.08344   0.05597   0.07189   0.33896   0.19535   3.43821  
 27  0.0147  10297.569318  x:  0.15011   0.07714   0.20055   0.05735   0.03520   0.02948   0.08156   0.05076   0.09978   0.10048   0.09515   0.47335   0.17365   0.35464   0.05341   0.04001   0.02734   0.07682   0.02082   0.08301   0.05680   0.07188   0.33337   0.19414   3.42452  
 28  0.0173  10297.557483  x:  0.15019   0.07826   0.19987   0.05790   0.03508   0.02957   0.08155   0.05027   0.09987   0.10011   0.09454   0.47225   0.17475   0.35344   0.05336   0.04026   0.02778   0.07697   0.02098   0.08318   0.05671   0.07184   0.33263   0.19423   3.42000  
 29  0.0051  10297.557211  x:  0.15025   0.07796   0.19988   0.05779   0.03509   0.02962   0.08157   0.05026   0.09988   0.10014   0.09464   0.47233   0.17473   0.35357   0.05335   0.04030   0.02785   0.07698   0.02099   0.08318   0.05670   0.07185   0.33266   0.19431   3.42052  
 30  0.0007  10297.557206  x:  0.15024   0.07798   0.19988   0.05781   0.03509   0.02962   0.08156   0.05028   0.09988   0.10014   0.09464   0.47232   0.17471   0.35357   0.05335   0.04030   0.02786   0.07698   0.02099   0.08318   0.05671   0.07186   0.33266   0.19430   3.42058  
 31  0.0001  10297.557206  x:  0.15024   0.07798   0.19988   0.05781   0.03509   0.02962   0.08156   0.05028   0.09988   0.10014   0.09464   0.47232   0.17471   0.35357   0.05335   0.04030   0.02786   0.07698   0.02099   0.08317   0.05671   0.07186   0.33266   0.19431   3.42058  
 32  0.0000  10297.557206  x:  0.15024   0.07798   0.19988   0.05781   0.03509   0.02962   0.08156   0.05028   0.09988   0.10014   0.09464   0.47232   0.17471   0.35357   0.05335   0.04030   0.02786   0.07698   0.02099   0.08317   0.05671   0.07186   0.33266   0.19431   3.42058  