     2    420     58


 1

     1    113    -1.3922183758   0.248523374433     104.3798  AAAAAAA
     2      6    -4.9378950517   0.007169674294       3.0113  AAAAAAG
     3      3    -6.4873225350   0.001522620318       0.6395  AACAAAA
     4      3    -4.3505547490   0.012899654524       5.4179  AAGAAAA
     5      1    -7.8961629282   0.000372168843       0.1563  AAGAAAG
     6      1   -12.2978356543   0.000004561607       0.0019  AAGAGGA
     7      3    -6.2388273925   0.001952143279       0.8199  AATAAAA
     8      1    -7.0259445706   0.000888527846       0.3732  ACAAAAA
     9      1    -4.8410278520   0.007898930946       3.3176  AGAAAAA
    10      2    -5.3112188165   0.004935907085       2.0731  AGGAAAA
    11      1   -10.6138175878   0.000024574098       0.0103  AGGGGAA
    12      1    -6.7774494281   0.001139176748       0.4785  ATAAAAA
    13      1    -7.5278031542   0.000537918684       0.2259  CAACCCC
    14      1    -7.0641939632   0.000855183952       0.3592  CACCCCC
    15      1    -7.5446221719   0.000528947078       0.2222  CCCACCC
    16     59    -1.8915250645   0.150841590177      63.3535  CCCCCCC
    17      1    -7.4816987542   0.000563299695       0.2366  CCCCCCG
    18      1    -5.2781934456   0.005101638861       2.1427  CCCCCCT
    19      2    -5.7902441342   0.003057235710       1.2840  CCCCCTC
    20      2    -5.6459783292   0.003531691554       1.4833  CCCCTCC
    21      1    -9.5432987170   0.000071680005       0.0301  CCCCTTC
    22      1    -5.6847790578   0.003397283770       1.4269  CCCTCCC
    23      1    -6.8768132851   0.001031425673       0.4332  CCGCCCC
    24      1    -8.5868349585   0.000186545579       0.0783  CCTCCTC
    25      1    -7.4216331410   0.000598171449       0.2512  CGCCCCC
    26      1    -7.9248737317   0.000361635510       0.1519  CGGCCCC
    27      4    -5.1957116945   0.005540271930       2.3269  CTCCCCC
    28      3    -8.7216644600   0.000163015632       0.0685  CTCTCCC
    29      1   -10.0881510526   0.000041569200       0.0175  CTCTTTT
    30      1    -5.5913064798   0.003730151312       1.5667  CTTCCCC
    31      1    -7.3579903109   0.000637478306       0.2677  CTTTCTT
    32      1    -7.0324202219   0.000882792639       0.3708  CTTTTTT
    33      2    -4.9254041687   0.007259791506       3.0491  GAGGGGG
    34      2    -4.4183821457   0.012053717677       5.0626  GGAGGGG
    35      1    -5.3796683808   0.004609350225       1.9359  GGGGAGG
    36      1    -5.5242201068   0.003988978456       1.6754  GGGGGAG
    37     82    -1.8354838097   0.159536297883      67.0052  GGGGGGG
    38      2    -6.6604542667   0.001280564520       0.5378  GGTGGGG
    39      1   -10.8965224673   0.000018522535       0.0078  TAATTTC
    40      1    -6.7715196561   0.001145951874       0.4813  TATTTTT
    41      2    -5.6036686720   0.003684322322       1.5474  TCCTTTT
    42      1   -12.7930810006   0.000002779941       0.0012  TCTCCTT
    43      1   -10.7607890297   0.000021215277       0.0089  TCTTATT
    44      1    -7.6510774553   0.000475531489       0.1997  TGGTTTT
    45      1   -12.5360049998   0.000003594862       0.0015  TTCCCTT
    46      3    -8.5339181619   0.000196682823       0.0826  TTCCTTT
    47      1   -12.2942499792   0.000004577992       0.0019  TTCTCTC
    48      1   -14.4063124047   0.000000553883       0.0002  TTCTTGC
    49      3    -4.6477913529   0.009582743473       4.0248  TTCTTTT
    50      1   -13.2739413764   0.000001718702       0.0007  TTTCCCT
    51      1   -13.0666547783   0.000002114579       0.0009  TTTCCTC
    52      1   -10.9977189424   0.000016739842       0.0070  TTTCTCC
    53      1    -5.6374148628   0.003562064941       1.4961  TTTCTTT
    54      1    -9.3429591782   0.000087579888       0.0368  TTTTTCC
    55      1    -5.7436619413   0.003203017511       1.3453  TTTTTCT
    56      1    -5.2345857921   0.005329031354       2.2382  TTTTTTC
    57      1    -7.1896015581   0.000754389641       0.3168  TTTTTTG
    58     85    -1.5920141143   0.203515295597      85.4764  TTTTTTT

 2

     1    113    -1.3922171887   0.248523669458     104.3799  AAAAAAA
     2      6    -4.9379212011   0.007169486813       3.0112  AAAAAAG
     3      3    -6.4872663902   0.001522705807       0.6395  AACAAAA
     4      3    -4.3506161077   0.012898863043       5.4175  AAGAAAA
     5      1    -7.8962515977   0.000372135844       0.1563  AAGAAAG
     6      1   -12.2978465940   0.000004561557       0.0019  AAGAGGA
     7      3    -6.2387712477   0.001952252885       0.8199  AATAAAA
     8      1    -7.0258740680   0.000888590492       0.3732  ACAAAAA
     9      1    -4.8410822318   0.007898501415       3.3174  AGAAAAA
    10      2    -5.3113956963   0.004935034100       2.0727  AGGAAAA
    11      1   -10.6140368687   0.000024568710       0.0103  AGGGGAA
    12      1    -6.7773789255   0.001139257066       0.4785  ATAAAAA
    13      1    -7.5278712832   0.000537882037       0.2259  CAACCCC
    14      1    -7.0641230862   0.000855244567       0.3592  CACCCCC
    15      1    -7.5444130073   0.000529057727       0.2222  CCCACCC
    16     59    -1.8915236086   0.150841809787      63.3536  CCCCCCC
    17      1    -7.4816066666   0.000563351570       0.2366  CCCCCCG
    18      1    -5.2782195883   0.005101505492       2.1426  CCCCCCT
    19      2    -5.7902126217   0.003057332052       1.2841  CCCCCTC
    20      2    -5.6459580858   0.003531763047       1.4833  CCCCTCC
    21      1    -9.5432486481   0.000071683594       0.0301  CCCCTTC
    22      1    -5.6846927949   0.003397576842       1.4270  CCCTCCC
    23      1    -6.8767572146   0.001031483507       0.4332  CCGCCCC
    24      1    -8.5868661881   0.000186539753       0.0783  CCTCCTC
    25      1    -7.4215622640   0.000598213847       0.2512  CGCCCCC
    26      1    -7.9249407596   0.000361611271       0.1519  CGGCCCC
    27      4    -5.1957635203   0.005539984809       2.3268  CTCCCCC
    28      3    -8.7217180945   0.000163006889       0.0685  CTCTCCC
    29      1   -10.0880443525   0.000041573636       0.0175  CTCTTTT
    30      1    -5.5914865360   0.003729479736       1.5664  CTTCCCC
    31      1    -7.3577693194   0.000637619199       0.2678  CTTTCTT
    32      1    -7.0322511527   0.000882941905       0.3708  CTTTTTT
    33      2    -4.9254544442   0.007259426526       3.0490  GAGGGGG
    34      2    -4.4184415722   0.012053001388       5.0623  GGAGGGG
    35      1    -5.3796457555   0.004609454515       1.9360  GGGGAGG
    36      1    -5.5241862277   0.003989113602       1.6754  GGGGGAG
    37     82    -1.8354800167   0.159536903012      67.0055  GGGGGGG
    38      2    -6.6603968388   0.001280638063       0.5379  GGTGGGG
    39      1   -10.8966174273   0.000018520776       0.0078  TAATTTC
    40      1    -6.7714500292   0.001146031666       0.4813  TATTTTT
    41      2    -5.6038484754   0.003683659928       1.5471  TCCTTTT
    42      1   -12.7931490321   0.000002779751       0.0012  TCTCCTT
    43      1   -10.7607054106   0.000021217051       0.0089  TCTTATT
    44      1    -7.6511439398   0.000475499875       0.1997  TGGTTTT
    45      1   -12.5360146697   0.000003594827       0.0015  TTCCCTT
    46      3    -8.5339473445   0.000196677083       0.0826  TTCCTTT
    47      1   -12.2943202005   0.000004577671       0.0019  TTCTCTC
    48      1   -14.4062520307   0.000000553916       0.0002  TTCTTGC
    49      3    -4.6478538125   0.009582144958       4.0245  TTCTTTT
    50      1   -13.2738786418   0.000001718810       0.0007  TTTCCCT
    51      1   -13.0665909041   0.000002114714       0.0009  TTTCCTC
    52      1   -10.9976730431   0.000016740610       0.0070  TTTCTCC
    53      1    -5.6373312513   0.003562362783       1.4962  TTTCTTT
    54      1    -9.3429584358   0.000087579953       0.0368  TTTTTCC
    55      1    -5.7436321120   0.003203113056       1.3453  TTTTTCT
    56      1    -5.2346132793   0.005328884876       2.2381  TTTTTTC
    57      1    -7.1895108151   0.000754458100       0.3169  TTTTTTG
    58     85    -1.5920142068   0.203515276775      85.4764  TTTTTTT