

TREE #  1

  0  0.0000   1163.218678  x:  0.06833   0.01656   0.01103   0.00136   0.00000   0.02740   0.01544   0.02698   0.04036   0.02828   0.05249   0.00211   1.66634  
  1 99.0000   1159.664630  x:  0.06833   0.01669   0.01094   0.00116   0.00493   0.02742   0.01532   0.02696   0.04036   0.02826   0.05244   0.00211   1.66636  
  2 6355.9415   1158.917789  x:  0.06831   0.01735   0.01058   0.00000   0.00496   0.02740   0.01455   0.02679   0.04034   0.02806   0.05219   0.00209   1.66644  
  3 469.2417   1157.916268  x:  0.06794   0.01462   0.00893   0.00000   0.00509   0.02861   0.00665   0.02692   0.04033   0.02767   0.04905   0.00172   1.66759  
  4 256.2822   1157.695201  x:  0.06769   0.01545   0.00896   0.00000   0.00507   0.03161   0.00658   0.02766   0.04010   0.03028   0.04331   0.00147   1.67061  
  5 63.0471   1157.632413  x:  0.06788   0.01493   0.00749   0.00000   0.00507   0.03071   0.00732   0.02728   0.03999   0.03015   0.04148   0.00166   1.67397  
  6 38.1702   1157.391471  x:  0.06883   0.01497   0.00954   0.00000   0.00511   0.02640   0.00688   0.02693   0.04011   0.03148   0.03887   0.00261   1.69352  
  7 67.2181   1147.411503  x:  0.08542   0.01581   0.01519   0.00000   0.00533   0.03440   0.00787   0.03517   0.04655   0.01375   0.03720   0.01926   2.67597  
  8 268.6811   1138.524133  x:  0.07177   0.01439   0.00374   0.00000   0.00555   0.03524   0.00613   0.02043   0.03878   0.03890   0.05181   0.00566   3.51613  
  9 3573.8646   1137.647478  x:  0.06612   0.01491   0.00358   0.00000   0.00556   0.03325   0.00649   0.02463   0.03806   0.03771   0.05165   0.00000   3.57884  
 10 1008.7600   1137.647478  x:  0.06612   0.01491   0.00358   0.00000   0.00556   0.03325   0.00649   0.02463   0.03806   0.03771   0.05165   0.00000   3.57884  
 11 86.7164   1136.349014  x:  0.06684   0.02260   0.00518   0.00000   0.00308   0.03128   0.00468   0.02447   0.03862   0.03486   0.04971   0.00073   3.57901  
 12 281.0284   1135.859764  x:  0.06737   0.02668   0.00543   0.00000   0.00595   0.02963   0.00586   0.02434   0.03910   0.03211   0.04775   0.00126   3.57918  
 13 302.2976   1135.624105  x:  0.06771   0.02654   0.00456   0.00000   0.00494   0.02802   0.00780   0.02400   0.03950   0.02859   0.04503   0.00159   3.57948  
 14 117.2644   1135.502684  x:  0.06790   0.02522   0.00585   0.00000   0.00523   0.02688   0.00667   0.02380   0.03984   0.02609   0.04252   0.00179   3.57987  
 15 89.8319   1135.494841  x:  0.06797   0.02517   0.00638   0.00000   0.00517   0.02720   0.00695   0.02383   0.03983   0.02610   0.04207   0.00186   3.58009  
 16 21.0125   1135.490055  x:  0.06811   0.02522   0.00620   0.00000   0.00520   0.02780   0.00682   0.02389   0.03975   0.02610   0.04153   0.00199   3.58062  
 17 12.7265   1135.478473  x:  0.06837   0.02523   0.00596   0.00000   0.00520   0.02725   0.00678   0.02382   0.03944   0.02701   0.04069   0.00225   3.58482  
 18  7.4146   1132.962404  x:  0.06590   0.02545   0.00542   0.00000   0.00491   0.02613   0.00678   0.03504   0.04044   0.02731   0.03989   0.00000   4.50340  
 19 45.0828   1130.393535  x:  0.06880   0.02533   0.00637   0.00000   0.00514   0.02832   0.00679   0.01970   0.03979   0.02618   0.04286   0.00313   5.45885  
 20 5436.9474   1130.382144  x:  0.06973   0.02518   0.00647   0.00000   0.00513   0.02827   0.00680   0.02009   0.03950   0.02597   0.04330   0.00407   5.46359  
 21 50.3062   1130.004318  x:  0.06990   0.02526   0.00589   0.00000   0.00487   0.02825   0.00662   0.02214   0.04739   0.02774   0.04254   0.00498   5.89102  
 22  0.7608   1129.098410  x:  0.06536   0.02645   0.00629   0.00000   0.00459   0.02811   0.00642   0.02702   0.03915   0.02683   0.04169   0.00214   6.87937  
 23 2337.3562   1128.801223  x:  0.06744   0.02617   0.00646   0.00000   0.00452   0.02750   0.00643   0.02387   0.03997   0.02632   0.04260   0.00623   7.71445  
 24  0.5872   1128.770484  x:  0.06600   0.02630   0.00632   0.00000   0.00469   0.02781   0.00648   0.02397   0.04020   0.02665   0.04219   0.00513   7.98700  
 25  0.1926   1128.769541  x:  0.06624   0.02615   0.00630   0.00000   0.00468   0.02776   0.00652   0.02405   0.04003   0.02660   0.04228   0.00515   8.03815  
 26  0.0399   1128.769516  x:  0.06637   0.02613   0.00630   0.00000   0.00469   0.02776   0.00651   0.02406   0.04009   0.02661   0.04229   0.00503   8.04100  
 27  0.0029   1128.769516  x:  0.06639   0.02613   0.00630   0.00000   0.00469   0.02777   0.00651   0.02406   0.04009   0.02661   0.04229   0.00500   8.04091  
 28  0.0005   1128.769516  x:  0.06640   0.02613   0.00630   0.00000   0.00469   0.02777   0.00651   0.02406   0.04009   0.02661   0.04229   0.00500   8.04089  
 29  0.0008   1128.769516  x:  0.06640   0.02613   0.00630   0.00000   0.00469   0.02777   0.00651   0.02406   0.04009   0.02661   0.04229   0.00500   8.04089  
 30  0.0009   1128.769516  x:  0.06640   0.02613   0.00630   0.00000   0.00469   0.02777   0.00651   0.02406   0.04009   0.02661   0.04229   0.00500   8.04089  
 31  0.0010   1128.769516  x:  0.06640   0.02613   0.00630   0.00000   0.00469   0.02777   0.00651   0.02406   0.04009   0.02661   0.04229   0.00500   8.04089  
 32  0.0012   1128.769516  x:  0.06640   0.02613   0.00630   0.00000   0.00469   0.02777   0.00651   0.02406   0.04009   0.02661   0.04229   0.00500   8.04089  
 33  0.0014   1128.769516  x:  0.06640   0.02613   0.00630   0.00000   0.00469   0.02777   0.00651   0.02406   0.04009   0.02661   0.04229   0.00500   8.04089  
 34  0.0017   1128.769516  x:  0.06640   0.02613   0.00630   0.00000   0.00469   0.02777   0.00651   0.02406   0.04009   0.02661   0.04229   0.00500   8.04089  
 35  0.0016   1128.769516  x:  0.06640   0.02613   0.00630   0.00000   0.00469   0.02777   0.00651   0.02406   0.04009   0.02661   0.04229   0.00500   8.04089  
check convergence!


TREE #  2

  0  0.0000   1134.925617  x:  0.02673   0.01531   0.01198   0.00072   0.00000   0.02668   0.01563   0.02877   0.04191   0.02880   0.05542   0.04181   8.04089  
  1 99.0000   1131.966785  x:  0.02677   0.01590   0.01162   0.00000   0.00371   0.02682   0.01519   0.02865   0.04191   0.02868   0.05520   0.04185   8.04089  
  2 1300.8658   1129.165214  x:  0.02742   0.02507   0.00655   0.00000   0.00432   0.02703   0.00579   0.02600   0.04127   0.02617   0.05205   0.04250   8.04089  
  3 363.3624   1128.920068  x:  0.02777   0.02657   0.00534   0.00000   0.00423   0.02786   0.00786   0.02368   0.04036   0.02642   0.04728   0.04285   8.04089  
  4 86.3591   1128.799941  x:  0.02797   0.02606   0.00672   0.00000   0.00428   0.02792   0.00692   0.02307   0.03985   0.02730   0.04306   0.04304   8.04089  
  5 82.1868   1128.782565  x:  0.02806   0.02552   0.00618   0.00000   0.00428   0.02783   0.00677   0.02375   0.03987   0.02696   0.04206   0.04314   8.04089  
  6 29.0075   1128.781728  x:  0.02812   0.02567   0.00629   0.00000   0.00427   0.02781   0.00684   0.02395   0.03995   0.02688   0.04197   0.04320   8.04089  
  7  5.4022   1128.781651  x:  0.02816   0.02565   0.00632   0.00000   0.00427   0.02779   0.00685   0.02391   0.04000   0.02679   0.04197   0.04324   8.04089  
  8  1.2961   1128.781648  x:  0.02816   0.02565   0.00633   0.00000   0.00427   0.02780   0.00685   0.02391   0.03999   0.02678   0.04197   0.04324   8.04089  
  9  0.0723   1128.781573  x:  0.02817   0.02566   0.00634   0.00000   0.00428   0.02774   0.00685   0.02392   0.03990   0.02674   0.04198   0.04324   8.04087  
 10  0.0528   1128.772734  x:  0.02815   0.02618   0.00629   0.00000   0.00441   0.02771   0.00643   0.02407   0.04008   0.02660   0.04233   0.04329   8.03913  
 11  0.1812   1128.772724  x:  0.02813   0.02618   0.00629   0.00000   0.00442   0.02770   0.00643   0.02407   0.04009   0.02658   0.04233   0.04327   8.03913  
 12  0.4683   1128.769628  x:  0.02803   0.02619   0.00627   0.00000   0.00467   0.02775   0.00655   0.02409   0.04010   0.02659   0.04235   0.04337   8.03739  
 13  0.0006   1128.769517  x:  0.02799   0.02612   0.00630   0.00000   0.00469   0.02777   0.00651   0.02406   0.04009   0.02662   0.04228   0.04340   8.03803  
 14  0.0007   1128.769517  x:  0.02797   0.02612   0.00630   0.00000   0.00469   0.02777   0.00651   0.02406   0.04009   0.02662   0.04228   0.04342   8.03841  
 15  0.0006   1128.769517  x:  0.02794   0.02612   0.00630   0.00000   0.00469   0.02777   0.00651   0.02406   0.04009   0.02662   0.04229   0.04345   8.03898  
 16  0.0011   1128.769517  x:  0.02789   0.02612   0.00630   0.00000   0.00469   0.02777   0.00651   0.02406   0.04009   0.02662   0.04229   0.04351   8.03964  
 17  0.0010   1128.769516  x:  0.02780   0.02612   0.00630   0.00000   0.00469   0.02777   0.00651   0.02406   0.04009   0.02662   0.04229   0.04359   8.04027  
 18  0.0005   1128.769516  x:  0.02760   0.02612   0.00630   0.00000   0.00469   0.02777   0.00651   0.02406   0.04009   0.02662   0.04229   0.04379   8.03993  