

TREE #  1

  0  0.0000   1650.911511  x:  0.00000   0.04986   0.01197   0.01279   0.00478   0.01995   0.01038   0.01680   0.01881   0.03360   0.05771   0.07567   2.04715  
  1 99.0000   1650.909592  x:  0.00000   0.04986   0.01198   0.01279   0.00478   0.01995   0.01037   0.01680   0.01881   0.03360   0.05771   0.07567   2.04715  
  2 433.0099   1650.511541  x:  0.00000   0.05058   0.01065   0.00939   0.00337   0.02150   0.01023   0.01838   0.02012   0.03357   0.05716   0.07436   2.04784  
  3 167.6014   1650.325840  x:  0.00000   0.05112   0.01001   0.00745   0.00441   0.02263   0.01035   0.01945   0.02110   0.03354   0.05679   0.07341   2.04838  
  4 336.7230   1650.254476  x:  0.00000   0.05202   0.01144   0.00741   0.00437   0.02338   0.01019   0.01986   0.02197   0.03356   0.05640   0.07188   2.04952  
  5 62.6957   1650.176182  x:  0.00000   0.05350   0.01066   0.00836   0.00442   0.02360   0.00962   0.01938   0.02231   0.03303   0.05566   0.06895   2.05246  
  6 55.5788   1650.098318  x:  0.00000   0.05410   0.01072   0.00791   0.00437   0.02303   0.01142   0.01875   0.02113   0.03324   0.05557   0.06658   2.05810  
  7 50.2682   1649.639272  x:  0.00000   0.05235   0.01020   0.00877   0.00440   0.01926   0.01165   0.02306   0.02109   0.03516   0.05825   0.06269   2.10134  
  8 84.9985   1645.686361  x:  0.00000   0.04072   0.00928   0.00928   0.00442   0.02860   0.00831   0.01782   0.02149   0.03876   0.07434   0.05480   2.49081  
  9 658.1804   1634.799580  x:  0.00000   0.07097   0.01146   0.00555   0.00429   0.02334   0.00876   0.01897   0.01984   0.02559   0.07499   0.07621   3.70913  
 10 2714.2663   1631.755341  x:  0.00000   0.06984   0.01038   0.00642   0.00430   0.02122   0.00996   0.01614   0.02391   0.03751   0.05535   0.08160   4.01025  
 11 2547.3296   1631.013103  x:  0.00000   0.06473   0.01156   0.00678   0.00433   0.02216   0.00939   0.01854   0.02078   0.03404   0.04652   0.08164   4.08000  
 12 896.3165   1630.971429  x:  0.00000   0.06382   0.01176   0.00644   0.00431   0.02127   0.00973   0.01796   0.02197   0.03287   0.04598   0.08150   4.08403  
 13 77.1653   1628.073517  x:  0.00000   0.06127   0.01266   0.00331   0.00443   0.01912   0.00324   0.01680   0.01936   0.03359   0.04882   0.07551   4.29341  
 14  0.4057   1626.133633  x:  0.00000   0.05584   0.01447   0.00503   0.00507   0.01443   0.00589   0.01449   0.01521   0.03381   0.05461   0.06664   4.74748  
 15  0.6482   1624.777374  x:  0.00000   0.05317   0.01472   0.00534   0.00551   0.01906   0.00443   0.01561   0.01870   0.03734   0.05771   0.05895   5.47547  
 16  0.5660   1624.621923  x:  0.00700   0.05278   0.01476   0.00538   0.00557   0.01974   0.00422   0.01577   0.01921   0.03785   0.05816   0.05784   5.58110  
 17 691.9159   1624.200239  x:  0.01010   0.05471   0.01382   0.00334   0.00540   0.01854   0.00501   0.01628   0.01862   0.03859   0.05703   0.05480   6.02276  
 18  0.4551   1623.930578  x:  0.01212   0.05616   0.01301   0.00459   0.00525   0.01707   0.00419   0.01589   0.01757   0.03794   0.05572   0.05256   6.43776  
 19  0.6261   1623.866531  x:  0.01375   0.05564   0.01315   0.00467   0.00513   0.01779   0.00481   0.01549   0.01760   0.03634   0.05583   0.05124   6.64050  
 20  0.1973   1623.860127  x:  0.01427   0.05560   0.01327   0.00459   0.00511   0.01762   0.00474   0.01581   0.01789   0.03617   0.05620   0.05064   6.71137  
 21  0.0768   1623.859234  x:  0.01442   0.05570   0.01331   0.00456   0.00511   0.01771   0.00467   0.01573   0.01783   0.03627   0.05622   0.05044   6.73535  
 22  0.0258   1623.859214  x:  0.01442   0.05572   0.01332   0.00456   0.00511   0.01770   0.00468   0.01573   0.01784   0.03629   0.05620   0.05044   6.73634  
 23  0.0013   1623.859213  x:  0.01442   0.05572   0.01332   0.00456   0.00511   0.01770   0.00468   0.01573   0.01784   0.03629   0.05619   0.05044   6.73654  
 24  0.0008   1623.859213  x:  0.01442   0.05572   0.01332   0.00456   0.00511   0.01770   0.00468   0.01573   0.01784   0.03629   0.05619   0.05044   6.73656  

TREE #  2

  0  0.0000   1626.883500  x:  0.02018   0.04635   0.01012   0.00438   0.00104   0.01597   0.00679   0.01668   0.01895   0.03522   0.05908   0.04978   6.73656  
  1 99.0000   1624.738725  x:  0.02010   0.04657   0.01044   0.00450   0.00532   0.01610   0.00652   0.01665   0.01888   0.03530   0.05904   0.04969   6.73656  
  2 1845.8096   1624.207872  x:  0.01936   0.04852   0.01304   0.00472   0.00530   0.01700   0.00384   0.01605   0.01816   0.03586   0.05863   0.04895   6.73656  
  3 217.5705   1624.012314  x:  0.01847   0.05097   0.01451   0.00451   0.00528   0.01812   0.00511   0.01553   0.01757   0.03635   0.05799   0.04807   6.73656  
  4 149.3656   1623.873844  x:  0.01731   0.05492   0.01287   0.00480   0.00528   0.01792   0.00488   0.01580   0.01775   0.03638   0.05663   0.04690   6.73656  
  5 79.3276   1623.869163  x:  0.01735   0.05512   0.01287   0.00449   0.00529   0.01777   0.00486   0.01579   0.01779   0.03638   0.05654   0.04695   6.73656  
  6 26.0769   1623.866479  x:  0.01756   0.05535   0.01302   0.00454   0.00529   0.01752   0.00491   0.01579   0.01794   0.03637   0.05642   0.04715   6.73656  
  7 13.1439   1623.865860  x:  0.01771   0.05543   0.01300   0.00454   0.00529   0.01761   0.00490   0.01578   0.01791   0.03629   0.05632   0.04731   6.73656  
  8  5.2070   1623.865819  x:  0.01771   0.05541   0.01302   0.00454   0.00529   0.01760   0.00490   0.01579   0.01790   0.03625   0.05625   0.04730   6.73656  
  9  0.9955   1623.865815  x:  0.01770   0.05541   0.01302   0.00454   0.00529   0.01761   0.00490   0.01579   0.01791   0.03625   0.05624   0.04730   6.73656  
 10  0.3750   1623.865813  x:  0.01771   0.05540   0.01301   0.00454   0.00529   0.01761   0.00490   0.01579   0.01790   0.03626   0.05623   0.04730   6.73656  
 11  0.1098   1623.865804  x:  0.01771   0.05540   0.01302   0.00454   0.00529   0.01761   0.00490   0.01581   0.01791   0.03627   0.05623   0.04730   6.73656  
 12  0.0273   1623.860425  x:  0.01754   0.05578   0.01334   0.00456   0.00524   0.01774   0.00468   0.01571   0.01785   0.03640   0.05633   0.04734   6.73669  
 13  0.0380   1623.859851  x:  0.01597   0.05574   0.01338   0.00461   0.00519   0.01770   0.00469   0.01574   0.01783   0.03626   0.05611   0.04888   6.73750  
 14  0.0016   1623.859241  x:  0.01503   0.05572   0.01331   0.00456   0.00511   0.01768   0.00467   0.01575   0.01784   0.03628   0.05616   0.04983   6.73800  
 15  0.0008   1623.859216  x:  0.01508   0.05571   0.01333   0.00456   0.00511   0.01770   0.00468   0.01574   0.01784   0.03629   0.05617   0.04979   6.73749  
 16  0.0005   1623.859215  x:  0.01504   0.05571   0.01333   0.00456   0.00511   0.01770   0.00468   0.01574   0.01784   0.03629   0.05617   0.04982   6.73733  
 17  0.0003   1623.859215  x:  0.01502   0.05572   0.01333   0.00456   0.00511   0.01770   0.00468   0.01574   0.01784   0.03629   0.05618   0.04984   6.73730  
 18  0.0003   1623.859215  x:  0.01501   0.05572   0.01333   0.00456   0.00511   0.01770   0.00468   0.01574   0.01784   0.03629   0.05618   0.04985   6.73730  
 19  0.0004   1623.859215  x:  0.01501   0.05572   0.01333   0.00456   0.00511   0.01770   0.00468   0.01574   0.01784   0.03629   0.05618   0.04985   6.73730  