     2    876    430


 1

     1    105    -2.8776790909   0.056265197821      49.2883  AAAAAAAAAAAAA
     2      2    -5.5881168725   0.003742068025       3.2781  AAAAAAAAAAAAC
     3     10    -4.6202168139   0.009850660069       8.6292  AAAAAAAAAAAAG
     4      5    -5.4402927163   0.004338213219       3.8003  AAAAAAAAAAAAT
     5      2    -5.8326177666   0.002930395838       2.5670  AAAAAAAAAAACA
     6      1    -8.4545387480   0.000212931775       0.1865  AAAAAAAAAAACC
     7      2    -4.8225578629   0.008046179770       7.0485  AAAAAAAAAAAGA
     8      2    -6.4436757822   0.001590549409       1.3933  AAAAAAAAAAAGG
     9      2    -5.6847936104   0.003397234331       2.9760  AAAAAAAAAAATA
    10      1    -6.2076928517   0.002013878425       1.7642  AAAAAAAAAACAA
    11      2    -8.8026637440   0.000150332095       0.1317  AAAAAAAAAACAC
    12      1    -9.1115371617   0.000110384905       0.0967  AAAAAAAAAACCA
    13      1   -10.6872151697   0.000022835022       0.0200  AAAAAAAAAACTC
    14      1   -10.6991213657   0.000022564755       0.0198  AAAAAAAAAACTT
    15      2    -5.1501388811   0.005798599355       5.0796  AAAAAAAAAAGAA
    16      1    -8.7309473660   0.000161509375       0.1415  AAAAAAAAAATAC
    17      1    -7.9896109260   0.000338965941       0.2969  AAAAAAAAAATGA
    18      1   -13.9853232257   0.000000843823       0.0007  AAAAAAAAATCAC
    19      1    -6.4896007164   0.001519155461       1.3308  AAAAAAAGAAAAA
    20      1    -9.2000321371   0.000101036155       0.0885  AAAAAAAGAAAAC
    21      1    -8.7620177953   0.000156568367       0.1372  AAAAAAAGAAGAA
    22      1    -7.4684568766   0.000570808445       0.5000  AAAAAAATAAAAA
    23      1   -12.7641603997   0.000002861512       0.0025  AAAAAAGAAACCC
    24      1    -9.8826609824   0.000051052248       0.0447  AAAAAAGAAAGAG
    25      1    -6.9994034682   0.000912426094       0.7993  AAAAAATAAAAAA
    26      1   -14.1173862108   0.000000739430       0.0006  AAAAACAAGAAAC
    27      1    -6.3856096776   0.001685640485       1.4766  AAAAAGAAAAAAA
    28      1    -8.1270275381   0.000295445096       0.2588  AAAAAGAAAAAAG
    29      1    -8.3988161954   0.000225133681       0.1972  AAAAGAAAAAAGA
    30      1   -10.3060516092   0.000033430175       0.0293  AAAAGAAAGAAAA
    31      1   -14.3630964107   0.000000578344       0.0005  AAAAGAGAAAGGC
    32      1   -12.2192896320   0.000004934350       0.0043  AAAAGGAAAAGAA
    33      1   -10.6076128287   0.000024727049       0.0217  AAACAAAAAAAAC
    34      1   -10.8920365215   0.000018605813       0.0163  AAACACACACCCC
    35      1   -10.6073386432   0.000024733829       0.0217  AAAGAAAAAAGAG
    36      1    -9.9074713878   0.000049801204       0.0436  AAAGAAAAAGACA
    37      1   -13.6026189126   0.000001237251       0.0011  AAATAAAAAATAC
    38      1   -12.6477284151   0.000003214855       0.0028  AAATAAATATTAG
    39      1   -13.1567073817   0.000001932478       0.0017  AAATACATATAAT
    40      1   -10.6987359342   0.000022573454       0.0198  AACAAAGACAAAA
    41      1   -13.0293281013   0.000002195001       0.0019  AAGAAGGAAAAAA
    42      1    -8.2397302535   0.000263955441       0.2312  AAGAGAGAGAGGG
    43      1   -20.1054661485   0.000000001855       0.0000  AAGCGGGAAAGGG
    44      1   -24.7536309197   0.000000000018       0.0000  AAGCGGGCGATGC
    45      1   -12.5502397064   0.000003544053       0.0031  AAGGAAAGGGAAG
    46      1   -16.4337580265   0.000000072931       0.0001  AAGGAGGGGGTAC
    47      1   -15.0535051107   0.000000289965       0.0003  AAGGGAGAGAATG
    48      1   -16.6728759858   0.000000057420       0.0001  AATATATATTAGG
    49      1   -21.0608717281   0.000000000713       0.0000  AATGAGTATATTA
    50      1   -13.6661551880   0.000001161086       0.0010  ACAAAAAAAAGGC
    51      1   -18.9582370328   0.000000005842       0.0000  ACAAATACAAGAT
    52      2    -6.3266841788   0.001787952482       1.5662  ACACACACACAAA
    53      1    -8.8312931306   0.000146089205       0.1280  ACACACACACAAC
    54      1    -8.8195318633   0.000147817543       0.1295  ACACACACACAAT
    55      1    -8.4658557596   0.000210535608       0.1844  ACACACACACATA
    56      1    -9.2886595576   0.000092466924       0.0810  ACACACACACATC
    57      1    -9.5697597644   0.000069808152       0.0612  ACACACACACCGC
    58      1    -8.3013340567   0.000248185513       0.2174  ACACACACACCTC
    59      1   -10.5253919606   0.000026846047       0.0235  ACACACACACGTA
    60      1    -9.4751458056   0.000076735524       0.0672  ACACACACACTAA
    61      1   -15.0030956952   0.000000304957       0.0003  ACACACACATTAG
    62      1   -13.5578597291   0.000001293887       0.0011  ACACACCCACATC
    63      1   -16.2101337057   0.000000091207       0.0001  ACACATATACAGC
    64      1   -14.9660786274   0.000000316457       0.0003  ACACATATACGGG
    65      1   -16.4039123287   0.000000075140       0.0001  ACACGTACACCGC
    66      1   -18.9577905539   0.000000005844       0.0000  ACACGTATACACG
    67      1   -15.8730959140   0.000000127762       0.0001  ACAGATAGAGCTC
    68      1   -29.9435054390   0.000000000000       0.0000  ACATAAGCTGATT
    69      1   -13.5367713207   0.000001321463       0.0012  ACATACACATGAG
    70      1   -10.9504870364   0.000017549466       0.0154  ACATATATATACA
    71      1   -19.8452417364   0.000000002406       0.0000  ACATATGTGTGCT
    72      1   -16.4837203096   0.000000069376       0.0001  ACCTCCCTCTTTA
    73      1   -13.1720311831   0.000001903091       0.0017  ACGCGCGCGCCAA
    74      1    -8.9569907076   0.000128833368       0.1129  AGAAAAAAAAAAC
    75      1   -12.4803674652   0.000003800540       0.0033  AGAAAAAGAAAAC
    76      1   -19.5186669859   0.000000003335       0.0000  AGAAAAGAGGGGG
    77      1   -10.5779103096   0.000025472521       0.0223  AGAAAGAAAAGAG
    78      1    -9.1844258697   0.000102625320       0.0899  AGAAAGAGAGGGG
    79      1   -15.5682516042   0.000000173298       0.0002  AGAAAGAGGAAAC
    80      1   -12.0187788598   0.000006029908       0.0053  AGAGAAAGAAAAA
    81      1   -11.9251654856   0.000006621653       0.0058  AGAGAAAGAGATG
    82      1   -17.2229585983   0.000000033126       0.0000  AGAGAGAAAATTA
    83      1    -5.2638813006   0.005175179261       4.5335  AGAGAGAGAGAAA
    84      1    -6.7493876670   0.001171596809       1.0263  AGAGAGAGAGAAG
    85      1    -6.2379328450   0.001953890345       1.7116  AGAGAGAGAGAGA
    86      1    -8.4826189823   0.000207035769       0.1814  AGAGAGAGAGGCG
    87      1   -12.8177203567   0.000002712282       0.0024  AGAGAGAGGGACG
    88      1   -17.2622023692   0.000000031851       0.0000  AGAGGAAGAGTGC
    89      1   -25.3919305901   0.000000000009       0.0000  AGAGGAATGGTAT
    90      1   -14.7270136541   0.000000401920       0.0004  AGAGGAGGAGAAA
    91      1   -10.2856877124   0.000034117923       0.0299  AGAGGGAGAGAAG
    92      1   -13.0217464529   0.000002211706       0.0019  AGAGTGAGAGAGC
    93      1   -13.3199247585   0.000001641460       0.0014  AGGAAAGAGAGAG
    94      1   -17.2682882676   0.000000031658       0.0000  AGGAGGGAGATTC
    95      1   -13.3012970657   0.000001672323       0.0015  AGGAGGGGGAAAG
    96      1   -16.3645311858   0.000000078158       0.0001  AGGGAAAAAAGAA
    97      1   -13.8170593069   0.000000998452       0.0009  AGGGAAAGAGAAG
    98      1   -15.4443836478   0.000000196150       0.0002  AGGGGAAGGGAAG
    99      1   -30.9058521089   0.000000000000       0.0000  AGGTCATGCTTCA
   100      1   -22.2210398494   0.000000000224       0.0000  AGGTCGATGTGAC
   101      1   -25.8237906436   0.000000000006       0.0000  AGTACGCTTAATC
   102      1   -13.2413665665   0.000001775610       0.0016  ATAAAAAAAATCA
   103      1   -12.9667487609   0.000002336752       0.0020  ATAAAAAAAATCT
   104      1   -16.9510351617   0.000000043477       0.0000  ATAAGTAAAATTA
   105      1   -17.6254461868   0.000000022150       0.0000  ATACCTACACTCC
   106      1   -17.9979856175   0.000000015261       0.0000  ATAGAGAAAGCGC
   107      1   -15.6601840072   0.000000158077       0.0001  ATATATACACAAC
   108      1    -6.1487004956   0.002136256041       1.8714  ATATATATATAAA
   109      1    -8.7893767648   0.000152342884       0.1335  ATATATATATAAC
   110      1    -7.8593104777   0.000386140032       0.3383  ATATATATATAAG
   111      1   -10.7311235457   0.000021854066       0.0191  ATATATATATCAC
   112      1   -10.7615095277   0.000021199997       0.0186  ATATATATATTCG
   113      1    -9.3161174936   0.000089962513       0.0788  ATATATATATTGT
   114      1   -11.5521429883   0.000009615415       0.0084  ATATATGTATGAA
   115      1   -17.9754599096   0.000000015608       0.0000  ATATGCGTGTGAG
   116      1   -13.4991626139   0.000001372108       0.0012  ATGTGTATGTGTT
   117      1   -25.0517403687   0.000000000013       0.0000  ATTGCTTGGGATC
   118      1    -7.0053949926   0.000906975616       0.7945  ATTTTTTTTTTTT
   119      1   -10.6304235349   0.000024169392       0.0212  CAAAAAAAAAAGG
   120      1   -16.8208718159   0.000000049521       0.0000  CAAACAGAGAAAG
   121      1   -24.6588411357   0.000000000020       0.0000  CAAGCGAAATCTT
   122      2    -6.4749889971   0.001541515898       1.3504  CACACACACAAAA
   123      1    -9.0120585265   0.000121930600       0.1068  CACACACACAAAC
   124      1   -10.8118838985   0.000020158513       0.0177  CACACACACAACG
   125      1    -6.4706176576   0.001548269137       1.3563  CACACACACACCC
   126      1    -9.4800311237   0.000076361560       0.0669  CACACACACATCT
   127      1   -11.0176644283   0.000016409265       0.0144  CACACACACATTG
   128      1   -10.7877462769   0.000020651011       0.0181  CACACAGACACCC
   129      1   -10.6867697281   0.000022845195       0.0200  CACACATACACAA
   130      1   -18.4420803513   0.000000009788       0.0000  CACCCCCACACAT
   131      1   -14.4703104012   0.000000519546       0.0005  CACCCCCCCCTAG
   132      1   -16.6240181049   0.000000060295       0.0001  CACGCGCGCAAAC
   133      1   -20.6670092713   0.000000001058       0.0000  CAGGTATAGGCAC
   134      1   -13.0355044256   0.000002181486       0.0019  CATACACACAATA
   135      1   -17.1735713772   0.000000034803       0.0000  CCACTCCCACTAT
   136      1   -15.6167978027   0.000000165086       0.0001  CCATATATATAAT
   137      1   -19.2627870328   0.000000004308       0.0000  CCCACTCATATTA
   138      2    -9.0885580132   0.000112950825       0.0989  CCCCCCCCCCAAC
   139      1    -6.4358609532   0.001603027976       1.4043  CCCCCCCCCCACC
   140      1    -8.1315162544   0.000294121899       0.2577  CCCCCCCCCCATC
   141      3    -8.4170624128   0.000221063092       0.1937  CCCCCCCCCCCAA
   142      1    -6.0498786627   0.002358148120       2.0657  CCCCCCCCCCCAC
   143      1    -5.7956152356   0.003040859006       2.6638  CCCCCCCCCCCCA
   144     93    -3.3665653977   0.034507955143      30.2290  CCCCCCCCCCCCC
   145      1    -6.0902850321   0.002264763293       1.9839  CCCCCCCCCCCCG
   146      2    -4.8595431820   0.007754025260       6.7925  CCCCCCCCCCCCT
   147      1    -6.3445484592   0.001756295603       1.5385  CCCCCCCCCCCGC
   148      4    -5.0734899215   0.006260533202       5.4842  CCCCCCCCCCCTC
   149      1    -7.8186814648   0.000402151584       0.3523  CCCCCCCCCCTCA
   150      1    -9.1504836072   0.000106168447       0.0930  CCCCCCCCCCTTA
   151      1    -8.7630638041   0.000156404680       0.1370  CCCCCCCCTCCTC
   152      1   -10.1710866430   0.000038260725       0.0335  CCCCCCCCTCCTT
   153      1    -9.9878667516   0.000045954134       0.0403  CCCCCCTCCCTTC
   154      1   -11.1158363754   0.000014874884       0.0130  CCCCCTCCCCTCA
   155      1    -8.7134034695   0.000164367880       0.1440  CCCCCTCCCCTCC
   156      1   -10.7182406279   0.000022137432       0.0194  CCCTCCCCCCTTC
   157      1   -14.9443161351   0.000000323419       0.0003  CCCTCCGTCTTTC
   158      1    -9.2760642258   0.000093638941       0.0820  CCCTCTCTCTCTT
   159      1   -13.1866181213   0.000001875532       0.0016  CCCTCTCTCTGGC
   160      1   -17.4986329279   0.000000025144       0.0000  CCCTTCTCTTCCG
   161      1   -22.6614190664   0.000000000144       0.0000  CCTACAGAGATAC
   162      1   -24.1936363771   0.000000000031       0.0000  CCTACGAGTGGTC
   163      1   -15.0931711971   0.000000278688       0.0002  CCTCACTCTCACT
   164      1   -10.6397536750   0.000023944937       0.0210  CCTCCCTCTCTTC
   165      1   -16.8968962414   0.000000045896       0.0000  CCTCCCTCTTTTG
   166      1   -19.1489127359   0.000000004828       0.0000  CCTCCCTTCCTTG
   167      1   -11.4126068121   0.000011055231       0.0097  CCTCTCCCTCTTT
   168      1    -9.7123274269   0.000060532665       0.0530  CCTCTCTCTCCTT
   169      1    -9.5644126901   0.000070182421       0.0615  CCTCTCTCTCTTC
   170      1   -11.0099540405   0.000016536276       0.0145  CCTCTCTCTCTTG
   171      1   -19.2753760492   0.000000004254       0.0000  CCTCTCTTCTCTC
   172      1   -13.4927454237   0.000001380941       0.0012  CCTCTCTTTCACC
   173      1   -12.4504354427   0.000003916017       0.0034  CCTTTCTCTCCTC
   174      1   -11.4321903010   0.000010840838       0.0095  CCTTTTTTTTCTT
   175      1   -14.8609373712   0.000000351542       0.0003  CGAGCGCGTGGGG
   176      1   -16.4590447936   0.000000071110       0.0001  CGCACACATATAC
   177      1   -19.0973784027   0.000000005083       0.0000  CGCACGCGCTTCG
   178      1   -23.7941551641   0.000000000046       0.0000  CGCAGGTATAGAC
   179      1   -13.5117907964   0.000001354889       0.0012  CGCGCGTGCGAGC
   180      1   -12.1184274136   0.000005458004       0.0048  CGGGCGCGGGCCC
   181      1   -16.8016220551   0.000000050483       0.0000  CGTACGCGCACTT
   182      1   -20.6859790849   0.000000001038       0.0000  CGTCTGGGTGAAA
   183      1   -11.1627601159   0.000014193022       0.0124  CGTGTGTGTGGAG
   184      1   -12.7864791872   0.000002798354       0.0025  CGTGTGTGTGGTT
   185      1   -20.7696725331   0.000000000955       0.0000  CGTGTGTTTAAAG
   186      1   -12.7067386881   0.000003030634       0.0027  CTATATATATATC
   187      1    -9.6266347616   0.000065948610       0.0578  CTATATATATTTT
   188      1   -21.7739543329   0.000000000350       0.0000  CTATTCATCTTCC
   189      2    -6.5386217832   0.001446480690       1.2671  CTCCCCCCCCCCC
   190      1    -9.8949853487   0.000050426923       0.0442  CTCCCCCTCCCCC
   191      1    -9.3051666076   0.000090953096       0.0797  CTCCCTCTCTTTT
   192      1   -10.3538495658   0.000031869868       0.0279  CTCTCCCTCTTTC
   193      1    -8.2712669523   0.000255761049       0.2240  CTCTCTCTCTATT
   194      1    -5.4416053719   0.004332522375       3.7953  CTCTCTCTCTCCC
   195      1    -6.2899748058   0.001854806677       1.6248  CTCTCTCTCTCTC
   196      1    -6.3517899364   0.001743623366       1.5274  CTCTCTCTCTCTT
   197      1    -9.2397822213   0.000097098734       0.0851  CTCTCTCTCTTAC
   198      1    -5.4762583183   0.004184959224       3.6660  CTCTCTCTCTTTT
   199      1   -11.2460787683   0.000013058402       0.0114  CTCTCTGTCTTTC
   200      1   -12.5146828760   0.000003672335       0.0032  CTTCTCTCTCTAT
   201      1   -15.2013840212   0.000000250105       0.0002  CTTTCTCTTTGAA
   202      1   -12.6181434283   0.000003311387       0.0029  CTTTCTTTTTTAC
   203      1   -10.1978458141   0.000037250477       0.0326  CTTTCTTTTTTTC
   204      1    -8.6681035992   0.000171984948       0.1507  CTTTCTTTTTTTT
   205      1   -14.1316663545   0.000000728946       0.0006  CTTTTCTTTTTGC
   206      1    -7.9369422619   0.000357297331       0.3130  CTTTTTTTTTTCT
   207      2    -7.7281125261   0.000440274340       0.3857  CTTTTTTTTTTTC
   208      1    -7.6882082153   0.000458198430       0.4014  GAAAAAAAAAAAG
   209      1    -8.7619504704   0.000156578908       0.1372  GAAAAAAAAAATA
   210      1    -8.1239412235   0.000296358341       0.2596  GAAAAAAAAAGAA
   211      1   -17.5546467057   0.000000023775       0.0000  GAAAAAAAGATCC
   212      1   -13.7049192892   0.000001116938       0.0010  GAAAAAGAAAACG
   213      1   -14.3527966402   0.000000584332       0.0005  GAAAAAGAAAATT
   214      1   -18.8850574198   0.000000006285       0.0000  GAAAAGAGGGAAG
   215      1   -12.6539113530   0.000003195039       0.0028  GAAAGAAAAACAG
   216      1   -14.3332136201   0.000000595888       0.0005  GAAAGAAGAAAGG
   217      1   -11.7872066480   0.000007601183       0.0067  GAAAGAGAAAAAC
   218      1   -12.3366245368   0.000004388055       0.0038  GAAAGAGAAATGG
   219      1   -16.6383475529   0.000000059437       0.0001  GAAGGAAGAAGAG
   220      1   -12.9138890564   0.000002463595       0.0022  GAGAAAAAAAGGG
   221      1   -11.5108156120   0.000010021121       0.0088  GAGAAAAAGAAAG
   222      1   -17.1088994868   0.000000037128       0.0000  GAGAAAGAAAATC
   223      1    -9.9831244192   0.000046172581       0.0404  GAGAAAGAGAAAG
   224      1   -11.1490454761   0.000014389015       0.0126  GAGAGAAAGATAA
   225      3    -5.4035357529   0.004500639628       3.9426  GAGAGAGAGAAAA
   226      2    -8.3302466067   0.000241112578       0.2112  GAGAGAGAGAACA
   227      1    -7.2637154481   0.000700500521       0.6136  GAGAGAGAGAAGG
   228      1    -8.1824224505   0.000279523986       0.2449  GAGAGAGAGAATA
   229      2   -10.6864624890   0.000022852215       0.0200  GAGAGAGAGAATC
   230      1    -8.4428843106   0.000215427892       0.1887  GAGAGAGAGACAA
   231      1   -11.1248693933   0.000014741124       0.0129  GAGAGAGAGACCG
   232      1    -8.4432079965   0.000215358173       0.1887  GAGAGAGAGAGAC
   233      1    -6.2615100136   0.001908361967       1.6717  GAGAGAGAGAGAG
   234      1    -5.4699287438   0.004211532245       3.6893  GAGAGAGAGAGGG
   235      1    -8.2950601544   0.000249747499       0.2188  GAGAGAGAGATAA
   236      1   -12.1783042025   0.000005140788       0.0045  GAGAGATAGAAAC
   237      1   -10.5522014164   0.000026135882       0.0229  GAGAGGGAGAAGG
   238      1   -18.1736603145   0.000000012802       0.0000  GAGCAAGTGTGAA
   239      1   -11.8865290375   0.000006882497       0.0060  GCACACACACAAC
   240      1   -11.9832626397   0.000006247916       0.0055  GCACGCGCGCGAG
   241      1   -15.0859947031   0.000000280696       0.0002  GCGAGGGGGGAAG
   242      1    -9.6398710434   0.000065081447       0.0570  GCGCGCGCGCCAC
   243      1    -9.8948897179   0.000050431745       0.0442  GCGCGCGCGCCGC
   244      1    -8.2959895380   0.000249515496       0.2186  GCGCGCGCGCGAG
   245      1    -9.3674774297   0.000085458692       0.0749  GCGCGCGCGCGGC
   246      1    -6.8813383805   0.001026768918       0.8994  GCGCGCGCGCGGG
   247      1   -17.6826585652   0.000000020918       0.0000  GCGCGTGTGTAGC
   248      1   -15.5884663934   0.000000169830       0.0001  GCGTATGTGTGTC
   249      1   -16.4452357064   0.000000072098       0.0001  GCGTGCACGTAAG
   250      1   -14.9596285067   0.000000318505       0.0003  GCGTGCGCGTTTG
   251      1   -14.5931026403   0.000000459511       0.0004  GCGTGCGTGTCAT
   252      1   -14.7320593939   0.000000399897       0.0004  GGAAAAAAAAATC
   253      1   -18.9672417582   0.000000005789       0.0000  GGAAAGCAAAGAC
   254      1    -9.6374819503   0.000065237118       0.0571  GGAGAGAGAGGAA
   255      1   -13.0468008363   0.000002156981       0.0019  GGAGGGGGGGAAC
   256      1   -16.4111768942   0.000000074596       0.0001  GGCGTGTGCGTTC
   257      1   -18.1241817290   0.000000013451       0.0000  GGGAAGGAAAGAC
   258      1   -17.8753292438   0.000000017252       0.0000  GGGAGCGAGATTC
   259      1   -11.5015778359   0.000010114123       0.0089  GGGAGGAAGAGAG
   260      1   -14.6978110732   0.000000413830       0.0004  GGGAGGGAGATTC
   261      1    -8.8836957066   0.000138630879       0.1214  GGGAGGGGGAGAG
   262      1   -11.1503886335   0.000014369701       0.0126  GGGGGAGAGGGGA
   263      1   -10.3296585779   0.000032650233       0.0286  GGGGGAGGAGGGG
   264      1   -12.5784448454   0.000003445489       0.0030  GGGGGCGCGGGGG
   265      1   -10.0977567134   0.000041171812       0.0361  GGGGGCGGGGAGG
   266      1    -6.3790475637   0.001696738222       1.4863  GGGGGGAGGGGGG
   267      1    -7.4014752450   0.000610351678       0.5347  GGGGGGGGGGAAA
   268      2    -7.0071859333   0.000905352730       0.7931  GGGGGGGGGGAAG
   269      1   -10.7759865477   0.000020895295       0.0183  GGGGGGGGGGACC
   270      1    -9.6928954480   0.000061720437       0.0541  GGGGGGGGGGCCG
   271      3    -9.3810510117   0.000084306549       0.0739  GGGGGGGGGGCGC
   272      2    -5.1281737366   0.005927375544       5.1924  GGGGGGGGGGGAG
   273      2    -6.4291432071   0.001613832963       1.4137  GGGGGGGGGGGCG
   274      1    -4.9109346813   0.007365600623       6.4523  GGGGGGGGGGGGA
   275      3    -6.1715331882   0.002088032199       1.8291  GGGGGGGGGGGGC
   276     95    -3.5219157622   0.029542783972      25.8795  GGGGGGGGGGGGG
   277      1    -6.0237090320   0.002420674564       2.1205  GGGGGGGGGGGGT
   278      2    -6.2813190509   0.001870931112       1.6389  GGGGGGGGGGGTG
   279      1   -10.8511045529   0.000019383186       0.0170  GGGGGGGGGGTCA
   280      1   -11.2035228844   0.000013626108       0.0119  GGGGGGGGGGTTC
   281      1    -9.4002624673   0.000082702356       0.0724  GGGGGGGGGGTTG
   282      1   -13.2553196283   0.000001751007       0.0015  GGGTGTATGTAGG
   283      1   -18.5596498094   0.000000008703       0.0000  GTACGTGTATAAC
   284      1   -11.5481819059   0.000009653578       0.0085  GTATATATATGAG
   285      1   -13.3899656269   0.000001530424       0.0013  GTATATATATTAG
   286      1    -9.6339528727   0.000065467752       0.0573  GTGCGCGCGCGGG
   287      1   -17.1863488688   0.000000034361       0.0000  GTGTGCGCGTTAC
   288      1   -21.9583585936   0.000000000291       0.0000  GTGTGCGCTCATC
   289      1    -6.7033536833   0.001226790728       1.0747  GTGTGTGTGTGGG
   290      1    -9.0558551945   0.000116705698       0.1022  GTGTGTGTGTGGT
   291      1    -7.9925756379   0.000337962492       0.2961  GTGTGTGTGTGTG
   292      1    -9.1075742665   0.000110823217       0.0971  GTGTGTGTGTTTA
   293      1   -20.5068450301   0.000000001242       0.0000  GTTTATTTTCCTG
   294      1   -10.0415634516   0.000043551629       0.0382  TAAAAAAAAATAA
   295      1   -15.0371786447   0.000000294738       0.0003  TAAAAAGAAATAT
   296      1   -20.8947585220   0.000000000842       0.0000  TAAAGAGGAATAC
   297      1   -12.3668787842   0.000004257286       0.0037  TAAATATATATAT
   298      1   -20.0193940915   0.000000002022       0.0000  TAAGCGTGAGTTA
   299      1   -13.5756833583   0.000001271029       0.0011  TACACATATAAAA
   300      1   -13.7444558458   0.000001073640       0.0009  TACATACACATGC
   301      1   -12.8716701417   0.000002569832       0.0023  TACATATATAAAC
   302      1   -14.3695178023   0.000000574642       0.0005  TAGAAACAGAAAA
   303      1   -13.5007173294   0.000001369976       0.0012  TAGAAAGAGAATA
   304      1   -13.3994729557   0.000001515943       0.0013  TATAAATATATCC
   305      1   -18.2251749372   0.000000012159       0.0000  TATACAAATAACG
   306      1   -15.5767629376   0.000000171830       0.0002  TATACACACAATA
   307      1   -14.9440193654   0.000000323515       0.0003  TATACACATATAC
   308      1   -13.0093239568   0.000002239352       0.0020  TATACATATAAGG
   309      1   -11.1108650930   0.000014949016       0.0131  TATATACATAAAG
   310      1   -13.6543817253   0.000001174836       0.0010  TATATACATACCA
   311      1    -9.0292217570   0.000119855734       0.1050  TATATATATAATA
   312      1    -9.4556511731   0.000078246131       0.0685  TATATATATACAT
   313      1    -6.1947486634   0.002040115891       1.7871  TATATATATATTT
   314      1   -14.7440986855   0.000000395111       0.0003  TATATATGTGTTC
   315      1   -12.4531419299   0.000003905433       0.0034  TATATGTATAAAC
   316      1   -11.3152507253   0.000012185660       0.0107  TATATGTATATTC
   317      1   -14.5930067152   0.000000459555       0.0004  TATGTATATGATC
   318      1   -21.4752509504   0.000000000471       0.0000  TCAAAATAAATCG
   319      1   -19.4078185095   0.000000003726       0.0000  TCACCCGAGCCCC
   320      1   -18.7715535251   0.000000007041       0.0000  TCACTCTTACCAA
   321      1   -16.2425347638   0.000000088299       0.0001  TCAGCCACAGCCC
   322      1   -17.0211845564   0.000000040532       0.0000  TCCCACTCCCACT
   323      1    -9.2653629099   0.000094646382       0.0829  TCCCCCCCCCCTT
   324      1   -17.3579361773   0.000000028943       0.0000  TCCCCCTTCCTTA
   325      1   -14.9215098345   0.000000330880       0.0003  TCCCCTCCTCCTC
   326      1   -10.5683415037   0.000025717432       0.0225  TCCCTCCCCCTTC
   327      1   -13.3352264184   0.000001616534       0.0014  TCCCTCCCTCTTC
   328      1   -20.8294620917   0.000000000899       0.0000  TCCGTGAGCGCGG
   329      1   -13.1502332238   0.000001945030       0.0017  TCCTCCCTCTTTC
   330      1   -15.9221537072   0.000000121646       0.0001  TCCTCCTTCTTTC
   331      1   -10.2564430158   0.000035130424       0.0308  TCCTCTCTCTTTT
   332      1   -17.6310061808   0.000000022027       0.0000  TCCTGCCTCCCCC
   333      1   -14.1334306373   0.000000727661       0.0006  TCCTTCTTCTTTC
   334      1   -25.0435639275   0.000000000013       0.0000  TCGGTCATGATTC
   335      1   -21.9830485122   0.000000000284       0.0000  TCGTTTTTCTAGC
   336      1   -11.9669384283   0.000006350745       0.0056  TCTATATATATTA
   337      1   -15.8524329608   0.000000130430       0.0001  TCTATGTGTGTAT
   338      1    -9.7969736108   0.000055619672       0.0487  TCTCCCTCTCTCC
   339      1   -19.5366964684   0.000000003276       0.0000  TCTCCCTGCCCAC
   340      1   -18.0308891643   0.000000014767       0.0000  TCTCCTCTCCCTC
   341      1   -10.9305786189   0.000017902349       0.0157  TCTCTCCCTCTAT
   342      1    -9.8826175715   0.000051054464       0.0447  TCTCTCCCTCTTC
   343      1   -13.8621307123   0.000000954450       0.0008  TCTCTCCCTTTTC
   344      1   -13.6570354611   0.000001171723       0.0010  TCTCTCCTTCCTC
   345      1   -10.3821186696   0.000030981551       0.0271  TCTCTCTCTCCAA
   346      1    -7.1574635407   0.000779028022       0.6824  TCTCTCTCTCCTC
   347      1   -10.2519678278   0.000035287992       0.0309  TCTCTCTCTCTGA
   348      1    -6.7796926222   0.001136624218       0.9957  TCTCTCTCTCTTC
   349      2    -5.3401341539   0.004795227368       4.2006  TCTCTCTCTCTTT
   350      1   -12.1043941165   0.000005535138       0.0048  TCTCTCTTTCTAC
   351      1    -9.6804366375   0.000062494210       0.0547  TCTCTCTTTCTCT
   352      1   -12.3990639129   0.000004122446       0.0036  TCTCTCTTTCTGC
   353      1   -12.3160384061   0.000004479324       0.0039  TCTCTCTTTTCCC
   354      1   -13.0397603749   0.000002172221       0.0019  TCTCTTCCTCTTC
   355      1    -9.9367596227   0.000048363768       0.0424  TCTCTTTCTCTTC
   356      1   -15.3826732819   0.000000208636       0.0002  TCTGTCTCTCTGG
   357      1   -18.9831113303   0.000000005698       0.0000  TCTGTGAGTGATG
   358      1   -19.9599123966   0.000000002145       0.0000  TCTTCCCCTCTAG
   359      1   -18.8530976634   0.000000006489       0.0000  TCTTCTTCTCGCC
   360      1   -20.0583376337   0.000000001944       0.0000  TCTTCTTTATTAG
   361      1   -13.5621517157   0.000001288346       0.0011  TCTTTCCCTCTTC
   362      1   -11.1514197360   0.000014354892       0.0126  TCTTTCTCTTCTT
   363      1   -11.4862169647   0.000010270684       0.0090  TCTTTTTCTTTTC
   364      1   -15.9117979044   0.000000122912       0.0001  TCTTTTTTTCATA
   365      1    -9.7840227218   0.000056344681       0.0494  TCTTTTTTTTCTC
   366      1    -9.3208341706   0.000089539188       0.0784  TCTTTTTTTTTCC
   367      2    -8.0177739533   0.000329552807       0.2887  TCTTTTTTTTTTC
   368      1    -6.3640153194   0.001722436675       1.5089  TCTTTTTTTTTTT
   369      1   -12.3122331510   0.000004496401       0.0039  TGAGAGAGAGGCG
   370      1   -16.3423197018   0.000000079914       0.0001  TGCATGTGCATAT
   371      1   -14.9582243925   0.000000318952       0.0003  TGCGTGTGTGAAC
   372      1   -16.2992154685   0.000000083434       0.0001  TGCTTTCTCTCAT
   373      1   -20.1039545207   0.000000001858       0.0000  TGGAAGGAGAATT
   374      1   -24.0679993847   0.000000000035       0.0000  TGGGGGACAGCGC
   375      1   -19.3112717402   0.000000004104       0.0000  TGGGGGAGGATGT
   376      1   -19.6815352654   0.000000002834       0.0000  TGTATACACAGAT
   377      1   -13.5663503308   0.000001282948       0.0011  TGTATATATAATC
   378      1   -11.9063605347   0.000006747351       0.0059  TGTATATATATCC
   379      1   -16.7452143069   0.000000053413       0.0000  TGTATGTTTATGC
   380      1   -11.4477016727   0.000010673979       0.0094  TGTCTCTCTCCCT
   381      1   -14.8110315040   0.000000369531       0.0003  TGTGTGAGTGCAC
   382      1   -16.7056253480   0.000000055570       0.0000  TGTGTGTACGGTG
   383      1    -9.6048427844   0.000067401534       0.0590  TGTGTGTGTGAAG
   384      1   -10.7891067929   0.000020622934       0.0181  TGTGTGTGTGCAA
   385      1    -9.5041257989   0.000074543642       0.0653  TGTGTGTGTGGAA
   386      1    -8.4349098785   0.000217152675       0.1902  TGTGTGTGTGGAG
   387      1   -10.9872304254   0.000016916342       0.0148  TGTGTGTGTGGCA
   388      1    -9.2931492914   0.000092052703       0.0806  TGTGTGTGTGTCC
   389      1    -6.5506777451   0.001429146673       1.2519  TGTGTGTGTGTTT
   390      1   -15.4898405023   0.000000187434       0.0002  TGTGTTTTTGTAT
   391      1   -21.3676435060   0.000000000525       0.0000  TGTTTTCCCTCTC
   392      1   -11.7522393077   0.000007871678       0.0069  TGTTTTTTTTCCC
   393      1   -11.5281746064   0.000009848665       0.0086  TTCTCCCTCTCCC
   394      1   -15.5642877730   0.000000173987       0.0002  TTCTCCTTTTTTC
   395      1    -6.9450000623   0.000963440272       0.8440  TTCTCTCTCTTTT
   396      1   -14.6221752627   0.000000446344       0.0004  TTCTTCTTCTCCC
   397      1   -11.9065817225   0.000006745859       0.0059  TTCTTTCTCTGTC
   398      1   -10.6988113204   0.000022571753       0.0198  TTCTTTTTTTCTC
   399      1   -12.8570816827   0.000002607596       0.0023  TTTATATATAGGG
   400      2    -8.4701110388   0.000209641624       0.1836  TTTCTCTCTCTTC
   401      1   -12.7856188703   0.000002800762       0.0025  TTTCTCTTTCATT
   402      1   -14.7034672334   0.000000411496       0.0004  TTTCTCTTTCTAA
   403      1    -9.7032930190   0.000061082019       0.0535  TTTCTCTTTCTTT
   404      1   -13.1642883846   0.000001917883       0.0017  TTTCTTCTTCTGT
   405      1   -14.5196873220   0.000000494516       0.0004  TTTTATGTTTTAT
   406      1   -12.9601027063   0.000002352334       0.0021  TTTTCTCCTTTTT
   407      1   -12.0357919682   0.000005928188       0.0052  TTTTCTTTCTTTC
   408      1    -8.2348357530   0.000265250538       0.2324  TTTTCTTTTTTTC
   409      1    -7.0757800109   0.000845332928       0.7405  TTTTTTATTTTTT
   410      1   -10.5091817569   0.000027284774       0.0239  TTTTTTCTTTTAC
   411      1    -6.1500953094   0.002133278439       1.8688  TTTTTTCTTTTTT
   412      1   -11.7295935273   0.000008051972       0.0071  TTTTTTGTTTTAC
   413      1    -9.6857811374   0.000062161101       0.0545  TTTTTTTCTTATT
   414      1   -11.0112202023   0.000016515352       0.0145  TTTTTTTTCCTTT
   415      1    -9.8091565961   0.000054946169       0.0481  TTTTTTTTTATTC
   416      1    -7.1730023969   0.000767016383       0.6719  TTTTTTTTTCTTT
   417      1   -13.4645552057   0.000001420424       0.0012  TTTTTTTTTGGTC
   418      1    -8.8009734012   0.000150586423       0.1319  TTTTTTTTTTAAT
   419      2    -6.1320627788   0.002172095783       1.9028  TTTTTTTTTTATT
   420      1    -7.0193936654   0.000894367615       0.7835  TTTTTTTTTTCCT
   421      1    -5.2553634662   0.005219448854       4.5722  TTTTTTTTTTCTT
   422      1    -9.0718448090   0.000114854459       0.1006  TTTTTTTTTTGTG
   423      2    -6.4267325753   0.001617728013       1.4171  TTTTTTTTTTGTT
   424      1    -4.9230011760   0.007277257709       6.3749  TTTTTTTTTTTCT
   425      1    -8.7182336115   0.000163575874       0.1433  TTTTTTTTTTTGG
   426      1    -6.0480768812   0.002362400818       2.0695  TTTTTTTTTTTGT
   427      2    -5.5056128535   0.004063897244       3.5600  TTTTTTTTTTTTA
   428      4    -4.7164077047   0.008947262095       7.8378  TTTTTTTTTTTTC
   429      1    -5.8002826500   0.003026699128       2.6514  TTTTTTTTTTTTG
   430    105    -3.0465911017   0.047520641632      41.6281  TTTTTTTTTTTTT

 2

     1    105    -2.8776787546   0.056265216742      49.2883  AAAAAAAAAAAAA
     2      2    -5.5881136191   0.003742080200       3.2781  AAAAAAAAAAAAC
     3     10    -4.6202150780   0.009850677169       8.6292  AAAAAAAAAAAAG
     4      5    -5.4402894629   0.004338227333       3.8003  AAAAAAAAAAAAT
     5      2    -5.8326153202   0.002930403007       2.5670  AAAAAAAAAAACA
     6      1    -8.4545347067   0.000212932636       0.1865  AAAAAAAAAAACC
     7      2    -4.8225567596   0.008046188648       7.0485  AAAAAAAAAAAGA
     8      2    -6.4436748263   0.001590550929       1.3933  AAAAAAAAAAAGG
     9      2    -5.6847911640   0.003397242642       2.9760  AAAAAAAAAAATA
    10      1    -6.2076912181   0.002013881714       1.7642  AAAAAAAAAACAA
    11      2    -8.8026589207   0.000150332820       0.1317  AAAAAAAAAACAC
    12      1    -9.1115335575   0.000110385303       0.0967  AAAAAAAAAACCA
    13      1   -10.6872128501   0.000022835074       0.0200  AAAAAAAAAACTC
    14      1   -10.6991202599   0.000022564780       0.0198  AAAAAAAAAACTT
    15      2    -5.1501386778   0.005798600534       5.0796  AAAAAAAAAAGAA
    16      1    -8.7309427217   0.000161510125       0.1415  AAAAAAAAAATAC
    17      1    -7.9896085853   0.000338966734       0.2969  AAAAAAAAAATGA
    18      1   -13.9853008705   0.000000843842       0.0007  AAAAAAAAATCAC
    19      1    -6.4895940192   0.001519165635       1.3308  AAAAAAAGAAAAA
    20      1    -9.2000225228   0.000101037126       0.0885  AAAAAAAGAAAAC
    21      1    -8.7620112310   0.000156569394       0.1372  AAAAAAAGAAGAA
    22      1    -7.4684486515   0.000570813140       0.5000  AAAAAAATAAAAA
    23      1   -12.7641614101   0.000002861509       0.0025  AAAAAAGAAACCC
    24      1    -9.8826593168   0.000051052333       0.0447  AAAAAAGAAAGAG
    25      1    -6.9994015766   0.000912427820       0.7993  AAAAAATAAAAAA
    26      1   -14.1173795364   0.000000739435       0.0006  AAAAACAAGAAAC
    27      1    -6.3856098378   0.001685640215       1.4766  AAAAAGAAAAAAA
    28      1    -8.1270263104   0.000295445459       0.2588  AAAAAGAAAAAAG
    29      1    -8.3988220719   0.000225132358       0.1972  AAAAGAAAAAAGA
    30      1   -10.3060560007   0.000033430029       0.0293  AAAAGAAAGAAAA
    31      1   -14.3631086805   0.000000578337       0.0005  AAAAGAGAAAGGC
    32      1   -12.2192969968   0.000004934314       0.0043  AAAAGGAAAAGAA
    33      1   -10.6076127176   0.000024727051       0.0217  AAACAAAAAAAAC
    34      1   -10.8920354231   0.000018605833       0.0163  AAACACACACCCC
    35      1   -10.6073410490   0.000024733770       0.0217  AAAGAAAAAAGAG
    36      1    -9.9074646741   0.000049801539       0.0436  AAAGAAAAAGACA
    37      1   -13.6026174105   0.000001237252       0.0011  AAATAAAAAATAC
    38      1   -12.6477273348   0.000003214858       0.0028  AAATAAATATTAG
    39      1   -13.1567203665   0.000001932453       0.0017  AAATACATATAAT
    40      1   -10.6987560523   0.000022573000       0.0198  AACAAAGACAAAA
    41      1   -13.0293333602   0.000002194989       0.0019  AAGAAGGAAAAAA
    42      1    -8.2397265660   0.000263956414       0.2312  AAGAGAGAGAGGG
    43      1   -20.1054630806   0.000000001855       0.0000  AAGCGGGAAAGGG
    44      1   -24.7536095603   0.000000000018       0.0000  AAGCGGGCGATGC
    45      1   -12.5502613770   0.000003543976       0.0031  AAGGAAAGGGAAG
    46      1   -16.4337801342   0.000000072929       0.0001  AAGGAGGGGGTAC
    47      1   -15.0535097659   0.000000289964       0.0003  AAGGGAGAGAATG
    48      1   -16.6728639053   0.000000057421       0.0001  AATATATATTAGG
    49      1   -21.0608826544   0.000000000713       0.0000  AATGAGTATATTA
    50      1   -13.6661544877   0.000001161086       0.0010  ACAAAAAAAAGGC
    51      1   -18.9582296752   0.000000005842       0.0000  ACAAATACAAGAT
    52      2    -6.3266844920   0.001787951922       1.5662  ACACACACACAAA
    53      1    -8.8312923947   0.000146089312       0.1280  ACACACACACAAC
    54      1    -8.8195298798   0.000147817836       0.1295  ACACACACACAAT
    55      1    -8.4658505485   0.000210536705       0.1844  ACACACACACATA
    56      1    -9.2886658540   0.000092466342       0.0810  ACACACACACATC
    57      1    -9.5697588258   0.000069808218       0.0612  ACACACACACCGC
    58      1    -8.3013344958   0.000248185404       0.2174  ACACACACACCTC
    59      1   -10.5253873941   0.000026846170       0.0235  ACACACACACGTA
    60      1    -9.4751447662   0.000076735603       0.0672  ACACACACACTAA
    61      1   -15.0030778271   0.000000304962       0.0003  ACACACACATTAG
    62      1   -13.5578644743   0.000001293881       0.0011  ACACACCCACATC
    63      1   -16.2101329567   0.000000091207       0.0001  ACACATATACAGC
    64      1   -14.9660794059   0.000000316457       0.0003  ACACATATACGGG
    65      1   -16.4039187680   0.000000075140       0.0001  ACACGTACACCGC
    66      1   -18.9577910410   0.000000005844       0.0000  ACACGTATACACG
    67      1   -15.8731049668   0.000000127761       0.0001  ACAGATAGAGCTC
    68      1   -29.9434911722   0.000000000000       0.0000  ACATAAGCTGATT
    69      1   -13.5367668380   0.000001321469       0.0012  ACATACACATGAG
    70      1   -10.9504914163   0.000017549389       0.0154  ACATATATATACA
    71      1   -19.8452571358   0.000000002406       0.0000  ACATATGTGTGCT
    72      1   -16.4837151234   0.000000069377       0.0001  ACCTCCCTCTTTA
    73      1   -13.1720326844   0.000001903088       0.0017  ACGCGCGCGCCAA
    74      1    -8.9569875963   0.000128833769       0.1129  AGAAAAAAAAAAC
    75      1   -12.4803583041   0.000003800575       0.0033  AGAAAAAGAAAAC
    76      1   -19.5186726284   0.000000003335       0.0000  AGAAAAGAGGGGG
    77      1   -10.5779144030   0.000025472416       0.0223  AGAAAGAAAAGAG
    78      1    -9.1844324294   0.000102624647       0.0899  AGAAAGAGAGGGG
    79      1   -15.5682433711   0.000000173300       0.0002  AGAAAGAGGAAAC
    80      1   -12.0187666409   0.000006029981       0.0053  AGAGAAAGAAAAA
    81      1   -11.9251678837   0.000006621637       0.0058  AGAGAAAGAGATG
    82      1   -17.2229476178   0.000000033126       0.0000  AGAGAGAAAATTA
    83      1    -5.2638825822   0.005175172629       4.5335  AGAGAGAGAGAAA
    84      1    -6.7493894173   0.001171594758       1.0263  AGAGAGAGAGAAG
    85      1    -6.2379299872   0.001953895929       1.7116  AGAGAGAGAGAGA
    86      1    -8.4826191658   0.000207035731       0.1814  AGAGAGAGAGGCG
    87      1   -12.8177202371   0.000002712282       0.0024  AGAGAGAGGGACG
    88      1   -17.2622063856   0.000000031851       0.0000  AGAGGAAGAGTGC
    89      1   -25.3919232296   0.000000000009       0.0000  AGAGGAATGGTAT
    90      1   -14.7270271839   0.000000401914       0.0004  AGAGGAGGAGAAA
    91      1   -10.2856962959   0.000034117630       0.0299  AGAGGGAGAGAAG
    92      1   -13.0217509367   0.000002211696       0.0019  AGAGTGAGAGAGC
    93      1   -13.3199409470   0.000001641433       0.0014  AGGAAAGAGAGAG
    94      1   -17.2682864737   0.000000031658       0.0000  AGGAGGGAGATTC
    95      1   -13.3012902377   0.000001672334       0.0015  AGGAGGGGGAAAG
    96      1   -16.3645382495   0.000000078158       0.0001  AGGGAAAAAAGAA
    97      1   -13.8170640296   0.000000998448       0.0009  AGGGAAAGAGAAG
    98      1   -15.4443855613   0.000000196150       0.0002  AGGGGAAGGGAAG
    99      1   -30.9058433892   0.000000000000       0.0000  AGGTCATGCTTCA
   100      1   -22.2210519670   0.000000000224       0.0000  AGGTCGATGTGAC
   101      1   -25.8237988460   0.000000000006       0.0000  AGTACGCTTAATC
   102      1   -13.2413633847   0.000001775616       0.0016  ATAAAAAAAATCA
   103      1   -12.9667654187   0.000002336713       0.0020  ATAAAAAAAATCT
   104      1   -16.9510411692   0.000000043477       0.0000  ATAAGTAAAATTA
   105      1   -17.6254554797   0.000000022149       0.0000  ATACCTACACTCC
   106      1   -17.9979777567   0.000000015261       0.0000  ATAGAGAAAGCGC
   107      1   -15.6601766057   0.000000158078       0.0001  ATATATACACAAC
   108      1    -6.1487008106   0.002136255368       1.8714  ATATATATATAAA
   109      1    -8.7893747829   0.000152343185       0.1335  ATATATATATAAC
   110      1    -7.8593096618   0.000386140347       0.3383  ATATATATATAAG
   111      1   -10.7311220006   0.000021854100       0.0191  ATATATATATCAC
   112      1   -10.7615069579   0.000021200051       0.0186  ATATATATATTCG
   113      1    -9.3161165443   0.000089962599       0.0788  ATATATATATTGT
   114      1   -11.5521433712   0.000009615412       0.0084  ATATATGTATGAA
   115      1   -17.9754569033   0.000000015608       0.0000  ATATGCGTGTGAG
   116      1   -13.4991673874   0.000001372101       0.0012  ATGTGTATGTGTT
   117      1   -25.0517395576   0.000000000013       0.0000  ATTGCTTGGGATC
   118      1    -7.0053879315   0.000906982020       0.7945  ATTTTTTTTTTTT
   119      1   -10.6304160905   0.000024169572       0.0212  CAAAAAAAAAAGG
   120      1   -16.8208833140   0.000000049520       0.0000  CAAACAGAGAAAG
   121      1   -24.6588383474   0.000000000020       0.0000  CAAGCGAAATCTT
   122      2    -6.4749900378   0.001541514294       1.3504  CACACACACAAAA
   123      1    -9.0120553568   0.000121930987       0.1068  CACACACACAAAC
   124      1   -10.8118812954   0.000020158565       0.0177  CACACACACAACG
   125      1    -6.4706178888   0.001548268779       1.3563  CACACACACACCC
   126      1    -9.4800307542   0.000076361589       0.0669  CACACACACATCT
   127      1   -11.0176641333   0.000016409270       0.0144  CACACACACATTG
   128      1   -10.7877449275   0.000020651039       0.0181  CACACAGACACCC
   129      1   -10.6867773607   0.000022845021       0.0200  CACACATACACAA
   130      1   -18.4420757736   0.000000009788       0.0000  CACCCCCACACAT
   131      1   -14.4703144138   0.000000519544       0.0005  CACCCCCCCCTAG
   132      1   -16.6240134219   0.000000060295       0.0001  CACGCGCGCAAAC
   133      1   -20.6670230981   0.000000001058       0.0000  CAGGTATAGGCAC
   134      1   -13.0355061120   0.000002181482       0.0019  CATACACACAATA
   135      1   -17.1735920595   0.000000034802       0.0000  CCACTCCCACTAT
   136      1   -15.6167965298   0.000000165086       0.0001  CCATATATATAAT
   137      1   -19.2627869896   0.000000004308       0.0000  CCCACTCATATTA
   138      2    -9.0885541643   0.000112951259       0.0989  CCCCCCCCCCAAC
   139      1    -6.4358591547   0.001603030859       1.4043  CCCCCCCCCCACC
   140      1    -8.1315137004   0.000294122650       0.2577  CCCCCCCCCCATC
   141      3    -8.4170577523   0.000221064122       0.1937  CCCCCCCCCCCAA
   142      1    -6.0498760479   0.002358154287       2.0657  CCCCCCCCCCCAC
   143      1    -5.7956117658   0.003040869558       2.6638  CCCCCCCCCCCCA
   144     93    -3.3665649187   0.034507971671      30.2290  CCCCCCCCCCCCC
   145      1    -6.0902815623   0.002264771151       1.9839  CCCCCCCCCCCCG
   146      2    -4.8595412177   0.007754040492       6.7925  CCCCCCCCCCCCT
   147      1    -6.3445458443   0.001756300195       1.5385  CCCCCCCCCCCGC
   148      4    -5.0734886420   0.006260541212       5.4842  CCCCCCCCCCCTC
   149      1    -7.8186780372   0.000402152963       0.3523  CCCCCCCCCCTCA
   150      1    -9.1504811311   0.000106168709       0.0930  CCCCCCCCCCTTA
   151      1    -8.7630600035   0.000156405275       0.1370  CCCCCCCCTCCTC
   152      1   -10.1710824904   0.000038260884       0.0335  CCCCCCCCTCCTT
   153      1    -9.9878657449   0.000045954180       0.0403  CCCCCCTCCCTTC
   154      1   -11.1158333798   0.000014874929       0.0130  CCCCCTCCCCTCA
   155      1    -8.7134035003   0.000164367875       0.1440  CCCCCTCCCCTCC
   156      1   -10.7182438918   0.000022137360       0.0194  CCCTCCCCCCTTC
   157      1   -14.9443166205   0.000000323419       0.0003  CCCTCCGTCTTTC
   158      1    -9.2760737262   0.000093638051       0.0820  CCCTCTCTCTCTT
   159      1   -13.1866293029   0.000001875511       0.0016  CCCTCTCTCTGGC
   160      1   -17.4986344306   0.000000025144       0.0000  CCCTTCTCTTCCG
   161      1   -22.6614409074   0.000000000144       0.0000  CCTACAGAGATAC
   162      1   -24.1936701797   0.000000000031       0.0000  CCTACGAGTGGTC
   163      1   -15.0931805993   0.000000278686       0.0002  CCTCACTCTCACT
   164      1   -10.6397644245   0.000023944679       0.0210  CCTCCCTCTCTTC
   165      1   -16.8968884119   0.000000045896       0.0000  CCTCCCTCTTTTG
   166      1   -19.1489080892   0.000000004828       0.0000  CCTCCCTTCCTTG
   167      1   -11.4126045757   0.000011055256       0.0097  CCTCTCCCTCTTT
   168      1    -9.7123291293   0.000060532562       0.0530  CCTCTCTCTCCTT
   169      1    -9.5644119105   0.000070182476       0.0615  CCTCTCTCTCTTC
   170      1   -11.0099485781   0.000016536366       0.0145  CCTCTCTCTCTTG
   171      1   -19.2753715345   0.000000004254       0.0000  CCTCTCTTCTCTC
   172      1   -13.4927441636   0.000001380943       0.0012  CCTCTCTTTCACC
   173      1   -12.4504452276   0.000003915979       0.0034  CCTTTCTCTCCTC
   174      1   -11.4321889799   0.000010840852       0.0095  CCTTTTTTTTCTT
   175      1   -14.8609484581   0.000000351538       0.0003  CGAGCGCGTGGGG
   176      1   -16.4590388131   0.000000071110       0.0001  CGCACACATATAC
   177      1   -19.0973631349   0.000000005083       0.0000  CGCACGCGCTTCG
   178      1   -23.7941610946   0.000000000046       0.0000  CGCAGGTATAGAC
   179      1   -13.5117853561   0.000001354897       0.0012  CGCGCGTGCGAGC
   180      1   -12.1184474814   0.000005457894       0.0048  CGGGCGCGGGCCC
   181      1   -16.8016227789   0.000000050483       0.0000  CGTACGCGCACTT
   182      1   -20.6859822204   0.000000001038       0.0000  CGTCTGGGTGAAA
   183      1   -11.1627589835   0.000014193038       0.0124  CGTGTGTGTGGAG
   184      1   -12.7864737775   0.000002798369       0.0025  CGTGTGTGTGGTT
   185      1   -20.7696500212   0.000000000955       0.0000  CGTGTGTTTAAAG
   186      1   -12.7067371983   0.000003030639       0.0027  CTATATATATATC
   187      1    -9.6266372701   0.000065948444       0.0578  CTATATATATTTT
   188      1   -21.7739612023   0.000000000350       0.0000  CTATTCATCTTCC
   189      2    -6.5386210718   0.001446481719       1.2671  CTCCCCCCCCCCC
   190      1    -9.8949783940   0.000050427273       0.0442  CTCCCCCTCCCCC
   191      1    -9.3051729228   0.000090952522       0.0797  CTCCCTCTCTTTT
   192      1   -10.3538496942   0.000031869864       0.0279  CTCTCCCTCTTTC
   193      1    -8.2712692797   0.000255760454       0.2240  CTCTCTCTCTATT
   194      1    -5.4416066095   0.004332517013       3.7953  CTCTCTCTCTCCC
   195      1    -6.2899716743   0.001854812485       1.6248  CTCTCTCTCTCTC
   196      1    -6.3517957770   0.001743613183       1.5274  CTCTCTCTCTCTT
   197      1    -9.2397803370   0.000097098917       0.0851  CTCTCTCTCTTAC
   198      1    -5.4762605364   0.004184949942       3.6660  CTCTCTCTCTTTT
   199      1   -11.2460768585   0.000013058427       0.0114  CTCTCTGTCTTTC
   200      1   -12.5146912075   0.000003672304       0.0032  CTTCTCTCTCTAT
   201      1   -15.2014052858   0.000000250100       0.0002  CTTTCTCTTTGAA
   202      1   -12.6181505541   0.000003311363       0.0029  CTTTCTTTTTTAC
   203      1   -10.1978536253   0.000037250186       0.0326  CTTTCTTTTTTTC
   204      1    -8.6681129302   0.000171983343       0.1507  CTTTCTTTTTTTT
   205      1   -14.1316588979   0.000000728951       0.0006  CTTTTCTTTTTGC
   206      1    -7.9369364310   0.000357299415       0.3130  CTTTTTTTTTTCT
   207      2    -7.7281060442   0.000440277193       0.3857  CTTTTTTTTTTTC
   208      1    -7.6882018936   0.000458201326       0.4014  GAAAAAAAAAAAG
   209      1    -8.7619433353   0.000156580025       0.1372  GAAAAAAAAAATA
   210      1    -8.1239384590   0.000296359161       0.2596  GAAAAAAAAAGAA
   211      1   -17.5546420235   0.000000023775       0.0000  GAAAAAAAGATCC
   212      1   -13.7049133699   0.000001116945       0.0010  GAAAAAGAAAACG
   213      1   -14.3527894177   0.000000584336       0.0005  GAAAAAGAAAATT
   214      1   -18.8850680258   0.000000006285       0.0000  GAAAAGAGGGAAG
   215      1   -12.6539187943   0.000003195015       0.0028  GAAAGAAAAACAG
   216      1   -14.3332194322   0.000000595884       0.0005  GAAAGAAGAAAGG
   217      1   -11.7872251005   0.000007601043       0.0067  GAAAGAGAAAAAC
   218      1   -12.3366444039   0.000004387968       0.0038  GAAAGAGAAATGG
   219      1   -16.6383489684   0.000000059437       0.0001  GAAGGAAGAAGAG
   220      1   -12.9138991527   0.000002463570       0.0022  GAGAAAAAAAGGG
   221      1   -11.5108276075   0.000010021001       0.0088  GAGAAAAAGAAAG
   222      1   -17.1088989005   0.000000037128       0.0000  GAGAAAGAAAATC
   223      1    -9.9831305931   0.000046172296       0.0404  GAGAAAGAGAAAG
   224      1   -11.1490475527   0.000014388985       0.0126  GAGAGAAAGATAA
   225      3    -5.4035378777   0.004500630065       3.9426  GAGAGAGAGAAAA
   226      2    -8.3302465513   0.000241112591       0.2112  GAGAGAGAGAACA
   227      1    -7.2637164757   0.000700499801       0.6136  GAGAGAGAGAAGG
   228      1    -8.1824223951   0.000279524002       0.2449  GAGAGAGAGAATA
   229      2   -10.6864599578   0.000022852273       0.0200  GAGAGAGAGAATC
   230      1    -8.4428864675   0.000215427428       0.1887  GAGAGAGAGACAA
   231      1   -11.1248662479   0.000014741171       0.0129  GAGAGAGAGACCG
   232      1    -8.4432064291   0.000215358510       0.1887  GAGAGAGAGAGAC
   233      1    -6.2615068406   0.001908368023       1.6717  GAGAGAGAGAGAG
   234      1    -5.4699299225   0.004211527281       3.6893  GAGAGAGAGAGGG
   235      1    -8.2950623113   0.000249746960       0.2188  GAGAGAGAGATAA
   236      1   -12.1783015518   0.000005140802       0.0045  GAGAGATAGAAAC
   237      1   -10.5522027395   0.000026135847       0.0229  GAGAGGGAGAAGG
   238      1   -18.1736776132   0.000000012802       0.0000  GAGCAAGTGTGAA
   239      1   -11.8865239241   0.000006882532       0.0060  GCACACACACAAC
   240      1   -11.9832636417   0.000006247909       0.0055  GCACGCGCGCGAG
   241      1   -15.0859960879   0.000000280695       0.0002  GCGAGGGGGGAAG
   242      1    -9.6398698941   0.000065081522       0.0570  GCGCGCGCGCCAC
   243      1    -9.8948884458   0.000050431809       0.0442  GCGCGCGCGCCGC
   244      1    -8.2959877486   0.000249515942       0.2186  GCGCGCGCGCGAG
   245      1    -9.3674761431   0.000085458802       0.0749  GCGCGCGCGCGGC
   246      1    -6.8813385473   0.001026768746       0.8994  GCGCGCGCGCGGG
   247      1   -17.6826682444   0.000000020918       0.0000  GCGCGTGTGTAGC
   248      1   -15.5884820588   0.000000169828       0.0001  GCGTATGTGTGTC
   249      1   -16.4452306161   0.000000072099       0.0001  GCGTGCACGTAAG
   250      1   -14.9596211917   0.000000318507       0.0003  GCGTGCGCGTTTG
   251      1   -14.5931032943   0.000000459511       0.0004  GCGTGCGTGTCAT
   252      1   -14.7320519300   0.000000399900       0.0004  GGAAAAAAAAATC
   253      1   -18.9672453951   0.000000005789       0.0000  GGAAAGCAAAGAC
   254      1    -9.6374841510   0.000065236975       0.0571  GGAGAGAGAGGAA
   255      1   -13.0468009255   0.000002156981       0.0019  GGAGGGGGGGAAC
   256      1   -16.4111891926   0.000000074595       0.0001  GGCGTGTGCGTTC
   257      1   -18.1241850506   0.000000013451       0.0000  GGGAAGGAAAGAC
   258      1   -17.8753327967   0.000000017252       0.0000  GGGAGCGAGATTC
   259      1   -11.5015792731   0.000010114108       0.0089  GGGAGGAAGAGAG
   260      1   -14.6978113392   0.000000413830       0.0004  GGGAGGGAGATTC
   261      1    -8.8836898733   0.000138631687       0.1214  GGGAGGGGGAGAG
   262      1   -11.1503851746   0.000014369751       0.0126  GGGGGAGAGGGGA
   263      1   -10.3296558726   0.000032650321       0.0286  GGGGGAGGAGGGG
   264      1   -12.5784409683   0.000003445502       0.0030  GGGGGCGCGGGGG
   265      1   -10.0977551733   0.000041171875       0.0361  GGGGGCGGGGAGG
   266      1    -6.3790468580   0.001696739420       1.4863  GGGGGGAGGGGGG
   267      1    -7.4014767712   0.000610350747       0.5347  GGGGGGGGGGAAA
   268      2    -7.0071848940   0.000905353671       0.7931  GGGGGGGGGGAAG
   269      1   -10.7759830604   0.000020895368       0.0183  GGGGGGGGGGACC
   270      1    -9.6928915114   0.000061720680       0.0541  GGGGGGGGGGCCG
   271      3    -9.3810458816   0.000084306981       0.0739  GGGGGGGGGGCGC
   272      2    -5.1281723598   0.005927383705       5.1924  GGGGGGGGGGGAG
   273      2    -6.4291404970   0.001613837337       1.4137  GGGGGGGGGGGCG
   274      1    -4.9109326051   0.007365615916       6.4523  GGGGGGGGGGGGA
   275      3    -6.1715296086   0.002088039673       1.8291  GGGGGGGGGGGGC
   276     95    -3.5219151940   0.029542800756      25.8795  GGGGGGGGGGGGG
   277      1    -6.0237054524   0.002420683229       2.1205  GGGGGGGGGGGGT
   278      2    -6.2813163408   0.001870936183       1.6389  GGGGGGGGGGGTG
   279      1   -10.8510995991   0.000019383282       0.0170  GGGGGGGGGGTCA
   280      1   -11.2035201751   0.000013626145       0.0119  GGGGGGGGGGTTC
   281      1    -9.4002585224   0.000082702682       0.0724  GGGGGGGGGGTTG
   282      1   -13.2553373713   0.000001750976       0.0015  GGGTGTATGTAGG
   283      1   -18.5596731858   0.000000008702       0.0000  GTACGTGTATAAC
   284      1   -11.5481855054   0.000009653544       0.0085  GTATATATATGAG
   285      1   -13.3899617264   0.000001530430       0.0013  GTATATATATTAG
   286      1    -9.6339595994   0.000065467312       0.0573  GTGCGCGCGCGGG
   287      1   -17.1863457543   0.000000034361       0.0000  GTGTGCGCGTTAC
   288      1   -21.9583691101   0.000000000291       0.0000  GTGTGCGCTCATC
   289      1    -6.7033538518   0.001226790522       1.0747  GTGTGTGTGTGGG
   290      1    -9.0558537776   0.000116705863       0.1022  GTGTGTGTGTGGT
   291      1    -7.9925676265   0.000337965200       0.2961  GTGTGTGTGTGTG
   292      1    -9.1075719517   0.000110823473       0.0971  GTGTGTGTGTTTA
   293      1   -20.5068286861   0.000000001242       0.0000  GTTTATTTTCCTG
   294      1   -10.0415568674   0.000043551916       0.0382  TAAAAAAAAATAA
   295      1   -15.0371735570   0.000000294740       0.0003  TAAAAAGAAATAT
   296      1   -20.8947672054   0.000000000842       0.0000  TAAAGAGGAATAC
   297      1   -12.3668726187   0.000004257312       0.0037  TAAATATATATAT
   298      1   -20.0194256910   0.000000002022       0.0000  TAAGCGTGAGTTA
   299      1   -13.5756925451   0.000001271018       0.0011  TACACATATAAAA
   300      1   -13.7444635222   0.000001073632       0.0009  TACATACACATGC
   301      1   -12.8716708071   0.000002569830       0.0023  TACATATATAAAC
   302      1   -14.3695257996   0.000000574638       0.0005  TAGAAACAGAAAA
   303      1   -13.5007199907   0.000001369972       0.0012  TAGAAAGAGAATA
   304      1   -13.3994815766   0.000001515930       0.0013  TATAAATATATCC
   305      1   -18.2251792376   0.000000012159       0.0000  TATACAAATAACG
   306      1   -15.5767631946   0.000000171829       0.0002  TATACACACAATA
   307      1   -14.9440258392   0.000000323513       0.0003  TATACACATATAC
   308      1   -13.0093320757   0.000002239334       0.0020  TATACATATAAGG
   309      1   -11.1108646699   0.000014949022       0.0131  TATATACATAAAG
   310      1   -13.6543825614   0.000001174835       0.0010  TATATACATACCA
   311      1    -9.0292206032   0.000119855872       0.1050  TATATATATAATA
   312      1    -9.4556446006   0.000078246645       0.0685  TATATATATACAT
   313      1    -6.1947489663   0.002040115273       1.7871  TATATATATATTT
   314      1   -14.7440934385   0.000000395113       0.0003  TATATATGTGTTC
   315      1   -12.4531402562   0.000003905439       0.0034  TATATGTATAAAC
   316      1   -11.3152503818   0.000012185664       0.0107  TATATGTATATTC
   317      1   -14.5929999036   0.000000459558       0.0004  TATGTATATGATC
   318      1   -21.4752705002   0.000000000471       0.0000  TCAAAATAAATCG
   319      1   -19.4078191950   0.000000003726       0.0000  TCACCCGAGCCCC
   320      1   -18.7715652831   0.000000007041       0.0000  TCACTCTTACCAA
   321      1   -16.2425353806   0.000000088299       0.0001  TCAGCCACAGCCC
   322      1   -17.0211988560   0.000000040531       0.0000  TCCCACTCCCACT
   323      1    -9.2653577789   0.000094646867       0.0829  TCCCCCCCCCCTT
   324      1   -17.3579365928   0.000000028943       0.0000  TCCCCCTTCCTTA
   325      1   -14.9215016632   0.000000330883       0.0003  TCCCCTCCTCCTC
   326      1   -10.5683542675   0.000025717104       0.0225  TCCCTCCCCCTTC
   327      1   -13.3352327010   0.000001616524       0.0014  TCCCTCCCTCTTC
   328      1   -20.8294801621   0.000000000899       0.0000  TCCGTGAGCGCGG
   329      1   -13.1502348007   0.000001945027       0.0017  TCCTCCCTCTTTC
   330      1   -15.9221598326   0.000000121645       0.0001  TCCTCCTTCTTTC
   331      1   -10.2564492242   0.000035130206       0.0308  TCCTCTCTCTTTT
   332      1   -17.6310017938   0.000000022027       0.0000  TCCTGCCTCCCCC
   333      1   -14.1334533903   0.000000727644       0.0006  TCCTTCTTCTTTC
   334      1   -25.0435694058   0.000000000013       0.0000  TCGGTCATGATTC
   335      1   -21.9830601476   0.000000000284       0.0000  TCGTTTTTCTAGC
   336      1   -11.9669484819   0.000006350681       0.0056  TCTATATATATTA
   337      1   -15.8524435035   0.000000130428       0.0001  TCTATGTGTGTAT
   338      1    -9.7969860324   0.000055618981       0.0487  TCTCCCTCTCTCC
   339      1   -19.5366886683   0.000000003276       0.0000  TCTCCCTGCCCAC
   340      1   -18.0308845175   0.000000014767       0.0000  TCTCCTCTCCCTC
   341      1   -10.9305763968   0.000017902389       0.0157  TCTCTCCCTCTAT
   342      1    -9.8826190805   0.000051054387       0.0447  TCTCTCCCTCTTC
   343      1   -13.8621164066   0.000000954464       0.0008  TCTCTCCCTTTTC
   344      1   -13.6570304410   0.000001171729       0.0010  TCTCTCCTTCCTC
   345      1   -10.3821171804   0.000030981597       0.0271  TCTCTCTCTCCAA
   346      1    -7.1574649029   0.000779026961       0.6824  TCTCTCTCTCCTC
   347      1   -10.2519659700   0.000035288057       0.0309  TCTCTCTCTCTGA
   348      1    -6.7796942017   0.001136622422       0.9957  TCTCTCTCTCTTC
   349      2    -5.3401354414   0.004795221195       4.2006  TCTCTCTCTCTTT
   350      1   -12.1043898529   0.000005535161       0.0048  TCTCTCTTTCTAC
   351      1    -9.6804272376   0.000062494798       0.0547  TCTCTCTTTCTCT
   352      1   -12.3990596494   0.000004122463       0.0036  TCTCTCTTTCTGC
   353      1   -12.3160327462   0.000004479349       0.0039  TCTCTCTTTTCCC
   354      1   -13.0397619665   0.000002172218       0.0019  TCTCTTCCTCTTC
   355      1    -9.9367612861   0.000048363687       0.0424  TCTCTTTCTCTTC
   356      1   -15.3826773764   0.000000208635       0.0002  TCTGTCTCTCTGG
   357      1   -18.9831142108   0.000000005698       0.0000  TCTGTGAGTGATG
   358      1   -19.9599260713   0.000000002145       0.0000  TCTTCCCCTCTAG
   359      1   -18.8531104315   0.000000006489       0.0000  TCTTCTTCTCGCC
   360      1   -20.0583365697   0.000000001944       0.0000  TCTTCTTTATTAG
   361      1   -13.5621573812   0.000001288338       0.0011  TCTTTCCCTCTTC
   362      1   -11.1514163429   0.000014354941       0.0126  TCTTTCTCTTCTT
   363      1   -11.4862096014   0.000010270759       0.0090  TCTTTTTCTTTTC
   364      1   -15.9117779488   0.000000122914       0.0001  TCTTTTTTTCATA
   365      1    -9.7840271215   0.000056344433       0.0494  TCTTTTTTTTCTC
   366      1    -9.3208436628   0.000089538338       0.0784  TCTTTTTTTTTCC
   367      2    -8.0177725725   0.000329553262       0.2887  TCTTTTTTTTTTC
   368      1    -6.3640148903   0.001722437414       1.5089  TCTTTTTTTTTTT
   369      1   -12.3122285414   0.000004496422       0.0039  TGAGAGAGAGGCG
   370      1   -16.3423299170   0.000000079913       0.0001  TGCATGTGCATAT
   371      1   -14.9582260938   0.000000318952       0.0003  TGCGTGTGTGAAC
   372      1   -16.2992232254   0.000000083433       0.0001  TGCTTTCTCTCAT
   373      1   -20.1039637818   0.000000001858       0.0000  TGGAAGGAGAATT
   374      1   -24.0679841050   0.000000000035       0.0000  TGGGGGACAGCGC
   375      1   -19.3112492878   0.000000004104       0.0000  TGGGGGAGGATGT
   376      1   -19.6815393343   0.000000002834       0.0000  TGTATACACAGAT
   377      1   -13.5663533298   0.000001282944       0.0011  TGTATATATAATC
   378      1   -11.9063698480   0.000006747288       0.0059  TGTATATATATCC
   379      1   -16.7452014059   0.000000053414       0.0000  TGTATGTTTATGC
   380      1   -11.4476997367   0.000010673999       0.0094  TGTCTCTCTCCCT
   381      1   -14.8110267970   0.000000369533       0.0003  TGTGTGAGTGCAC
   382      1   -16.7056153697   0.000000055570       0.0000  TGTGTGTACGGTG
   383      1    -9.6048447728   0.000067401400       0.0590  TGTGTGTGTGAAG
   384      1   -10.7891119661   0.000020622827       0.0181  TGTGTGTGTGCAA
   385      1    -9.5041262927   0.000074543606       0.0653  TGTGTGTGTGGAA
   386      1    -8.4349102615   0.000217152592       0.1902  TGTGTGTGTGGAG
   387      1   -10.9872281480   0.000016916380       0.0148  TGTGTGTGTGGCA
   388      1    -9.2931521418   0.000092052440       0.0806  TGTGTGTGTGTCC
   389      1    -6.5506780446   0.001429146245       1.2519  TGTGTGTGTGTTT
   390      1   -15.4898299257   0.000000187436       0.0002  TGTGTTTTTGTAT
   391      1   -21.3676366909   0.000000000525       0.0000  TGTTTTCCCTCTC
   392      1   -11.7522436045   0.000007871644       0.0069  TGTTTTTTTTCCC
   393      1   -11.5281712702   0.000009848698       0.0086  TTCTCCCTCTCCC
   394      1   -15.5642959204   0.000000173985       0.0002  TTCTCCTTTTTTC
   395      1    -6.9450063026   0.000963434260       0.8440  TTCTCTCTCTTTT
   396      1   -14.6221975388   0.000000446334       0.0004  TTCTTCTTCTCCC
   397      1   -11.9065903618   0.000006745801       0.0059  TTCTTTCTCTGTC
   398      1   -10.6988124112   0.000022571728       0.0198  TTCTTTTTTTCTC
   399      1   -12.8570868202   0.000002607583       0.0023  TTTATATATAGGG
   400      2    -8.4701254994   0.000209638592       0.1836  TTTCTCTCTCTTC
   401      1   -12.7856212717   0.000002800756       0.0025  TTTCTCTTTCATT
   402      1   -14.7034666660   0.000000411496       0.0004  TTTCTCTTTCTAA
   403      1    -9.7032967644   0.000061081790       0.0535  TTTCTCTTTCTTT
   404      1   -13.1642815040   0.000001917897       0.0017  TTTCTTCTTCTGT
   405      1   -14.5196896598   0.000000494514       0.0004  TTTTATGTTTTAT
   406      1   -12.9601074390   0.000002352322       0.0021  TTTTCTCCTTTTT
   407      1   -12.0357948057   0.000005928171       0.0052  TTTTCTTTCTTTC
   408      1    -8.2348409309   0.000265249164       0.2324  TTTTCTTTTTTTC
   409      1    -7.0757780798   0.000845334560       0.7405  TTTTTTATTTTTT
   410      1   -10.5091779756   0.000027284877       0.0239  TTTTTTCTTTTAC
   411      1    -6.1500948629   0.002133279391       1.8688  TTTTTTCTTTTTT
   412      1   -11.7295882601   0.000008052014       0.0071  TTTTTTGTTTTAC
   413      1    -9.6857730790   0.000062161602       0.0545  TTTTTTTCTTATT
   414      1   -11.0112016727   0.000016515658       0.0145  TTTTTTTTCCTTT
   415      1    -9.8091372367   0.000054947233       0.0481  TTTTTTTTTATTC
   416      1    -7.1729863157   0.000767028718       0.6719  TTTTTTTTTCTTT
   417      1   -13.4645345297   0.000001420453       0.0012  TTTTTTTTTGGTC
   418      1    -8.8009697123   0.000150586978       0.1319  TTTTTTTTTTAAT
   419      2    -6.1320611060   0.002172099417       1.9028  TTTTTTTTTTATT
   420      1    -7.0193930294   0.000894368183       0.7835  TTTTTTTTTTCCT
   421      1    -5.2553632144   0.005219450168       4.5722  TTTTTTTTTTCTT
   422      1    -9.0718399239   0.000114855020       0.1006  TTTTTTTTTTGTG
   423      2    -6.4267309024   0.001617730719       1.4171  TTTTTTTTTTGTT
   424      1    -4.9230000307   0.007277266044       6.3749  TTTTTTTTTTTCT
   425      1    -8.7182294449   0.000163576556       0.1433  TTTTTTTTTTTGG
   426      1    -6.0480743959   0.002362406689       2.0695  TTTTTTTTTTTGT
   427      2    -5.5056095442   0.004063910692       3.5600  TTTTTTTTTTTTA
   428      4    -4.7164059077   0.008947278173       7.8378  TTTTTTTTTTTTC
   429      1    -5.8002793407   0.003026709144       2.6514  TTTTTTTTTTTTG
   430    105    -3.0465907366   0.047520658978      41.6281  TTTTTTTTTTTTT