

TREE #  1

  0  0.0000   7052.784840  x:  0.09020   0.06970   0.09631   0.03100   0.02995   0.03132   0.07027   0.04821   0.07190   0.07415   0.04161   0.08970   0.00000   0.09537   0.05396   0.01868   0.05301   0.07085   0.05717   0.02657   0.03910   0.03864   0.09177   0.08193   2.06114  
  1 99.0000   6902.227523  x:  0.12688   0.08444   0.12231   0.03982   0.03355   0.02839   0.04267   0.03299   0.07444   0.06074   0.07764   0.12818   0.11930   0.13664   0.04726   0.06105   0.03452   0.04416   0.02808   0.06249   0.05895   0.05539   0.16485   0.11861   2.06510  
  2 2715.8971   6879.289164  x:  0.13778   0.07192   0.13525   0.03279   0.03377   0.03064   0.02664   0.03589   0.07598   0.04896   0.07669   0.14875   0.10705   0.14980   0.03106   0.03883   0.01973   0.03070   0.01996   0.04840   0.05042   0.05649   0.19477   0.12952   2.07153  
  3 686.0351   6867.731927  x:  0.15028   0.05513   0.14778   0.02873   0.03605   0.03070   0.02949   0.03907   0.07702   0.04273   0.07799   0.17031   0.09164   0.16314   0.02202   0.02882   0.03450   0.03608   0.03524   0.04604   0.05126   0.06141   0.22762   0.14202   2.08052  
  4 749.4214   6858.596533  x:  0.16145   0.03122   0.15592   0.02855   0.03812   0.02859   0.03867   0.03703   0.07675   0.04909   0.07988   0.18876   0.06145   0.17232   0.02954   0.04058   0.03394   0.03804   0.02595   0.04992   0.05861   0.06865   0.25743   0.15318   2.09405  
  5 566.0970   6857.490390  x:  0.16418   0.02872   0.15388   0.02921   0.03551   0.02853   0.03365   0.03333   0.07606   0.05115   0.08273   0.18944   0.05603   0.17175   0.02928   0.04361   0.03151   0.03985   0.02946   0.05377   0.05761   0.06454   0.26176   0.15591   2.10129  
  6 178.3246   6856.362182  x:  0.16948   0.03061   0.14731   0.02748   0.03315   0.03049   0.03533   0.03876   0.07562   0.05187   0.08784   0.18768   0.05214   0.16913   0.03028   0.04371   0.03173   0.03862   0.02863   0.05796   0.05525   0.05669   0.26774   0.16121   2.12003  
  7 145.2216   6854.476012  x:  0.17773   0.03756   0.13521   0.02280   0.03628   0.02730   0.03547   0.03409   0.07603   0.05063   0.09304   0.18291   0.04836   0.16355   0.03899   0.03895   0.03337   0.03817   0.02803   0.05518   0.05624   0.05406   0.27711   0.16947   2.16415  
  8 237.5935   6851.649879  x:  0.18156   0.04430   0.12782   0.03106   0.03797   0.03301   0.03569   0.03655   0.07837   0.04971   0.09225   0.17764   0.04627   0.15632   0.03505   0.04355   0.02960   0.04085   0.03099   0.04569   0.06027   0.06008   0.28571   0.17329   2.24948  
  9 274.4237   6846.016135  x:  0.18028   0.05061   0.12500   0.03557   0.03232   0.02579   0.03403   0.03494   0.07763   0.04773   0.07977   0.17100   0.04452   0.14570   0.01998   0.04782   0.03659   0.03941   0.02466   0.04923   0.05970   0.06994   0.29512   0.17201   2.42397  
 10 857.8392   6838.767448  x:  0.17029   0.05037   0.13715   0.02967   0.03632   0.03234   0.03551   0.03627   0.07571   0.05456   0.06645   0.17134   0.05056   0.14229   0.02660   0.04249   0.02950   0.03642   0.03152   0.06383   0.05103   0.07769   0.29975   0.16202   2.66863  
 11 1175.9589   6831.593995  x:  0.15471   0.03979   0.15893   0.03552   0.03505   0.02579   0.03648   0.03698   0.07374   0.05387   0.08336   0.17975   0.05868   0.15093   0.03615   0.03573   0.03032   0.04194   0.02839   0.05805   0.05313   0.06129   0.29048   0.14645   2.91459  
 12 1099.1420   6829.899716  x:  0.15302   0.03600   0.16257   0.02842   0.03541   0.03061   0.03534   0.03439   0.07585   0.05111   0.08493   0.18265   0.05966   0.15655   0.03639   0.04073   0.03413   0.03835   0.02824   0.05382   0.05698   0.05468   0.28336   0.14475   2.97130  
 13 659.2153   6829.099903  x:  0.15743   0.03376   0.16149   0.02366   0.03494   0.02641   0.03586   0.03683   0.07703   0.05075   0.08561   0.18563   0.06000   0.16514   0.03494   0.04325   0.03134   0.03917   0.03026   0.05247   0.05752   0.05570   0.27256   0.14916   2.99874  
 14 191.7686   6828.272280  x:  0.16475   0.03076   0.15888   0.02499   0.03632   0.02880   0.03524   0.03569   0.07812   0.05244   0.08812   0.18961   0.05937   0.17672   0.03268   0.04125   0.03276   0.03970   0.02836   0.05431   0.05603   0.05934   0.25695   0.15648   3.02786  
 15 266.7111   6828.219349  x:  0.16547   0.03023   0.15854   0.02605   0.03524   0.02896   0.03575   0.03536   0.07694   0.05156   0.08757   0.18994   0.05940   0.17754   0.03328   0.04086   0.03264   0.03850   0.02893   0.05444   0.05655   0.05941   0.25577   0.15721   3.02972  
 16 44.2474   6828.206601  x:  0.16586   0.02982   0.15833   0.02647   0.03563   0.02900   0.03555   0.03550   0.07617   0.05133   0.08643   0.19005   0.05971   0.17778   0.03352   0.04075   0.03263   0.03893   0.02874   0.05441   0.05686   0.05868   0.25553   0.15760   3.03019  
 17 15.0456   6828.204648  x:  0.16597   0.02963   0.15828   0.02670   0.03562   0.02888   0.03562   0.03545   0.07644   0.05154   0.08610   0.19005   0.05987   0.17781   0.03361   0.04076   0.03268   0.03882   0.02878   0.05426   0.05670   0.05843   0.25554   0.15770   3.03027  
 18  5.0283   6828.203657  x:  0.16601   0.02949   0.15826   0.02670   0.03542   0.02893   0.03555   0.03549   0.07664   0.05147   0.08600   0.19000   0.05995   0.17779   0.03375   0.04072   0.03271   0.03894   0.02872   0.05424   0.05666   0.05845   0.25555   0.15774   3.03033  
 19  2.2721   6828.183541  x:  0.16640   0.02771   0.15847   0.02660   0.03595   0.02883   0.03550   0.03563   0.07702   0.05099   0.08638   0.18874   0.06023   0.17695   0.03346   0.04041   0.03252   0.03869   0.02882   0.05454   0.05704   0.05867   0.25548   0.15813   3.03165  
 20  1.1922   6828.084899  x:  0.16829   0.02629   0.16106   0.02544   0.03508   0.02940   0.03634   0.03487   0.07529   0.05207   0.08691   0.18642   0.06042   0.17515   0.03287   0.04038   0.03237   0.03920   0.02849   0.05304   0.05600   0.05897   0.25569   0.16003   3.03822  
 21 11.7128   6827.817706  x:  0.17152   0.02770   0.16670   0.02574   0.03541   0.02884   0.03349   0.03684   0.07483   0.05262   0.08691   0.18407   0.05727   0.17276   0.03449   0.04109   0.03358   0.03772   0.02856   0.05200   0.05566   0.05940   0.25602   0.16326   3.05601  
 22 53.7294   6827.236284  x:  0.17551   0.03274   0.17324   0.02668   0.03607   0.02886   0.03536   0.03503   0.07869   0.04918   0.08539   0.18264   0.05034   0.17117   0.03390   0.04025   0.03091   0.03853   0.02786   0.05349   0.05673   0.05705   0.25828   0.16726   3.09491  
 23 144.4543   6825.206539  x:  0.17345   0.03456   0.15861   0.02526   0.03389   0.02962   0.03299   0.03625   0.07828   0.05367   0.08378   0.18625   0.03547   0.17933   0.03115   0.03574   0.02850   0.03644   0.02636   0.05034   0.06032   0.05825   0.27522   0.16524   3.22921  
 24 161.2150   6824.865253  x:  0.17274   0.03389   0.15506   0.02580   0.03556   0.02952   0.03302   0.03607   0.07722   0.05003   0.08420   0.18823   0.03304   0.17985   0.03175   0.03802   0.02858   0.03637   0.02612   0.04920   0.05493   0.05912   0.27778   0.16453   3.25161  
 25 206.4972   6824.819955  x:  0.17306   0.03340   0.15405   0.02546   0.03554   0.02954   0.03299   0.03611   0.07734   0.05013   0.08445   0.19275   0.03341   0.17586   0.03155   0.03790   0.02848   0.03633   0.02610   0.04907   0.05506   0.05938   0.27685   0.16486   3.25468  
 26 16.0567   6824.374020  x:  0.16912   0.03686   0.14990   0.02636   0.03514   0.02951   0.03308   0.03685   0.07727   0.05010   0.08211   0.18786   0.03827   0.17238   0.03070   0.03670   0.02950   0.03694   0.02730   0.04869   0.05368   0.05935   0.26660   0.16097   3.33280  
 27  0.0603   6824.298844  x:  0.16886   0.03753   0.15157   0.02647   0.03506   0.02939   0.03340   0.03676   0.07729   0.05054   0.08202   0.18629   0.03455   0.17186   0.03116   0.03715   0.02976   0.03714   0.02725   0.04927   0.05436   0.05926   0.26388   0.16073   3.34610  
 28  0.0115   6824.285334  x:  0.16815   0.03705   0.15074   0.02644   0.03517   0.02949   0.03361   0.03658   0.07716   0.05059   0.08185   0.18611   0.03450   0.17188   0.03167   0.03705   0.02978   0.03719   0.02722   0.04884   0.05417   0.05896   0.26249   0.16001   3.32717  
 29  0.0117   6824.284126  x:  0.16809   0.03729   0.15088   0.02642   0.03514   0.02949   0.03349   0.03667   0.07720   0.05056   0.08188   0.18607   0.03436   0.17178   0.03149   0.03698   0.02971   0.03716   0.02726   0.04892   0.05413   0.05899   0.26233   0.15995   3.32148  
 30  0.0046   6824.284103  x:  0.16811   0.03732   0.15086   0.02642   0.03513   0.02948   0.03349   0.03667   0.07720   0.05055   0.08185   0.18607   0.03435   0.17180   0.03148   0.03698   0.02974   0.03716   0.02725   0.04890   0.05414   0.05900   0.26234   0.15996   3.32136  
 31  0.0001   6824.284103  x:  0.16811   0.03732   0.15086   0.02642   0.03513   0.02948   0.03349   0.03667   0.07720   0.05055   0.08185   0.18607   0.03435   0.17180   0.03148   0.03698   0.02974   0.03716   0.02725   0.04890   0.05414   0.05900   0.26234   0.15996   3.32137  

TREE #  2

  0  0.0000   6895.194423  x:  0.12016   0.04106   0.09893   0.01482   0.01612   0.03119   0.03537   0.04814   0.06603   0.05791   0.07872   0.15943   0.00000   0.11351   0.01622   0.02923   0.04141   0.04324   0.05035   0.05962   0.07198   0.06527   0.18794   0.09445   3.32137  
  1 99.0000   6842.049778  x:  0.13830   0.05830   0.11624   0.03015   0.04677   0.03134   0.03169   0.03823   0.07469   0.05714   0.08511   0.16780   0.06987   0.13505   0.03443   0.03576   0.02959   0.03437   0.03089   0.05251   0.06336   0.06659   0.20405   0.11259   3.32100  
  2 1697.7306   6832.382235  x:  0.15350   0.05518   0.13268   0.02911   0.03358   0.02603   0.03544   0.03399   0.07678   0.04632   0.08050   0.17625   0.06646   0.14999   0.02850   0.03615   0.02712   0.03864   0.02020   0.04719   0.05093   0.05933   0.22163   0.12780   3.32074  
  3 420.6138   6828.050506  x:  0.16691   0.04908   0.14653   0.03030   0.03295   0.03063   0.03490   0.03528   0.07922   0.04611   0.07818   0.18336   0.06002   0.16323   0.03021   0.03955   0.03103   0.03981   0.03331   0.04670   0.04823   0.05766   0.23851   0.14120   3.32048  
  4 444.1518   6825.534115  x:  0.17553   0.04034   0.15447   0.03063   0.03814   0.03202   0.03226   0.03772   0.07917   0.05206   0.07790   0.18719   0.04950   0.17148   0.03450   0.03904   0.03047   0.03454   0.02818   0.04883   0.05370   0.05969   0.25111   0.14982   3.32034  
  5 324.8576   6825.323957  x:  0.17644   0.03810   0.15415   0.02993   0.03975   0.02981   0.03257   0.03670   0.07801   0.05237   0.07940   0.18671   0.04919   0.17232   0.03465   0.03728   0.02925   0.03682   0.02888   0.04915   0.05509   0.05978   0.25348   0.15073   3.32034  
  6 79.4563   6825.240553  x:  0.17688   0.03598   0.15251   0.02855   0.04004   0.03020   0.03337   0.03671   0.07715   0.05133   0.08152   0.18545   0.05004   0.17256   0.03381   0.03701   0.03004   0.03599   0.02890   0.04950   0.05557   0.05921   0.25590   0.15117   3.32037  
  7 40.4201   6825.221811  x:  0.17697   0.03542   0.15161   0.02834   0.03958   0.03050   0.03254   0.03674   0.07724   0.05132   0.08220   0.18491   0.05021   0.17239   0.03391   0.03739   0.02961   0.03610   0.02888   0.04925   0.05531   0.05938   0.25700   0.15126   3.32039  
  8 24.3697   6825.214733  x:  0.17702   0.03549   0.15097   0.02846   0.03936   0.03036   0.03290   0.03700   0.07755   0.05170   0.08230   0.18465   0.05023   0.17207   0.03412   0.03756   0.02970   0.03627   0.02880   0.04919   0.05502   0.05963   0.25790   0.15131   3.32043  
  9 13.5492   6825.210574  x:  0.17705   0.03588   0.15048   0.02853   0.03941   0.03022   0.03282   0.03667   0.07776   0.05184   0.08200   0.18454   0.05016   0.17161   0.03403   0.03744   0.02985   0.03610   0.02885   0.04922   0.05495   0.05963   0.25880   0.15134   3.32048  
 10 10.1902   6825.208364  x:  0.17703   0.03624   0.15027   0.02861   0.03952   0.03035   0.03285   0.03682   0.07771   0.05165   0.08176   0.18456   0.05010   0.17122   0.03396   0.03739   0.02965   0.03614   0.02885   0.04923   0.05511   0.05955   0.25945   0.15132   3.32053  
 11  8.6941   6825.207838  x:  0.17697   0.03632   0.15030   0.02869   0.03951   0.03031   0.03280   0.03684   0.07758   0.05156   0.08177   0.18462   0.05010   0.17108   0.03401   0.03747   0.02975   0.03619   0.02882   0.04926   0.05516   0.05956   0.25964   0.15126   3.32057  
 12  3.8393   6825.207391  x:  0.17684   0.03631   0.15046   0.02871   0.03951   0.03033   0.03285   0.03679   0.07746   0.05159   0.08184   0.18473   0.05009   0.17088   0.03407   0.03745   0.02971   0.03613   0.02884   0.04920   0.05507   0.05955   0.25984   0.15113   3.32064  
 13  2.3403   6825.206992  x:  0.17671   0.03626   0.15063   0.02857   0.03953   0.03035   0.03282   0.03682   0.07754   0.05164   0.08186   0.18484   0.05015   0.17074   0.03405   0.03745   0.02974   0.03619   0.02881   0.04924   0.05505   0.05951   0.25999   0.15100   3.32074  
 14  2.2259   6825.206629  x:  0.17665   0.03621   0.15072   0.02857   0.03947   0.03026   0.03282   0.03684   0.07766   0.05161   0.08189   0.18489   0.05019   0.17068   0.03402   0.03748   0.02970   0.03613   0.02885   0.04925   0.05514   0.05954   0.26006   0.15094   3.32089  
 15  1.5366   6825.204923  x:  0.17658   0.03608   0.15082   0.02882   0.03940   0.03042   0.03286   0.03673   0.07788   0.05152   0.08195   0.18493   0.05021   0.17064   0.03388   0.03734   0.02976   0.03622   0.02880   0.04922   0.05528   0.05970   0.26013   0.15087   3.32167  
 16  1.7645   6825.169409  x:  0.17637   0.03496   0.15107   0.02919   0.03963   0.03014   0.03269   0.03710   0.07734   0.05119   0.08050   0.18495   0.05021   0.17109   0.03253   0.03736   0.02983   0.03615   0.02873   0.04909   0.05463   0.06148   0.26068   0.15068   3.33842  
 17  9.1413   6825.079257  x:  0.17679   0.03489   0.15135   0.02873   0.03844   0.03064   0.03357   0.03576   0.07677   0.05184   0.07985   0.18517   0.04910   0.17203   0.03253   0.03861   0.02922   0.03653   0.02829   0.04968   0.05532   0.06088   0.26148   0.15112   3.38097  
 18 91.7622   6824.967134  x:  0.17767   0.03586   0.15169   0.02862   0.03752   0.03005   0.03294   0.03688   0.07711   0.05191   0.08103   0.18553   0.04712   0.17290   0.03331   0.03699   0.02963   0.03644   0.02797   0.04922   0.05505   0.05869   0.26219   0.15202   3.43355  
 19 315.2216   6824.952572  x:  0.17788   0.03612   0.15175   0.02818   0.03818   0.02993   0.03308   0.03665   0.07771   0.05107   0.08155   0.18558   0.04627   0.17275   0.03372   0.03727   0.02965   0.03646   0.02787   0.04896   0.05468   0.05894   0.26213   0.15224   3.44007  
 20 56.6097   6824.949974  x:  0.17809   0.03638   0.15185   0.02818   0.03828   0.02989   0.03307   0.03667   0.07769   0.05118   0.08198   0.18567   0.04612   0.17253   0.03329   0.03742   0.02957   0.03645   0.02786   0.04912   0.05459   0.05912   0.26206   0.15246   3.44069  
 21  5.4567   6824.947170  x:  0.17841   0.03659   0.15194   0.02784   0.03806   0.02995   0.03307   0.03667   0.07758   0.05122   0.08215   0.18581   0.04616   0.17221   0.03323   0.03726   0.02962   0.03645   0.02786   0.04905   0.05472   0.05957   0.26196   0.15277   3.44072  
 22  3.9734   6824.925669  x:  0.17976   0.03531   0.15188   0.02797   0.03806   0.02986   0.03309   0.03667   0.07761   0.05129   0.08173   0.18646   0.04623   0.16997   0.03315   0.03749   0.02974   0.03655   0.02774   0.04845   0.05480   0.05909   0.26129   0.15413   3.43702  
 23  3.5814   6824.899561  x:  0.18036   0.03464   0.15184   0.02820   0.03766   0.02988   0.03312   0.03665   0.07770   0.05080   0.08150   0.18685   0.04603   0.16909   0.03365   0.03708   0.02937   0.03644   0.02772   0.04992   0.05420   0.05908   0.26109   0.15474   3.43167  
 24 20.1176   6824.432178  x:  0.17966   0.03600   0.15256   0.02696   0.03533   0.02905   0.03357   0.03625   0.07755   0.04998   0.08155   0.18864   0.03777   0.17445   0.03173   0.03709   0.02926   0.03707   0.02569   0.04856   0.05353   0.05866   0.26493   0.15418   3.33259  
 25 42.5743   6824.427779  x:  0.17975   0.03612   0.15352   0.02702   0.03528   0.02904   0.03357   0.03625   0.07754   0.05000   0.08142   0.18696   0.03767   0.17415   0.03178   0.03708   0.02926   0.03708   0.02568   0.04857   0.05352   0.05860   0.26500   0.15427   3.33164  
 26  4.8011   6824.288076  x:  0.17690   0.03752   0.15118   0.02638   0.03508   0.02942   0.03360   0.03656   0.07723   0.05030   0.08184   0.18619   0.03425   0.17221   0.03136   0.03699   0.02972   0.03726   0.02752   0.04874   0.05386   0.05884   0.26279   0.15164   3.31907  
 27  0.0092   6824.284134  x:  0.17669   0.03730   0.15087   0.02642   0.03514   0.02949   0.03350   0.03668   0.07720   0.05057   0.08185   0.18608   0.03432   0.17183   0.03150   0.03698   0.02975   0.03718   0.02727   0.04890   0.05414   0.05900   0.26239   0.15143   3.32159  
 28  0.0026   6824.284103  x:  0.17667   0.03731   0.15086   0.02642   0.03513   0.02947   0.03349   0.03668   0.07720   0.05055   0.08185   0.18607   0.03435   0.17180   0.03147   0.03698   0.02974   0.03716   0.02725   0.04890   0.05414   0.05900   0.26234   0.15140   3.32135  
 29  0.0002   6824.284103  x:  0.17667   0.03732   0.15086   0.02642   0.03513   0.02948   0.03349   0.03667   0.07720   0.05055   0.08185   0.18607   0.03435   0.17180   0.03148   0.03698   0.02974   0.03716   0.02725   0.04890   0.05414   0.05900   0.26234   0.15140   3.32136  