     2   2511    578


 1

     1    308    -2.2935505995   0.100907542775     253.3788  AAAAAAA
     2      1    -6.9753773972   0.000934613580       2.3468  AAAAAAC
     3      7    -5.7115616058   0.003307503493       8.3051  AAAAAAG
     4      3    -6.2515616933   0.001927441712       4.8398  AAAAAGA
     5      1    -6.6737396978   0.001263664181       3.1731  AAAACAA
     6     10    -5.4415023396   0.004332968788      10.8801  AAAAGAA
     7      1    -7.1917069581   0.000752803020       1.8903  AAACAAA
     8      1    -7.5262368482   0.000538761889       1.3528  AAACACA
     9      1    -7.2432375599   0.000714993176       1.7953  AAACCCC
    10      1   -10.3215585669   0.000032915774       0.0827  AAACGAA
    11      1    -5.9322869688   0.002652409070       6.6602  AAAGAAA
    12      2    -6.2164742492   0.001996271179       5.0126  AAAGAGA
    13      1    -8.0401803806   0.000322250817       0.8092  AAAGAGG
    14      1    -9.0530822109   0.000117029770       0.2939  AAAGGAG
    15      2    -6.2675702410   0.001896831833       4.7629  AAAGGGA
    16      3    -5.7068237128   0.003323211272       8.3446  AAAGGGG
    17      1    -6.7560492131   0.001163818100       2.9223  AAATTTT
    18     36    -4.7496483291   0.008654738287      21.7320  AACAAAA
    19      1    -9.4166152705   0.000081360939       0.2043  AACAAAC
    20      1    -8.1589938772   0.000286150152       0.7185  AACAAAG
    21      1    -9.9930746728   0.000045715430       0.1148  AACAACA
    22      1    -7.8972251320   0.000371773733       0.9335  AACAGAA
    23      1    -8.7222334952   0.000162922897       0.4091  AACATAA
    24      1   -13.8316277680   0.000000984012       0.0025  AACCACT
    25      1    -8.6510035031   0.000174951196       0.4393  AACCCCC
    26      1    -8.6708229448   0.000171517896       0.4307  AACGAGA
    27      1   -11.1037452005   0.000015055831       0.0378  AACGGAA
    28     39    -3.6926904269   0.024904906993      62.5362  AAGAAAA
    29      1    -7.0760194442   0.000845130551       2.1221  AAGAAAG
    30      1    -7.6503546871   0.000475875312       1.1949  AAGAAGA
    31      1    -8.5286253177   0.000197726594       0.4965  AAGAATA
    32      3    -6.8391228675   0.001071042434       2.6894  AAGAGAA
    33      1   -10.0401319661   0.000043614017       0.1095  AAGAGGA
    34      1    -9.4806938519   0.000076310970       0.1916  AAGAGGG
    35      1    -8.5243433049   0.000198575078       0.4986  AAGCCCC
    36      1    -7.3312491883   0.000654755164       1.6441  AAGGAAA
    37      2    -7.6085310034   0.000496200240       1.2460  AAGGAGA
    38      1    -8.8726477122   0.000140170964       0.3520  AAGGAGG
    39      1    -7.5759662351   0.000512624866       1.2872  AAGGGGA
    40      1    -8.0374042577   0.000323146668       0.8114  AAGTTTT
    41     28    -4.3421502868   0.013008526046      32.6644  AATAAAA
    42      1   -11.4992623302   0.000010137569       0.0255  AATAAGG
    43      1   -12.6310398661   0.000003268956       0.0082  AATACGA
    44      1    -7.4897270897   0.000558795441       1.4031  AATAGAA
    45      1   -10.1936167958   0.000037408343       0.0939  AATAGAG
    46      1    -8.3146666750   0.000244898511       0.6149  AATATAA
    47      1   -14.2531886495   0.000000645534       0.0016  AATATGG
    48      1   -11.4486585428   0.000010663770       0.0268  AATCTCC
    49      1    -7.9808428899   0.000341951074       0.8586  AATGAAA
    50      1    -8.2930746856   0.000250243857       0.6284  AATGGGA
    51      1   -11.5430605238   0.000009703145       0.0244  AATGTGA
    52      1    -6.6237924978   0.001328383489       3.3356  ACAAAAA
    53      1    -9.8439491868   0.000053067324       0.1333  ACAAAAG
    54      1   -12.7589521669   0.000002876454       0.0072  ACAACGC
    55      1    -9.7623530766   0.000057578975       0.1446  ACAAGAA
    56      2    -8.9503521516   0.000129691481       0.3257  ACACACC
    57      1    -9.1986906504   0.000101171784       0.2540  ACACCCA
    58      8    -5.2034915838   0.005497336461      13.8038  ACACCCC
    59      1    -8.2146886501   0.000270648764       0.6796  ACACCCT
    60      1    -7.9437854284   0.000354860633       0.8911  ACACTCC
    61      1   -10.4811208027   0.000028061254       0.0705  ACACTCT
    62      1    -8.1740917927   0.000281862331       0.7078  ACAGGGG
    63      1    -8.4503624688   0.000213822897       0.5369  ACATCCC
    64      1    -8.6920947226   0.000167907937       0.4216  ACATCTC
    65      1    -7.4349126982   0.000590280507       1.4822  ACATTTT
    66      1    -8.6375538240   0.000177320128       0.4453  ACCAAAA
    67     11    -5.2435531691   0.005281457545      13.2617  ACCCCCC
    68      1    -7.9842123528   0.000340800821       0.8558  ACCCTCC
    69      1   -14.2025293081   0.000000679078       0.0017  ACCGGCC
    70      1    -8.4904487083   0.000205421065       0.5158  ACCTCCC
    71      1    -8.7035389605   0.000165997312       0.4168  ACCTTTC
    72      1    -7.9776280057   0.000343052176       0.8614  ACGAAAA
    73      1   -14.4404328314   0.000000535303       0.0013  ACGACAG
    74      6    -6.1760327282   0.002078658120       5.2195  ACGCCCC
    75      2    -9.7579035039   0.000057835748       0.1452  ACGCCTC
    76      1    -8.9163293448   0.000134179870       0.3369  ACGCTCC
    77      1   -12.3940613472   0.000004143120       0.0104  ACGTCCT
    78      1    -9.6646483446   0.000063488718       0.1594  ACGTCTC
    79      1   -11.9656995713   0.000006358618       0.0160  ACGTTCC
    80      1    -8.4095257162   0.000222735472       0.5593  ACGTTTT
    81      1    -8.4589672843   0.000211990884       0.5323  ACTAAAA
    82      1   -11.5057577783   0.000010071934       0.0253  ACTAAAT
    83      1   -14.4149498543   0.000000549119       0.0014  ACTAGGA
    84      9    -5.6578711048   0.003489938709       8.7632  ACTCCCC
    85      1   -12.1165287645   0.000005468377       0.0137  ACTCCTT
    86      2   -10.7414149337   0.000021630311       0.0543  ACTCTCT
    87      2   -11.1067708028   0.000015010347       0.0377  ACTCTTT
    88      1    -9.5442605432   0.000071611095       0.1798  ACTGGGG
    89      1   -11.2219929054   0.000013376744       0.0336  ACTTATT
    90      1    -9.1441028779   0.000106848044       0.2683  ACTTCTC
    91      1   -10.4494072081   0.000028965439       0.0727  ACTTCTT
    92      1    -9.0258738571   0.000120257671       0.3020  ACTTTTC
    93      5    -7.4653128765   0.000572605891       1.4378  ACTTTTT
    94      6    -5.2912002651   0.005035712441      12.6447  AGAAAAA
    95      5    -7.1105521046   0.000816444105       2.0501  AGAAAAG
    96      1    -9.2111523702   0.000099918833       0.2509  AGAAAGA
    97      2    -9.4309750490   0.000080200962       0.2014  AGAAAGG
    98      2    -8.2821257174   0.000252998824       0.6353  AGAAGAA
    99      1    -7.0901347879   0.000833285041       2.0924  AGAAGGG
   100      1    -9.2409791968   0.000096982579       0.2435  AGACGCG
   101      1    -8.9302803503   0.000132320923       0.3323  AGACGGG
   102      1    -9.6110555460   0.000066984082       0.1682  AGAGAAG
   103      3    -8.6291722257   0.000178812600       0.4490  AGAGAGA
   104      3    -6.5804066951   0.001387284978       3.4835  AGAGAGG
   105      1   -11.0758187294   0.000015482213       0.0389  AGAGCGA
   106      1   -10.0540323005   0.000043011962       0.1080  AGAGGAA
   107      1    -7.4256529509   0.000595771740       1.4960  AGAGGAG
   108      1    -6.8122610548   0.001100202467       2.7626  AGAGGGA
   109      1    -8.7039514868   0.000165928848       0.4166  AGAGGGC
   110     15    -4.0497960948   0.017425927514      43.7565  AGAGGGG
   111      1    -7.9897524411   0.000338917975       0.8510  AGAGTGG
   112      1    -7.9768855844   0.000343306960       0.8620  AGATTTT
   113      1    -8.5992672719   0.000184240743       0.4626  AGCGAGG
   114      5    -6.0680385762   0.002315710849       5.8147  AGCGGGG
   115      1    -7.5239177484   0.000540012782       1.3560  AGGAGAG
   116      1    -7.3024843985   0.000673862551       1.6921  AGGAGGG
   117      1    -9.2301142646   0.000098042033       0.2462  AGGGAGA
   118      1    -6.7938923905   0.001120598467       2.8138  AGGGAGG
   119     14    -4.2620604717   0.014093233763      35.3881  AGGGGGG
   120      1    -8.4923662592   0.000205027537       0.5148  AGGTTTT
   121      1    -8.1917692296   0.000276923509       0.6954  AGTGAGG
   122     17    -5.6605405339   0.003480634989       8.7399  AGTGGGG
   123      1   -14.6464634734   0.000000435634       0.0011  ATAAACG
   124      1   -11.7916350790   0.000007567596       0.0190  ATAACCC
   125      1   -10.7410815904   0.000021637523       0.0543  ATACCCA
   126      1   -10.1185250209   0.000040325561       0.1013  ATACTCC
   127      1   -11.6521211159   0.000008700578       0.0218  ATACTTC
   128      1   -10.0966020958   0.000041219377       0.1035  ATAGAGA
   129      1   -10.4665250395   0.000028473833       0.0715  ATATCTC
   130      1    -7.8513872617   0.000389211655       0.9773  ATATCTT
   131     21    -4.6869988623   0.009214298080      23.1371  ATATTTT
   132      2    -8.4589672843   0.000211990884       0.5323  ATCAAAA
   133      1   -10.4531212744   0.000028858059       0.0725  ATCCTCC
   134      1    -9.3159763574   0.000089975211       0.2259  ATCTATT
   135      1   -11.0325351628   0.000016167053       0.0406  ATCTCCC
   136      1   -10.9476275716   0.000017599720       0.0442  ATCTCTC
   137      1    -8.7117357989   0.000164642221       0.4134  ATCTCTT
   138      1    -9.5339635012   0.000072352287       0.1817  ATCTTCT
   139      8    -5.5488743882   0.003891835475       9.7724  ATCTTTT
   140      1   -11.7442844487   0.000007934546       0.0199  ATGAAAC
   141      1   -13.4644805514   0.000001420530       0.0036  ATGAATT
   142      1    -9.5764287743   0.000069344150       0.1741  ATGCCCT
   143      1   -12.0957274994   0.000005583317       0.0140  ATGCCTT
   144      1   -13.8729714323   0.000000944159       0.0024  ATGCTCG
   145      1   -11.2056168534   0.000013597605       0.0341  ATGGAAA
   146      1   -12.3192983367   0.000004464746       0.0112  ATGGGGC
   147      1    -8.8240012926   0.000147158357       0.3695  ATGTCTT
   148      1    -9.0776405136   0.000114190721       0.2867  ATGTTTC
   149      9    -5.6596072951   0.003483884768       8.7480  ATGTTTT
   150      1   -11.4108271694   0.000011074923       0.0278  ATTAAAC
   151      1   -11.0220679922   0.000016337165       0.0410  ATTAGAA
   152      1   -12.4411021362   0.000003952738       0.0099  ATTATAC
   153      1    -8.8155438670   0.000148408216       0.3727  ATTATTT
   154      2    -8.1886678491   0.000277783688       0.6975  ATTCTTT
   155      1   -12.8807937783   0.000002546492       0.0064  ATTGCGC
   156      1    -9.7473326871   0.000058450361       0.1468  ATTGTGT
   157      1   -11.0420472565   0.000016013999       0.0402  ATTTCCT
   158      2    -7.6931010885   0.000455961999       1.1449  ATTTCTT
   159      1    -8.8836483918   0.000138637438       0.3481  ATTTGTT
   160      1    -7.9630764817   0.000348080605       0.8740  ATTTTTC
   161     16    -4.5280926954   0.010801257727      27.1220  ATTTTTT
   162     53    -4.8534539671   0.007801385232      19.5893  CAAAAAA
   163      1    -8.2613171162   0.000258318532       0.6486  CAAAAAG
   164      3    -8.0009663142   0.000335138622       0.8415  CAAAGAA
   165      1   -10.6879778006   0.000022817613       0.0573  CAAAGAG
   166      1   -15.3121883891   0.000000223873       0.0006  CAAAGCG
   167      1    -8.5877259446   0.000186379443       0.4680  CAACCCC
   168      1   -10.4021861357   0.000030366026       0.0762  CAAGAGG
   169      1    -9.6528263377   0.000064243736       0.1613  CAATATA
   170      1   -12.3041123919   0.000004533064       0.0114  CAATCTA
   171      1   -15.9419446626   0.000000119262       0.0003  CAATTAG
   172     24    -5.3846883383   0.004586269464      11.5161  CACAAAA
   173      1   -10.2205742123   0.000036413382       0.0914  CACAATA
   174      1    -8.2497623020   0.000261320665       0.6562  CACGGGG
   175     11    -5.9361286149   0.002642239001       6.6347  CAGAAAA
   176      1    -9.7266650474   0.000059670962       0.1498  CAGGGGA
   177     20    -5.6416906299   0.003546866895       8.9062  CATAAAA
   178      3    -9.0320562741   0.000119516482       0.3001  CATAAAG
   179      1   -10.4775471022   0.000028161716       0.0707  CATAATA
   180      2    -8.7884350084   0.000152486421       0.3829  CATAGAA
   181      1   -12.5173386710   0.000003662595       0.0092  CATGAAG
   182      1   -16.9387726938   0.000000044013       0.0001  CATGTAC
   183      1   -12.4334058551   0.000003983276       0.0100  CATGTGG
   184      1   -15.2735265036   0.000000232698       0.0006  CATTACT
   185      1   -16.8661925340   0.000000047327       0.0001  CATTCGA
   186      1    -8.6463853086   0.000175761023       0.4413  CCAAAAA
   187     15    -5.1192446977   0.005980538304      15.0171  CCACCCC
   188      1    -8.7011665533   0.000166391593       0.4178  CCACCTC
   189      1   -11.6801805461   0.000008459838       0.0212  CCACCTT
   190      1    -7.8599247183   0.000385902922       0.9690  CCACTCC
   191      1   -11.0965447479   0.000015164631       0.0381  CCACTTC
   192      1   -12.4180789600   0.000004044798       0.0102  CCATCCA
   193      1   -11.3683718608   0.000011555236       0.0290  CCATCCT
   194      1   -10.6186745604   0.000024455032       0.0614  CCATCTT
   195      1   -11.7577940690   0.000007828074       0.0197  CCATTCT
   196      4    -7.8650199723   0.000383941649       0.9641  CCATTTT
   197      1    -7.6183528383   0.000491350499       1.2338  CCCAAAA
   198      1   -10.1578487687   0.000038770583       0.0974  CCCAAAT
   199    120    -3.3965375413   0.033489023809      84.0909  CCCCCCC
   200      1    -8.6142672638   0.000181497757       0.4557  CCCCCGC
   201      1    -6.1373368621   0.002160670125       5.4254  CCCCTCC
   202      2    -8.9160148753   0.000134222072       0.3370  CCCCTCT
   203      1    -6.6434425588   0.001302535462       3.2707  CCCTCCC
   204      1    -6.8875769799   0.001020383257       2.5622  CCCTCTC
   205      1    -9.0464740375   0.000117805684       0.2958  CCCTCTT
   206      4    -6.3794148752   0.001696115105       4.2589  CCCTTTT
   207      1    -9.4646060393   0.000077548575       0.1947  CCGAAAA
   208     13    -5.7074627046   0.003321088446       8.3393  CCGCCCC
   209      1   -11.1636856504   0.000014179892       0.0356  CCGCTCT
   210      1    -9.7971502594   0.000055609847       0.1396  CCGGGGG
   211      1    -8.9543596527   0.000129172782       0.3244  CCGTCCC
   212      1    -9.1979250936   0.000101249267       0.2542  CCGTCTC
   213      1    -8.4532379792   0.000213208930       0.5354  CCGTTTT
   214      1    -8.0274412972   0.000326382257       0.8195  CCTCACC
   215      1   -13.2000209945   0.000001850562       0.0046  CCTCAGC
   216     18    -4.2801016850   0.013841254566      34.7554  CCTCCCC
   217      2    -7.2983633447   0.000676645305       1.6991  CCTCCCT
   218      2    -7.8619956255   0.000385104579       0.9670  CCTCCTC
   219      7    -7.0205729555   0.000893313517       2.2431  CCTCTCC
   220      1   -10.2499291455   0.000035360006       0.0888  CCTCTTC
   221      2   -10.3345643714   0.000032490450       0.0816  CCTCTTT
   222      1    -9.0961735536   0.000112093910       0.2815  CCTGGGG
   223      2    -7.5269844947   0.000538359237       1.3518  CCTTCCC
   224      2    -7.7695532015   0.000422401953       1.0607  CCTTCTC
   225      3    -9.5592861184   0.000070543140       0.1771  CCTTCTT
   226      1   -10.0734600112   0.000042184403       0.1059  CCTTTCC
   227      2   -10.6265664616   0.000024262795       0.0609  CCTTTCT
   228      3    -7.7190906941   0.000444264393       1.1155  CCTTTTC
   229      9    -6.7094088514   0.001219384749       3.0619  CCTTTTT
   230      1    -7.7493143367   0.000431037986       1.0823  CGAAAAA
   231      2    -9.2394483930   0.000097131154       0.2439  CGAAAAG
   232      2    -8.6445588157   0.000176082343       0.4421  CGAGAGG
   233     17    -6.1132664788   0.002213309264       5.5576  CGAGGGG
   234      1    -8.1184955682   0.000297976609       0.7482  CGCAAAA
   235      1    -9.3162373692   0.000089951730       0.2259  CGCAAAG
   236      1    -7.7051463342   0.000450502769       1.1312  CGCCCCC
   237      1    -8.6818350627   0.000169639483       0.4260  CGCGAGG
   238      9    -6.1501508655   0.002133159925       5.3564  CGCGGGG
   239      1    -8.3559326601   0.000234998210       0.5901  CGGAAAA
   240      1    -9.1390156301   0.000107392992       0.2697  CGGAAAG
   241      1   -11.5388178132   0.000009744400       0.0245  CGGGAAG
   242      1    -9.3095637067   0.000090554045       0.2274  CGGGGAG
   243      8    -5.9335068580   0.002649175398       6.6521  CGGGGGG
   244      1    -9.5734798733   0.000069548941       0.1746  CGTAAAG
   245      1   -13.4198175994   0.000001485413       0.0037  CTACAAA
   246      2    -7.6818811712   0.000461106662       1.1578  CTACCCC
   247      1    -9.2996507060   0.000091456171       0.2296  CTACCCT
   248      1   -14.8541350434   0.000000353941       0.0009  CTACCTA
   249      2    -9.1642295477   0.000104719046       0.2629  CTACTTT
   250      1   -10.8563110467   0.000019282530       0.0484  CTATCTC
   251      1    -8.6665173914   0.000172257968       0.4325  CTATCTT
   252      2    -8.8747632395   0.000139874741       0.3512  CTATTTC
   253     10    -5.5038859707   0.004070921181      10.2221  CTATTTT
   254      2    -8.2845720896   0.000252380651       0.6337  CTCAAAA
   255      1    -9.0382235120   0.000118781663       0.2983  CTCAAAT
   256      1   -11.2350669336   0.000013202994       0.0332  CTCGCGC
   257      1    -7.7307147520   0.000439130136       1.1027  CTCTTTC
   258     12    -4.4296151755   0.011919075542      29.9288  CTCTTTT
   259      1   -11.8418130752   0.000007197239       0.0181  CTGCCTC
   260      1   -12.5994294814   0.000003373940       0.0085  CTGCGCC
   261      1   -10.0218791854   0.000044417404       0.1115  CTGCTCT
   262      1    -9.6277533511   0.000065874881       0.1654  CTGGGGG
   263      1   -14.4237962956   0.000000544283       0.0014  CTGGTGC
   264      1   -10.0771490793   0.000042029068       0.1055  CTGTTCT
   265      5    -6.0921039776   0.002260647556       5.6765  CTGTTTT
   266      1    -8.1710942980   0.000282708480       0.7099  CTTAAAA
   267      1   -11.6996541604   0.000008296688       0.0208  CTTATAA
   268      1   -11.7374089914   0.000007989287       0.0201  CTTATTC
   269      1   -16.2229807324   0.000000090043       0.0002  CTTCAGG
   270      2    -6.7030744479   0.001227133340       3.0813  CTTCCCC
   271      2    -7.9372352155   0.000357192675       0.8969  CTTCCCT
   272      2    -9.3266134183   0.000089023212       0.2235  CTTCTCC
   273      1    -7.9824687483   0.000341395562       0.8572  CTTCTCT
   274      1    -7.7064918515   0.000449897017       1.1297  CTTCTTT
   275      3    -9.9415934910   0.000048130548       0.1209  CTTTCCC
   276      1    -9.7224723545   0.000059921670       0.1505  CTTTCTC
   277      3    -7.2100548728   0.000739116597       1.8559  CTTTCTT
   278      3    -8.0313257330   0.000325116905       0.8164  CTTTTCT
   279      1    -8.1151170391   0.000298985034       0.7508  CTTTTTA
   280      5    -7.4545129272   0.000578823521       1.4534  CTTTTTC
   281     32    -4.0460106012   0.017492018266      43.9225  CTTTTTT
   282     43    -3.7545823150   0.023410226668      58.7831  GAAAAAA
   283      2    -7.1301586564   0.000800592358       2.0103  GAAAAAG
   284      1   -11.4312810954   0.000010850699       0.0272  GAAACAG
   285      1    -6.9006681946   0.001007112257       2.5289  GAAAGAA
   286      1    -9.2697005526   0.000094236729       0.2366  GAAAGAG
   287      1    -7.7271709276   0.000440689097       1.1066  GAAATAA
   288      2    -8.6527309384   0.000174649240       0.4385  GAACAAA
   289      1    -9.0617181908   0.000116023455       0.2913  GAACCCA
   290      2    -7.3931005294   0.000615484664       1.5455  GAAGAAA
   291      1   -10.5837267676   0.000025324791       0.0636  GAAGAAG
   292      1    -8.8403474334   0.000144772439       0.3635  GAAGAGG
   293      1    -7.6182452309   0.000491403374       1.2339  GAAGGGA
   294      1    -6.4056213803   0.001652243231       4.1488  GAAGGGG
   295      1    -8.2452328961   0.000262506977       0.6592  GAATAAA
   296      1   -13.3562842993   0.000001582849       0.0040  GAATCTG
   297      1   -10.8781894613   0.000018865240       0.0474  GAATGGG
   298      5    -5.8908035886   0.002764754079       6.9423  GACAAAA
   299      1    -9.0352177938   0.000119139225       0.2992  GACAGAA
   300      1    -9.5291261186   0.000072703130       0.1826  GACGAAA
   301      1   -12.6134408052   0.000003326996       0.0084  GACGAAG
   302      1   -10.6168278050   0.000024500236       0.0615  GACGAGG
   303      1   -13.6960161479   0.000001126927       0.0028  GACGAGT
   304      1   -15.6467028657   0.000000160222       0.0004  GACGCAG
   305      1    -8.1514846168   0.000288307016       0.7239  GACGGGG
   306      1    -9.4391742853   0.000079546064       0.1997  GACTTTT
   307     31    -4.2531219274   0.014219771447      35.7058  GAGAAAA
   308      2    -7.5149456995   0.000544879603       1.3682  GAGAAAG
   309      2    -8.2094727292   0.000272064135       0.6832  GAGAAGA
   310      1   -11.7247417850   0.000008091133       0.0203  GAGACAG
   311      1    -9.0070233500   0.000122546090       0.3077  GAGAGGG
   312      3    -7.8910078164   0.000374092369       0.9393  GAGGAAA
   313      1    -8.1425629648   0.000290890699       0.7304  GAGGAGA
   314      2    -7.8521265971   0.000388924004       0.9766  GAGGGGA
   315      1    -5.9693515270   0.002555898313       6.4179  GAGGGGG
   316      1   -10.7184519696   0.000022132754       0.0556  GAGTGTG
   317     11    -5.4833055462   0.004155570539      10.4346  GATAAAA
   318      1    -8.8222729561   0.000147412916       0.3702  GATAAAG
   319      1    -9.4405086059   0.000079439995       0.1995  GATAAGA
   320      1    -9.8631567389   0.000052057757       0.1307  GATACAA
   321      2    -9.1216280763   0.000109276622       0.2744  GATGAAA
   322      1   -11.7669332007   0.000007756858       0.0195  GATGGAA
   323      1    -9.2574210098   0.000095401047       0.2396  GATGGGA
   324      1    -7.7439865744   0.000433340583       1.0881  GATGGGG
   325      1   -12.9164985186   0.000002457174       0.0062  GCAATAC
   326      1   -14.4183006844   0.000000547283       0.0014  GCAATAG
   327      2   -10.1927899875   0.000037439286       0.0940  GCACCCA
   328      9    -6.1760327282   0.002078658120       5.2195  GCACCCC
   329      1    -9.7579035039   0.000057835748       0.1452  GCACCTC
   330      4    -8.4095257162   0.000222735472       0.5593  GCATTTT
   331      1   -10.3942489654   0.000030608006       0.0769  GCCAAAC
   332     13    -5.8317711760   0.002932877735       7.3645  GCCCCCC
   333      1   -12.3901598101   0.000004159316       0.0104  GCCCCTT
   334      1    -8.5724303597   0.000189252140       0.4752  GCCCTCC
   335      1   -12.1553546193   0.000005260131       0.0132  GCCCTTT
   336      1    -9.7604402197   0.000057689221       0.1449  GCCGGGG
   337      1   -16.9403552651   0.000000043944       0.0001  GCCGTAA
   338      1    -9.3221328708   0.000089422979       0.2245  GCCTCTC
   339      2    -8.5414396354   0.000195209028       0.4902  GCCTTTT
   340     11    -6.1523787973   0.002128412681       5.3444  GCGCCCC
   341      1   -10.7035909163   0.000022464126       0.0564  GCGCCCG
   342      1    -8.8926714379   0.000137392133       0.3450  GCGCTCC
   343      1   -11.4296313935   0.000010868614       0.0273  GCGCTCT
   344      1    -7.8483546553   0.000390393772       0.9803  GCGGGGG
   345      1   -13.1388717960   0.000001967254       0.0049  GCGTATA
   346      2    -8.3829014552   0.000228745287       0.5744  GCGTTTT
   347      1    -9.4172136441   0.000081312269       0.2042  GCTAAAA
   348      1   -13.3650108700   0.000001569096       0.0039  GCTAAGA
   349      1   -10.2940063454   0.000033835286       0.0850  GCTCCCA
   350      6    -6.2460891117   0.001938018709       4.8664  GCTCCCC
   351      1   -10.8734868046   0.000018954166       0.0476  GCTCCCG
   352      1    -9.2380576216   0.000097266335       0.2442  GCTCCCT
   353      1   -13.1499376376   0.000001945605       0.0049  GCTGAGA
   354      1   -16.5471734650   0.000000065111       0.0002  GCTTAAG
   355      1   -12.7319193457   0.000002955274       0.0074  GCTTATC
   356      2    -9.4929267761   0.000075383150       0.1893  GCTTCCC
   357      1   -13.5641992670   0.000001285710       0.0032  GCTTCTA
   358      1   -11.0376252149   0.000016084971       0.0404  GCTTCTT
   359      1   -12.0251873764   0.000005991388       0.0150  GCTTTCC
   360      3    -8.0535308834   0.000317977198       0.7984  GCTTTTT
   361      7    -6.3791723948   0.001696526430       4.2600  GGAAAAA
   362      5    -7.3654162501   0.000632761964       1.5889  GGAAAAG
   363      1   -10.3107732830   0.000033272701       0.0835  GGAAAAT
   364      2    -9.5814175750   0.000068999067       0.1733  GGAAAGG
   365      1    -9.1575161530   0.000105424431       0.2647  GGAAGAA
   366      2    -7.4389012387   0.000587930838       1.4763  GGAAGAG
   367      3    -7.2171208517   0.000733912423       1.8429  GGAAGGG
   368      1   -11.3949202897   0.000011252499       0.0283  GGACCCT
   369      1   -12.0897374393   0.000005616862       0.0141  GGACTTT
   370      1    -9.9669872652   0.000046923719       0.1178  GGAGAAA
   371      1    -9.7771208568   0.000056734909       0.1425  GGAGAAG
   372      1    -6.7085972235   0.001220374838       3.0644  GGAGAGG
   373      1   -11.3009827100   0.000012360771       0.0310  GGAGCGA
   374      2   -10.3087110793   0.000033341387       0.0837  GGAGGAA
   375      4    -7.5527269352   0.000524677413       1.3175  GGAGGAG
   376      2    -6.9880474213   0.000922846704       2.3173  GGAGGGA
   377     21    -4.1766917981   0.015349201926      38.5418  GGAGGGG
   378      1    -8.4280837360   0.000218640061       0.5490  GGAGGGT
   379      1   -11.8127930960   0.000007409163       0.0186  GGAGGTA
   380      1    -9.0040850105   0.000122906702       0.3086  GGAGGTG
   381      1    -9.0717925790   0.000114860458       0.2884  GGCAGAG
   382      1    -9.1847730905   0.000102589693       0.2576  GGCGGAG
   383     13    -5.8087129785   0.003001290313       7.5362  GGCGGGG
   384      2    -6.2343544570   0.001960894648       4.9238  GGGAAAA
   385      3    -6.7958972537   0.001118354071       2.8082  GGGAGAG
   386      2    -9.7903804450   0.000055987593       0.1406  GGGGAAA
   387      1    -6.0643953844   0.002324162815       5.8360  GGGGAGG
   388      1    -6.3558113399   0.001736625633       4.3607  GGGGGGA
   389    168    -3.5321742693   0.029241268307      73.4248  GGGGGGG
   390      1    -8.2922056674   0.000250461418       0.6289  GGGTTTG
   391      1    -7.8609114375   0.000385522332       0.9680  GGTAAAA
   392      1   -12.7738749777   0.000002833848       0.0071  GGTACGG
   393      1   -10.5521756019   0.000026136556       0.0656  GGTAGAA
   394      2    -8.6642945367   0.000172641298       0.4335  GGTAGAG
   395      1    -8.2196092265   0.000269320288       0.6763  GGTGGGA
   396      9    -5.4012149362   0.004511096917      11.3274  GGTGGGG
   397      1   -10.1598474439   0.000038693171       0.0972  GGTTGTG
   398      1   -12.6250836681   0.000003288485       0.0083  GTACTTC
   399      1    -9.3201228433   0.000089602903       0.2250  GTACTTT
   400      1   -10.5352511368   0.000026582668       0.0667  GTAGTTT
   401      1   -11.4403261546   0.000010752996       0.0270  GTATCTC
   402      2    -8.8240012926   0.000147158357       0.3695  GTATCTT
   403      1   -10.2943163932   0.000033824797       0.0849  GTATTAT
   404      2    -9.0776405136   0.000114190721       0.2867  GTATTTC
   405     13    -5.6596072951   0.003483884768       8.7480  GTATTTT
   406      1   -11.0413392813   0.000016025341       0.0402  GTCCTCC
   407      2   -10.0679541854   0.000042417303       0.1065  GTCCTCT
   408      1   -10.1221815081   0.000040178380       0.1009  GTCTTCT
   409      1    -9.5140025432   0.000073811018       0.1853  GTCTTTC
   410      6    -6.1370923951   0.002161198403       5.4268  GTCTTTT
   411      3    -8.0128644409   0.000331174729       0.8316  GTGAAAA
   412      1    -9.5739576572   0.000069515719       0.1746  GTGCTCT
   413      1   -11.7853860307   0.000007615035       0.0191  GTGGCGG
   414      1   -13.9304331356   0.000000891435       0.0022  GTGTGCT
   415      1    -9.6212378859   0.000066305488       0.1665  GTGTTCT
   416      2    -9.0536708126   0.000116960906       0.2937  GTGTTTC
   417      6    -5.6358568545   0.003567618993       8.9583  GTGTTTT
   418      1   -12.0813524666   0.000005664157       0.0142  GTTAAAC
   419      1   -12.1266402683   0.000005413362       0.0136  GTTCACT
   420      1   -11.8727052283   0.000006978300       0.0175  GTTCCTC
   421      1   -11.5515550033   0.000009621071       0.0242  GTTTCCC
   422      1   -11.0963711441   0.000015167264       0.0381  GTTTCTC
   423      1    -9.1817679866   0.000102898449       0.2584  GTTTTTA
   424      2    -8.5512944886   0.000193294720       0.4854  GTTTTTC
   425      8    -5.1163107023   0.005998110942      15.0613  GTTTTTT
   426     31    -4.4459559248   0.011725891601      29.4437  TAAAAAA
   427      1    -8.4038668734   0.000223999470       0.5625  TAAAAGA
   428      2    -7.5934682719   0.000503730945       1.2649  TAAAGAA
   429      1   -14.7096248505   0.000000408970       0.0010  TAACAGG
   430      1    -8.7493407803   0.000158565820       0.3982  TAACCCC
   431      1    -8.3668303178   0.000232451184       0.5837  TAAGAGA
   432      2    -8.3929674170   0.000226454296       0.5686  TAAGGGA
   433      1    -7.6225081968   0.000489312997       1.2287  TAAGGGG
   434     12    -5.6416906299   0.003546866895       8.9062  TACAAAA
   435      1   -11.2963510936   0.000012418154       0.0312  TACAGAG
   436      1    -9.6131691627   0.000066842653       0.1678  TACATAA
   437      1    -8.0329470927   0.000324590201       0.8150  TACCCCC
   438      1   -15.7757353419   0.000000140827       0.0004  TACCCTG
   439      1    -9.5590069224   0.000070562838       0.1772  TACGAGA
   440      1    -9.5435133652   0.000071664621       0.1799  TACGGGA
   441      1   -10.1323011534   0.000039773840       0.0999  TACTAAA
   442      1   -13.5888274092   0.000001254432       0.0031  TACTATG
   443      1    -7.6596901391   0.000471453473       1.1838  TACTTTT
   444     12    -5.5286305726   0.003971423944       9.9722  TAGAAAA
   445      2    -8.8744428441   0.000139919564       0.3513  TAGAAAG
   446      1    -9.4859061723   0.000075914248       0.1906  TAGAAGA
   447      1    -8.6733617621   0.000171082996       0.4296  TAGAGAA
   448      1   -10.8882484505   0.000018676426       0.0469  TAGAGGG
   449      1   -12.2706957406   0.000004687104       0.0118  TAGGAAG
   450      1    -7.8529256976   0.000388613338       0.9758  TAGGGGG
   451     21    -4.7470029032   0.008677664067      21.7896  TATAAAA
   452      1    -9.3798511302   0.000084407767       0.2119  TATAAAC
   453      2    -8.1371538193   0.000292468433       0.7344  TATAAAG
   454      1    -8.8923818752   0.000137431922       0.3451  TATAAAT
   455      1    -8.7047372469   0.000165798519       0.4163  TATAAGA
   456      1    -9.1264295960   0.000108753186       0.2731  TATACAA
   457      1   -10.4001832692   0.000030426906       0.0764  TATAGAG
   458      1    -9.6451281666   0.000064740203       0.1626  TATCAAA
   459      1    -9.8924598695   0.000050554436       0.1269  TATCCCT
   460      1    -8.6642778769   0.000172644174       0.4335  TATGAGA
   461      1   -11.0820828640   0.000015385534       0.0386  TATGGAA
   462      1    -8.6483417937   0.000175417486       0.4405  TATGGGA
   463      1   -10.9370065521   0.000017787643       0.0447  TATGGGT
   464      1    -9.2375896273   0.000097311866       0.2444  TATTAAA
   465      1   -10.0593678045   0.000042783082       0.1074  TATTATT
   466      1    -8.5235505580   0.000198732560       0.4990  TCAAAAA
   467      1   -11.4627272778   0.000010514795       0.0264  TCAAAAT
   468      6    -5.6129451637   0.003650302772       9.1659  TCACCCC
   469      3    -8.6020100882   0.000183736096       0.4614  TCACCCT
   470      1   -10.4777560072   0.000028155833       0.0707  TCAGCCC
   471      1    -8.8597777648   0.000141986615       0.3565  TCATCCC
   472      1    -9.0988162883   0.000111798067       0.2807  TCATCTC
   473      3   -10.3619005016   0.000031614316       0.0794  TCATCTT
   474      1   -11.3196618830   0.000012132025       0.0305  TCATTCT
   475      7    -7.3695036562   0.000630180888       1.5824  TCATTTT
   476      1    -8.1134470740   0.000299484746       0.7520  TCCCACC
   477     12    -4.3661135376   0.012700504809      31.8910  TCCCCCC
   478      1    -7.3812997311   0.000622790899       1.5638  TCCCCCT
   479      2   -10.3284821167   0.000032688667       0.0821  TCCCTTT
   480      1   -11.7593882227   0.000007815605       0.0196  TCCGTGC
   481      1   -10.1578110757   0.000038772044       0.0974  TCCTTCC
   482      1    -7.7966241633   0.000411120515       1.0323  TCCTTTC
   483      2    -6.7001477644   0.001230730031       3.0904  TCCTTTT
   484      1   -12.8477180119   0.000002632128       0.0066  TCGAGAG
   485      5    -6.2011631706   0.002027071435       5.0900  TCGCCCC
   486      1    -9.1902280951   0.000102031589       0.2562  TCGCCCT
   487      1    -8.9408929269   0.000130924082       0.3288  TCGCTCC
   488      1   -12.1504065990   0.000005286223       0.0133  TCGGAGG
   489      1   -12.3742141947   0.000004226171       0.0106  TCGTCCT
   490      1   -10.9501185085   0.000017555935       0.0441  TCGTCTT
   491      1    -9.5614975600   0.000070387310       0.1767  TCGTTTC
   492     19    -4.2923986432   0.013672091466      34.3306  TCTCCCC
   493      2    -7.8740877834   0.000380475876       0.9554  TCTCCTC
   494      1   -10.6591505182   0.000023484956       0.0590  TCTCCTT
   495      4    -7.0313388285   0.000883747801       2.2191  TCTCTCC
   496      3    -9.2764105507   0.000093606517       0.2350  TCTCTTT
   497      1    -9.5344675838   0.000072315824       0.1816  TCTGGGC
   498      1   -11.6404834231   0.000008802424       0.0221  TCTGTGC
   499      1   -12.3478041356   0.000004339271       0.0109  TCTTATA
   500      2    -7.7744651730   0.000420332214       1.0555  TCTTCTC
   501      3    -8.6766043402   0.000170529145       0.4282  TCTTCTT
   502      2   -10.0532660769   0.000043044931       0.1081  TCTTTCC
   503      4    -7.5750957243   0.000513071306       1.2883  TCTTTTC
   504     12    -5.6277522221   0.003596650720       9.0312  TCTTTTT
   505      2    -8.8319503507   0.000145993224       0.3666  TGAAAAG
   506      1    -9.5029108065   0.000074634267       0.1874  TGACCCC
   507      1   -10.9514118862   0.000017533243       0.0440  TGAGAAA
   508      1   -12.8371039668   0.000002660214       0.0067  TGAGAGC
   509      1    -8.2370607734   0.000264661006       0.6646  TGAGAGG
   510      1   -10.0532288225   0.000043046535       0.1081  TGAGCGG
   511      7    -5.7057684365   0.003326720030       8.3534  TGAGGGG
   512      1   -13.9249247657   0.000000896359       0.0023  TGATTGG
   513      1    -9.5734798733   0.000069548941       0.1746  TGCAAAG
   514      1    -9.6681710923   0.000063265456       0.1589  TGCAGAG
   515      1    -9.7829963603   0.000056402540       0.1416  TGCGGAG
   516      2    -6.4069908580   0.001649982070       4.1431  TGCGGGG
   517      2    -8.2479081459   0.000261805644       0.6574  TGCTTTT
   518      1   -12.8241773677   0.000002694825       0.0068  TGGCTCT
   519      1   -10.5885131638   0.000025203866       0.0633  TGGGAGA
   520     10    -5.5260088157   0.003981849713       9.9984  TGGGGGG
   521      1    -9.4660516344   0.000077436552       0.1944  TGGGTGG
   522      3    -7.4814125841   0.000563460917       1.4149  TGTAAAA
   523      1    -8.6786013208   0.000170188941       0.4273  TGTAAAG
   524      1   -10.3263495563   0.000032758452       0.0823  TGTAGAA
   525      2    -8.4066183890   0.000223383979       0.5609  TGTCCCC
   526      1   -10.6489188186   0.000023726480       0.0596  TGTCCCG
   527      1   -10.4280900122   0.000029589529       0.0743  TGTGAGA
   528      1    -8.0441171697   0.000320984677       0.8060  TGTGAGG
   529      7    -5.5124320571   0.004036278976      10.1351  TGTGGGG
   530      1    -9.6860296027   0.000062145658       0.1560  TGTGGGT
   531      1   -12.5054109818   0.000003706543       0.0093  TGTTAGG
   532      1    -7.9179420582   0.000364150957       0.9144  TTAAAAA
   533      1   -11.9294640567   0.000006593251       0.0166  TTAACCC
   534      2    -7.6536175587   0.000474325123       1.1910  TTACCCC
   535      2    -8.3831117085   0.000228697198       0.5743  TTACCCT
   536      1   -10.1936776505   0.000037406067       0.0939  TTACTCC
   537      1    -8.3589830434   0.000234282468       0.5883  TTACTCT
   538      2    -8.0783114642   0.000310194368       0.7789  TTACTTT
   539      1   -10.8855873250   0.000018726193       0.0470  TTATCCC
   540      1   -10.4138381396   0.000030014254       0.0754  TTATCTC
   541      1   -12.2046602475   0.000005007067       0.0126  TTATCTG
   542      1    -7.5827841916   0.000509141700       1.2785  TTATCTT
   543      1    -8.7733010552   0.000154811694       0.3887  TTATGTT
   544      1   -11.6920875873   0.000008359704       0.0210  TTATTCC
   545      1    -8.4032397478   0.000224139990       0.5628  TTATTCT
   546      1    -8.4813558384   0.000207297450       0.5205  TTATTTA
   547      1    -7.8539333091   0.000388221964       0.9748  TTATTTC
   548     19    -4.4177320593   0.012061556182      30.2866  TTATTTT
   549      3    -6.7419070310   0.001180393961       2.9640  TTCCCCC
   550      2    -7.8840962649   0.000376686883       0.9459  TTCCCCT
   551      1    -9.3527502614   0.000086726570       0.2178  TTCCTCC
   552      1    -9.9794622319   0.000046341984       0.1164  TTCTCCC
   553      1    -9.7188005501   0.000060142095       0.1510  TTCTCTC
   554      1    -7.1402123140   0.000792583802       1.9902  TTCTCTT
   555      2    -7.9612915146   0.000348702472       0.8756  TTCTTCT
   556     33    -3.9759311139   0.018761823963      47.1109  TTCTTTT
   557      1    -8.7598205112   0.000156912770       0.3940  TTGAAAA
   558      1    -8.9713297154   0.000126999207       0.3189  TTGCCCT
   559      1    -9.0724183886   0.000114788599       0.2882  TTGTTTA
   560      1    -9.6555198281   0.000064070929       0.1609  TTGTTTG
   561     15    -5.0059500662   0.006697974805      16.8186  TTGTTTT
   562      1    -6.8529290803   0.001056357003       2.6525  TTTAAAA
   563      5    -6.0425335990   0.002375532636       5.9650  TTTCCCC
   564      5    -6.5716390364   0.001399501697       3.5141  TTTCCCT
   565      1    -9.5881074628   0.000068539012       0.1721  TTTCCTC
   566      3    -8.5387290986   0.000195738867       0.4915  TTTCTCC
   567      1    -6.5290561690   0.001460383555       3.6670  TTTCTCT
   568      1    -9.6273948373   0.000065898503       0.1655  TTTCTTC
   569      6    -6.2471911731   0.001935884070       4.8610  TTTCTTT
   570      2   -10.6491158989   0.000023721805       0.0596  TTTGAGA
   571      1    -7.5708767274   0.000515240525       1.2938  TTTGGGG
   572      1   -11.4838875219   0.000010294637       0.0258  TTTGGTT
   573      1    -9.1119434369   0.000110340068       0.2771  TTTTCCT
   574      4    -5.7518950289   0.003176755046       7.9768  TTTTCTT
   575      3    -6.5721433911   0.001398796030       3.5124  TTTTTCT
   576      2    -6.0299433181   0.002405630330       6.0405  TTTTTTC
   577      1    -7.2459791678   0.000713035629       1.7904  TTTTTTG
   578    267    -2.5865868766   0.075276530208     189.0194  TTTTTTT

 2

     1    308    -2.2935513479   0.100907467255     253.3787  AAAAAAA
     2      1    -6.9753774714   0.000934613511       2.3468  AAAAAAC
     3      7    -5.7115607085   0.003307506461       8.3051  AAAAAAG
     4      3    -6.2515587876   0.001927447312       4.8398  AAAAAGA
     5      1    -6.6737397268   0.001263664145       3.1731  AAAACAA
     6     10    -5.4415014730   0.004332972543      10.8801  AAAAGAA
     7      1    -7.1917140165   0.000752797706       1.8903  AAACAAA
     8      1    -7.5262393922   0.000538760519       1.3528  AAACACA
     9      1    -7.2432375643   0.000714993172       1.7953  AAACCCC
    10      1   -10.3215639260   0.000032915597       0.0827  AAACGAA
    11      1    -5.9322927020   0.002652393864       6.6602  AAAGAAA
    12      2    -6.2164755607   0.001996268561       5.0126  AAAGAGA
    13      1    -8.0401780371   0.000322251572       0.8092  AAAGAGG
    14      1    -9.0530773550   0.000117030338       0.2939  AAAGGAG
    15      2    -6.2675699414   0.001896832401       4.7629  AAAGGGA
    16      3    -5.7068225397   0.003323215171       8.3446  AAAGGGG
    17      1    -6.7560491885   0.001163818129       2.9223  AAATTTT
    18     36    -4.7496488142   0.008654734089      21.7320  AACAAAA
    19      1    -9.4166150889   0.000081360953       0.2043  AACAAAC
    20      1    -8.1589927146   0.000286150485       0.7185  AACAAAG
    21      1    -9.9930721009   0.000045715548       0.1148  AACAACA
    22      1    -7.8972240020   0.000371774154       0.9335  AACAGAA
    23      1    -8.7222332609   0.000162922935       0.4091  AACATAA
    24      1   -13.8316281587   0.000000984012       0.0025  AACCACT
    25      1    -8.6510035173   0.000174951193       0.4393  AACCCCC
    26      1    -8.6708239843   0.000171517718       0.4307  AACGAGA
    27      1   -11.1037460155   0.000015055819       0.0378  AACGGAA
    28     39    -3.6926901086   0.024904914921      62.5362  AAGAAAA
    29      1    -7.0760175009   0.000845132193       2.1221  AAGAAAG
    30      1    -7.6503507165   0.000475877202       1.1949  AAGAAGA
    31      1    -8.5286219423   0.000197727262       0.4965  AAGAATA
    32      3    -6.8391209351   0.001071044504       2.6894  AAGAGAA
    33      1   -10.0401314002   0.000043614042       0.1095  AAGAGGA
    34      1    -9.4806975056   0.000076310691       0.1916  AAGAGGG
    35      1    -8.5243423212   0.000198575273       0.4986  AAGCCCC
    36      1    -7.3312538525   0.000654752110       1.6441  AAGGAAA
    37      2    -7.6085312187   0.000496200133       1.2460  AAGGAGA
    38      1    -8.8726447940   0.000140171373       0.3520  AAGGAGG
    39      1    -7.5759647932   0.000512625605       1.2872  AAGGGGA
    40      1    -8.0374032447   0.000323146995       0.8114  AAGTTTT
    41     28    -4.3421507719   0.013008519736      32.6644  AATAAAA
    42      1   -11.4992588721   0.000010137604       0.0255  AATAAGG
    43      1   -12.6310363768   0.000003268967       0.0082  AATACGA
    44      1    -7.4897259597   0.000558796072       1.4031  AATAGAA
    45      1   -10.1936152585   0.000037408401       0.0939  AATAGAG
    46      1    -8.3146664409   0.000244898568       0.6149  AATATAA
    47      1   -14.2531897084   0.000000645533       0.0016  AATATGG
    48      1   -11.4486563024   0.000010663794       0.0268  AATCTCC
    49      1    -7.9808483592   0.000341949204       0.8586  AATGAAA
    50      1    -8.2930740841   0.000250244008       0.6284  AATGGGA
    51      1   -11.5430602572   0.000009703147       0.0244  AATGTGA
    52      1    -6.6237933869   0.001328382308       3.3356  ACAAAAA
    53      1    -9.8439483183   0.000053067370       0.1333  ACAAAAG
    54      1   -12.7589549969   0.000002876446       0.0072  ACAACGC
    55      1    -9.7623523455   0.000057579017       0.1446  ACAAGAA
    56      2    -8.9503510017   0.000129691630       0.3257  ACACACC
    57      1    -9.1986896969   0.000101171881       0.2540  ACACCCA
    58      8    -5.2034911946   0.005497338601      13.8038  ACACCCC
    59      1    -8.2146866168   0.000270649315       0.6796  ACACCCT
    60      1    -7.9437833676   0.000354861364       0.8911  ACACTCC
    61      1   -10.4811182871   0.000028061324       0.0705  ACACTCT
    62      1    -8.1740910825   0.000281862532       0.7078  ACAGGGG
    63      1    -8.4503672543   0.000213821874       0.5369  ACATCCC
    64      1    -8.6920950945   0.000167907875       0.4216  ACATCTC
    65      1    -7.4349112703   0.000590281350       1.4822  ACATTTT
    66      1    -8.6375539220   0.000177320111       0.4453  ACCAAAA
    67     11    -5.2435530429   0.005281458212      13.2617  ACCCCCC
    68      1    -7.9842105547   0.000340801434       0.8558  ACCCTCC
    69      1   -14.2025329631   0.000000679076       0.0017  ACCGGCC
    70      1    -8.4904537572   0.000205420028       0.5158  ACCTCCC
    71      1    -8.7035379006   0.000165997488       0.4168  ACCTTTC
    72      1    -7.9776277837   0.000343052252       0.8614  ACGAAAA
    73      1   -14.4404319204   0.000000535304       0.0013  ACGACAG
    74      6    -6.1760316646   0.002078660331       5.2195  ACGCCCC
    75      2    -9.7578985309   0.000057836035       0.1452  ACGCCTC
    76      1    -8.9163266097   0.000134180237       0.3369  ACGCTCC
    77      1   -12.3940634062   0.000004143112       0.0104  ACGTCCT
    78      1    -9.6646480421   0.000063488737       0.1594  ACGTCTC
    79      1   -11.9657004669   0.000006358612       0.0160  ACGTTCC
    80      1    -8.4095236063   0.000222735942       0.5593  ACGTTTT
    81      1    -8.4589674105   0.000211990857       0.5323  ACTAAAA
    82      1   -11.5057565524   0.000010071947       0.0253  ACTAAAT
    83      1   -14.4149506465   0.000000549119       0.0014  ACTAGGA
    84      9    -5.6578699395   0.003489942776       8.7632  ACTCCCC
    85      1   -12.1165230451   0.000005468408       0.0137  ACTCCTT
    86      2   -10.7414123365   0.000021630367       0.0543  ACTCTCT
    87      2   -11.1067741708   0.000015010296       0.0377  ACTCTTT
    88      1    -9.5442595969   0.000071611162       0.1798  ACTGGGG
    89      1   -11.2219907370   0.000013376773       0.0336  ACTTATT
    90      1    -9.1441024669   0.000106848088       0.2683  ACTTCTC
    91      1   -10.4494043282   0.000028965522       0.0727  ACTTCTT
    92      1    -9.0258717610   0.000120257923       0.3020  ACTTTTC
    93      5    -7.4653114273   0.000572606721       1.4378  ACTTTTT
    94      6    -5.2911998992   0.005035714284      12.6447  AGAAAAA
    95      5    -7.1105503606   0.000816445529       2.0501  AGAAAAG
    96      1    -9.2111485398   0.000099919216       0.2509  AGAAAGA
    97      2    -9.4309761686   0.000080200872       0.2014  AGAAAGG
    98      2    -8.2821237891   0.000252999312       0.6353  AGAAGAA
    99      1    -7.0901390488   0.000833281491       2.0924  AGAAGGG
   100      1    -9.2409801475   0.000096982486       0.2435  AGACGCG
   101      1    -8.9302858660   0.000132320193       0.3323  AGACGGG
   102      1    -9.6110519449   0.000066984323       0.1682  AGAGAAG
   103      3    -8.6291704503   0.000178812918       0.4490  AGAGAGA
   104      3    -6.5804040897   0.001387288592       3.4835  AGAGAGG
   105      1   -11.0758157501   0.000015482259       0.0389  AGAGCGA
   106      1   -10.0540271335   0.000043012184       0.1080  AGAGGAA
   107      1    -7.4256481137   0.000595774622       1.4960  AGAGGAG
   108      1    -6.8122585933   0.001100205176       2.7626  AGAGGGA
   109      1    -8.7039498514   0.000165929120       0.4166  AGAGGGC
   110     15    -4.0497951681   0.017425943664      43.7565  AGAGGGG
   111      1    -7.9897507328   0.000338918554       0.8510  AGAGTGG
   112      1    -7.9768845269   0.000343307323       0.8620  AGATTTT
   113      1    -8.5992648516   0.000184241189       0.4626  AGCGAGG
   114      5    -6.0680378362   0.002315712563       5.8148  AGCGGGG
   115      1    -7.5239179906   0.000540012651       1.3560  AGGAGAG
   116      1    -7.3024890483   0.000673859417       1.6921  AGGAGGG
   117      1    -9.2301114034   0.000098042313       0.2462  AGGGAGA
   118      1    -6.7938901700   0.001120600956       2.8138  AGGGAGG
   119     14    -4.2620599329   0.014093241356      35.3881  AGGGGGG
   120      1    -8.4923650254   0.000205027790       0.5148  AGGTTTT
   121      1    -8.1917668093   0.000276924180       0.6954  AGTGAGG
   122     17    -5.6605397939   0.003480637564       8.7399  AGTGGGG
   123      1   -14.6464597386   0.000000435636       0.0011  ATAAACG
   124      1   -11.7916400978   0.000007567558       0.0190  ATAACCC
   125      1   -10.7410809442   0.000021637537       0.0543  ATACCCA
   126      1   -10.1185221958   0.000040325675       0.1013  ATACTCC
   127      1   -11.6521230012   0.000008700561       0.0218  ATACTTC
   128      1   -10.0966033247   0.000041219326       0.1035  ATAGAGA
   129      1   -10.4665231314   0.000028473887       0.0715  ATATCTC
   130      1    -7.8513851814   0.000389212465       0.9773  ATATCTT
   131     21    -4.6869984114   0.009214302234      23.1371  ATATTTT
   132      2    -8.4589674105   0.000211990857       0.5323  ATCAAAA
   133      1   -10.4531184713   0.000028858140       0.0725  ATCCTCC
   134      1    -9.3159744069   0.000089975387       0.2259  ATCTATT
   135      1   -11.0325390697   0.000016166990       0.0406  ATCTCCC
   136      1   -10.9476259917   0.000017599748       0.0442  ATCTCTC
   137      1    -8.7117329453   0.000164642690       0.4134  ATCTCTT
   138      1    -9.5339585272   0.000072352646       0.1817  ATCTTCT
   139      8    -5.5488731607   0.003891840252       9.7724  ATCTTTT
   140      1   -11.7442830973   0.000007934556       0.0199  ATGAAAC
   141      1   -13.4644831427   0.000001420526       0.0036  ATGAATT
   142      1    -9.5764266308   0.000069344298       0.1741  ATGCCCT
   143      1   -12.0957270139   0.000005583320       0.0140  ATGCCTT
   144      1   -13.8729699162   0.000000944160       0.0024  ATGCTCG
   145      1   -11.2056215754   0.000013597541       0.0341  ATGGAAA
   146      1   -12.3192968761   0.000004464752       0.0112  ATGGGGC
   147      1    -8.8239985377   0.000147158762       0.3695  ATGTCTT
   148      1    -9.0776377706   0.000114191035       0.2867  ATGTTTC
   149      9    -5.6596061697   0.003483888689       8.7480  ATGTTTT
   150      1   -11.4108258228   0.000011074938       0.0278  ATTAAAC
   151      1   -11.0220664914   0.000016337189       0.0410  ATTAGAA
   152      1   -12.4411018183   0.000003952739       0.0099  ATTATAC
   153      1    -8.8155498260   0.000148407331       0.3727  ATTATTT
   154      2    -8.1886725226   0.000277782389       0.6975  ATTCTTT
   155      1   -12.8807936319   0.000002546493       0.0064  ATTGCGC
   156      1    -9.7473341214   0.000058450278       0.1468  ATTGTGT
   157      1   -11.0420460531   0.000016014019       0.0402  ATTTCCT
   158      2    -7.6930990821   0.000455962913       1.1449  ATTTCTT
   159      1    -8.8836472919   0.000138637591       0.3481  ATTTGTT
   160      1    -7.9630744665   0.000348081306       0.8740  ATTTTTC
   161     16    -4.5280923192   0.010801261790      27.1220  ATTTTTT
   162     53    -4.8534535639   0.007801388379      19.5893  CAAAAAA
   163      1    -8.2613150781   0.000258319058       0.6486  CAAAAAG
   164      3    -8.0009642964   0.000335139298       0.8415  CAAAGAA
   165      1   -10.6879755533   0.000022817665       0.0573  CAAAGAG
   166      1   -15.3121863370   0.000000223873       0.0006  CAAAGCG
   167      1    -8.5877265465   0.000186379331       0.4680  CAACCCC
   168      1   -10.4021829299   0.000030366123       0.0762  CAAGAGG
   169      1    -9.6528277621   0.000064243644       0.1613  CAATATA
   170      1   -12.3041116261   0.000004533068       0.0114  CAATCTA
   171      1   -15.9419439643   0.000000119262       0.0003  CAATTAG
   172     24    -5.3846881352   0.004586270395      11.5161  CACAAAA
   173      1   -10.2205709526   0.000036413501       0.0914  CACAATA
   174      1    -8.2497611871   0.000261320957       0.6562  CACGGGG
   175     11    -5.9361274377   0.002642242111       6.6347  CAGAAAA
   176      1    -9.7266629002   0.000059671091       0.1498  CAGGGGA
   177     20    -5.6416894738   0.003546870996       8.9062  CATAAAA
   178      3    -9.0320535093   0.000119516812       0.3001  CATAAAG
   179      1   -10.4775428898   0.000028161834       0.0707  CATAATA
   180      2    -8.7884322391   0.000152486843       0.3829  CATAGAA
   181      1   -12.5173394430   0.000003662592       0.0092  CATGAAG
   182      1   -16.9387742576   0.000000044013       0.0001  CATGTAC
   183      1   -12.4334030200   0.000003983288       0.0100  CATGTGG
   184      1   -15.2735226389   0.000000232698       0.0006  CATTACT
   185      1   -16.8661934052   0.000000047327       0.0001  CATTCGA
   186      1    -8.6463852880   0.000175761027       0.4413  CCAAAAA
   187     15    -5.1192456192   0.005980532793      15.0171  CCACCCC
   188      1    -8.7011635650   0.000166392090       0.4178  CCACCTC
   189      1   -11.6801762227   0.000008459874       0.0212  CCACCTT
   190      1    -7.8599239677   0.000385903211       0.9690  CCACTCC
   191      1   -11.0965429665   0.000015164658       0.0381  CCACTTC
   192      1   -12.4180843361   0.000004044776       0.0102  CCATCCA
   193      1   -11.3683760178   0.000011555188       0.0290  CCATCCT
   194      1   -10.6186727976   0.000024455075       0.0614  CCATCTT
   195      1   -11.7577898728   0.000007828107       0.0197  CCATTCT
   196      4    -7.8650188356   0.000383942086       0.9641  CCATTTT
   197      1    -7.6183533136   0.000491350265       1.2338  CCCAAAA
   198      1   -10.1578484941   0.000038770594       0.0974  CCCAAAT
   199    120    -3.3965388376   0.033488980399      84.0908  CCCCCCC
   200      1    -8.6142653891   0.000181498097       0.4557  CCCCCGC
   201      1    -6.1373364864   0.002160670937       5.4254  CCCCTCC
   202      2    -8.9160133191   0.000134222281       0.3370  CCCCTCT
   203      1    -6.6434490302   0.001302527033       3.2706  CCCTCCC
   204      1    -6.8875790473   0.001020381148       2.5622  CCCTCTC
   205      1    -9.0464728167   0.000117805828       0.2958  CCCTCTT
   206      4    -6.3794141205   0.001696116385       4.2589  CCCTTTT
   207      1    -9.4646057136   0.000077548601       0.1947  CCGAAAA
   208     13    -5.7074636260   0.003321085386       8.3392  CCGCCCC
   209      1   -11.1636838070   0.000014179918       0.0356  CCGCTCT
   210      1    -9.7971504532   0.000055609837       0.1396  CCGGGGG
   211      1    -8.9543657492   0.000129171995       0.3244  CCGTCCC
   212      1    -9.1979267826   0.000101249096       0.2542  CCGTCTC
   213      1    -8.4532368425   0.000213209173       0.5354  CCGTTTT
   214      1    -8.0274406143   0.000326382480       0.8195  CCTCACC
   215      1   -13.2000175309   0.000001850569       0.0046  CCTCAGC
   216     18    -4.2801017645   0.013841253466      34.7554  CCTCCCC
   217      2    -7.2983617598   0.000676646377       1.6991  CCTCCCT
   218      2    -7.8619917954   0.000385106054       0.9670  CCTCCTC
   219      7    -7.0205713629   0.000893314940       2.2431  CCTCTCC
   220      1   -10.2499265623   0.000035360098       0.0888  CCTCTTC
   221      2   -10.3345674182   0.000032490351       0.0816  CCTCTTT
   222      1    -9.0961728449   0.000112093990       0.2815  CCTGGGG
   223      2    -7.5269897490   0.000538356408       1.3518  CCTTCCC
   224      2    -7.7695540438   0.000422401597       1.0607  CCTTCTC
   225      3    -9.5592835728   0.000070543320       0.1771  CCTTCTT
   226      1   -10.0734620696   0.000042184316       0.1059  CCTTTCC
   227      2   -10.6265615784   0.000024262913       0.0609  CCTTTCT
   228      3    -7.7190897926   0.000444264793       1.1155  CCTTTTC
   229      9    -6.7094072262   0.001219386731       3.0619  CCTTTTT
   230      1    -7.7493128472   0.000431038628       1.0823  CGAAAAA
   231      2    -9.2394463788   0.000097131349       0.2439  CGAAAAG
   232      2    -8.6445560585   0.000176082828       0.4421  CGAGAGG
   233     17    -6.1132654026   0.002213311646       5.5576  CGAGGGG
   234      1    -8.1184943968   0.000297976958       0.7482  CGCAAAA
   235      1    -9.3162363051   0.000089951825       0.2259  CGCAAAG
   236      1    -7.7051477992   0.000450502109       1.1312  CGCCCCC
   237      1    -8.6818332780   0.000169639785       0.4260  CGCGAGG
   238      9    -6.1501507627   0.002133160145       5.3564  CGCGGGG
   239      1    -8.3559308615   0.000234998633       0.5901  CGGAAAA
   240      1    -9.1390146712   0.000107393095       0.2697  CGGAAAG
   241      1   -11.5388147778   0.000009744429       0.0245  CGGGAAG
   242      1    -9.3095597795   0.000090554400       0.2274  CGGGGAG
   243      8    -5.9335068427   0.002649175438       6.6521  CGGGGGG
   244      1    -9.5734778559   0.000069549081       0.1746  CGTAAAG
   245      1   -13.4198233952   0.000001485405       0.0037  CTACAAA
   246      2    -7.6818809135   0.000461106781       1.1578  CTACCCC
   247      1    -9.2996489924   0.000091456328       0.2296  CTACCCT
   248      1   -14.8541315654   0.000000353942       0.0009  CTACCTA
   249      2    -9.1642337012   0.000104718611       0.2629  CTACTTT
   250      1   -10.8563102949   0.000019282545       0.0484  CTATCTC
   251      1    -8.6665148741   0.000172258402       0.4325  CTATCTT
   252      2    -8.8747608765   0.000139875072       0.3512  CTATTTC
   253     10    -5.5038850771   0.004070924819      10.2221  CTATTTT
   254      2    -8.2845712347   0.000252380867       0.6337  CTCAAAA
   255      1    -9.0382228534   0.000118781742       0.2983  CTCAAAT
   256      1   -11.2350690476   0.000013202966       0.0332  CTCGCGC
   257      1    -7.7307125746   0.000439131092       1.1027  CTCTTTC
   258     12    -4.4296142919   0.011919086074      29.9288  CTCTTTT
   259      1   -11.8418089611   0.000007197269       0.0181  CTGCCTC
   260      1   -12.5994284578   0.000003373943       0.0085  CTGCGCC
   261      1   -10.0218788962   0.000044417417       0.1115  CTGCTCT
   262      1    -9.6277532028   0.000065874891       0.1654  CTGGGGG
   263      1   -14.4237957893   0.000000544283       0.0014  CTGGTGC
   264      1   -10.0771444398   0.000042029263       0.1055  CTGTTCT
   265      5    -6.0921030840   0.002260649576       5.6765  CTGTTTT
   266      1    -8.1710928609   0.000282708886       0.7099  CTTAAAA
   267      1   -11.6996528787   0.000008296699       0.0208  CTTATAA
   268      1   -11.7374127878   0.000007989257       0.0201  CTTATTC
   269      1   -16.2229837558   0.000000090043       0.0002  CTTCAGG
   270      2    -6.7030732770   0.001227134777       3.0813  CTTCCCC
   271      2    -7.9372333331   0.000357193348       0.8969  CTTCCCT
   272      2    -9.3266107025   0.000089023453       0.2235  CTTCTCC
   273      1    -7.9824684259   0.000341395672       0.8572  CTTCTCT
   274      1    -7.7064959606   0.000449895169       1.1297  CTTCTTT
   275      3    -9.9415973921   0.000048130360       0.1209  CTTTCCC
   276      1    -9.7224705275   0.000059921779       0.1505  CTTTCTC
   277      3    -7.2100523055   0.000739118494       1.8559  CTTTCTT
   278      3    -8.0313210457   0.000325118429       0.8164  CTTTTCT
   279      1    -8.1151154271   0.000298985516       0.7508  CTTTTTA
   280      5    -7.4545104130   0.000578824976       1.4534  CTTTTTC
   281     32    -4.0460096617   0.017492034699      43.9225  CTTTTTT
   282     43    -3.7545814089   0.023410247881      58.7831  GAAAAAA
   283      2    -7.1301562020   0.000800594323       2.0103  GAAAAAG
   284      1   -11.4312781240   0.000010850731       0.0272  GAAACAG
   285      1    -6.9006656779   0.001007114792       2.5289  GAAAGAA
   286      1    -9.2696990316   0.000094236872       0.2366  GAAAGAG
   287      1    -7.7271693022   0.000440689813       1.1066  GAAATAA
   288      2    -8.6527363422   0.000174648296       0.4385  GAACAAA
   289      1    -9.0617174584   0.000116023540       0.2913  GAACCCA
   290      2    -7.3931046057   0.000615482155       1.5455  GAAGAAA
   291      1   -10.5837277039   0.000025324767       0.0636  GAAGAAG
   292      1    -8.8403448253   0.000144772817       0.3635  GAAGAGG
   293      1    -7.6182433672   0.000491404290       1.2339  GAAGGGA
   294      1    -6.4056203585   0.001652244920       4.1488  GAAGGGG
   295      1    -8.2452382999   0.000262505559       0.6592  GAATAAA
   296      1   -13.3562824004   0.000001582852       0.0040  GAATCTG
   297      1   -10.8781948784   0.000018865138       0.0474  GAATGGG
   298      5    -5.8908027484   0.002764756402       6.9423  GACAAAA
   299      1    -9.0352153484   0.000119139516       0.2992  GACAGAA
   300      1    -9.5291302588   0.000072702829       0.1826  GACGAAA
   301      1   -12.6134415391   0.000003326993       0.0084  GACGAAG
   302      1   -10.6168259630   0.000024500281       0.0615  GACGAGG
   303      1   -13.6960147409   0.000001126929       0.0028  GACGAGT
   304      1   -15.6466994149   0.000000160223       0.0004  GACGCAG
   305      1    -8.1514844405   0.000288307067       0.7239  GACGGGG
   306      1    -9.4391731534   0.000079546154       0.1997  GACTTTT
   307     31    -4.2531211607   0.014219782349      35.7059  GAGAAAA
   308      2    -7.5149436969   0.000544880694       1.3682  GAGAAAG
   309      2    -8.2094683209   0.000272065334       0.6832  GAGAAGA
   310      1   -11.7247396402   0.000008091150       0.0203  GAGACAG
   311      1    -9.0070289758   0.000122545401       0.3077  GAGAGGG
   312      3    -7.8910120254   0.000374090794       0.9393  GAGGAAA
   313      1    -8.1425626968   0.000290890777       0.7304  GAGGAGA
   314      2    -7.8521252054   0.000388924545       0.9766  GAGGGGA
   315      1    -5.9693520021   0.002555897098       6.4179  GAGGGGG
   316      1   -10.7184543115   0.000022132702       0.0556  GAGTGTG
   317     11    -5.4833047060   0.004155574031      10.4346  GATAAAA
   318      1    -8.8222706783   0.000147413252       0.3702  GATAAAG
   319      1    -9.4405041176   0.000079440351       0.1995  GATAAGA
   320      1    -9.8631551799   0.000052057838       0.1307  GATACAA
   321      2    -9.1216322165   0.000109276169       0.2744  GATGAAA
   322      1   -11.7669324392   0.000007756864       0.0195  GATGGAA
   323      1    -9.2574193497   0.000095401205       0.2396  GATGGGA
   324      1    -7.7439863982   0.000433340659       1.0881  GATGGGG
   325      1   -12.9164977446   0.000002457176       0.0062  GCAATAC
   326      1   -14.4182994072   0.000000547283       0.0014  GCAATAG
   327      2   -10.1927882751   0.000037439350       0.0940  GCACCCA
   328      9    -6.1760316646   0.002078660331       5.2195  GCACCCC
   329      1    -9.7578985309   0.000057836035       0.1452  GCACCTC
   330      4    -8.4095236063   0.000222735942       0.5593  GCATTTT
   331      1   -10.3942490504   0.000030608003       0.0769  GCCAAAC
   332     13    -5.8317710498   0.002932878105       7.3645  GCCCCCC
   333      1   -12.3901544726   0.000004159339       0.0104  GCCCCTT
   334      1    -8.5724285616   0.000189252480       0.4752  GCCCTCC
   335      1   -12.1553573087   0.000005260117       0.0132  GCCCTTT
   336      1    -9.7604407858   0.000057689188       0.1449  GCCGGGG
   337      1   -16.9403578815   0.000000043944       0.0001  GCCGTAA
   338      1    -9.3221335126   0.000089422922       0.2245  GCCTCTC
   339      2    -8.5414377682   0.000195209392       0.4902  GCCTTTT
   340     11    -6.1523787010   0.002128412886       5.3444  GCGCCCC
   341      1   -10.7035903616   0.000022464139       0.0564  GCGCCCG
   342      1    -8.8926696701   0.000137392376       0.3450  GCGCTCC
   343      1   -11.4296291724   0.000010868638       0.0273  GCGCTCT
   344      1    -7.8483563083   0.000390393127       0.9803  GCGGGGG
   345      1   -13.1388728867   0.000001967252       0.0049  GCGTATA
   346      2    -8.3829003225   0.000228745547       0.5744  GCGTTTT
   347      1    -9.4172126484   0.000081312350       0.2042  GCTAAAA
   348      1   -13.3650062955   0.000001569103       0.0039  GCTAAGA
   349      1   -10.2940044919   0.000033835348       0.0850  GCTCCCA
   350      6    -6.2460879464   0.001938020968       4.8664  GCTCCCC
   351      1   -10.8734849928   0.000018954200       0.0476  GCTCCCG
   352      1    -9.2380548507   0.000097266604       0.2442  GCTCCCT
   353      1   -13.1499368405   0.000001945606       0.0049  GCTGAGA
   354      1   -16.5471781054   0.000000065111       0.0002  GCTTAAG
   355      1   -12.7319175358   0.000002955279       0.0074  GCTTATC
   356      2    -9.4929307852   0.000075382848       0.1893  GCTTCCC
   357      1   -13.5641977139   0.000001285712       0.0032  GCTTCTA
   358      1   -11.0376223351   0.000016085017       0.0404  GCTTCTT
   359      1   -12.0251881052   0.000005991384       0.0150  GCTTTCC
   360      3    -8.0535294341   0.000317977658       0.7984  GCTTTTT
   361      7    -6.3791708469   0.001696529056       4.2600  GGAAAAA
   362      5    -7.3654155056   0.000632762436       1.5889  GGAAAAG
   363      1   -10.3107714257   0.000033272763       0.0835  GGAAAAT
   364      2    -9.5814199882   0.000068998901       0.1733  GGAAAGG
   365      1    -9.1575138281   0.000105424676       0.2647  GGAAGAA
   366      2    -7.4389022585   0.000587930239       1.4763  GGAAGAG
   367      3    -7.2171262807   0.000733908438       1.8428  GGAAGGG
   368      1   -11.3949184910   0.000011252520       0.0283  GGACCCT
   369      1   -12.0897417865   0.000005616837       0.0141  GGACTTT
   370      1    -9.9669901694   0.000046923583       0.1178  GGAGAAA
   371      1    -9.7771180996   0.000056735065       0.1425  GGAGAAG
   372      1    -6.7085957816   0.001220376597       3.0644  GGAGAGG
   373      1   -11.3009805318   0.000012360798       0.0310  GGAGCGA
   374      2   -10.3087061312   0.000033341552       0.0837  GGAGGAA
   375      4    -7.5527232638   0.000524679340       1.3175  GGAGGAG
   376      2    -6.9880459872   0.000922848028       2.3173  GGAGGGA
   377     21    -4.1766920385   0.015349198236      38.5418  GGAGGGG
   378      1    -8.4280832587   0.000218640166       0.5490  GGAGGGT
   379      1   -11.8127884903   0.000007409197       0.0186  GGAGGTA
   380      1    -9.0040820654   0.000122907064       0.3086  GGAGGTG
   381      1    -9.0717944036   0.000114860248       0.2884  GGCAGAG
   382      1    -9.1847702196   0.000102589987       0.2576  GGCGGAG
   383     13    -5.8087140196   0.003001287188       7.5362  GGCGGGG
   384      2    -6.2343538554   0.001960895827       4.9238  GGGAAAA
   385      3    -6.7958995548   0.001118351498       2.8082  GGGAGAG
   386      2    -9.7903840019   0.000055987394       0.1406  GGGGAAA
   387      1    -6.0643952158   0.002324163207       5.8360  GGGGAGG
   388      1    -6.3558111835   0.001736625905       4.3607  GGGGGGA
   389    168    -3.5321757829   0.029241224048      73.4247  GGGGGGG
   390      1    -8.2922073719   0.000250460992       0.6289  GGGTTTG
   391      1    -7.8609103664   0.000385522745       0.9680  GGTAAAA
   392      1   -12.7738802824   0.000002833833       0.0071  GGTACGG
   393      1   -10.5521740280   0.000026136597       0.0656  GGTAGAA
   394      2    -8.6642963613   0.000172640983       0.4335  GGTAGAG
   395      1    -8.2196085914   0.000269320459       0.6763  GGTGGGA
   396      9    -5.4012159773   0.004511092221      11.3274  GGTGGGG
   397      1   -10.1598503960   0.000038693056       0.0972  GGTTGTG
   398      1   -12.6250848793   0.000003288481       0.0083  GTACTTC
   399      1    -9.3201267667   0.000089602551       0.2250  GTACTTT
   400      1   -10.5352563462   0.000026582529       0.0667  GTAGTTT
   401      1   -11.4403235660   0.000010753024       0.0270  GTATCTC
   402      2    -8.8239985377   0.000147158762       0.3695  GTATCTT
   403      1   -10.2943121766   0.000033824939       0.0849  GTATTAT
   404      2    -9.0776377706   0.000114191035       0.2867  GTATTTC
   405     13    -5.6596061697   0.003483888689       8.7480  GTATTTT
   406      1   -11.0413364782   0.000016025386       0.0402  GTCCTCC
   407      2   -10.0679535560   0.000042417330       0.1065  GTCCTCT
   408      1   -10.1221765341   0.000040178580       0.1009  GTCTTCT
   409      1    -9.5139997830   0.000073811222       0.1853  GTCTTTC
   410      6    -6.1370911676   0.002161201056       5.4268  GTCTTTT
   411      3    -8.0128639527   0.000331174890       0.8316  GTGAAAA
   412      1    -9.5739581169   0.000069515687       0.1746  GTGCTCT
   413      1   -11.7853868984   0.000007615028       0.0191  GTGGCGG
   414      1   -13.9304288899   0.000000891439       0.0022  GTGTGCT
   415      1    -9.6212339794   0.000066305747       0.1665  GTGTTCT
   416      2    -9.0536690380   0.000116961114       0.2937  GTGTTTC
   417      6    -5.6358566966   0.003567619556       8.9583  GTGTTTT
   418      1   -12.0813508344   0.000005664166       0.0142  GTTAAAC
   419      1   -12.1266392079   0.000005413367       0.0136  GTTCACT
   420      1   -11.8726996003   0.000006978339       0.0175  GTTCCTC
   421      1   -11.5515580943   0.000009621041       0.0242  GTTTCCC
   422      1   -11.0963687252   0.000015167301       0.0381  GTTTCTC
   423      1    -9.1817669401   0.000102898557       0.2584  GTTTTTA
   424      2    -8.5512924734   0.000193295109       0.4854  GTTTTTC
   425      8    -5.1163103261   0.005998113198      15.0613  GTTTTTT
   426     31    -4.4459555215   0.011725896330      29.4437  TAAAAAA
   427      1    -8.4038628166   0.000224000378       0.5625  TAAAAGA
   428      2    -7.5934662541   0.000503731961       1.2649  TAAAGAA
   429      1   -14.7096275024   0.000000408969       0.0010  TAACAGG
   430      1    -8.7493399796   0.000158565947       0.3982  TAACCCC
   431      1    -8.3668304701   0.000232451148       0.5837  TAAGAGA
   432      2    -8.3929659553   0.000226454627       0.5686  TAAGGGA
   433      1    -7.6225063194   0.000489313916       1.2287  TAAGGGG
   434     12    -5.6416894738   0.003546870996       8.9062  TACAAAA
   435      1   -11.2963486286   0.000012418185       0.0312  TACAGAG
   436      1    -9.6131672907   0.000066842778       0.1678  TACATAA
   437      1    -8.0329465460   0.000324590378       0.8150  TACCCCC
   438      1   -15.7757303629   0.000000140827       0.0004  TACCCTG
   439      1    -9.5590063104   0.000070562881       0.1772  TACGAGA
   440      1    -9.5435111527   0.000071664779       0.1800  TACGGGA
   441      1   -10.1323063069   0.000039773635       0.0999  TACTAAA
   442      1   -13.5888262800   0.000001254434       0.0031  TACTATG
   443      1    -7.6596899609   0.000471453557       1.1838  TACTTTT
   444     12    -5.5286293954   0.003971428619       9.9723  TAGAAAA
   445      2    -8.8744401568   0.000139919940       0.3513  TAGAAAG
   446      1    -9.4859013459   0.000075914614       0.1906  TAGAAGA
   447      1    -8.6733589762   0.000171083473       0.4296  TAGAGAA
   448      1   -10.8882524554   0.000018676352       0.0469  TAGAGGG
   449      1   -12.2706960355   0.000004687102       0.0118  TAGGAAG
   450      1    -7.8529245782   0.000388613773       0.9758  TAGGGGG
   451     21    -4.7470025042   0.008677667530      21.7896  TATAAAA
   452      1    -9.3798500882   0.000084407855       0.2119  TATAAAC
   453      2    -8.1371518123   0.000292469020       0.7344  TATAAAG
   454      1    -8.8923810910   0.000137432030       0.3451  TATAAAT
   455      1    -8.7047331954   0.000165799191       0.4163  TATAAGA
   456      1    -9.1264284788   0.000108753307       0.2731  TATACAA
   457      1   -10.4001815681   0.000030426958       0.0764  TATAGAG
   458      1    -9.6451340773   0.000064739821       0.1626  TATCAAA
   459      1    -9.8924590929   0.000050554475       0.1269  TATCCCT
   460      1    -8.6642780220   0.000172644149       0.4335  TATGAGA
   461      1   -11.0820827066   0.000015385536       0.0386  TATGGAA
   462      1    -8.6483403394   0.000175417741       0.4405  TATGGGA
   463      1   -10.9370061507   0.000017787650       0.0447  TATGGGT
   464      1    -9.2375955376   0.000097311290       0.2443  TATTAAA
   465      1   -10.0593680747   0.000042783071       0.1074  TATTATT
   466      1    -8.5235500631   0.000198732658       0.4990  TCAAAAA
   467      1   -11.4627263991   0.000010514804       0.0264  TCAAAAT
   468      6    -5.6129443317   0.003650305809       9.1659  TCACCCC
   469      3    -8.6020076811   0.000183736539       0.4614  TCACCCT
   470      1   -10.4777615920   0.000028155676       0.0707  TCAGCCC
   471      1    -8.8597821071   0.000141985999       0.3565  TCATCCC
   472      1    -9.0988162126   0.000111798075       0.2807  TCATCTC
   473      3   -10.3618983619   0.000031614384       0.0794  TCATCTT
   474      1   -11.3196577035   0.000012132076       0.0305  TCATTCT
   475      7    -7.3695030343   0.000630181280       1.5824  TCATTTT
   476      1    -8.1134456115   0.000299485184       0.7520  TCCCACC
   477     12    -4.3661128374   0.012700513702      31.8910  TCCCCCC
   478      1    -7.3812973945   0.000622792354       1.5638  TCCCCCT
   479      2   -10.3284852902   0.000032688563       0.0821  TCCCTTT
   480      1   -11.7593877931   0.000007815608       0.0196  TCCGTGC
   481      1   -10.1578123559   0.000038771995       0.0974  TCCTTCC
   482      1    -7.7966225461   0.000411121180       1.0323  TCCTTTC
   483      2    -6.7001462613   0.001230731881       3.0904  TCCTTTT
   484      1   -12.8477184493   0.000002632127       0.0066  TCGAGAG
   485      5    -6.2011623386   0.002027073121       5.0900  TCGCCCC
   486      1    -9.1902256880   0.000102031835       0.2562  TCGCCCT
   487      1    -8.9408904251   0.000130924410       0.3288  TCGCTCC
   488      1   -12.1504047703   0.000005286232       0.0133  TCGGAGG
   489      1   -12.3742164036   0.000004226162       0.0106  TCGTCCT
   490      1   -10.9501163688   0.000017555972       0.0441  TCGTCTT
   491      1    -9.5614958660   0.000070387430       0.1767  TCGTTTC
   492     19    -4.2923976441   0.013672105125      34.3307  TCTCCCC
   493      2    -7.8740828763   0.000380477743       0.9554  TCTCCTC
   494      1   -10.6591456700   0.000023485070       0.0590  TCTCCTT
   495      4    -7.0313361618   0.000883750158       2.2191  TCTCTCC
   496      3    -9.2764151944   0.000093606082       0.2350  TCTCTTT
   497      1    -9.5344667960   0.000072315881       0.1816  TCTGGGC
   498      1   -11.6404827631   0.000008802430       0.0221  TCTGTGC
   499      1   -12.3478039093   0.000004339272       0.0109  TCTTATA
   500      2    -7.7744649217   0.000420332320       1.0555  TCTTCTC
   501      3    -8.6766024801   0.000170529462       0.4282  TCTTCTT
   502      2   -10.0532668851   0.000043044896       0.1081  TCTTTCC
   503      4    -7.5750939403   0.000513072221       1.2883  TCTTTTC
   504     12    -5.6277519738   0.003596651613       9.0312  TCTTTTT
   505      2    -8.8319483365   0.000145993518       0.3666  TGAAAAG
   506      1    -9.5029098289   0.000074634340       0.1874  TGACCCC
   507      1   -10.9514150339   0.000017533188       0.0440  TGAGAAA
   508      1   -12.8371006253   0.000002660223       0.0067  TGAGAGC
   509      1    -8.2370580162   0.000264661736       0.6646  TGAGAGG
   510      1   -10.0532269646   0.000043046615       0.1081  TGAGCGG
   511      7    -5.7057673603   0.003326723610       8.3534  TGAGGGG
   512      1   -13.9249278279   0.000000896356       0.0023  TGATTGG
   513      1    -9.5734778559   0.000069549081       0.1746  TGCAAAG
   514      1    -9.6681708139   0.000063265474       0.1589  TGCAGAG
   515      1    -9.7829913932   0.000056402820       0.1416  TGCGGAG
   516      2    -6.4069898025   0.001649983811       4.1431  TGCGGGG
   517      2    -8.2479079678   0.000261805691       0.6574  TGCTTTT
   518      1   -12.8241779542   0.000002694823       0.0068  TGGCTCT
   519      1   -10.5885104017   0.000025203936       0.0633  TGGGAGA
   520     10    -5.5260088004   0.003981849774       9.9984  TGGGGGG
   521      1    -9.4660508374   0.000077436614       0.1944  TGGGTGG
   522      3    -7.4814112153   0.000563461689       1.4149  TGTAAAA
   523      1    -8.6786000607   0.000170189155       0.4273  TGTAAAG
   524      1   -10.3263470940   0.000032758533       0.0823  TGTAGAA
   525      2    -8.4066176360   0.000223384147       0.5609  TGTCCCC
   526      1   -10.6489185998   0.000023726486       0.0596  TGTCCCG
   527      1   -10.4280874481   0.000029589605       0.0743  TGTGAGA
   528      1    -8.0441151891   0.000320985313       0.8060  TGTGAGG
   529      7    -5.5124317583   0.004036280181      10.1351  TGTGGGG
   530      1    -9.6860287609   0.000062145711       0.1560  TGTGGGT
   531      1   -12.5054153889   0.000003706526       0.0093  TGTTAGG
   532      1    -7.9179419073   0.000364151012       0.9144  TTAAAAA
   533      1   -11.9294691771   0.000006593217       0.0166  TTAACCC
   534      2    -7.6536162673   0.000474325735       1.1910  TTACCCC
   535      2    -8.3831112395   0.000228697305       0.5743  TTACCCT
   536      1   -10.1936751908   0.000037406159       0.0939  TTACTCC
   537      1    -8.3589842326   0.000234282189       0.5883  TTACTCT
   538      2    -8.0783170758   0.000310192627       0.7789  TTACTTT
   539      1   -10.8855910496   0.000018726123       0.0470  TTATCCC
   540      1   -10.4138364922   0.000030014304       0.0754  TTATCTC
   541      1   -12.2046585367   0.000005007076       0.0126  TTATCTG
   542      1    -7.5827831229   0.000509142244       1.2785  TTATCTT
   543      1    -8.7733008933   0.000154811719       0.3887  TTATGTT
   544      1   -11.6920837329   0.000008359736       0.0210  TTATTCC
   545      1    -8.4032365604   0.000224140704       0.5628  TTATTCT
   546      1    -8.4813557262   0.000207297474       0.5205  TTATTTA
   547      1    -7.8539322218   0.000388222386       0.9748  TTATTTC
   548     19    -4.4177326213   0.012061549404      30.2866  TTATTTT
   549      3    -6.7419054723   0.001180395801       2.9640  TTCCCCC
   550      2    -7.8840948963   0.000376687398       0.9459  TTCCCCT
   551      1    -9.3527472976   0.000086726827       0.2178  TTCCTCC
   552      1    -9.9794657430   0.000046341821       0.1164  TTCTCCC
   553      1    -9.7187986559   0.000060142209       0.1510  TTCTCTC
   554      1    -7.1402103968   0.000792585321       1.9902  TTCTCTT
   555      2    -7.9612874790   0.000348703879       0.8756  TTCTTCT
   556     33    -3.9759308269   0.018761829349      47.1110  TTCTTTT
   557      1    -8.7598199822   0.000156912853       0.3940  TTGAAAA
   558      1    -8.9713292464   0.000126999267       0.3189  TTGCCCT
   559      1    -9.0724182718   0.000114788613       0.2882  TTGTTTA
   560      1    -9.6555197195   0.000064070936       0.1609  TTGTTTG
   561     15    -5.0059506282   0.006697971041      16.8186  TTGTTTT
   562      1    -6.8529291471   0.001056356932       2.6525  TTTAAAA
   563      5    -6.0425324623   0.002375535336       5.9650  TTTCCCC
   564      5    -6.5716388626   0.001399501940       3.5141  TTTCCCT
   565      1    -9.5881026960   0.000068539338       0.1721  TTTCCTC
   566      3    -8.5387269123   0.000195739295       0.4915  TTTCTCC
   567      1    -6.5290576192   0.001460381437       3.6670  TTTCTCT
   568      1    -9.6273983717   0.000065898270       0.1655  TTTCTTC
   569      6    -6.2471970396   0.001935872713       4.8610  TTTCTTT
   570      2   -10.6491161494   0.000023721799       0.0596  TTTGAGA
   571      1    -7.5708768413   0.000515240466       1.2938  TTTGGGG
   572      1   -11.4838914824   0.000010294596       0.0258  TTTGGTT
   573      1    -9.1119433776   0.000110340074       0.2771  TTTTCCT
   574      4    -5.7518942149   0.003176757632       7.9768  TTTTCTT
   575      3    -6.5721404580   0.001398800133       3.5124  TTTTTCT
   576      2    -6.0299424893   0.002405632324       6.0405  TTTTTTC
   577      1    -7.2459793092   0.000713035528       1.7904  TTTTTTG
   578    267    -2.5865876930   0.075276468747     189.0192  TTTTTTT