     2    624    364


 1

     1     79    -2.9353404674   0.053112633106      33.1423  AAAAAAAAAAAAA
     2      1    -6.5242118031   0.001467475351       0.9157  AAAAAAAAAAAAC
     3      3    -4.9786492306   0.006883354105       4.2952  AAAAAAAAAAAAG
     4      2    -6.1318677830   0.002172519374       1.3557  AAAAAAAAAAAAT
     5      2    -6.0934811396   0.002257536421       1.4087  AAAAAAAAAAACA
     6      1    -4.6304280326   0.009750584640       6.0844  AAAAAAAAAAAGA
     7      1    -8.1808408981   0.000279966418       0.1747  AAAAAAAAAAAGC
     8      1    -6.4215075475   0.001626202808       1.0148  AAAAAAAAAAAGG
     9      2    -5.7011371194   0.003342162858       2.0855  AAAAAAAAAAATA
    10      1    -6.0077995189   0.002459494301       1.5347  AAAAAAAAAACAA
    11      1   -10.7221967994   0.000022050026       0.0138  AAAAAAAAAACGC
    12      5    -4.5655493924   0.010404161669       6.4922  AAAAAAAAAAGAA
    13      1    -6.2148199212   0.001999576399       1.2477  AAAAAAAAAAGGA
    14      1    -7.0655663057   0.000854011152       0.5329  AAAAAAAAAAGGG
    15      1    -5.6154554988   0.003641150781       2.2721  AAAAAAAAAATAA
    16      2    -8.7649546527   0.000156109222       0.0974  AAAAAAAAAATCA
    17      1    -6.9060585341   0.001001698185       0.6251  AAAAAAAAAGAAA
    18      1   -11.6536449968   0.000008687329       0.0054  AAAAAAAACACAA
    19      1   -13.4113242155   0.000001498083       0.0009  AAAAAAAAGAACC
    20      1    -9.6828295727   0.000062344845       0.0389  AAAAAAAAGAATA
    21      1    -7.6487967322   0.000476617282       0.2974  AAAAAAAGAAAGA
    22      1   -13.6424308819   0.000001188961       0.0007  AAAAAAAGAATCG
    23      1   -10.7514300755   0.000021414762       0.0134  AAAAAAATAAAAC
    24      2    -5.7562977420   0.003162799449       1.9736  AAAAAAGAAAAAA
    25      1    -8.9144350767   0.000134434284       0.0839  AAAAAAGAAAACA
    26      1    -9.2417909103   0.000096903889       0.0605  AAAAAAGAAAAGG
    27      2    -5.9468423590   0.002614081832       1.6312  AAAAAGAAAAAAA
    28      1    -9.2539650462   0.000095731319       0.0597  AAAAAGAAAAGAG
    29      1   -17.3069778902   0.000000030456       0.0000  AAAAAGGGAATCA
    30      1    -7.1495822084   0.000785192059       0.4900  AAAAATAAAAAAA
    31      2    -7.7378894978   0.000435990764       0.2721  AAAAGAAAAAAGA
    32      1   -13.0950417977   0.000002055396       0.0013  AAAATAAAAATCA
    33      1   -11.9486316545   0.000006468077       0.0040  AAACACATACAAA
    34      2    -6.5646441543   0.001409325364       0.8794  AAAGAAAAAGAAA
    35      1   -13.4937605456   0.000001379540       0.0009  AAAGAAAAGAGGA
    36      1    -6.5909247760   0.001372769872       0.8566  AAAGAAAGAGAAA
    37      1    -8.2167681635   0.000270086531       0.1685  AAAGAAAGAGGAA
    38      1    -9.7351077855   0.000059169297       0.0369  AAAGAAAGAGGGA
    39      1   -12.1323172078   0.000005382717       0.0034  AAAGAAAGAGGTG
    40      1   -12.7228252042   0.000002982272       0.0019  AAAGAAGAAGGAG
    41      1    -8.6519542311   0.000174784944       0.1091  AAAGAGAGAGAAG
    42      1    -7.8293929828   0.000397866919       0.2483  AAAGAGAGAGAGA
    43      1   -11.8108053765   0.000007423905       0.0046  AAAGAGAGGGAGA
    44      1    -9.8622984144   0.000052102459       0.0325  AAAGAGGGAGAAA
    45      1    -5.9768471963   0.002536811767       1.5830  AAGAAAAAAAAAA
    46      1    -8.0201326311   0.000328776414       0.2052  AAGAAAAAAAAAG
    47      1   -10.3259220275   0.000032772460       0.0205  AAGAAAAAGAAAT
    48      1    -8.0757743580   0.000310982363       0.1941  AAGAAAGAGAGAA
    49      1   -14.5303461742   0.000000489273       0.0003  AAGAAGAGGAGAA
    50      1    -8.5132173241   0.000200796756       0.1253  AAGAGAAAGAAAA
    51      1   -10.4106047690   0.000030111459       0.0188  AAGAGAAAGAAAG
    52      1   -15.2038693513   0.000000249484       0.0002  AAGAGGGAGGAGG
    53      1   -17.0908467507   0.000000037804       0.0000  AAGGGGAAGGTAA
    54      1   -14.6346590418   0.000000440807       0.0003  AAGGGGAGAGGAA
    55      1   -11.6427267768   0.000008782699       0.0055  ACAAACAAAACCC
    56      1   -16.4654273762   0.000000070657       0.0000  ACAAACATAAAAC
    57      1   -12.3942678789   0.000004142265       0.0026  ACAAAGAGAAAAA
    58      3    -6.9520301234   0.000956690980       0.5970  ACACACACACAAA
    59      1    -9.9343249746   0.000048481660       0.0303  ACACACACACCAA
    60      1   -11.0262970384   0.000016268220       0.0102  ACACACACACCAT
    61      1    -8.8275122822   0.000146642591       0.0915  ACACACACACCCT
    62      1   -14.5252846647   0.000000491755       0.0003  ACACACACATTAT
    63      1   -11.6970117882   0.000008318640       0.0052  ACACACGCACTTT
    64      1   -13.2728790890   0.000001720528       0.0011  ACAGACAGAGATA
    65      1   -10.2069631819   0.000036912394       0.0230  ACATACACACCCC
    66      1   -12.3205355604   0.000004459225       0.0028  ACATACATATATT
    67      1   -14.0845322935   0.000000764127       0.0005  ACCCACACACGGG
    68      1   -16.5419218757   0.000000065454       0.0000  ACGCACGAGCATC
    69      1   -19.2771538933   0.000000004247       0.0000  ACGCGCATACGTT
    70      1   -17.0346806180   0.000000039988       0.0000  ACGGACGCGCTTT
    71      1   -19.2436093666   0.000000004391       0.0000  ACGTACGCACTAC
    72      1   -15.8274615897   0.000000133728       0.0001  ACTCACGCTCTCC
    73      1   -24.0714703866   0.000000000035       0.0000  ACTCGTCATCACC
    74      1   -13.6577397745   0.000001170898       0.0007  ACTTATATATTTT
    75      1   -13.6851025770   0.000001139293       0.0007  ACTTTCTCTCTCC
    76      2    -5.8167621245   0.002977229454       1.8578  AGAAAAAAAAAAA
    77      1   -10.1102377679   0.000040661138       0.0254  AGAAAAAGAAAGA
    78      1   -20.2875898266   0.000000001546       0.0000  AGAAACGGAGATT
    79      1    -8.5508756979   0.000193375687       0.1207  AGAAAGAAAAAGA
    80      1   -14.7830832425   0.000000380004       0.0002  AGAAAGGAAGGAA
    81      1   -13.0155833313   0.000002225379       0.0014  AGAGAGAAAGTTG
    82      1    -5.3417430418   0.004787518589       2.9874  AGAGAGAGAGAAA
    83      2    -6.6280393770   0.001322753967       0.8254  AGAGAGAGAGAAG
    84      1    -8.3994879605   0.000224982495       0.1404  AGAGAGAGAGAAT
    85      1    -5.6288488237   0.003592708789       2.2419  AGAGAGAGAGAGA
    86      1    -5.8725713960   0.002815623933       1.7569  AGAGAGAGAGAGG
    87      1    -6.7598284811   0.001159428021       0.7235  AGAGAGAGAGGAG
    88      2    -6.6576018771   0.001284222404       0.8014  AGAGAGAGAGGGA
    89      1   -10.1480733568   0.000039151440       0.0244  AGAGAGAGAGTTT
    90      1   -17.3861796746   0.000000028137       0.0000  AGAGAGAGCGTCC
    91      1   -14.4663566674   0.000000521604       0.0003  AGAGGAGGAGAAG
    92      1    -8.4466772323   0.000214612339       0.1339  AGAGGGAGAGAAA
    93      1   -16.5546893173   0.000000064623       0.0000  AGAGGGGAAGCGA
    94      1   -16.1875436290   0.000000093291       0.0001  AGAGTAAAAAATA
    95      1   -18.2272040479   0.000000012135       0.0000  AGCATGTATAATA
    96      1   -15.9204186317   0.000000121857       0.0001  AGGAAACAAATAA
    97      1    -9.6986631076   0.000061365479       0.0383  AGGGAGAGAGGGA
    98      1   -18.1564615052   0.000000013024       0.0000  AGGGAGTGATAGG
    99      1   -10.5466113056   0.000026282393       0.0164  AGGGGGAGGGGAG
   100      1    -8.6768466736   0.000170487825       0.1064  AGGGGGGGGGAGA
   101      1   -16.5077965752   0.000000067726       0.0000  AGTAAACACATAA
   102      1   -15.3137182645   0.000000223530       0.0001  ATAAACACAAAGA
   103      1   -17.4353433906   0.000000026787       0.0000  ATAAGAGAAACGA
   104      1   -14.7485892244   0.000000393341       0.0002  ATAGAGAAAAGAA
   105      1   -10.2548708204   0.000035185700       0.0220  ATATACATATATT
   106      1   -12.8682485707   0.000002578640       0.0016  ATATATAAATAGG
   107      1   -15.1624076180   0.000000260046       0.0002  ATATATAAATTGC
   108      1   -10.6637524488   0.000023377128       0.0146  ATATATATACAAA
   109      1    -7.7991546392   0.000410081499       0.2559  ATATATATATAGA
   110      1    -6.7321833657   0.001191927701       0.7438  ATATATATATATA
   111      1    -8.3358176783   0.000239773057       0.1496  ATATATATATATG
   112      1   -10.6653382275   0.000023340086       0.0146  ATATATATATGGT
   113      1    -9.2454735637   0.000096547681       0.0602  ATATATATATTGT
   114      1    -8.6481636479   0.000175448738       0.1095  ATATATATATTTA
   115      1   -12.3774561717   0.000004212492       0.0026  ATGTATGTGTCTC
   116      1   -19.8501714914   0.000000002394       0.0000  ATGTGTACGCATG
   117      1   -23.4451515606   0.000000000066       0.0000  CAAACTCACCAAT
   118      1   -11.6691706162   0.000008553495       0.0053  CAAGAAAGAGAAA
   119      1   -24.1827658580   0.000000000031       0.0000  CAAGTCTCTGATT
   120      1    -9.5728769985   0.000069590882       0.0434  CACACACACAACC
   121      1    -8.4845964896   0.000206626759       0.1289  CACACACACAAGA
   122      1    -9.1694974073   0.000104168851       0.0650  CACACACACACAG
   123      1    -9.7667190459   0.000057328135       0.0358  CACACACACACCA
   124      1   -11.1343181547   0.000014602495       0.0091  CACACACACAGCA
   125      1   -10.6658627308   0.000023327848       0.0146  CACACACACATTA
   126      1   -13.4744312492   0.000001406465       0.0009  CACACACACGTTC
   127      1   -12.8585224433   0.000002603842       0.0016  CACACATACATGT
   128      1   -15.8024525318   0.000000137114       0.0001  CACATATACAGAT
   129      1   -12.1029501199   0.000005543136       0.0035  CAGACACACACAA
   130      1   -11.0443209380   0.000015977630       0.0100  CATACACACAGAA
   131      1   -12.2542067116   0.000004765030       0.0030  CATACATATACCT
   132      1   -13.3220458426   0.000001637982       0.0010  CATGCATATAAAA
   133      1   -22.9071595826   0.000000000113       0.0000  CATTTACCCTAAT
   134      1   -16.5825912804   0.000000062845       0.0000  CCAATCTCTCTCC
   135      1   -17.6123791286   0.000000022441       0.0000  CCATACACATAAT
   136      1   -12.8468007819   0.000002634543       0.0016  CCCACACACATAA
   137      1    -6.4189988850   0.001630287523       1.0173  CCCCCCCCCCACC
   138      5    -6.5128790188   0.001484200525       0.9261  CCCCCCCCCCCAC
   139      1    -6.9698333051   0.000939809554       0.5864  CCCCCCCCCCCCA
   140     30    -4.0795388518   0.016915264299      10.5551  CCCCCCCCCCCCC
   141      1   -10.1795938160   0.000037936615       0.0237  CCCCCCCCCCCGG
   142      1    -8.7663202421   0.000155896187       0.0973  CCCCCCCCCCCGT
   143      1    -7.2294181362   0.000724942558       0.4524  CCCCCCCCCCCTT
   144      1    -6.8620727544   0.001046742043       0.6532  CCCCCCCCCCGCC
   145      1    -7.0996933496   0.000825357981       0.5150  CCCCCCCCCCTCT
   146      1   -11.3774864995   0.000011450393       0.0071  CCCCCCTTCCCCT
   147      1    -6.9021439268   0.001005627125       0.6275  CCCCCTCCCCCCC
   148      1    -9.5257736142   0.000072947277       0.0455  CCCCTCTCCCCCC
   149      1   -10.0419917167   0.000043532981       0.0272  CCCTCTCCCTCCC
   150      1   -13.7271840347   0.000001092345       0.0007  CCCTCTCTTTTTC
   151      1   -23.3957545025   0.000000000069       0.0000  CCCTTCGTCCTAA
   152      1   -17.1411457517   0.000000035950       0.0000  CCTATCTCTCGCG
   153      1   -11.5627753546   0.000009513722       0.0059  CCTCCCTCTCTGC
   154      1   -28.5749533088   0.000000000000       0.0000  CCTCTAGCGATAT
   155      1   -12.8746588792   0.000002562163       0.0016  CCTCTCTCCCCCT
   156      1   -10.8554586644   0.000019298973       0.0120  CCTCTCTCTCATC
   157      1   -15.4463274296   0.000000195770       0.0001  CCTCTCTTTCACG
   158      1   -15.4580340737   0.000000193491       0.0001  CCTTTTTCTTTAT
   159      1   -18.3101565142   0.000000011169       0.0000  CGAAAAAGAAGAT
   160      1   -11.6469939000   0.000008745302       0.0055  CGCACACACATTT
   161      1   -12.7501616019   0.000002901851       0.0018  CGCGCACGCGTGA
   162      1   -14.2269183184   0.000000662717       0.0004  CGCGCGCACGGTA
   163      1   -10.1736453860   0.000038162951       0.0238  CGCGCGCGCGACC
   164      1    -8.7952220921   0.000151454987       0.0945  CGCGCGCGCGCAC
   165      1    -8.1664200715   0.000284033016       0.1772  CGCGCGCGCGCGC
   166      1   -18.0373296369   0.000000014672       0.0000  CGTATACATAATT
   167      1   -10.6509009527   0.000023679498       0.0148  CGTGCGCGCGGGG
   168      1   -24.9254742916   0.000000000015       0.0000  CTATACGCAATAC
   169      1   -14.9448122524   0.000000323259       0.0002  CTCCCCCACCCTA
   170      1   -10.5088897548   0.000027292742       0.0170  CTCCCCCCCCATC
   171      1   -13.5315910586   0.000001328326       0.0008  CTCCCTCCCTTCC
   172      1   -13.4773337791   0.000001402388       0.0009  CTCCTTCTCTTTC
   173      1   -10.2972716160   0.000033724984       0.0210  CTCTCCCTCTTCC
   174      1   -10.3327749354   0.000032548641       0.0203  CTCTCTCTCCCTC
   175      2    -7.0752646206   0.000845768716       0.5278  CTCTCTCTCTTTC
   176      1   -10.3197616768   0.000032974973       0.0206  CTCTTTCTCTTCC
   177      1   -18.1276914695   0.000000013404       0.0000  CTGCCTCTCTCAA
   178      1   -20.3749442271   0.000000001417       0.0000  CTGTCTACATATA
   179      1   -15.3587005299   0.000000213698       0.0001  CTGTGTATGTATC
   180      1   -11.8546026501   0.000007105776       0.0044  CTTCCCTCTCCCT
   181      1   -12.9209179077   0.000002446339       0.0015  CTTCCCTCTCTCT
   182      1   -16.9515822320   0.000000043453       0.0000  CTTCCTTCCCATT
   183      1   -13.4253707147   0.000001477187       0.0009  CTTCTCTCTCTAC
   184      1   -17.2490520686   0.000000032272       0.0000  CTTGCTCTCGACT
   185      1   -11.9248404769   0.000006623806       0.0041  CTTTCCTTTTTTT
   186      1   -10.6736426265   0.000023147064       0.0144  CTTTCTTTTTCCT
   187      1   -12.9635476289   0.000002344244       0.0015  CTTTTCTTTTTCC
   188      1    -9.9049909394   0.000049924887       0.0312  CTTTTTTTTTCCT
   189      1    -8.8728718486   0.000140139550       0.0874  CTTTTTTTTTTTC
   190      1    -7.6292663708   0.000486017284       0.3033  GAAAAAAAAAGAA
   191      1   -10.3610283047   0.000031641902       0.0197  GAAAAAAAAATAG
   192      1   -10.2498457461   0.000035362955       0.0221  GAAAAAAAAGAAA
   193      1   -16.3797382730   0.000000076979       0.0000  GAACGAAAAACAG
   194      1   -13.4272929337   0.000001474351       0.0009  GAAGGAGAAAAAG
   195      1   -18.5327220417   0.000000008940       0.0000  GAAGTGTGAGGTG
   196      1   -17.5698844662   0.000000023415       0.0000  GACACATACAATC
   197      1    -9.8542522234   0.000052523376       0.0328  GACAGAGAGAAAA
   198      1   -12.9068420621   0.000002481017       0.0015  GAGAAAGAAAGGA
   199      1    -9.0455710210   0.000117912112       0.0736  GAGAAAGAGAAAG
   200      1   -14.0642922826   0.000000779750       0.0005  GAGAAGAAGAAAG
   201      1    -9.2105330972   0.000099980729       0.0624  GAGAGAAAGAGGA
   202      1    -5.2478766542   0.005258672533       3.2814  GAGAGAGAGAAAA
   203      1    -6.4360392985   0.001602742109       1.0001  GAGAGAGAGAAAG
   204      1   -11.1410867853   0.000014503990       0.0091  GAGAGAGAGAATC
   205      1   -11.1970505240   0.000013714587       0.0086  GAGAGAGAGACCG
   206      1    -8.4278643071   0.000218688043       0.1365  GAGAGAGAGAGTA
   207      1   -12.4927121079   0.000003753912       0.0023  GAGAGAGGGGGGA
   208      1   -16.2597676403   0.000000086791       0.0001  GAGAGCAAAAAAG
   209      1   -13.2773836477   0.000001712796       0.0011  GAGAGGGAGGAGA
   210      1   -11.8918296970   0.000006846112       0.0043  GAGAGGGGGGAAA
   211      1   -18.1772038610   0.000000012757       0.0000  GAGGAGAGAGCCG
   212      1   -10.8924243320   0.000018598598       0.0116  GAGGGAAAGAAAA
   213      1    -9.7336361225   0.000059256438       0.0370  GAGGGAGAGAAAG
   214      1   -14.4387403099   0.000000536210       0.0003  GAGGGAGAGAATC
   215      1   -19.7799118060   0.000000002569       0.0000  GATTGATATTGTT
   216      1   -11.2659917365   0.000012800943       0.0080  GCACACACACCTC
   217      1   -11.9266378014   0.000006611911       0.0041  GCACGCACACAAA
   218      1   -22.2625845942   0.000000000215       0.0000  GCCACCACCAGTG
   219      1   -14.2698688200   0.000000634855       0.0004  GCGCACACGCTTT
   220      1    -9.3001745025   0.000091408279       0.0570  GCGCGCGCGCGCA
   221      2    -8.5187525958   0.000199688362       0.1246  GCGCGCGCGCGCC
   222      1    -9.1139743544   0.000110116203       0.0687  GCGCGCGCGCGTG
   223      1   -11.5780437813   0.000009369566       0.0058  GCGGGGGGGGGCG
   224      1    -8.5777573927   0.000188246668       0.1175  GCGGGGGGGGGGG
   225      1   -14.7821851993   0.000000380346       0.0002  GCGGGTGGGGGTG
   226      1   -12.8304259056   0.000002678039       0.0017  GCGTGCGCGTGGA
   227      1   -18.9323742026   0.000000005995       0.0000  GCGTGTATGCGCT
   228      1   -24.7153196541   0.000000000018       0.0000  GCTCCTTTCCGGA
   229      1   -10.6942621867   0.000022674668       0.0141  GGAAAAAAAAAGA
   230      1   -13.5362175727   0.000001322195       0.0008  GGAAAAAGAAGGA
   231      1   -11.3208571089   0.000012117533       0.0076  GGAAGAGAGAAGG
   232      1   -14.8963031755   0.000000339326       0.0002  GGACGGGCGCCGG
   233      1   -10.3566282527   0.000031781435       0.0198  GGAGAGAAAGAGG
   234      1   -11.4099140887   0.000011085040       0.0069  GGAGAGGGAGAAG
   235      1    -7.0587674621   0.000859837223       0.5365  GGAGGGAGAGGGG
   236      1   -13.1381826296   0.000001968610       0.0012  GGAGGGGGAGACA
   237      1   -11.2736785281   0.000012702922       0.0079  GGAGGGGGGGGCA
   238      1   -13.1078209443   0.000002029297       0.0013  GGGAAGGAGGAGG
   239      1   -10.1460347805   0.000039231335       0.0245  GGGAGAGAGAGTG
   240      1    -9.5990563953   0.000067792676       0.0423  GGGAGGAGGAGGG
   241      1   -18.6413489224   0.000000008020       0.0000  GGGCGTATGCATG
   242      1   -10.4118481204   0.000030074043       0.0188  GGGGAAGGGGAGG
   243      1   -10.5655695319   0.000025788819       0.0161  GGGGAGAGGGGGA
   244      1   -12.5419368102   0.000003573601       0.0022  GGGGAGAGGGGGC
   245      1    -8.8310207270   0.000146129006       0.0912  GGGGCGGGGGGGG
   246      1   -10.2246362476   0.000036265770       0.0226  GGGGGAGGAGGGG
   247      1   -13.4707267152   0.000001411685       0.0009  GGGGGCGAGGAAG
   248      1   -15.1462448434   0.000000264283       0.0002  GGGGGGAGGCAAA
   249      1   -10.6547446353   0.000023588656       0.0147  GGGGGGAGGGGTA
   250      1   -14.1800690661   0.000000694503       0.0004  GGGGGGAGGTAGA
   251      1    -9.6935131255   0.000061682326       0.0385  GGGGGGGAGAGGG
   252      5    -5.2136513422   0.005441767612       3.3957  GGGGGGGGGGAGG
   253      1    -8.5877391036   0.000186376991       0.1163  GGGGGGGGGGCGA
   254      2    -7.0903511216   0.000833104793       0.5199  GGGGGGGGGGCGG
   255      2    -5.2884932848   0.005049362482       3.1508  GGGGGGGGGGGAG
   256      2    -7.1849851655   0.000757880251       0.4729  GGGGGGGGGGGCG
   257      1   -10.2505574308   0.000035337797       0.0221  GGGGGGGGGGGCT
   258     46    -4.1265272772   0.016138827293      10.0706  GGGGGGGGGGGGG
   259      2    -6.7926411454   0.001122001488       0.7001  GGGGGGGGGGGTG
   260      1    -8.1953950835   0.000275921243       0.1722  GGGGGGGGGGTGA
   261      2    -6.6980071015   0.001233367431       0.7696  GGGGGGGGGGTGG
   262      1   -15.4434162940   0.000000196340       0.0001  GGGTGGGTGTTTA
   263      1   -19.0547977003   0.000000005304       0.0000  GGTATATGTGTGC
   264      1   -16.2303434590   0.000000089382       0.0001  GTACGCGCACTTC
   265      1   -17.3359526679   0.000000029586       0.0000  GTATACAGATAAA
   266      1   -15.7210006561   0.000000148750       0.0001  GTATCTATATTTA
   267      1   -14.7678014126   0.000000385856       0.0002  GTATGCATATATA
   268      1    -9.7657170819   0.000057385604       0.0358  GTGAGAGAGAGGG
   269      1    -9.2723484709   0.000093987527       0.0586  GTGGGGGGGGAGG
   270      1   -12.1266057705   0.000005413548       0.0034  GTGTGCGTGTGCG
   271      1   -10.6634044320   0.000023385265       0.0146  GTGTGCGTGTGGG
   272      1    -9.6445616192   0.000064776892       0.0404  GTGTGTGTGTGCT
   273      1   -18.1575695794   0.000000013010       0.0000  GTTACTTATAATT
   274      1   -11.8146642751   0.000007395312       0.0046  GTTTGTGTGTGTG
   275      1   -10.8102130945   0.000020192222       0.0126  TAAAAAAAAAGAG
   276      1   -13.8455688701   0.000000970389       0.0006  TAAATATAAATAG
   277      1   -14.0897884348   0.000000760121       0.0005  TATACATATAACC
   278      1   -11.9539519541   0.000006433757       0.0040  TATACATATAGAG
   279      1   -14.7971395971   0.000000374700       0.0002  TATATATAAATCA
   280      1    -6.3117311230   0.001814888723       1.1325  TATATATATAAAA
   281      1    -7.9864933763   0.000340024333       0.2122  TATATATATAAGA
   282      2    -6.7126520750   0.001215436418       0.7584  TATATATATATAT
   283      1    -9.9408950245   0.000048164177       0.0301  TATGTATATGAAA
   284      1   -12.3858472633   0.000004177292       0.0026  TATGTATGTGATT
   285      1   -20.1784242672   0.000000001724       0.0000  TCAATAATAACTT
   286      1   -19.6622358321   0.000000002889       0.0000  TCAATTTTTCCCC
   287      1   -15.7866376870   0.000000139300       0.0001  TCACTCCCTCGCT
   288      1    -9.8426240731   0.000053137691       0.0332  TCCCCCCCCCTTC
   289      1   -12.1390115061   0.000005346804       0.0033  TCCCCCTCTCCCC
   290      1   -15.8791215075   0.000000126995       0.0001  TCCCTCATTCTCT
   291      1   -13.3309619834   0.000001623442       0.0010  TCCCTCCCTCTTC
   292      1   -11.0766765244   0.000015468938       0.0097  TCCCTCTCTCTAT
   293      1    -9.3200002659   0.000089613887       0.0559  TCCCTCTCTCTCT
   294      1   -12.1679471993   0.000005194308       0.0032  TCCCTTCCCCTTT
   295      1   -12.2496644588   0.000004786723       0.0030  TCCTTTCTCTTTC
   296      1   -13.7851848549   0.000001030790       0.0006  TCTATCTATACAT
   297      1   -11.8871140406   0.000006878472       0.0043  TCTCACTCTCTAT
   298      1   -14.5966500181   0.000000457884       0.0003  TCTCCCCCTCATC
   299      1   -10.5750371899   0.000025545811       0.0159  TCTCCCTCTCTTC
   300      1   -13.3160646495   0.000001647808       0.0010  TCTCCCTTTCCTC
   301      1   -13.4290900441   0.000001471703       0.0009  TCTCGCTCTCTCG
   302      1   -13.5375194925   0.000001320474       0.0008  TCTCTATCTCGTC
   303      1   -11.6442376247   0.000008769440       0.0055  TCTCTCCTTCTTT
   304      1    -9.1917396276   0.000101877482       0.0636  TCTCTCTCTCCCG
   305      1    -7.2386661906   0.000718269156       0.4482  TCTCTCTCTCCCT
   306      1    -7.4663483739   0.000572013266       0.3569  TCTCTCTCTCCTT
   307      1    -5.7830615741   0.003079273538       1.9215  TCTCTCTCTCTTT
   308      1   -13.5595934844   0.000001291646       0.0008  TCTCTTCCTCTAT
   309      1   -14.5225889457   0.000000493083       0.0003  TCTCTTTTTCGTC
   310      1   -15.4378483161   0.000000197437       0.0001  TCTTCTTTCTTCT
   311      1   -17.3376538285   0.000000029536       0.0000  TCTTTCCTTCGTT
   312      1   -16.0961158640   0.000000102222       0.0001  TCTTTCTTTCAAC
   313      1   -11.7476929805   0.000007907547       0.0049  TCTTTCTTTTCAC
   314      1    -8.6851502668   0.000169078024       0.1055  TCTTTTTTTTATT
   315      1    -8.0982413494   0.000304073427       0.1897  TCTTTTTTTTCTT
   316      1   -16.1910766893   0.000000092962       0.0001  TGAACACACAAAA
   317      1   -12.2216324259   0.000004922803       0.0031  TGCGCGCGCGCGT
   318      1   -11.1649780933   0.000014161577       0.0088  TGTATATATACAA
   319      1   -10.9668306187   0.000017264976       0.0108  TGTATGTATATAT
   320      1   -13.1899752322   0.000001869246       0.0012  TGTGCGCGCGGGG
   321      1   -14.5194448209   0.000000494635       0.0003  TGTGTATATGAAT
   322      1   -11.6377440355   0.000008826570       0.0055  TGTGTATGTGAAG
   323      1   -11.8585149576   0.000007078030       0.0044  TGTGTGAGTGAGG
   324      1    -7.3040869264   0.000672783532       0.4198  TGTGTGTGTGGGG
   325      1    -9.9329327498   0.000048549204       0.0303  TGTGTGTGTGGTG
   326      1   -21.1916565544   0.000000000626       0.0000  TGTTTCTATGAGT
   327      1   -15.4712195484   0.000000190957       0.0001  TTATATGTGTTGT
   328      1   -19.0068700993   0.000000005564       0.0000  TTCATTTTTAGGA
   329      1   -10.2862241166   0.000034099627       0.0213  TTCCCTCTCTTTT
   330      1   -19.2648542552   0.000000004299       0.0000  TTCCTCTTCTAAT
   331      1   -13.2290051569   0.000001797695       0.0011  TTCCTTTTTCTGT
   332      1   -18.0415365733   0.000000014610       0.0000  TTCTCTCACTAGG
   333      1   -13.9856624685   0.000000843537       0.0005  TTCTCTTTCTCTG
   334      1   -12.1416943571   0.000005332479       0.0033  TTCTCTTTTTATT
   335      1   -12.0722509852   0.000005715945       0.0036  TTCTTTCTCTTGC
   336      1    -8.3251255197   0.000242350503       0.1512  TTCTTTTTTTTCT
   337      1   -21.6036845569   0.000000000415       0.0000  TTTATTTGACTTC
   338      1    -9.8332279300   0.000053639333       0.0335  TTTATTTTTTATT
   339      1   -19.2573463591   0.000000004332       0.0000  TTTCACTTTCAAA
   340      1   -13.9168204093   0.000000903653       0.0006  TTTCCTTTTTTCC
   341      1    -8.6656580133   0.000172406066       0.1076  TTTCTCTCTCCCC
   342      1   -16.8089778487   0.000000050113       0.0000  TTTCTTCCCCCCC
   343      1   -12.1115217643   0.000005495825       0.0034  TTTCTTTATCCTT
   344      1   -11.8821969369   0.000006912377       0.0043  TTTCTTTCTTTTC
   345      1   -14.3461417806   0.000000588234       0.0004  TTTTCTTCTTATC
   346      1    -6.4999406599   0.001503528410       0.9382  TTTTCTTTTTTTT
   347      1   -13.7806009382   0.000001035526       0.0006  TTTTTCTCTTTAC
   348      1   -14.4217952800   0.000000545373       0.0003  TTTTTCTTCTTCC
   349      1   -10.1402276628   0.000039459818       0.0246  TTTTTCTTTTCTC
   350      1    -8.6600481820   0.000173375953       0.1082  TTTTTCTTTTTTC
   351      1    -8.0345431113   0.000324072562       0.2022  TTTTTTCTTTCTT
   352      1    -9.6491078993   0.000064483067       0.0402  TTTTTTTTCTTTC
   353      1    -8.0779434790   0.000310308536       0.1936  TTTTTTTTTTAAT
   354      1    -7.9385674519   0.000356717127       0.2226  TTTTTTTTTTCGT
   355      3    -4.9986138774   0.006747293096       4.2103  TTTTTTTTTTCTT
   356      1    -9.6656987799   0.000063422062       0.0396  TTTTTTTTTTGCC
   357      1    -8.9626234580   0.000128109722       0.0799  TTTTTTTTTTGGT
   358      3    -6.0258096855   0.002415594903       1.5073  TTTTTTTTTTGTT
   359      1    -7.0906134471   0.000832886277       0.5197  TTTTTTTTTTTCC
   360      1    -5.0675583838   0.006297778141       3.9298  TTTTTTTTTTTCT
   361      2    -6.1131947312   0.002213468070       1.3812  TTTTTTTTTTTGT
   362      1    -6.1034683509   0.002235102142       1.3947  TTTTTTTTTTTTA
   363      2    -5.4345956027   0.004362999050       2.7225  TTTTTTTTTTTTC
   364     68    -3.1674176073   0.042112207865      26.2780  TTTTTTTTTTTTT

 2

     1     79    -2.9353391877   0.053112701077      33.1423  AAAAAAAAAAAAA
     2      1    -6.5242159300   0.001467469295       0.9157  AAAAAAAAAAAAC
     3      3    -4.9786519083   0.006883335673       4.2952  AAAAAAAAAAAAG
     4      2    -6.1318719099   0.002172510408       1.3556  AAAAAAAAAAAAT
     5      2    -6.0934815090   0.002257535587       1.4087  AAAAAAAAAAACA
     6      1    -4.6304276067   0.009750588794       6.0844  AAAAAAAAAAAGA
     7      1    -8.1808455442   0.000279965117       0.1747  AAAAAAAAAAAGC
     8      1    -6.4215086328   0.001626201043       1.0147  AAAAAAAAAAAGG
     9      2    -5.7011374889   0.003342161623       2.0855  AAAAAAAAAAATA
    10      1    -6.0078014151   0.002459489637       1.5347  AAAAAAAAAACAA
    11      1   -10.7221996352   0.000022049963       0.0138  AAAAAAAAAACGC
    12      5    -4.5655503700   0.010404151498       6.4922  AAAAAAAAAAGAA
    13      1    -6.2148217124   0.001999572818       1.2477  AAAAAAAAAAGGA
    14      1    -7.0655649116   0.000854012343       0.5329  AAAAAAAAAAGGG
    15      1    -5.6154573950   0.003641143876       2.2721  AAAAAAAAAATAA
    16      2    -8.7649581922   0.000156108670       0.0974  AAAAAAAAAATCA
    17      1    -6.9060600121   0.001001696705       0.6251  AAAAAAAAAGAAA
    18      1   -11.6536553978   0.000008687239       0.0054  AAAAAAAACACAA
    19      1   -13.4113340257   0.000001498068       0.0009  AAAAAAAAGAACC
    20      1    -9.6828373319   0.000062344361       0.0389  AAAAAAAAGAATA
    21      1    -7.6487980921   0.000476616634       0.2974  AAAAAAAGAAAGA
    22      1   -13.6424386892   0.000001188952       0.0007  AAAAAAAGAATCG
    23      1   -10.7514364504   0.000021414625       0.0134  AAAAAAATAAAAC
    24      2    -5.7562957362   0.003162805793       1.9736  AAAAAAGAAAAAA
    25      1    -8.9144347200   0.000134434331       0.0839  AAAAAAGAAAACA
    26      1    -9.2417912594   0.000096903855       0.0605  AAAAAAGAAAAGG
    27      2    -5.9468458655   0.002614072666       1.6312  AAAAAGAAAAAAA
    28      1    -9.2539718487   0.000095730668       0.0597  AAAAAGAAAAGAG
    29      1   -17.3069833554   0.000000030456       0.0000  AAAAAGGGAATCA
    30      1    -7.1495862879   0.000785188856       0.4900  AAAAATAAAAAAA
    31      2    -7.7378885807   0.000435991164       0.2721  AAAAGAAAAAAGA
    32      1   -13.0950449537   0.000002055390       0.0013  AAAATAAAAATCA
    33      1   -11.9486322937   0.000006468073       0.0040  AAACACATACAAA
    34      2    -6.5646366270   0.001409335973       0.8794  AAAGAAAAAGAAA
    35      1   -13.4937704863   0.000001379526       0.0009  AAAGAAAAGAGGA
    36      1    -6.5909260964   0.001372768059       0.8566  AAAGAAAGAGAAA
    37      1    -8.2167717859   0.000270085553       0.1685  AAAGAAAGAGGAA
    38      1    -9.7351126071   0.000059169012       0.0369  AAAGAAAGAGGGA
    39      1   -12.1323232644   0.000005382685       0.0034  AAAGAAAGAGGTG
    40      1   -12.7228203954   0.000002982286       0.0019  AAAGAAGAAGGAG
    41      1    -8.6519557617   0.000174784676       0.1091  AAAGAGAGAGAAG
    42      1    -7.8293899808   0.000397868113       0.2483  AAAGAGAGAGAGA
    43      1   -11.8108097630   0.000007423872       0.0046  AAAGAGAGGGAGA
    44      1    -9.8622958256   0.000052102594       0.0325  AAAGAGGGAGAAA
    45      1    -5.9768444071   0.002536818843       1.5830  AAGAAAAAAAAAA
    46      1    -8.0201337993   0.000328776030       0.2052  AAGAAAAAAAAAG
    47      1   -10.3259208809   0.000032772498       0.0205  AAGAAAAAGAAAT
    48      1    -8.0757723523   0.000310982987       0.1941  AAGAAAGAGAGAA
    49      1   -14.5303452872   0.000000489273       0.0003  AAGAAGAGGAGAA
    50      1    -8.5132196154   0.000200796296       0.1253  AAGAGAAAGAAAA
    51      1   -10.4106087132   0.000030111340       0.0188  AAGAGAAAGAAAG
    52      1   -15.2038739788   0.000000249483       0.0002  AAGAGGGAGGAGG
    53      1   -17.0908513971   0.000000037804       0.0000  AAGGGGAAGGTAA
    54      1   -14.6346587237   0.000000440807       0.0003  AAGGGGAGAGGAA
    55      1   -11.6427309572   0.000008782662       0.0055  ACAAACAAAACCC
    56      1   -16.4654227381   0.000000070657       0.0000  ACAAACATAAAAC
    57      1   -12.3942641256   0.000004142280       0.0026  ACAAAGAGAAAAA
    58      3    -6.9520240191   0.000956696820       0.5970  ACACACACACAAA
    59      1    -9.9343230430   0.000048481754       0.0303  ACACACACACCAA
    60      1   -11.0263024423   0.000016268132       0.0102  ACACACACACCAT
    61      1    -8.8275171148   0.000146641883       0.0915  ACACACACACCCT
    62      1   -14.5252876357   0.000000491754       0.0003  ACACACACATTAT
    63      1   -11.6970084976   0.000008318667       0.0052  ACACACGCACTTT
    64      1   -13.2728753583   0.000001720535       0.0011  ACAGACAGAGATA
    65      1   -10.2069650192   0.000036912326       0.0230  ACATACACACCCC
    66      1   -12.3205336995   0.000004459233       0.0028  ACATACATATATT
    67      1   -14.0845266255   0.000000764131       0.0005  ACCCACACACGGG
    68      1   -16.5419178304   0.000000065454       0.0000  ACGCACGAGCATC
    69      1   -19.2771502481   0.000000004247       0.0000  ACGCGCATACGTT
    70      1   -17.0346762638   0.000000039988       0.0000  ACGGACGCGCTTT
    71      1   -19.2436132587   0.000000004391       0.0000  ACGTACGCACTAC
    72      1   -15.8274568757   0.000000133728       0.0001  ACTCACGCTCTCC
    73      1   -24.0714709828   0.000000000035       0.0000  ACTCGTCATCACC
    74      1   -13.6577413909   0.000001170896       0.0007  ACTTATATATTTT
    75      1   -13.6850980562   0.000001139298       0.0007  ACTTTCTCTCTCC
    76      2    -5.8167624821   0.002977228389       1.8578  AGAAAAAAAAAAA
    77      1   -10.1102373584   0.000040661154       0.0254  AGAAAAAGAAAGA
    78      1   -20.2875925729   0.000000001546       0.0000  AGAAACGGAGATT
    79      1    -8.5508735984   0.000193376093       0.1207  AGAAAGAAAAAGA
    80      1   -14.7830846865   0.000000380004       0.0002  AGAAAGGAAGGAA
    81      1   -13.0155884540   0.000002225368       0.0014  AGAGAGAAAGTTG
    82      1    -5.3417373780   0.004787545704       2.9874  AGAGAGAGAGAAA
    83      2    -6.6280378726   0.001322755957       0.8254  AGAGAGAGAGAAG
    84      1    -8.3994880156   0.000224982482       0.1404  AGAGAGAGAGAAT
    85      1    -5.6288429896   0.003592729749       2.2419  AGAGAGAGAGAGA
    86      1    -5.8725686450   0.002815631679       1.7570  AGAGAGAGAGAGG
    87      1    -6.7598297225   0.001159426581       0.7235  AGAGAGAGAGGAG
    88      2    -6.6576023812   0.001284221756       0.8014  AGAGAGAGAGGGA
    89      1   -10.1480703423   0.000039151558       0.0244  AGAGAGAGAGTTT
    90      1   -17.3861866760   0.000000028137       0.0000  AGAGAGAGCGTCC
    91      1   -14.4663579150   0.000000521604       0.0003  AGAGGAGGAGAAG
    92      1    -8.4466711000   0.000214613655       0.1339  AGAGGGAGAGAAA
    93      1   -16.5546887090   0.000000064623       0.0000  AGAGGGGAAGCGA
    94      1   -16.1875460172   0.000000093291       0.0001  AGAGTAAAAAATA
    95      1   -18.2272107492   0.000000012135       0.0000  AGCATGTATAATA
    96      1   -15.9204203130   0.000000121857       0.0001  AGGAAACAAATAA
    97      1    -9.6986621048   0.000061365541       0.0383  AGGGAGAGAGGGA
    98      1   -18.1564606153   0.000000013024       0.0000  AGGGAGTGATAGG
    99      1   -10.5466065744   0.000026282517       0.0164  AGGGGGAGGGGAG
   100      1    -8.6768469866   0.000170487771       0.1064  AGGGGGGGGGAGA
   101      1   -16.5077956620   0.000000067726       0.0000  AGTAAACACATAA
   102      1   -15.3137084378   0.000000223533       0.0001  ATAAACACAAAGA
   103      1   -17.4353470913   0.000000026787       0.0000  ATAAGAGAAACGA
   104      1   -14.7485971329   0.000000393338       0.0002  ATAGAGAAAAGAA
   105      1   -10.2548711369   0.000035185688       0.0220  ATATACATATATT
   106      1   -12.8682454800   0.000002578648       0.0016  ATATATAAATAGG
   107      1   -15.1624149947   0.000000260044       0.0002  ATATATAAATTGC
   108      1   -10.6637494310   0.000023377199       0.0146  ATATATATACAAA
   109      1    -7.7991484479   0.000410084038       0.2559  ATATATATATAGA
   110      1    -6.7321760669   0.001191936401       0.7438  ATATATATATATA
   111      1    -8.3358132613   0.000239774116       0.1496  ATATATATATATG
   112      1   -10.6653389680   0.000023340069       0.0146  ATATATATATGGT
   113      1    -9.2454765791   0.000096547390       0.0602  ATATATATATTGT
   114      1    -8.6481654234   0.000175448427       0.1095  ATATATATATTTA
   115      1   -12.3774516025   0.000004212511       0.0026  ATGTATGTGTCTC
   116      1   -19.8501704753   0.000000002394       0.0000  ATGTGTACGCATG
   117      1   -23.4451631749   0.000000000066       0.0000  CAAACTCACCAAT
   118      1   -11.6691677838   0.000008553519       0.0053  CAAGAAAGAGAAA
   119      1   -24.1827592638   0.000000000031       0.0000  CAAGTCTCTGATT
   120      1    -9.5728742713   0.000069591072       0.0434  CACACACACAACC
   121      1    -8.4845986936   0.000206626303       0.1289  CACACACACAAGA
   122      1    -9.1694928820   0.000104169322       0.0650  CACACACACACAG
   123      1    -9.7667173847   0.000057328230       0.0358  CACACACACACCA
   124      1   -11.1343216264   0.000014602444       0.0091  CACACACACAGCA
   125      1   -10.6658635510   0.000023327829       0.0146  CACACACACATTA
   126      1   -13.4744305934   0.000001406466       0.0009  CACACACACGTTC
   127      1   -12.8585177140   0.000002603854       0.0016  CACACATACATGT
   128      1   -15.8024512589   0.000000137114       0.0001  CACATATACAGAT
   129      1   -12.1029432546   0.000005543174       0.0035  CAGACACACACAA
   130      1   -11.0443213494   0.000015977623       0.0100  CATACACACAGAA
   131      1   -12.2542013809   0.000004765055       0.0030  CATACATATACCT
   132      1   -13.3220446894   0.000001637983       0.0010  CATGCATATAAAA
   133      1   -22.9071627150   0.000000000113       0.0000  CATTTACCCTAAT
   134      1   -16.5825961106   0.000000062845       0.0000  CCAATCTCTCTCC
   135      1   -17.6123777058   0.000000022441       0.0000  CCATACACATAAT
   136      1   -12.8468018838   0.000002634540       0.0016  CCCACACACATAA
   137      1    -6.4190005875   0.001630284748       1.0173  CCCCCCCCCCACC
   138      5    -6.5128791323   0.001484200356       0.9261  CCCCCCCCCCCAC
   139      1    -6.9698373287   0.000939805773       0.5864  CCCCCCCCCCCCA
   140     30    -4.0795371110   0.016915293743      10.5551  CCCCCCCCCCCCC
   141      1   -10.1795980058   0.000037936456       0.0237  CCCCCCCCCCCGG
   142      1    -8.7663246322   0.000155895502       0.0973  CCCCCCCCCCCGT
   143      1    -7.2294205858   0.000724940782       0.4524  CCCCCCCCCCCTT
   144      1    -6.8620744569   0.001046740261       0.6532  CCCCCCCCCCGCC
   145      1    -7.0996970168   0.000825354954       0.5150  CCCCCCCCCCTCT
   146      1   -11.3774906151   0.000011450346       0.0071  CCCCCCTTCCCCT
   147      1    -6.9021471311   0.001005623903       0.6275  CCCCCTCCCCCCC
   148      1    -9.5257708582   0.000072947478       0.0455  CCCCTCTCCCCCC
   149      1   -10.0419890599   0.000043533097       0.0272  CCCTCTCCCTCCC
   150      1   -13.7271935981   0.000001092334       0.0007  CCCTCTCTTTTTC
   151      1   -23.3957624944   0.000000000069       0.0000  CCCTTCGTCCTAA
   152      1   -17.1411556438   0.000000035949       0.0000  CCTATCTCTCGCG
   153      1   -11.5627748618   0.000009513727       0.0059  CCTCCCTCTCTGC
   154      1   -28.5749601510   0.000000000000       0.0000  CCTCTAGCGATAT
   155      1   -12.8746712098   0.000002562131       0.0016  CCTCTCTCCCCCT
   156      1   -10.8554671761   0.000019298809       0.0120  CCTCTCTCTCATC
   157      1   -15.4463404289   0.000000195767       0.0001  CCTCTCTTTCACG
   158      1   -15.4580339819   0.000000193491       0.0001  CCTTTTTCTTTAT
   159      1   -18.3101612634   0.000000011169       0.0000  CGAAAAAGAAGAT
   160      1   -11.6469920083   0.000008745319       0.0055  CGCACACACATTT
   161      1   -12.7501658599   0.000002901839       0.0018  CGCGCACGCGTGA
   162      1   -14.2269252107   0.000000662712       0.0004  CGCGCGCACGGTA
   163      1   -10.1736423075   0.000038163068       0.0238  CGCGCGCGCGACC
   164      1    -8.7952141009   0.000151456197       0.0945  CGCGCGCGCGCAC
   165      1    -8.1664119025   0.000284035337       0.1772  CGCGCGCGCGCGC
   166      1   -18.0373261268   0.000000014672       0.0000  CGTATACATAATT
   167      1   -10.6509003417   0.000023679512       0.0148  CGTGCGCGCGGGG
   168      1   -24.9254859772   0.000000000015       0.0000  CTATACGCAATAC
   169      1   -14.9448206782   0.000000323256       0.0002  CTCCCCCACCCTA
   170      1   -10.5088941053   0.000027292623       0.0170  CTCCCCCCCCATC
   171      1   -13.5315946382   0.000001328321       0.0008  CTCCCTCCCTTCC
   172      1   -13.4773329876   0.000001402390       0.0009  CTCCTTCTCTTTC
   173      1   -10.2972745780   0.000033724885       0.0210  CTCTCCCTCTTCC
   174      1   -10.3327709956   0.000032548769       0.0203  CTCTCTCTCCCTC
   175      2    -7.0752637814   0.000845769426       0.5278  CTCTCTCTCTTTC
   176      1   -10.3197582940   0.000032975085       0.0206  CTCTTTCTCTTCC
   177      1   -18.1276881604   0.000000013404       0.0000  CTGCCTCTCTCAA
   178      1   -20.3749417745   0.000000001417       0.0000  CTGTCTACATATA
   179      1   -15.3587042106   0.000000213698       0.0001  CTGTGTATGTATC
   180      1   -11.8546040614   0.000007105765       0.0044  CTTCCCTCTCCCT
   181      1   -12.9209192716   0.000002446336       0.0015  CTTCCCTCTCTCT
   182      1   -16.9515855342   0.000000043453       0.0000  CTTCCTTCCCATT
   183      1   -13.4253788130   0.000001477175       0.0009  CTTCTCTCTCTAC
   184      1   -17.2490460383   0.000000032273       0.0000  CTTGCTCTCGACT
   185      1   -11.9248417711   0.000006623797       0.0041  CTTTCCTTTTTTT
   186      1   -10.6736375779   0.000023147180       0.0144  CTTTCTTTTTCCT
   187      1   -12.9635542350   0.000002344228       0.0015  CTTTTCTTTTTCC
   188      1    -9.9049920857   0.000049924830       0.0312  CTTTTTTTTTCCT
   189      1    -8.8728719368   0.000140139537       0.0874  CTTTTTTTTTTTC
   190      1    -7.6292652505   0.000486017829       0.3033  GAAAAAAAAAGAA
   191      1   -10.3610311997   0.000031641810       0.0197  GAAAAAAAAATAG
   192      1   -10.2498445199   0.000035362999       0.0221  GAAAAAAAAGAAA
   193      1   -16.3797346361   0.000000076979       0.0000  GAACGAAAAACAG
   194      1   -13.4272877676   0.000001474358       0.0009  GAAGGAGAAAAAG
   195      1   -18.5327249665   0.000000008940       0.0000  GAAGTGTGAGGTG
   196      1   -17.5698835892   0.000000023415       0.0000  GACACATACAATC
   197      1    -9.8542512949   0.000052523425       0.0328  GACAGAGAGAAAA
   198      1   -12.9068466596   0.000002481005       0.0015  GAGAAAGAAAGGA
   199      1    -9.0455693907   0.000117912305       0.0736  GAGAAAGAGAAAG
   200      1   -14.0642942584   0.000000779749       0.0005  GAGAAGAAGAAAG
   201      1    -9.2105306039   0.000099980979       0.0624  GAGAGAAAGAGGA
   202      1    -5.2478771341   0.005258670010       3.2814  GAGAGAGAGAAAA
   203      1    -6.4360383868   0.001602743570       1.0001  GAGAGAGAGAAAG
   204      1   -11.1410911824   0.000014503926       0.0091  GAGAGAGAGAATC
   205      1   -11.1970498719   0.000013714596       0.0086  GAGAGAGAGACCG
   206      1    -8.4278629141   0.000218688347       0.1365  GAGAGAGAGAGTA
   207      1   -12.4927173336   0.000003753892       0.0023  GAGAGAGGGGGGA
   208      1   -16.2597735201   0.000000086790       0.0001  GAGAGCAAAAAAG
   209      1   -13.2773923359   0.000001712781       0.0011  GAGAGGGAGGAGA
   210      1   -11.8918329216   0.000006846090       0.0043  GAGAGGGGGGAAA
   211      1   -18.1772129198   0.000000012757       0.0000  GAGGAGAGAGCCG
   212      1   -10.8924248341   0.000018598589       0.0116  GAGGGAAAGAAAA
   213      1    -9.7336359843   0.000059256446       0.0370  GAGGGAGAGAAAG
   214      1   -14.4387454796   0.000000536207       0.0003  GAGGGAGAGAATC
   215      1   -19.7798985856   0.000000002569       0.0000  GATTGATATTGTT
   216      1   -11.2659953253   0.000012800897       0.0080  GCACACACACCTC
   217      1   -11.9266300100   0.000006611963       0.0041  GCACGCACACAAA
   218      1   -22.2625769928   0.000000000215       0.0000  GCCACCACCAGTG
   219      1   -14.2698644230   0.000000634858       0.0004  GCGCACACGCTTT
   220      1    -9.3001695047   0.000091408736       0.0570  GCGCGCGCGCGCA
   221      2    -8.5187471216   0.000199689455       0.1246  GCGCGCGCGCGCC
   222      1    -9.1139663611   0.000110117084       0.0687  GCGCGCGCGCGTG
   223      1   -11.5780454197   0.000009369551       0.0058  GCGGGGGGGGGCG
   224      1    -8.5777577457   0.000188246601       0.1175  GCGGGGGGGGGGG
   225      1   -14.7821880983   0.000000380345       0.0002  GCGGGTGGGGGTG
   226      1   -12.8304168348   0.000002678063       0.0017  GCGTGCGCGTGGA
   227      1   -18.9323743309   0.000000005995       0.0000  GCGTGTATGCGCT
   228      1   -24.7153274815   0.000000000018       0.0000  GCTCCTTTCCGGA
   229      1   -10.6942613761   0.000022674687       0.0141  GGAAAAAAAAAGA
   230      1   -13.5362238782   0.000001322186       0.0008  GGAAAAAGAAGGA
   231      1   -11.3208568917   0.000012117536       0.0076  GGAAGAGAGAAGG
   232      1   -14.8963065283   0.000000339325       0.0002  GGACGGGCGCCGG
   233      1   -10.3566348551   0.000031781225       0.0198  GGAGAGAAAGAGG
   234      1   -11.4099162660   0.000011085016       0.0069  GGAGAGGGAGAAG
   235      1    -7.0587625525   0.000859841445       0.5365  GGAGGGAGAGGGG
   236      1   -13.1381812668   0.000001968613       0.0012  GGAGGGGGAGACA
   237      1   -11.2736810588   0.000012702890       0.0079  GGAGGGGGGGGCA
   238      1   -13.1078244027   0.000002029290       0.0013  GGGAAGGAGGAGG
   239      1   -10.1460342005   0.000039231357       0.0245  GGGAGAGAGAGTG
   240      1    -9.5990474781   0.000067793280       0.0423  GGGAGGAGGAGGG
   241      1   -18.6413421596   0.000000008020       0.0000  GGGCGTATGCATG
   242      1   -10.4118532856   0.000030073888       0.0188  GGGGAAGGGGAGG
   243      1   -10.5655710946   0.000025788779       0.0161  GGGGAGAGGGGGA
   244      1   -12.5419397650   0.000003573590       0.0022  GGGGAGAGGGGGC
   245      1    -8.8310185662   0.000146129321       0.0912  GGGGCGGGGGGGG
   246      1   -10.2246471911   0.000036265373       0.0226  GGGGGAGGAGGGG
   247      1   -13.4707357743   0.000001411672       0.0009  GGGGGCGAGGAAG
   248      1   -15.1462484670   0.000000264282       0.0002  GGGGGGAGGCAAA
   249      1   -10.6547480035   0.000023588577       0.0147  GGGGGGAGGGGTA
   250      1   -14.1800755087   0.000000694499       0.0004  GGGGGGAGGTAGA
   251      1    -9.6935157906   0.000061682161       0.0385  GGGGGGGAGAGGG
   252      5    -5.2136521396   0.005441763273       3.3957  GGGGGGGGGGAGG
   253      1    -8.5877448243   0.000186375925       0.1163  GGGGGGGGGGCGA
   254      2    -7.0903527999   0.000833103395       0.5199  GGGGGGGGGGCGG
   255      2    -5.2884925857   0.005049366013       3.1508  GGGGGGGGGGGAG
   256      2    -7.1849851905   0.000757880232       0.4729  GGGGGGGGGGGCG
   257      1   -10.2505623528   0.000035337623       0.0221  GGGGGGGGGGGCT
   258     46    -4.1265254793   0.016138856310      10.0706  GGGGGGGGGGGGG
   259      2    -6.7926411704   0.001122001460       0.7001  GGGGGGGGGGGTG
   260      1    -8.1954008041   0.000275919665       0.1722  GGGGGGGGGGTGA
   261      2    -6.6980087797   0.001233365361       0.7696  GGGGGGGGGGTGG
   262      1   -15.4434261796   0.000000196338       0.0001  GGGTGGGTGTTTA
   263      1   -19.0548034525   0.000000005304       0.0000  GGTATATGTGTGC
   264      1   -16.2303432668   0.000000089382       0.0001  GTACGCGCACTTC
   265      1   -17.3359509460   0.000000029586       0.0000  GTATACAGATAAA
   266      1   -15.7210024819   0.000000148749       0.0001  GTATCTATATTTA
   267      1   -14.7677983299   0.000000385857       0.0002  GTATGCATATATA
   268      1    -9.7657135654   0.000057385806       0.0358  GTGAGAGAGAGGG
   269      1    -9.2723514203   0.000093987250       0.0586  GTGGGGGGGGAGG
   270      1   -12.1266027051   0.000005413565       0.0034  GTGTGCGTGTGCG
   271      1   -10.6634028052   0.000023385303       0.0146  GTGTGCGTGTGGG
   272      1    -9.6445573770   0.000064777167       0.0404  GTGTGTGTGTGCT
   273      1   -18.1575699592   0.000000013010       0.0000  GTTACTTATAATT
   274      1   -11.8146548650   0.000007395382       0.0046  GTTTGTGTGTGTG
   275      1   -10.8102111688   0.000020192261       0.0126  TAAAAAAAAAGAG
   276      1   -13.8455589559   0.000000970399       0.0006  TAAATATAAATAG
   277      1   -14.0897857018   0.000000760123       0.0005  TATACATATAACC
   278      1   -11.9539500896   0.000006433769       0.0040  TATACATATAGAG
   279      1   -14.7971455697   0.000000374698       0.0002  TATATATAAATCA
   280      1    -6.3117324290   0.001814886352       1.1325  TATATATATAAAA
   281      1    -7.9864955527   0.000340023593       0.2122  TATATATATAAGA
   282      2    -6.7126446621   0.001215445428       0.7584  TATATATATATAT
   283      1    -9.9408900861   0.000048164415       0.0301  TATGTATATGAAA
   284      1   -12.3858479809   0.000004177289       0.0026  TATGTATGTGATT
   285      1   -20.1784224710   0.000000001724       0.0000  TCAATAATAACTT
   286      1   -19.6622412997   0.000000002889       0.0000  TCAATTTTTCCCC
   287      1   -15.7866338768   0.000000139300       0.0001  TCACTCCCTCGCT
   288      1    -9.8426237446   0.000053137708       0.0332  TCCCCCCCCCTTC
   289      1   -12.1390088843   0.000005346818       0.0033  TCCCCCTCTCCCC
   290      1   -15.8791151423   0.000000126995       0.0001  TCCCTCATTCTCT
   291      1   -13.3309597523   0.000001623446       0.0010  TCCCTCCCTCTTC
   292      1   -11.0766702133   0.000015469036       0.0097  TCCCTCTCTCTAT
   293      1    -9.3199923548   0.000089614596       0.0559  TCCCTCTCTCTCT
   294      1   -12.1679440460   0.000005194324       0.0032  TCCCTTCCCCTTT
   295      1   -12.2496658812   0.000004786716       0.0030  TCCTTTCTCTTTC
   296      1   -13.7851888289   0.000001030786       0.0006  TCTATCTATACAT
   297      1   -11.8871089144   0.000006878507       0.0043  TCTCACTCTCTAT
   298      1   -14.5966469482   0.000000457885       0.0003  TCTCCCCCTCATC
   299      1   -10.5750347006   0.000025545875       0.0159  TCTCCCTCTCTTC
   300      1   -13.3160656151   0.000001647806       0.0010  TCTCCCTTTCCTC
   301      1   -13.4290893266   0.000001471704       0.0009  TCTCGCTCTCTCG
   302      1   -13.5375275281   0.000001320464       0.0008  TCTCTATCTCGTC
   303      1   -11.6442329538   0.000008769481       0.0055  TCTCTCCTTCTTT
   304      1    -9.1917449624   0.000101876938       0.0636  TCTCTCTCTCCCG
   305      1    -7.2386667943   0.000718268722       0.4482  TCTCTCTCTCCCT
   306      1    -7.4663463492   0.000572014425       0.3569  TCTCTCTCTCCTT
   307      1    -5.7830556968   0.003079291636       1.9215  TCTCTCTCTCTTT
   308      1   -13.5595934571   0.000001291646       0.0008  TCTCTTCCTCTAT
   309      1   -14.5225937215   0.000000493080       0.0003  TCTCTTTTTCGTC
   310      1   -15.4378556980   0.000000197435       0.0001  TCTTCTTTCTTCT
   311      1   -17.3376550750   0.000000029536       0.0000  TCTTTCCTTCGTT
   312      1   -16.0961225519   0.000000102222       0.0001  TCTTTCTTTCAAC
   313      1   -11.7476977991   0.000007907509       0.0049  TCTTTCTTTTCAC
   314      1    -8.6851538059   0.000169077426       0.1055  TCTTTTTTTTATT
   315      1    -8.0982440695   0.000304072600       0.1897  TCTTTTTTTTCTT
   316      1   -16.1910797988   0.000000092962       0.0001  TGAACACACAAAA
   317      1   -12.2216284918   0.000004922823       0.0031  TGCGCGCGCGCGT
   318      1   -11.1649784988   0.000014161571       0.0088  TGTATATATACAA
   319      1   -10.9668263687   0.000017265049       0.0108  TGTATGTATATAT
   320      1   -13.1899761886   0.000001869245       0.0012  TGTGCGCGCGGGG
   321      1   -14.5194445720   0.000000494636       0.0003  TGTGTATATGAAT
   322      1   -11.6377516294   0.000008826503       0.0055  TGTGTATGTGAAG
   323      1   -11.8585161977   0.000007078021       0.0044  TGTGTGAGTGAGG
   324      1    -7.3040878527   0.000672782909       0.4198  TGTGTGTGTGGGG
   325      1    -9.9329354978   0.000048549071       0.0303  TGTGTGTGTGGTG
   326      1   -21.1916632320   0.000000000626       0.0000  TGTTTCTATGAGT
   327      1   -15.4712252131   0.000000190956       0.0001  TTATATGTGTTGT
   328      1   -19.0068656013   0.000000005564       0.0000  TTCATTTTTAGGA
   329      1   -10.2862298438   0.000034099432       0.0213  TTCCCTCTCTTTT
   330      1   -19.2648578948   0.000000004299       0.0000  TTCCTCTTCTAAT
   331      1   -13.2289974889   0.000001797709       0.0011  TTCCTTTTTCTGT
   332      1   -18.0415418775   0.000000014610       0.0000  TTCTCTCACTAGG
   333      1   -13.9856663235   0.000000843533       0.0005  TTCTCTTTCTCTG
   334      1   -12.1416946276   0.000005332477       0.0033  TTCTCTTTTTATT
   335      1   -12.0722520526   0.000005715939       0.0036  TTCTTTCTCTTGC
   336      1    -8.3251236177   0.000242350964       0.1512  TTCTTTTTTTTCT
   337      1   -21.6036994490   0.000000000415       0.0000  TTTATTTGACTTC
   338      1    -9.8332309031   0.000053639174       0.0335  TTTATTTTTTATT
   339      1   -19.2573452939   0.000000004332       0.0000  TTTCACTTTCAAA
   340      1   -13.9168216903   0.000000903652       0.0006  TTTCCTTTTTTCC
   341      1    -8.6656600755   0.000172405711       0.1076  TTTCTCTCTCCCC
   342      1   -16.8089793504   0.000000050113       0.0000  TTTCTTCCCCCCC
   343      1   -12.1115228071   0.000005495820       0.0034  TTTCTTTATCCTT
   344      1   -11.8822034665   0.000006912332       0.0043  TTTCTTTCTTTTC
   345      1   -14.3461484138   0.000000588230       0.0004  TTTTCTTCTTATC
   346      1    -6.4999387822   0.001503531233       0.9382  TTTTCTTTTTTTT
   347      1   -13.7806044703   0.000001035522       0.0006  TTTTTCTCTTTAC
   348      1   -14.4218085030   0.000000545366       0.0003  TTTTTCTTCTTCC
   349      1   -10.1402347938   0.000039459537       0.0246  TTTTTCTTTTCTC
   350      1    -8.6600558782   0.000173374619       0.1082  TTTTTCTTTTTTC
   351      1    -8.0345434181   0.000324072462       0.2022  TTTTTTCTTTCTT
   352      1    -9.6491184157   0.000064482389       0.0402  TTTTTTTTCTTTC
   353      1    -8.0779470553   0.000310307426       0.1936  TTTTTTTTTTAAT
   354      1    -7.9385701954   0.000356716148       0.2226  TTTTTTTTTTCGT
   355      3    -4.9986149010   0.006747286189       4.2103  TTTTTTTTTTCTT
   356      1    -9.6657018086   0.000063421870       0.0396  TTTTTTTTTTGCC
   357      1    -8.9626270321   0.000128109264       0.0799  TTTTTTTTTTGGT
   358      3    -6.0258115443   0.002415590413       1.5073  TTTTTTTTTTGTT
   359      1    -7.0906147547   0.000832885188       0.5197  TTTTTTTTTTTCC
   360      1    -5.0675580095   0.006297780498       3.9298  TTTTTTTTTTTCT
   361      2    -6.1131950867   0.002213467283       1.3812  TTTTTTTTTTTGT
   362      1    -6.1034724683   0.002235092939       1.3947  TTTTTTTTTTTTA
   363      2    -5.4345984873   0.004362986464       2.7225  TTTTTTTTTTTTC
   364     68    -3.1674162383   0.042112265517      26.2781  TTTTTTTTTTTTT