     2   1209    656


 1

     1     96    -3.4065963502   0.033153852658      40.0830  AAAAAAAAAAAAA
     2      5    -6.4900691477   0.001518444008       1.8358  AAAAAAAAAAAAC
     3      6    -5.1582051990   0.005752014147       6.9542  AAAAAAAAAAAAG
     4      3    -6.0825899402   0.002282258080       2.7593  AAAAAAAAAAAAT
     5      5    -6.5299363032   0.001459098787       1.7641  AAAAAAAAAAACA
     6      3    -9.4608026882   0.000077844081       0.0941  AAAAAAAAAAACC
     7      3    -5.1853688527   0.005597871444       6.7678  AAAAAAAAAAAGA
     8      1    -7.8289352523   0.000398049077       0.4812  AAAAAAAAAAAGT
     9      4    -6.1224570957   0.002193060777       2.6514  AAAAAAAAAAATA
    10      1    -7.8411062118   0.000393233800       0.4754  AAAAAAAAAAATG
    11      3    -6.0139710055   0.002444362306       2.9552  AAAAAAAAAACAA
    12      1    -8.9251165266   0.000133005972       0.1608  AAAAAAAAAACAC
    13      2    -8.6207693497   0.000180321471       0.2180  AAAAAAAAAACAT
    14      4    -9.1183742975   0.000109632763       0.1325  AAAAAAAAAACCA
    15      1   -10.3398822065   0.000032318129       0.0391  AAAAAAAAAACCC
    16      9    -4.7676981026   0.008499923610      10.2764  AAAAAAAAAAGAA
    17      2    -6.3546751801   0.001738599839       2.1020  AAAAAAAAAAGAG
    18      1   -10.4102252947   0.000030122887       0.0364  AAAAAAAAAAGTC
    19      6    -5.6064917980   0.003673935684       4.4418  AAAAAAAAAATAA
    20      1    -8.6207693497   0.000180321471       0.2180  AAAAAAAAAATAC
    21      2    -8.1435034255   0.000290617257       0.3514  AAAAAAAAAATAT
    22      1    -8.7212581899   0.000163081874       0.1972  AAAAAAAAAATCA
    23      1   -10.8712038317   0.000018997487       0.0230  AAAAAAAAAATCC
    24      1    -7.2118074318   0.000737822386       0.8920  AAAAAAAAAGAAA
    25      1    -6.7857867197   0.001129718582       1.3658  AAAAAAAAGAAAA
    26      1    -9.9091248178   0.000049718930       0.0601  AAAAAAAAGAACA
    27      2    -8.5645484639   0.000190749699       0.2306  AAAAAAAAGAAGA
    28      1    -9.3931484421   0.000083292800       0.1007  AAAAAAAAGACAA
    29      1    -8.1468325521   0.000289651364       0.3502  AAAAAAAAGAGAA
    30      1    -9.6699893830   0.000063150526       0.0763  AAAAAAAGAAAGG
    31      1    -8.9216889025   0.000133462649       0.1614  AAAAAAAGAACAA
    32      1    -9.1540060786   0.000105795129       0.1279  AAAAAAGAAAATA
    33      1    -9.0454321360   0.000117928490       0.1426  AAAAAAGAAACAA
    34      1    -9.2782211898   0.000093437183       0.1130  AAAAAAGAGAAAA
    35      1    -8.0990874005   0.000303816274       0.3673  AAAAACAAAAAAA
    36      1    -9.5881776253   0.000068534203       0.0829  AAAAAGAAAAGAG
    37      1   -15.3525653097   0.000000215013       0.0003  AAAAAGAGAAACC
    38      1   -13.3265524843   0.000001630616       0.0020  AAAAAGAGAGAAC
    39      1   -20.1462200479   0.000000001781       0.0000  AAAAAGGAGGTGA
    40      1   -10.4039931736   0.000030311203       0.0366  AAAAATAAAAATA
    41      1   -14.2880856060   0.000000623395       0.0008  AAAAATAACAAAG
    42      1   -11.9482580842   0.000006470494       0.0078  AAAACAAAAACAG
    43      1   -16.3820623589   0.000000076800       0.0001  AAAACAGAAAACT
    44      2    -6.2105869793   0.002008058429       2.4277  AAAAGAAAAAAAA
    45      1    -9.3337872066   0.000088386863       0.1069  AAAAGAAAAAACA
    46      1   -13.8496788892   0.000000966409       0.0012  AAAAGAAGAATAT
    47      1   -10.2470263283   0.000035462799       0.0429  AAAAGAGAAAGAA
    48      1   -14.2215517067   0.000000666283       0.0008  AAAAGAGGGAAAG
    49      1   -17.9910856744   0.000000015366       0.0000  AAAAGCGAAAAGT
    50      1    -6.9441679360   0.000964242310       1.1658  AAAGAAAAAAAAA
    51      1   -14.3975109677   0.000000558779       0.0007  AAAGAAGAAAAGT
    52      1   -14.8314559166   0.000000362060       0.0004  AAAGAAGAGGGAA
    53      1   -13.6702117762   0.000001156385       0.0014  AAAGAGAAAGAGC
    54      1    -6.9109011979   0.000996859024       1.2052  AAAGAGAGAGAAA
    55      1    -9.5255059485   0.000072966805       0.0882  AAAGAGAGAGATA
    56      1   -12.0745172098   0.000005703006       0.0069  AAAGAGAGAGTAC
    57      1   -13.3377704270   0.000001612426       0.0019  AACACAAACAGAA
    58      1   -13.8069122459   0.000001008635       0.0012  AACCACCCCCAAA
    59      1   -20.7940706496   0.000000000932       0.0000  AACGTATGCGATC
    60      1    -9.8493633468   0.000052780785       0.0638  AAGAAAAAAAAGG
    61      1    -8.7525381239   0.000158059641       0.1911  AAGAAAAAGAAGA
    62      1   -18.7288827856   0.000000007348       0.0000  AAGAAAGGCATGA
    63      1   -18.7127602629   0.000000007467       0.0000  AAGACGGAGATAC
    64      1   -13.0470380192   0.000002156470       0.0026  AAGAGAAAGACAG
    65      1   -18.8141713669   0.000000006747       0.0000  AAGAGGAGGACAG
    66      1   -14.2940042544   0.000000619716       0.0007  AAGGAGAGGGCGA
    67      1   -14.5719599187   0.000000469330       0.0006  AAGGGAGAGACGA
    68      1   -12.8230281986   0.000002697923       0.0033  AAGGGAGAGAGGA
    69      1   -15.6637259989   0.000000157518       0.0002  AAGGGGGGAGGGC
    70      1   -27.2220751859   0.000000000002       0.0000  AATAGGAACCATT
    71      1   -13.8936175165   0.000000924865       0.0011  AATATACATAAAT
    72      1   -15.2674668287   0.000000234112       0.0003  AATATACATATCT
    73      1   -13.0883306479   0.000002069237       0.0025  ACAAACACACAGA
    74      3    -7.1547525845   0.000781142798       0.9444  ACACACACACAAA
    75      1    -8.8401068680   0.000144807271       0.1751  ACACACACACAAG
    76      2    -7.5628545556   0.000519390497       0.6279  ACACACACACACA
    77      1    -8.5017755887   0.000203107413       0.2456  ACACACACACATA
    78      1    -9.5752668396   0.000069424770       0.0839  ACACACACACATC
    79      1    -9.8384627743   0.000053359273       0.0645  ACACACACACCCG
    80      1    -8.5008824931   0.000203288889       0.2458  ACACACACACGAA
    81      1    -8.8484287902   0.000143607196       0.1736  ACACACACACGCC
    82      1    -9.3652339557   0.000085650632       0.1036  ACACACACACGGG
    83      1   -11.5800479103   0.000009350807       0.0113  ACACACATACAAG
    84      1   -18.2261180551   0.000000012148       0.0000  ACACGCGTGCCGC
    85      1   -14.4147962959   0.000000549204       0.0007  ACATACATACAGA
    86      1   -17.9016198692   0.000000016804       0.0000  ACATATATACGGC
    87      1   -11.9064030011   0.000006747065       0.0082  ACATATATATAGG
    88      1   -23.0055077471   0.000000000102       0.0000  ACATCTTTTTAGC
    89      1    -6.5265299823   0.001464077420       1.7701  AGAAAAAAAAAAA
    90      1   -12.4647551868   0.000003860340       0.0047  AGAAAAAAGAAGG
    91      1   -10.2537498022   0.000035225165       0.0426  AGAAAGAAAAAAG
    92      1   -12.6767051183   0.000003123035       0.0038  AGAAAGAGAAAAC
    93      1   -13.7789962119   0.000001037189       0.0013  AGAAAGAGAGCTA
    94      1   -15.7030554895   0.000000151443       0.0002  AGAAAGAGGGGTA
    95      1   -11.2845648569   0.000012565384       0.0152  AGAGAAAGAGACA
    96      1   -10.2314045740   0.000036021140       0.0435  AGAGAAAGAGGAG
    97      1   -20.5291701962   0.000000001214       0.0000  AGAGACAGACTCC
    98      1   -11.9113476080   0.000006713786       0.0081  AGAGAGAGAACAA
    99      1   -10.3516672627   0.000031939494       0.0386  AGAGAGAGAAGGA
   100      3    -5.6707306935   0.003445346864       4.1654  AGAGAGAGAGAAA
   101      3    -7.0028295443   0.000909305402       1.0994  AGAGAGAGAGAAG
   102      1    -8.3007847742   0.000248321874       0.3002  AGAGAGAGAGACA
   103      1    -8.1236080833   0.000296457087       0.3584  AGAGAGAGAGAGT
   104      1   -10.8109336986   0.000020177676       0.0244  AGAGAGAGAGCAC
   105      1    -9.2119452201   0.000099839644       0.1207  AGAGAGAGAGCAG
   106      1    -6.9239832130   0.000983903030       1.1895  AGAGAGAGAGGAA
   107      1    -5.7381227261   0.003220808944       3.8940  AGAGAGAGAGGGG
   108      1    -7.6351538195   0.000483164289       0.5841  AGAGAGAGAGTGG
   109      1   -12.3138880095   0.000004488967       0.0054  AGAGAGAGGGGTA
   110      1   -19.5524240568   0.000000003225       0.0000  AGAGAGGAGATAA
   111      1   -13.6376977181   0.000001194602       0.0014  AGAGAGTGAGGAC
   112      1   -12.8937193317   0.000002513789       0.0030  AGAGCGAGAGAAC
   113      1   -11.4343029970   0.000010817958       0.0131  AGAGGGAAAGAGA
   114      1   -11.0974832707   0.000015150405       0.0183  AGAGGGAGAGACA
   115      1   -12.7325449675   0.000002953425       0.0036  AGAGGGAGAGTTA
   116      1   -19.4154260958   0.000000003698       0.0000  AGATACATAAACA
   117      1   -23.7488536325   0.000000000049       0.0000  AGCAGAAAGGATG
   118      1   -11.8830349992   0.000006906587       0.0084  AGGAAGAAAAAAA
   119      1   -16.6122807909   0.000000061007       0.0001  AGGAAGAAAGTGG
   120      1   -13.1477513115   0.000001949863       0.0024  AGGAGAGAGAAGT
   121      1   -13.0780037772   0.000002090716       0.0025  AGGAGGGGGAAAG
   122      1   -12.2838887363   0.000004625673       0.0056  AGGGAGGAGGAGA
   123      1    -7.5514511272   0.000525347228       0.6351  AGGGGGGGGGAGG
   124      1   -13.2924012088   0.000001687266       0.0020  AGTGAGAGAGGAT
   125      1   -12.1794549807   0.000005134875       0.0062  AGTGTGTGTGCTT
   126      1   -14.5284731443   0.000000490190       0.0006  ATAAAAGAAATAG
   127      1   -20.2626134108   0.000000001585       0.0000  ATAAAGACAACCT
   128      1   -13.8877062710   0.000000930349       0.0011  ATAAATAAAATAT
   129      1   -20.3771292131   0.000000001414       0.0000  ATACAAACTTAAA
   130      1    -9.6476327382   0.000064578260       0.0781  ATACACACACAAA
   131      1   -10.4763514844   0.000028195406       0.0341  ATACATACACTTT
   132      1   -11.9244025364   0.000006626707       0.0080  ATACATATATGTT
   133      1   -16.4727694000   0.000000070140       0.0001  ATACATGTATCCT
   134      1   -20.9371692784   0.000000000807       0.0000  ATACGTGGGCCTT
   135      1    -8.9903732665   0.000124603574       0.1506  ATATATATATAAT
   136      1    -8.3326829776   0.000240525853       0.2908  ATATATATATATG
   137      1    -7.3933054115   0.000615358575       0.7440  ATATATATATATT
   138      1    -8.4758062776   0.000208451058       0.2520  ATATATATATTTA
   139      2    -6.4658531055   0.001555663548       1.8808  ATATATATATTTT
   140      1   -15.7605095446   0.000000142987       0.0002  ATATGTACATACG
   141      1   -13.4451009384   0.000001448328       0.0018  ATATGTATATCGT
   142      1   -20.7730854992   0.000000000951       0.0000  ATCTACATTTGCT
   143      1   -17.9192225862   0.000000016511       0.0000  ATCTCTCTATTAA
   144      1   -12.1278784039   0.000005406663       0.0065  ATCTCTCTCTGTC
   145      1   -16.5198919343   0.000000066912       0.0001  ATGTATCTATAAT
   146      1   -16.1362663526   0.000000098199       0.0001  ATGTGTGAGTTCC
   147      1   -14.3492304565   0.000000586419       0.0007  ATGTGTGCGTAGA
   148      1   -16.7525352580   0.000000053023       0.0001  ATGTGTGTATCAC
   149      1   -11.7023847059   0.000008274064       0.0100  ATGTGTGTGTTGG
   150      1   -20.7119909222   0.000000001011       0.0000  ATTACCTATAGAA
   151      1   -17.8297743555   0.000000018056       0.0000  ATTGATTTTTTAT
   152      1   -14.0947138436   0.000000756386       0.0009  ATTTCTCTCTATT
   153      1   -14.1151779393   0.000000741065       0.0009  ATTTCTTTTCTTT
   154      1   -17.4253396956   0.000000027056       0.0000  ATTTGTATATGCC
   155      1   -15.9132389125   0.000000122735       0.0001  ATTTTTATTTTAA
   156      1    -7.6498194846   0.000476130070       0.5756  CAAAAAAAAAAAA
   157      1   -17.9215036887   0.000000016474       0.0000  CAAAAATGAGAAA
   158      1   -23.0100203305   0.000000000102       0.0000  CAAAAGGAAGCGC
   159      1   -24.7712709184   0.000000000017       0.0000  CAAACCCAGGAAC
   160      1   -13.4636090791   0.000001421768       0.0017  CACAAACACAATA
   161      1   -11.9743549884   0.000006303819       0.0076  CACAAACACAGAA
   162      5    -7.0912192341   0.000832381878       1.0063  CACACACACAAAA
   163      2    -9.2766706949   0.000093582169       0.1131  CACACACACAAAC
   164      1    -9.4570254919   0.000078138670       0.0945  CACACACACAAAT
   165      1    -8.8388820154   0.000144984747       0.1753  CACACACACAAGA
   166      1    -9.8628463582   0.000052073918       0.0630  CACACACACAAGG
   167      1    -7.6468529339   0.000477544631       0.5774  CACACACACACAC
   168      1    -9.7978589710   0.000055570450       0.0672  CACACACACACCA
   169      1    -7.3854223104   0.000620228679       0.7499  CACACACACACCC
   170      1    -8.8956847393   0.000136978752       0.1656  CACACACACACCT
   171      2    -9.7589682849   0.000057774198       0.0698  CACACACACACGA
   172      1    -8.8364699413   0.000145334883       0.1757  CACACACACACGC
   173      1    -8.5543003999   0.000192714565       0.2330  CACACACACATAA
   174      1    -8.7038363535   0.000165947953       0.2006  CACACACACATAC
   175      1   -10.5492996617   0.000026211832       0.0317  CACACACACATGG
   176      1   -13.5263678066   0.000001335282       0.0016  CACACACATACTA
   177      1   -12.9233993548   0.000002440276       0.0030  CACACACATAGAC
   178      1   -13.8910356073   0.000000927257       0.0011  CACACATACAGCA
   179      1   -13.1238909299   0.000001996947       0.0024  CACACATACATGT
   180      1   -21.4994721585   0.000000000460       0.0000  CACACATTCGAGT
   181      1   -16.5991195364   0.000000061815       0.0001  CACACGGACAGGG
   182      1   -12.8548396365   0.000002613449       0.0032  CACAGACACACCT
   183      1   -14.9949195436   0.000000307460       0.0004  CACATACGCATTC
   184      1   -16.0837323088   0.000000103496       0.0001  CACATATACAGGT
   185      1   -19.1665293565   0.000000004743       0.0000  CACATTTATAATT
   186      1   -16.8898303486   0.000000046221       0.0001  CACCCACGCATTT
   187      1   -11.7984889559   0.000007515906       0.0091  CACGCACACAGAA
   188      1   -11.5828781334   0.000009324380       0.0113  CACGCACACGCCC
   189      1   -16.8184870197   0.000000049639       0.0001  CACGCGCACATGA
   190      1   -23.2211860476   0.000000000082       0.0000  CACGCTTGCAACT
   191      1   -21.3068171392   0.000000000558       0.0000  CACGCTTGCACCT
   192      1   -16.7183397234   0.000000054868       0.0001  CAGAAAAACAAAG
   193      1   -23.4106527793   0.000000000068       0.0000  CAGACTAATATAT
   194      1   -12.4215863727   0.000004030636       0.0049  CAGAGAGAGACAC
   195      1   -10.2656055218   0.000034810012       0.0421  CAGAGAGAGAGAA
   196      1   -17.0324162192   0.000000040079       0.0000  CATAAACGCACCC
   197      1   -13.2578784993   0.000001746532       0.0021  CATAAATATAGAA
   198      1   -12.2029582207   0.000005015596       0.0061  CATACACACAAAC
   199      1   -16.5911012761   0.000000062313       0.0001  CATACATACAGCA
   200      1   -13.4748415204   0.000001405888       0.0017  CATACATATAGAT
   201      1   -14.2884446571   0.000000623171       0.0008  CATATACATAAAT
   202      1    -9.2831000015   0.000092982431       0.1124  CATATATATAAAA
   203      1   -14.9698133382   0.000000315277       0.0004  CATATATATGCAT
   204      1   -20.5571784260   0.000000001181       0.0000  CATATGCGTGCAT
   205      1   -18.1913900421   0.000000012577       0.0000  CATATGTGTAAGT
   206      1   -19.2851434665   0.000000004213       0.0000  CATCGCCCTCACT
   207      1   -21.1736328381   0.000000000637       0.0000  CATGCACTCAACT
   208      1   -18.1590662894   0.000000012990       0.0000  CATGTACGTGTAG
   209      1   -14.0059485624   0.000000826597       0.0010  CATTCTCTCTTTC
   210      1   -19.9813771277   0.000000002100       0.0000  CATTTATCTATGT
   211      1   -21.4622205441   0.000000000478       0.0000  CATTTATCTCGTA
   212      1   -21.8017954824   0.000000000340       0.0000  CCAACAAAGAGGC
   213      1   -18.0762182849   0.000000014112       0.0000  CCACACGTACTCA
   214      1   -22.7955311669   0.000000000126       0.0000  CCATCTCTTCAAC
   215      1   -12.5038823157   0.000003712213       0.0045  CCCACCCACATTT
   216      1   -15.1612409560   0.000000260349       0.0003  CCCACCCACCCAC
   217      1   -21.5815344051   0.000000000424       0.0000  CCCATCAACAAAA
   218      1   -10.6631407348   0.000023391433       0.0283  CCCCACCCCCCAC
   219      3    -6.3030202133   0.001830767112       2.2134  CCCCCCCCCCACC
   220      1    -7.8294107370   0.000397859855       0.4810  CCCCCCCCCCACT
   221      2    -6.8050231059   0.001108194565       1.3398  CCCCCCCCCCCCA
   222     63    -4.1596420742   0.015613145268      18.8763  CCCCCCCCCCCCC
   223      1    -6.9504165724   0.000958235896       1.1585  CCCCCCCCCCCCG
   224      1    -6.9943844146   0.000917017122       1.1087  CCCCCCCCCCCGC
   225      1    -9.6999104011   0.000061288986       0.0741  CCCCCCCCCCCGG
   226      1    -8.5170514994   0.000200028340       0.2418  CCCCCCCCCCCTG
   227      3    -6.4484136798   0.001583031373       1.9139  CCCCCCCCCCGCC
   228      1    -9.1361699209   0.000107699036       0.1302  CCCCCCCCCCGCG
   229      2    -8.0326267889   0.000324694185       0.3926  CCCCCCCCCCGTC
   230      7    -5.2935864544   0.005023710603       6.0737  CCCCCCCCCCTCC
   231      1    -8.0594465765   0.000316101695       0.3822  CCCCCCCCCCTCG
   232      1    -9.3391310456   0.000087915798       0.1063  CCCCCCCCCCTTA
   233      1   -10.4275415729   0.000029605761       0.0358  CCCCCCCCTCCTT
   234      2    -8.0337762848   0.000324321164       0.3921  CCCCCCCTCCTCC
   235      1   -13.5874416767   0.000001256172       0.0015  CCCCCCTTCCTAC
   236      1   -11.6094019752   0.000009080312       0.0110  CCCCCTCCTCTCC
   237      1   -10.7645154050   0.000021136368       0.0256  CCCCGCCCCCCCA
   238      1    -9.8284798835   0.000053894621       0.0652  CCCCTCCCCCCTT
   239      1   -16.4403332978   0.000000072453       0.0001  CCCCTCTCCCAGG
   240      1   -11.0400069288   0.000016046707       0.0194  CCCCTCTCCCCCT
   241      1   -15.3342308593   0.000000218992       0.0003  CCCCTTCTCCCTT
   242      1   -16.3113454476   0.000000082428       0.0001  CCCCTTTTCCTCC
   243      1   -19.1023873607   0.000000005058       0.0000  CCCCTTTTCTATT
   244      1   -15.9951563562   0.000000113082       0.0001  CCCGCCCCCCAGG
   245      1   -20.3214643550   0.000000001495       0.0000  CCCTATTACTTCT
   246      1   -17.3943460166   0.000000027908       0.0000  CCCTCTATCTGGG
   247      1   -11.1040009495   0.000015051981       0.0182  CCCTCTCTCTGTT
   248      1   -15.4260292368   0.000000199784       0.0002  CCCTCTTCCTTTC
   249      1   -18.0181764910   0.000000014956       0.0000  CCCTGCCTCTAGT
   250      1   -19.9019369889   0.000000002274       0.0000  CCCTTCTTCCATT
   251      1   -14.2211335142   0.000000666561       0.0008  CCGCCCCCGCCAA
   252      1   -18.2721070614   0.000000011602       0.0000  CCGCCCCTCCAGG
   253      1   -22.5438359068   0.000000000162       0.0000  CCTACTTACAAAT
   254      1    -7.0859601939   0.000836770939       1.0117  CCTCCCCCCCCCC
   255      2    -9.7885060934   0.000056092632       0.0678  CCTCCCCCCCTTC
   256      1    -9.8195778790   0.000054376533       0.0657  CCTCCCCCTCGCC
   257      1   -11.2842288822   0.000012569606       0.0152  CCTCCCCCTCTCA
   258      1   -20.3915152980   0.000000001393       0.0000  CCTCCCGTCCATG
   259      1   -11.9155130420   0.000006685878       0.0081  CCTCTCCCTCTTT
   260      1    -8.7922664555   0.000151903295       0.1837  CCTCTCTCTCTTT
   261      1   -15.4838853838   0.000000188553       0.0002  CCTCTTCCCCTTC
   262      1   -20.3001206843   0.000000001527       0.0000  CCTTCGTCTCAAC
   263      1   -10.3809587879   0.000031017506       0.0375  CCTTCTCTCTCCC
   264      1   -18.4486776960   0.000000009724       0.0000  CCTTCTCTTCTAC
   265      1   -12.4068401467   0.000004090513       0.0049  CCTTCTCTTTTTT
   266      1   -12.8050608277   0.000002746836       0.0033  CCTTTTCTTTTTT
   267      1   -13.5281400657   0.000001332918       0.0016  CCTTTTTTTTCTA
   268      3    -9.6187883366   0.000066468106       0.0804  CCTTTTTTTTTTT
   269      1   -17.4608853196   0.000000026112       0.0000  CGCATATACATAG
   270      1   -14.8952782851   0.000000339674       0.0004  CGCGCATGCGTGC
   271      1   -12.4548962886   0.000003898587       0.0047  CGCGCGCACGACC
   272      1   -10.7223829114   0.000022045922       0.0267  CGCGCGCGCGAAC
   273      1    -9.7804805922   0.000056544615       0.0684  CGCGCGCGCGAGC
   274      1    -8.4179062125   0.000220876638       0.2670  CGCGCGCGCGCGG
   275      1   -10.7827743188   0.000020753943       0.0251  CGCGCGCGCGGAC
   276      2    -7.4005968357   0.000610888052       0.7386  CGCGCGCGCGGGG
   277      1   -13.5283891368   0.000001332586       0.0016  CGCGCGCGTGTAT
   278      1   -15.3624877011   0.000000212891       0.0003  CGCGCTCGCGGCT
   279      1   -19.1792395430   0.000000004683       0.0000  CGGCGTGCGCTGA
   280      1   -14.4142134975   0.000000549524       0.0007  CGGGCGCGGGGGC
   281      1   -14.9921339499   0.000000308318       0.0004  CGTACATATAAGA
   282      1   -22.8946437095   0.000000000114       0.0000  CGTACATGCGAAT
   283      1   -16.7345615990   0.000000053985       0.0001  CGTATACACACTC
   284      1   -20.6339884085   0.000000001093       0.0000  CGTATACTTACTT
   285      1   -14.4579686492   0.000000525998       0.0006  CGTATATATACGT
   286      1   -12.6415303992   0.000003234842       0.0039  CGTGCGCGTGAAA
   287      1   -18.0066869424   0.000000015128       0.0000  CGTGCGCTTGAAC
   288      1   -11.4281617983   0.000010884598       0.0132  CGTGTGTGTGTGC
   289      1   -12.3110066536   0.000004501920       0.0054  CGTGTGTGTGTTA
   290      1   -12.9681285354   0.000002333530       0.0028  CGTTTTTTTTGTT
   291      1   -15.6790833385   0.000000155117       0.0002  CTACATATACTTC
   292      1   -12.6209395389   0.000003302141       0.0040  CTATTTCTATTTT
   293      1   -17.4887605912   0.000000025394       0.0000  CTCACACGCAGGT
   294      1   -10.6781076563   0.000023043942       0.0279  CTCCCCCCCCATC
   295      1    -9.4251531868   0.000080669243       0.0975  CTCCCCCCCCTTT
   296      1   -17.5430182114   0.000000024053       0.0000  CTCCCTCACCAAC
   297      1   -14.7178773943   0.000000405609       0.0005  CTCCCTCCCTCAC
   298      1   -11.6202692768   0.000008982168       0.0109  CTCCCTCTCCTCC
   299      1   -10.2201977949   0.000036427091       0.0440  CTCCCTCTCCTTT
   300      1   -12.9854663316   0.000002293420       0.0028  CTCCCTCTCTTAC
   301      1   -14.0824321710   0.000000765733       0.0009  CTCCCTTTCTCCT
   302      1   -14.8789925404   0.000000345252       0.0004  CTCCTCCTCCTTC
   303      1   -16.9097894479   0.000000045308       0.0001  CTCCTCTCTCTCG
   304      1   -17.3373988566   0.000000029544       0.0000  CTCCTTCTCCAAT
   305      1   -13.8382422273   0.000000977525       0.0012  CTCCTTTCCCTTT
   306      1   -16.1711816854   0.000000094830       0.0001  CTCCTTTTCTTCC
   307      1   -17.6065762004   0.000000022572       0.0000  CTCGCCCACATCT
   308      1   -20.8731553226   0.000000000861       0.0000  CTCGTAAACGTTT
   309      1   -15.9853470033   0.000000114196       0.0001  CTCTCCTTCTATA
   310      1   -10.4835728632   0.000027992530       0.0338  CTCTCTATCTCTT
   311      1   -10.3316897297   0.000032583982       0.0394  CTCTCTCTCTAAC
   312      2    -7.7284291502   0.000440134960       0.5321  CTCTCTCTCTATT
   313      1    -6.1455778689   0.002142937197       2.5908  CTCTCTCTCTCCC
   314      1    -6.2281433383   0.001973111899       2.3855  CTCTCTCTCTCTC
   315      1    -6.4259364409   0.001619016455       1.9574  CTCTCTCTCTCTT
   316      1    -7.5296390325   0.000536932037       0.6492  CTCTCTCTCTTCT
   317      1    -9.3374785151   0.000088061201       0.1065  CTCTCTCTCTTGC
   318      3    -5.7404408502   0.003213351356       3.8849  CTCTCTCTCTTTT
   319      1   -13.5604349666   0.000001290559       0.0016  CTCTCTCTTTAAC
   320      1    -9.4569341174   0.000078145810       0.0945  CTCTCTCTTTCTC
   321      1   -20.7712041303   0.000000000953       0.0000  CTCTGTGTATGAT
   322      1   -12.0258317261   0.000005987529       0.0072  CTCTTTCCCTCTC
   323      1   -12.1823473587   0.000005120045       0.0062  CTCTTTCCCTCTT
   324      1   -10.8544044986   0.000019319328       0.0234  CTCTTTCTCTATC
   325      1    -9.8472595288   0.000052891943       0.0639  CTCTTTCTCTTCC
   326      1   -10.0732205839   0.000042194504       0.0510  CTCTTTCTCTTCT
   327      1    -8.2574513823   0.000259319055       0.3135  CTCTTTCTCTTTT
   328      1   -16.6908807324   0.000000056395       0.0001  CTCTTTCTTCTTC
   329      1   -17.7193943068   0.000000020163       0.0000  CTCTTTTCCCCTT
   330      1   -21.6938234572   0.000000000379       0.0000  CTGCTCGTGCGAC
   331      1   -16.8043053605   0.000000050348       0.0001  CTGTGTATGTGCA
   332      1   -11.7625607181   0.000007790849       0.0094  CTGTGTGTGTTCT
   333      1   -19.1884623992   0.000000004640       0.0000  CTGTTTTCGTAAT
   334      1   -15.7267267407   0.000000147900       0.0002  CTTATATATAAGT
   335      1   -21.1256177178   0.000000000669       0.0000  CTTATTTATGCAA
   336      1   -17.0301960842   0.000000040168       0.0000  CTTCTCCTTCCTT
   337      1   -15.0679609465   0.000000285804       0.0003  CTTCTTCCCCTTT
   338      1   -12.8152690187   0.000002718938       0.0033  CTTCTTTCTTTTT
   339      1   -17.2330342511   0.000000032794       0.0000  CTTGTCTTTTCTC
   340      1   -16.2680609518   0.000000086074       0.0001  CTTTCCTTCTCCT
   341      1   -13.9054120325   0.000000914021       0.0011  CTTTCCTTTTTCC
   342      1   -14.9632349498   0.000000317358       0.0004  CTTTCTCCTTCTA
   343      1    -8.6663075226   0.000172294123       0.2083  CTTTCTCTCTTTT
   344      2    -9.0841744655   0.000113447037       0.1372  CTTTCTCTTTTTT
   345      1   -17.4250808113   0.000000027063       0.0000  CTTTCTTTTCAAT
   346      1   -14.6156311118   0.000000449275       0.0005  CTTTCTTTTTAGA
   347      1   -10.8241626433   0.000019912505       0.0241  CTTTCTTTTTCCT
   348      1    -8.6227336387   0.000179967615       0.2176  CTTTCTTTTTTTT
   349      1   -11.0625397281   0.000015689173       0.0190  CTTTTTCTCTTTT
   350      1    -9.6109206532   0.000066993118       0.0810  CTTTTTTTTTCCT
   351      1    -7.8024864278   0.000408717468       0.4941  CTTTTTTTTTCTT
   352      1    -8.9443693033   0.000130469731       0.1577  CTTTTTTTTTTTA
   353      1    -6.2434367184   0.001943165920       2.3493  CTTTTTTTTTTTT
   354      1    -6.2015483489   0.002026290801       2.4498  GAAAAAAAAAAAA
   355      1    -8.7935765903   0.000151704412       0.1834  GAAAAAAAAACAA
   356      1   -13.6639596196   0.000001163638       0.0014  GAAAAAAAAACCT
   357      1   -12.1913054708   0.000005074384       0.0061  GAAAAAAAAGTAA
   358      1   -10.0958624962   0.000041249874       0.0499  GAAAGAAAAAAGA
   359      1   -10.4973488152   0.000027609550       0.0334  GAAAGAAAAATAA
   360      1   -17.4251574745   0.000000027061       0.0000  GAAAGAAAATACG
   361      1    -8.7537414301   0.000157869561       0.1909  GAAAGAGAGAGGG
   362      1   -16.5768969646   0.000000063204       0.0001  GAAAGGAAAACAC
   363      1   -20.0610798970   0.000000001939       0.0000  GAAATAAAGGAAC
   364      1   -20.3165766742   0.000000001502       0.0000  GAACAAATGCACA
   365      1   -15.9949331135   0.000000113107       0.0001  GAACACACACCAC
   366      1   -13.0361467794   0.000002180085       0.0026  GAAGAAAGAGACA
   367      1   -15.7022657172   0.000000151563       0.0002  GAAGAAGGGGAAG
   368      1   -16.2309450672   0.000000089329       0.0001  GAAGAGGGAAAAA
   369      1   -16.5388099679   0.000000065658       0.0001  GAAGATGGGGGGG
   370      1   -14.8238676902   0.000000364818       0.0004  GAAGGAAGAGATA
   371      1   -18.3351850328   0.000000010893       0.0000  GAAGGCGGAGTAA
   372      1   -13.7433148634   0.000001074866       0.0013  GAAGGGGGGGCGA
   373      1   -16.7139010607   0.000000055112       0.0001  GAAGTGAGAGGAT
   374      1   -10.0208506168   0.000044463114       0.0538  GACACACACAAAA
   375      1   -12.3553780933   0.000004306530       0.0052  GAGAAAAAAAAAC
   376      1   -14.9971616228   0.000000306772       0.0004  GAGAAAAAAAACT
   377      1   -11.6715066211   0.000008533537       0.0103  GAGAAAGAAAGGG
   378      1   -13.0250416510   0.000002204430       0.0027  GAGAAAGAGGAAG
   379      1   -12.4335636473   0.000003982648       0.0048  GAGAAGGAGAAAG
   380      1    -5.6155123245   0.003640943876       4.4019  GAGAGAGAGAAAA
   381      1    -6.9115433362   0.000996219108       1.2044  GAGAGAGAGAAGG
   382      1   -10.8967492239   0.000018518335       0.0224  GAGAGAGAGACCA
   383      1    -6.1525015209   0.002128151490       2.5729  GAGAGAGAGAGAA
   384      2    -5.9478381155   0.002611480139       3.1573  GAGAGAGAGAGAG
   385      1    -8.1553998751   0.000287180427       0.3472  GAGAGAGAGAGAT
   386      1    -9.0634385862   0.000115824020       0.1400  GAGAGAGAGAGCA
   387      2    -5.8171411276   0.002976101288       3.5981  GAGAGAGAGAGGG
   388      1    -7.5589108742   0.000521442852       0.6304  GAGAGAGAGATAA
   389      1   -10.0381290824   0.000043701458       0.0528  GAGAGAGAGATAC
   390      1   -10.7100368432   0.000022319790       0.0270  GAGAGAGAGATGC
   391      1    -8.8545481120   0.000142731101       0.1726  GAGAGAGGGAGAG
   392      1   -11.5625832785   0.000009515550       0.0115  GAGAGAGGGAGTA
   393      1   -10.8584079395   0.000019242139       0.0233  GAGAGAGGGATGG
   394      1   -13.5841841021   0.000001260271       0.0015  GAGAGGGAAAAGA
   395      1   -11.9875964702   0.000006220897       0.0075  GAGAGGGGGAGAA
   396      1   -12.5693614273   0.000003476928       0.0042  GAGAGTGAGAATA
   397      1   -17.0293315265   0.000000040203       0.0000  GAGCGAGCACGAC
   398      1   -10.8832591012   0.000018769842       0.0227  GAGCGCGCGCGAG
   399      1   -16.4920852271   0.000000068798       0.0001  GAGGGAGGGATCG
   400      1   -11.5657296502   0.000009485657       0.0115  GAGGGAGGGGTAG
   401      1   -12.4268950537   0.000004009295       0.0048  GATATATATATAC
   402      1   -24.0510993655   0.000000000036       0.0000  GATGCAGACGATG
   403      1   -24.0167111802   0.000000000037       0.0000  GCAAAATGAGAAC
   404      1   -17.5205859304   0.000000024598       0.0000  GCAAGAAGAAAGA
   405      1   -11.8229620653   0.000007334201       0.0089  GCACACACACGGA
   406      1   -14.5629040958   0.000000473599       0.0006  GCACACATACGGA
   407      1   -13.2725437135   0.000001721106       0.0021  GCACGCGCACCCA
   408      1   -17.4663512765   0.000000025969       0.0000  GCACGTACACAGT
   409      1   -15.6091302152   0.000000166357       0.0002  GCACGTACACTCT
   410      1   -15.2077344657   0.000000248522       0.0003  GCAGAGAGAGAAT
   411      1   -22.1709485934   0.000000000235       0.0000  GCCACATGCAATC
   412      1   -12.6382087346   0.000003245605       0.0039  GCCCCCCCCCACA
   413      1   -19.3230753876   0.000000004056       0.0000  GCCCGACCCCATC
   414      1   -22.3680340327   0.000000000193       0.0000  GCCTGCCTCGGTG
   415      1   -14.5295058830   0.000000489684       0.0006  GCGAGAGAGAATC
   416      1   -14.6273751971   0.000000444029       0.0005  GCGAGTGTGTTTT
   417      1    -9.6527692374   0.000064247404       0.0777  GCGCGCGCGCCCG
   418      1    -9.5142745070   0.000073790947       0.0892  GCGCGCGCGCGAA
   419      1    -8.3934643217   0.000226341798       0.2736  GCGCGCGCGCGCC
   420      1   -17.8663990796   0.000000017407       0.0000  GCGGGCGTGGATA
   421      1   -14.7470985469   0.000000393928       0.0005  GCGGGGGGGGCAT
   422      1   -14.2623696200   0.000000639634       0.0008  GCGTATGTGTTCC
   423      1   -16.2721342665   0.000000085724       0.0001  GCGTGTATGTGAC
   424      1   -22.9727447398   0.000000000105       0.0000  GCTCGTATATTTC
   425      1   -14.0321565033   0.000000805215       0.0010  GGAAGAAAAAAAT
   426      1   -10.3503368959   0.000031982013       0.0387  GGAGAGAGAGAGT
   427      1    -7.0742032466   0.000846666870       1.0236  GGAGAGAGAGGGG
   428      1   -10.3060139857   0.000033431433       0.0404  GGAGAGAGGGGGG
   429      1    -9.2908961561   0.000092260344       0.1115  GGAGAGGGAGGGG
   430      1   -12.6415442829   0.000003234797       0.0039  GGAGAGTGAGGAG
   431      1   -15.9092596850   0.000000123224       0.0001  GGAGAGTGGGGAA
   432      1   -14.9080992968   0.000000335347       0.0004  GGAGGCGGAGGAA
   433      1   -13.4334513583   0.000001465299       0.0018  GGAGGGAGGGCGA
   434      1   -17.8848930851   0.000000017088       0.0000  GGAGGGATGGGAC
   435      1   -11.2815204947   0.000012603695       0.0152  GGAGGGGGAGCGA
   436      1   -18.3048552662   0.000000011228       0.0000  GGAGGTGGCGGGC
   437      1   -19.2446043504   0.000000004387       0.0000  GGAGTGAAAGATC
   438      1   -16.8134229407   0.000000049891       0.0001  GGCGCGAGGGGGA
   439      1   -18.4717263571   0.000000009502       0.0000  GGCGGGGAAGTTG
   440      1   -14.9377077408   0.000000325564       0.0004  GGCGGGTGGGAGA
   441      1    -9.2278211207   0.000098267115       0.1188  GGGAGAGAGAAAG
   442      1    -9.4000552606   0.000082719494       0.1000  GGGAGAGAGAAGA
   443      1   -15.6119586502   0.000000165887       0.0002  GGGAGGGAAAATA
   444      1   -13.3835103569   0.000001540335       0.0019  GGGAGGGAGATAT
   445      1   -15.3712329145   0.000000211037       0.0003  GGGAGGGAGGGCT
   446      1   -11.4374961876   0.000010783470       0.0130  GGGAGGGGGGACG
   447      1    -9.7922598366   0.000055882469       0.0676  GGGAGGGGGGAGA
   448      1   -10.2218476740   0.000036367041       0.0440  GGGGAGAGGGAGG
   449      1   -12.3669558352   0.000004256958       0.0051  GGGGAGGGAGAAG
   450      1    -6.4285599854   0.001614774460       1.9523  GGGGAGGGGGGGG
   451      1   -13.0206365914   0.000002214162       0.0027  GGGGAGGGTGTGG
   452      1   -17.3570677333   0.000000028968       0.0000  GGGGCGCGGGCAA
   453      1    -7.7098226363   0.000448401000       0.5421  GGGGGGGAGGAGG
   454      1    -6.5320914417   0.001455957613       1.7603  GGGGGGGAGGGGG
   455      1    -8.0994483518   0.000303706631       0.3672  GGGGGGGCGGGGG
   456      1   -13.6682375452   0.000001158670       0.0014  GGGGGGGGAGCAT
   457      1   -11.2351032481   0.000013202515       0.0160  GGGGGGGGGAAGT
   458      1    -9.0496244981   0.000117435126       0.1420  GGGGGGGGGAGAG
   459      1   -12.6891934425   0.000003084277       0.0037  GGGGGGGGGATCG
   460      3    -6.5371657412   0.001448588361       1.7513  GGGGGGGGGGAAG
   461      1    -8.0481090955   0.000319705885       0.3865  GGGGGGGGGGACG
   462      1    -6.4028823941   0.001656774906       2.0030  GGGGGGGGGGAGA
   463      1    -7.9832112778   0.000341142159       0.4124  GGGGGGGGGGAGC
   464     14    -4.9550930732   0.007047424323       8.5203  GGGGGGGGGGAGG
   465      1    -7.9499211394   0.000352689977       0.4264  GGGGGGGGGGCAG
   466      3    -6.3451481445   0.001755242694       2.1221  GGGGGGGGGGCGG
   467      2    -8.4185293456   0.000220739045       0.2669  GGGGGGGGGGGAC
   468      4    -5.3902880724   0.004560659347       5.5138  GGGGGGGGGGGAG
   469      1    -5.3614438869   0.004694123429       5.6752  GGGGGGGGGGGGA
   470      2    -6.8351748740   0.001075279260       1.3000  GGGGGGGGGGGGC
   471    132    -3.7773581624   0.022883064983      27.6656  GGGGGGGGGGGGG
   472      1    -6.4276956665   0.001616170743       1.9540  GGGGGGGGGGGGT
   473      2    -6.4692574416   0.001550376551       1.8744  GGGGGGGGGGGTG
   474      1    -7.5424419319   0.000530101568       0.6409  GGGGGGGGGGTAG
   475      4    -5.9376689371   0.002638172234       3.1896  GGGGGGGGGGTGG
   476      1   -22.9430249116   0.000000000109       0.0000  GGTACAAACATTC
   477      1   -16.8337664347   0.000000048886       0.0001  GGTAGAGATACGT
   478      1    -7.8916575705   0.000373849379       0.4520  GGTGGGGGGGGGG
   479      1   -12.7211384415   0.000002987306       0.0036  GTACATATATTTT
   480      1   -18.6415494527   0.000000008018       0.0000  GTACGCATACACT
   481      1   -19.5198306285   0.000000003332       0.0000  GTACGTGCTCATA
   482      1   -16.4323541622   0.000000073033       0.0001  GTATACACATATT
   483      1   -16.7818992000   0.000000051489       0.0001  GTATATATTTAAC
   484      1   -11.2499950905   0.000013007362       0.0157  GTATGTGTGTATG
   485      1   -11.3013571364   0.000012356144       0.0149  GTCTCTCTCTTCT
   486      1   -12.3061020478   0.000004524054       0.0055  GTGAAAGAGAAAA
   487      1   -13.5444209316   0.000001311393       0.0016  GTGAGTGTGAATT
   488      1   -17.9108436771   0.000000016650       0.0000  GTGCATATACGTG
   489      1   -18.4568607396   0.000000009645       0.0000  GTGGGGGTGGCAC
   490      1   -13.7279304353   0.000001091530       0.0013  GTGGGTGGGGTTG
   491      1   -13.7931886935   0.000001022573       0.0012  GTGTATATATAGA
   492      1   -13.1882686066   0.000001872439       0.0023  GTGTGCGTGTACG
   493      1   -14.8071381923   0.000000370972       0.0004  GTGTGTGCGCATT
   494      1   -11.9855059274   0.000006233916       0.0075  GTGTGTGTATATA
   495      1    -8.7527618912   0.000158024276       0.1911  GTGTGTGTGTATA
   496      1    -8.1419414562   0.000291071547       0.3519  GTGTGTGTGTGAG
   497      1    -6.9725872729   0.000937224910       1.1331  GTGTGTGTGTGGG
   498      1    -8.4478308029   0.000214364911       0.2592  GTGTGTGTGTGTA
   499      1    -7.2238353065   0.000729001108       0.8814  GTGTGTGTGTGTG
   500      1   -21.6447308023   0.000000000398       0.0000  GTGTGTTTACAAT
   501      1   -12.3405682641   0.000004370784       0.0053  GTGTTTGTGTTCT
   502      1   -18.6345106622   0.000000008075       0.0000  GTTCCCTCTCTGG
   503      1    -7.2423402771   0.000715635015       0.8652  TAAAAAAAAAAAA
   504      1    -9.3981151471   0.000082880135       0.1002  TAAAAAAAAATAA
   505      1   -13.2081152152   0.000001835644       0.0022  TAAAAAAAGACAA
   506      1   -20.4857419960   0.000000001268       0.0000  TAAACAAAGACTG
   507      1   -19.0303640593   0.000000005435       0.0000  TAAACATGTATTA
   508      1   -22.8157352064   0.000000000123       0.0000  TAAGTCATATTAT
   509      1   -13.6213969759   0.000001214234       0.0015  TACATACATATAA
   510      1   -13.3587203592   0.000001578998       0.0019  TACATACGCAAAA
   511      1   -10.7371395033   0.000021722988       0.0263  TACATATACATAT
   512      1   -15.4234389800   0.000000200302       0.0002  TACATATTTACTT
   513      1   -17.3235211750   0.000000029956       0.0000  TACCCTCTCTGTT
   514      1   -24.0585351455   0.000000000036       0.0000  TAGGCGGGGCATT
   515      1   -13.4403526430   0.000001455221       0.0018  TATAAATATACAG
   516      1   -13.8512429200   0.000000964899       0.0012  TATATAGATACGT
   517      2    -6.5598831034   0.001416051232       1.7120  TATATATATAAAA
   518      1    -9.1870210768   0.000102359332       0.1238  TATATATATACAC
   519      1   -10.0398150454   0.000043627841       0.0527  TATATATATAGAC
   520      1    -9.2359483806   0.000097471710       0.1178  TATATATATAGGA
   521      1    -8.8368815538   0.000145275074       0.1756  TATATATATAGGG
   522      1    -7.4135058473   0.000603052773       0.7291  TATATATATATAA
   523      1    -6.8847745160   0.001023246855       1.2371  TATATATATATAT
   524      1    -9.3080877843   0.000090687794       0.1096  TATATATATATCC
   525      2    -8.9292096227   0.000132462679       0.1601  TATATATATATTA
   526      1    -6.5348275241   0.001451979438       1.7554  TATATATATATTT
   527      1   -12.8232422583   0.000002697346       0.0033  TATATATCTATTC
   528      1   -13.6319055869   0.000001201541       0.0015  TATATATGTACTG
   529      1   -12.8732169298   0.000002565860       0.0031  TATATCTATAAAG
   530      1   -13.3549528736   0.000001584958       0.0019  TATATGTGTATAA
   531      1   -12.6327539299   0.000003263358       0.0039  TATATTTTTATTT
   532      1   -14.0103548281   0.000000822963       0.0010  TATGTATATAATC
   533      1   -17.9252791705   0.000000016412       0.0000  TATGTATATCCGT
   534      1   -13.3807690405   0.000001544564       0.0019  TATGTGTATGTAA
   535      1   -11.8698317800   0.000006998381       0.0085  TATGTGTATGTTT
   536      1   -13.8327703652   0.000000982888       0.0012  TCACACACACCGT
   537      1   -14.9303795640   0.000000327958       0.0004  TCCCCCCCTCGCG
   538      1   -12.1505196388   0.000005285625       0.0064  TCCCCCTCTCTTT
   539      1   -14.6519715333   0.000000433241       0.0005  TCCCTCCCCTTTC
   540      1   -16.9150120889   0.000000045072       0.0001  TCCTTTTCTCTTC
   541      1   -12.0443217742   0.000005877837       0.0071  TCCTTTTTCTCTT
   542      1   -14.2834867552   0.000000626268       0.0008  TCGCGCTCTCCCC
   543      1   -19.3998457869   0.000000003756       0.0000  TCGTCCGCGTGTC
   544      1   -13.6249237420   0.000001209959       0.0015  TCTATATATAACA
   545      1   -17.4441702123   0.000000026552       0.0000  TCTATTTGTTATT
   546      1    -9.9756646030   0.000046518308       0.0562  TCTCCCTCTCCCT
   547      1   -15.4771753284   0.000000189823       0.0002  TCTCCTTCTCCTA
   548      1   -13.6742108832   0.000001151770       0.0014  TCTCTCCCCCACC
   549      1   -12.1159583459   0.000005471497       0.0066  TCTCTCCTTCTCT
   550      1   -12.3718066210   0.000004236358       0.0051  TCTCTCTCACACC
   551      2    -6.0478339362   0.002362974821       2.8568  TCTCTCTCTCCCC
   552      1    -7.2868612382   0.000684473083       0.8275  TCTCTCTCTCCTT
   553      1   -11.1484446147   0.000014397664       0.0174  TCTCTCTCTCGAA
   554      1    -6.0881638446   0.002269572379       2.7439  TCTCTCTCTCTCT
   555      1    -7.3087014605   0.000669686102       0.8097  TCTCTCTCTCTTC
   556      1    -5.7781511434   0.003094431282       3.7412  TCTCTCTCTCTTT
   557      1    -9.7402506212   0.000058865780       0.0712  TCTCTCTCTTTCT
   558      1   -18.0012876402   0.000000015210       0.0000  TCTCTTTCTTAAG
   559      1   -19.4891192085   0.000000003435       0.0000  TCTTCTCGCTATT
   560      1   -17.4574979929   0.000000026200       0.0000  TCTTTCCCCTCTT
   561      1   -12.4946394608   0.000003746684       0.0045  TCTTTCTCTCATC
   562      1   -17.0279260124   0.000000040259       0.0000  TCTTTCTTTCCGA
   563      1   -14.5874424284   0.000000462119       0.0006  TCTTTTTCTTAAT
   564      1   -11.3189552876   0.000012140601       0.0147  TCTTTTTCTTCTT
   565      1    -9.7411550596   0.000058812564       0.0711  TCTTTTTTTTCTC
   566      1    -8.9533546389   0.000129302668       0.1563  TCTTTTTTTTGTT
   567      1   -11.0007628875   0.000016688964       0.0202  TCTTTTTTTTTCG
   568      1    -8.3244489077   0.000242514536       0.2932  TCTTTTTTTTTCT
   569      1    -6.5668224883   0.001406258724       1.7002  TCTTTTTTTTTTT
   570      1   -18.5714878678   0.000000008600       0.0000  TGCCCTCTCCCGC
   571      1   -20.3774514079   0.000000001413       0.0000  TGCTTGTTTGTGC
   572      1   -17.9306125120   0.000000016324       0.0000  TGCTTTGTTTTTG
   573      1   -20.5862065645   0.000000001147       0.0000  TGGACGAAAATTT
   574      1   -20.6948711901   0.000000001029       0.0000  TGGATGTAAAAGC
   575      1   -13.0243539801   0.000002205946       0.0027  TGGGTGTGTGAAA
   576      1   -15.0486665735   0.000000291372       0.0004  TGTAGATATAAAG
   577      1   -14.3189497257   0.000000604448       0.0007  TGTATCTATATAT
   578      1   -15.7061737948   0.000000150972       0.0002  TGTATGCATAATT
   579      1   -16.6744228836   0.000000057331       0.0001  TGTGCGCATGGGA
   580      1   -12.2269832149   0.000004896533       0.0059  TGTGTATATGTTT
   581      1   -16.2632908981   0.000000086485       0.0001  TGTGTGCTTGAGT
   582      1    -8.6127291285   0.000181777140       0.2198  TGTGTGTGTGAGA
   583      1    -7.8504953294   0.000389558960       0.4710  TGTGTGTGTGAGG
   584      2    -6.8692549444   0.001039251076       1.2565  TGTGTGTGTGGGG
   585      1    -8.3443148180   0.000237744303       0.2874  TGTGTGTGTGTCT
   586      1   -12.8549422641   0.000002613181       0.0032  TGTGTGTTTGATT
   587      1   -11.7962265858   0.000007532929       0.0091  TGTTTTTTTTACT
   588      1   -18.8646497757   0.000000006415       0.0000  TTAACACACATAA
   589      1   -23.2879184242   0.000000000077       0.0000  TTAACACTTATCT
   590      1   -10.6843478349   0.000022900591       0.0277  TTATATATATTAT
   591      1   -13.2250090973   0.000001804893       0.0022  TTATGTATATAAA
   592      1   -13.0214911275   0.000002212271       0.0027  TTATGTATATTAT
   593      1   -14.0672059508   0.000000777482       0.0009  TTATGTGTATTTA
   594      1   -14.8843567889   0.000000343404       0.0004  TTATGTGTGTGTA
   595      1   -13.4015496094   0.000001512798       0.0018  TTCCTCTTCCTTT
   596      1   -16.2992165002   0.000000083433       0.0001  TTCCTCTTCTTTC
   597      1   -17.8693432783   0.000000017356       0.0000  TTCCTTCTCTAGC
   598      1   -12.1796402283   0.000005133924       0.0062  TTCCTTTCTCCTT
   599      1   -13.0710630089   0.000002105278       0.0025  TTCTCCTTTTTTT
   600      1   -11.8670103203   0.000007018154       0.0085  TTCTCTCTCTAAT
   601      1    -8.7582385284   0.000157161200       0.1900  TTCTCTCTCTCTC
   602      1    -8.3160811615   0.000244552350       0.2957  TTCTCTCTCTCTT
   603      1   -14.3389406855   0.000000592485       0.0007  TTCTCTTCCTTTC
   604      1   -13.1900291983   0.000001869145       0.0023  TTCTCTTTCTGTC
   605      1   -11.6145751997   0.000009033459       0.0109  TTCTCTTTTTTCT
   606      1    -9.4595223288   0.000077943814       0.0942  TTCTTTCTCTATT
   607      1   -11.8433552804   0.000007186148       0.0087  TTCTTTTCCTCTT
   608      1    -9.0618031387   0.000116013599       0.1403  TTCTTTTTCTTTC
   609      1   -11.0580526574   0.000015759729       0.0191  TTCTTTTTTTCCC
   610      1   -10.9941406089   0.000016799850       0.0203  TTCTTTTTTTCTG
   611      1   -25.3127886553   0.000000000010       0.0000  TTGCTCAAACGGA
   612      1   -18.5162334156   0.000000009089       0.0000  TTTATACGTAATA
   613      1   -14.7090452825   0.000000409207       0.0005  TTTATTTTTACGC
   614      1   -12.2743118798   0.000004670185       0.0056  TTTCCTTCTCTTC
   615      1   -11.1958842489   0.000013730592       0.0166  TTTCTCTCTCCTA
   616      1   -13.0029689013   0.000002253629       0.0027  TTTCTTCTTCTCT
   617      1   -13.5130231137   0.000001353221       0.0016  TTTCTTTTCTTGT
   618      1    -9.6901995113   0.000061887056       0.0748  TTTCTTTTTCTTC
   619      1   -13.8370646808   0.000000978677       0.0012  TTTGTACGTGTTT
   620      1    -7.0249529792   0.000889409339       1.0753  TTTTATTTTTTTT
   621      1   -15.3389730153   0.000000217956       0.0003  TTTTCCTTCTTTC
   622      1   -16.6549052529   0.000000058461       0.0001  TTTTCCTTTTACG
   623      1   -16.7189687415   0.000000054833       0.0001  TTTTCCTTTTAGC
   624      1   -11.3854183258   0.000011359930       0.0137  TTTTCCTTTTCTT
   625      1   -11.2166446109   0.000013448478       0.0163  TTTTCTCTCTCTT
   626      1    -7.8838973926   0.000376761803       0.4555  TTTTCTTTTTCTT
   627      2    -8.2696246807   0.000256181423       0.3097  TTTTCTTTTTTTC
   628      2    -6.2520158762   0.001926566500       2.3292  TTTTCTTTTTTTT
   629      1   -13.1814982030   0.000001885159       0.0023  TTTTTCTTCTTTG
   630      1   -10.1363314296   0.000039613863       0.0479  TTTTTCTTTTCTC
   631      1   -11.2419289979   0.000013112704       0.0159  TTTTTTATATTTT
   632      1   -10.7022923221   0.000022493317       0.0272  TTTTTTCTTTATC
   633      1    -8.7211402938   0.000163101102       0.1972  TTTTTTCTTTATT
   634      3    -6.4783293680   0.001536375254       1.8575  TTTTTTCTTTTTT
   635      1    -6.3551267274   0.001737814956       2.1010  TTTTTTTCTTTTT
   636      1   -11.3490775661   0.000011780351       0.0142  TTTTTTTTCTCGT
   637      1    -6.8245234025   0.001086793781       1.3139  TTTTTTTTCTTTT
   638      1   -10.1578921010   0.000038768903       0.0469  TTTTTTTTTTACG
   639      1    -8.3182048296   0.000244033553       0.2950  TTTTTTTTTTAGT
   640      1    -8.0109613342   0.000331805590       0.4012  TTTTTTTTTTATA
   641      1    -7.4140069448   0.000602750661       0.7287  TTTTTTTTTTATC
   642      5    -5.4313835586   0.004377035726       5.2918  TTTTTTTTTTATT
   643      1    -9.1998563023   0.000101053922       0.1222  TTTTTTTTTTCAC
   644      1    -7.5677279299   0.000516865470       0.6249  TTTTTTTTTTCAT
   645      1    -7.7131213965   0.000446924270       0.5403  TTTTTTTTTTCGT
   646      3    -4.8254697050   0.008022784643       9.6995  TTTTTTTTTTCTT
   647      1    -8.4564746355   0.000212519962       0.2569  TTTTTTTTTTGGT
   648      2    -5.5767770252   0.003784744018       4.5758  TTTTTTTTTTGTT
   649      1    -8.5350164112   0.000196466935       0.2375  TTTTTTTTTTTAA
   650      2    -5.9376846839   0.002638130692       3.1895  TTTTTTTTTTTAT
   651      3    -7.0520372917   0.000865643591       1.0466  TTTTTTTTTTTCC
   652      2    -5.2370412574   0.005315962154       6.4270  TTTTTTTTTTTCT
   653      2    -5.8982185382   0.002744329385       3.3179  TTTTTTTTTTTTA
   654      7    -5.2102729593   0.005460183077       6.6014  TTTTTTTTTTTTC
   655      2    -6.0436120047   0.002372972228       2.8689  TTTTTTTTTTTTG
   656    131    -3.1884728376   0.041234795109      49.8529  TTTTTTTTTTTTT

 2

     1     96    -3.4065973078   0.033153820909      40.0830  AAAAAAAAAAAAA
     2      5    -6.4900680582   0.001518445662       1.8358  AAAAAAAAAAAAC
     3      6    -5.1582043953   0.005752018770       6.9542  AAAAAAAAAAAAG
     4      3    -6.0825888507   0.002282260566       2.7593  AAAAAAAAAAAAT
     5      5    -6.5299363445   0.001459098727       1.7641  AAAAAAAAAAACA
     6      3    -9.4608026663   0.000077844083       0.0941  AAAAAAAAAAACC
     7      3    -5.1853689270   0.005597871028       6.7678  AAAAAAAAAAAGA
     8      1    -7.8289335509   0.000398049754       0.4812  AAAAAAAAAAAGT
     9      4    -6.1224571370   0.002193060687       2.6514  AAAAAAAAAAATA
    10      1    -7.8411047738   0.000393234366       0.4754  AAAAAAAAAAATG
    11      3    -6.0139703106   0.002444364005       2.9552  AAAAAAAAAACAA
    12      1    -8.9251136887   0.000133006350       0.1608  AAAAAAAAAACAC
    13      2    -8.6207665270   0.000180321980       0.2180  AAAAAAAAAACAT
    14      4    -9.1183726635   0.000109632942       0.1325  AAAAAAAAAACCA
    15      1   -10.3398814158   0.000032318155       0.0391  AAAAAAAAAACCC
    16      9    -4.7676977115   0.008499926934      10.2764  AAAAAAAAAAGAA
    17      2    -6.3546729456   0.001738603724       2.1020  AAAAAAAAAAGAG
    18      1   -10.4102226654   0.000030122967       0.0364  AAAAAAAAAAGTC
    19      6    -5.6064911031   0.003673938237       4.4418  AAAAAAAAAATAA
    20      1    -8.6207665270   0.000180321980       0.2180  AAAAAAAAAATAC
    21      2    -8.1435005923   0.000290618080       0.3514  AAAAAAAAAATAT
    22      1    -8.7212565645   0.000163082139       0.1972  AAAAAAAAAATCA
    23      1   -10.8712026319   0.000018997510       0.0230  AAAAAAAAAATCC
    24      1    -7.2118106489   0.000737820012       0.8920  AAAAAAAAAGAAA
    25      1    -6.7857873685   0.001129717849       1.3658  AAAAAAAAGAAAA
    26      1    -9.9091245501   0.000049718943       0.0601  AAAAAAAAGAACA
    27      2    -8.5645482293   0.000190749744       0.2306  AAAAAAAAGAAGA
    28      1    -9.3931474385   0.000083292884       0.1007  AAAAAAAAGACAA
    29      1    -8.1468318528   0.000289651566       0.3502  AAAAAAAAGAGAA
    30      1    -9.6699895327   0.000063150516       0.0763  AAAAAAAGAAAGG
    31      1    -8.9216885474   0.000133462696       0.1614  AAAAAAAGAACAA
    32      1    -9.1540069008   0.000105795042       0.1279  AAAAAAGAAAATA
    33      1    -9.0454322229   0.000117928480       0.1426  AAAAAAGAAACAA
    34      1    -9.2782225231   0.000093437058       0.1130  AAAAAAGAGAAAA
    35      1    -8.0990862598   0.000303816621       0.3673  AAAAACAAAAAAA
    36      1    -9.5881732070   0.000068534506       0.0829  AAAAAGAAAAGAG
    37      1   -15.3525642224   0.000000215014       0.0003  AAAAAGAGAAACC
    38      1   -13.3265525966   0.000001630616       0.0020  AAAAAGAGAGAAC
    39      1   -20.1462190959   0.000000001781       0.0000  AAAAAGGAGGTGA
    40      1   -10.4039911066   0.000030311266       0.0366  AAAAATAAAAATA
    41      1   -14.2880824814   0.000000623397       0.0008  AAAAATAACAAAG
    42      1   -11.9482545911   0.000006470517       0.0078  AAAACAAAAACAG
    43      1   -16.3820607477   0.000000076800       0.0001  AAAACAGAAAACT
    44      2    -6.2105868733   0.002008058642       2.4277  AAAAGAAAAAAAA
    45      1    -9.3337861838   0.000088386954       0.1069  AAAAGAAAAAACA
    46      1   -13.8496753422   0.000000966412       0.0012  AAAAGAAGAATAT
    47      1   -10.2470266267   0.000035462788       0.0429  AAAAGAGAAAGAA
    48      1   -14.2215518174   0.000000666283       0.0008  AAAAGAGGGAAAG
    49      1   -17.9910816875   0.000000015366       0.0000  AAAAGCGAAAAGT
    50      1    -6.9441695166   0.000964240786       1.1658  AAAGAAAAAAAAA
    51      1   -14.3975106692   0.000000558780       0.0007  AAAGAAGAAAAGT
    52      1   -14.8314543404   0.000000362061       0.0004  AAAGAAGAGGGAA
    53      1   -13.6702122471   0.000001156384       0.0014  AAAGAGAAAGAGC
    54      1    -6.9109026476   0.000996857579       1.2052  AAAGAGAGAGAAA
    55      1    -9.5255065251   0.000072966763       0.0882  AAAGAGAGAGATA
    56      1   -12.0745149786   0.000005703018       0.0069  AAAGAGAGAGTAC
    57      1   -13.3377707371   0.000001612426       0.0019  AACACAAACAGAA
    58      1   -13.8069136516   0.000001008634       0.0012  AACCACCCCCAAA
    59      1   -20.7940640305   0.000000000932       0.0000  AACGTATGCGATC
    60      1    -9.8493637292   0.000052780765       0.0638  AAGAAAAAAAAGG
    61      1    -8.7525380542   0.000158059652       0.1911  AAGAAAAAGAAGA
    62      1   -18.7288811960   0.000000007348       0.0000  AAGAAAGGCATGA
    63      1   -18.7127548016   0.000000007467       0.0000  AAGACGGAGATAC
    64      1   -13.0470359842   0.000002156474       0.0026  AAGAGAAAGACAG
    65      1   -18.8141682842   0.000000006747       0.0000  AAGAGGAGGACAG
    66      1   -14.2940033484   0.000000619717       0.0007  AAGGAGAGGGCGA
    67      1   -14.5719597657   0.000000469330       0.0006  AAGGGAGAGACGA
    68      1   -12.8230295533   0.000002697920       0.0033  AAGGGAGAGAGGA
    69      1   -15.6637262268   0.000000157518       0.0002  AAGGGGGGAGGGC
    70      1   -27.2220743284   0.000000000002       0.0000  AATAGGAACCATT
    71      1   -13.8936178513   0.000000924865       0.0011  AATATACATAAAT
    72      1   -15.2674675020   0.000000234112       0.0003  AATATACATATCT
    73      1   -13.0883316345   0.000002069235       0.0025  ACAAACACACAGA
    74      3    -7.1547539912   0.000781141699       0.9444  ACACACACACAAA
    75      1    -8.8401069565   0.000144807258       0.1751  ACACACACACAAG
    76      2    -7.5628538381   0.000519390869       0.6279  ACACACACACACA
    77      1    -8.5017748220   0.000203107569       0.2456  ACACACACACATA
    78      1    -9.5752756868   0.000069424156       0.0839  ACACACACACATC
    79      1    -9.8384598179   0.000053359431       0.0645  ACACACACACCCG
    80      1    -8.5008824992   0.000203288888       0.2458  ACACACACACGAA
    81      1    -8.8484346443   0.000143606355       0.1736  ACACACACACGCC
    82      1    -9.3652340598   0.000085650623       0.1036  ACACACACACGGG
    83      1   -11.5800483607   0.000009350803       0.0113  ACACACATACAAG
    84      1   -18.2261175117   0.000000012148       0.0000  ACACGCGTGCCGC
    85      1   -14.4147966952   0.000000549204       0.0007  ACATACATACAGA
    86      1   -17.9016236269   0.000000016804       0.0000  ACATATATACGGC
    87      1   -11.9064076482   0.000006747033       0.0082  ACATATATATAGG
    88      1   -23.0055082749   0.000000000102       0.0000  ACATCTTTTTAGC
    89      1    -6.5265327361   0.001464073388       1.7701  AGAAAAAAAAAAA
    90      1   -12.4647586200   0.000003860327       0.0047  AGAAAAAAGAAGG
    91      1   -10.2537465231   0.000035225281       0.0426  AGAAAGAAAAAAG
    92      1   -12.6767031100   0.000003123042       0.0038  AGAAAGAGAAAAC
    93      1   -13.7789946926   0.000001037191       0.0013  AGAAAGAGAGCTA
    94      1   -15.7030536035   0.000000151443       0.0002  AGAAAGAGGGGTA
    95      1   -11.2845622471   0.000012565416       0.0152  AGAGAAAGAGACA
    96      1   -10.2314010864   0.000036021265       0.0435  AGAGAAAGAGGAG
    97      1   -20.5291717399   0.000000001214       0.0000  AGAGACAGACTCC
    98      1   -11.9113492315   0.000006713775       0.0081  AGAGAGAGAACAA
    99      1   -10.3516674277   0.000031939489       0.0386  AGAGAGAGAAGGA
   100      3    -5.6707317910   0.003445343082       4.1654  AGAGAGAGAGAAA
   101      3    -7.0028312431   0.000909303857       1.0993  AGAGAGAGAGAAG
   102      1    -8.3007845120   0.000248321939       0.3002  AGAGAGAGAGACA
   103      1    -8.1236086855   0.000296456908       0.3584  AGAGAGAGAGAGT
   104      1   -10.8109310507   0.000020177730       0.0244  AGAGAGAGAGCAC
   105      1    -9.2119444115   0.000099839725       0.1207  AGAGAGAGAGCAG
   106      1    -6.9239825985   0.000983903634       1.1895  AGAGAGAGAGGAA
   107      1    -5.7381226017   0.003220809345       3.8940  AGAGAGAGAGGGG
   108      1    -7.6351546736   0.000483163876       0.5841  AGAGAGAGAGTGG
   109      1   -12.3138854964   0.000004488978       0.0054  AGAGAGAGGGGTA
   110      1   -19.5524238109   0.000000003225       0.0000  AGAGAGGAGATAA
   111      1   -13.6376960889   0.000001194604       0.0014  AGAGAGTGAGGAC
   112      1   -12.8937178393   0.000002513793       0.0030  AGAGCGAGAGAAC
   113      1   -11.4343020693   0.000010817968       0.0131  AGAGGGAAAGAGA
   114      1   -11.0974819262   0.000015150426       0.0183  AGAGGGAGAGACA
   115      1   -12.7325417400   0.000002953435       0.0036  AGAGGGAGAGTTA
   116      1   -19.4154253985   0.000000003698       0.0000  AGATACATAAACA
   117      1   -23.7488566292   0.000000000049       0.0000  AGCAGAAAGGATG
   118      1   -11.8830327727   0.000006906602       0.0084  AGGAAGAAAAAAA
   119      1   -16.6122821861   0.000000061007       0.0001  AGGAAGAAAGTGG
   120      1   -13.1477501774   0.000001949865       0.0024  AGGAGAGAGAAGT
   121      1   -13.0780014266   0.000002090721       0.0025  AGGAGGGGGAAAG
   122      1   -12.2838882979   0.000004625675       0.0056  AGGGAGGAGGAGA
   123      1    -7.5514511635   0.000525347209       0.6351  AGGGGGGGGGAGG
   124      1   -13.2923993678   0.000001687269       0.0020  AGTGAGAGAGGAT
   125      1   -12.1794548429   0.000005134876       0.0062  AGTGTGTGTGCTT
   126      1   -14.5284735111   0.000000490190       0.0006  ATAAAAGAAATAG
   127      1   -20.2626092004   0.000000001585       0.0000  ATAAAGACAACCT
   128      1   -13.8876988001   0.000000930356       0.0011  ATAAATAAAATAT
   129      1   -20.3771288649   0.000000001414       0.0000  ATACAAACTTAAA
   130      1    -9.6476354711   0.000064578083       0.0781  ATACACACACAAA
   131      1   -10.4763448914   0.000028195592       0.0341  ATACATACACTTT
   132      1   -11.9244085506   0.000006626667       0.0080  ATACATATATGTT
   133      1   -16.4727694829   0.000000070140       0.0001  ATACATGTATCCT
   134      1   -20.9371661471   0.000000000807       0.0000  ATACGTGGGCCTT
   135      1    -8.9903757642   0.000124603263       0.1506  ATATATATATAAT
   136      1    -8.3326832540   0.000240525786       0.2908  ATATATATATATG
   137      1    -7.3933152834   0.000615352500       0.7440  ATATATATATATT
   138      1    -8.4758033955   0.000208451659       0.2520  ATATATATATTTA
   139      2    -6.4658522557   0.001555664870       1.8808  ATATATATATTTT
   140      1   -15.7605088052   0.000000142987       0.0002  ATATGTACATACG
   141      1   -13.4450987256   0.000001448331       0.0018  ATATGTATATCGT
   142      1   -20.7730874200   0.000000000951       0.0000  ATCTACATTTGCT
   143      1   -17.9192225974   0.000000016511       0.0000  ATCTCTCTATTAA
   144      1   -12.1278764927   0.000005406674       0.0065  ATCTCTCTCTGTC
   145      1   -16.5198959214   0.000000066911       0.0001  ATGTATCTATAAT
   146      1   -16.1362658635   0.000000098199       0.0001  ATGTGTGAGTTCC
   147      1   -14.3492307263   0.000000586419       0.0007  ATGTGTGCGTAGA
   148      1   -16.7525328281   0.000000053023       0.0001  ATGTGTGTATCAC
   149      1   -11.7023842146   0.000008274068       0.0100  ATGTGTGTGTTGG
   150      1   -20.7119897668   0.000000001011       0.0000  ATTACCTATAGAA
   151      1   -17.8297735721   0.000000018056       0.0000  ATTGATTTTTTAT
   152      1   -14.0947173115   0.000000756384       0.0009  ATTTCTCTCTATT
   153      1   -14.1151798255   0.000000741063       0.0009  ATTTCTTTTCTTT
   154      1   -17.4253442433   0.000000027056       0.0000  ATTTGTATATGCC
   155      1   -15.9132389795   0.000000122735       0.0001  ATTTTTATTTTAA
   156      1    -7.6498202852   0.000476129689       0.5756  CAAAAAAAAAAAA
   157      1   -17.9215049587   0.000000016474       0.0000  CAAAAATGAGAAA
   158      1   -23.0100214096   0.000000000102       0.0000  CAAAAGGAAGCGC
   159      1   -24.7712684372   0.000000000017       0.0000  CAAACCCAGGAAC
   160      1   -13.4636065850   0.000001421772       0.0017  CACAAACACAATA
   161      1   -11.9743540182   0.000006303825       0.0076  CACAAACACAGAA
   162      5    -7.0912184727   0.000832382512       1.0064  CACACACACAAAA
   163      2    -9.2766678612   0.000093582434       0.1131  CACACACACAAAC
   164      1    -9.4570225762   0.000078138898       0.0945  CACACACACAAAT
   165      1    -8.8388803478   0.000144984989       0.1753  CACACACACAAGA
   166      1    -9.8628449400   0.000052073991       0.0630  CACACACACAAGG
   167      1    -7.6468522558   0.000477544955       0.5774  CACACACACACAC
   168      1    -9.7978610163   0.000055570336       0.0672  CACACACACACCA
   169      1    -7.3854239720   0.000620227649       0.7499  CACACACACACCC
   170      1    -8.8956848690   0.000136978734       0.1656  CACACACACACCT
   171      2    -9.7589774929   0.000057773666       0.0698  CACACACACACGA
   172      1    -8.8364692399   0.000145334985       0.1757  CACACACACACGC
   173      1    -8.5543058881   0.000192713508       0.2330  CACACACACATAA
   174      1    -8.7038340871   0.000165948329       0.2006  CACACACACATAC
   175      1   -10.5493039814   0.000026211718       0.0317  CACACACACATGG
   176      1   -13.5263732438   0.000001335275       0.0016  CACACACATACTA
   177      1   -12.9233963194   0.000002440284       0.0030  CACACACATAGAC
   178      1   -13.8910350795   0.000000927257       0.0011  CACACATACAGCA
   179      1   -13.1238894869   0.000001996950       0.0024  CACACATACATGT
   180      1   -21.4994721884   0.000000000460       0.0000  CACACATTCGAGT
   181      1   -16.5991172009   0.000000061815       0.0001  CACACGGACAGGG
   182      1   -12.8548387270   0.000002613452       0.0032  CACAGACACACCT
   183      1   -14.9949174293   0.000000307461       0.0004  CACATACGCATTC
   184      1   -16.0837292913   0.000000103496       0.0001  CACATATACAGGT
   185      1   -19.1665268517   0.000000004743       0.0000  CACATTTATAATT
   186      1   -16.8898313559   0.000000046221       0.0001  CACCCACGCATTT
   187      1   -11.7984896134   0.000007515901       0.0091  CACGCACACAGAA
   188      1   -11.5828781286   0.000009324380       0.0113  CACGCACACGCCC
   189      1   -16.8184899780   0.000000049639       0.0001  CACGCGCACATGA
   190      1   -23.2211839290   0.000000000082       0.0000  CACGCTTGCAACT
   191      1   -21.3068172343   0.000000000558       0.0000  CACGCTTGCACCT
   192      1   -16.7183388796   0.000000054868       0.0001  CAGAAAAACAAAG
   193      1   -23.4106495467   0.000000000068       0.0000  CAGACTAATATAT
   194      1   -12.4215865369   0.000004030635       0.0049  CAGAGAGAGACAC
   195      1   -10.2656099925   0.000034809856       0.0421  CAGAGAGAGAGAA
   196      1   -17.0324177740   0.000000040079       0.0000  CATAAACGCACCC
   197      1   -13.2578777924   0.000001746533       0.0021  CATAAATATAGAA
   198      1   -12.2029559794   0.000005015608       0.0061  CATACACACAAAC
   199      1   -16.5911009150   0.000000062313       0.0001  CATACATACAGCA
   200      1   -13.4748383919   0.000001405892       0.0017  CATACATATAGAT
   201      1   -14.2884420163   0.000000623173       0.0008  CATATACATAAAT
   202      1    -9.2830994876   0.000092982478       0.1124  CATATATATAAAA
   203      1   -14.9698144471   0.000000315277       0.0004  CATATATATGCAT
   204      1   -20.5571793028   0.000000001181       0.0000  CATATGCGTGCAT
   205      1   -18.1913863507   0.000000012577       0.0000  CATATGTGTAAGT
   206      1   -19.2851419642   0.000000004213       0.0000  CATCGCCCTCACT
   207      1   -21.1736324027   0.000000000637       0.0000  CATGCACTCAACT
   208      1   -18.1590655805   0.000000012990       0.0000  CATGTACGTGTAG
   209      1   -14.0059490622   0.000000826597       0.0010  CATTCTCTCTTTC
   210      1   -19.9813771585   0.000000002100       0.0000  CATTTATCTATGT
   211      1   -21.4622143665   0.000000000478       0.0000  CATTTATCTCGTA
   212      1   -21.8017941350   0.000000000340       0.0000  CCAACAAAGAGGC
   213      1   -18.0762177808   0.000000014112       0.0000  CCACACGTACTCA
   214      1   -22.7955321297   0.000000000126       0.0000  CCATCTCTTCAAC
   215      1   -12.5038747313   0.000003712241       0.0045  CCCACCCACATTT
   216      1   -15.1612416218   0.000000260349       0.0003  CCCACCCACCCAC
   217      1   -21.5815285777   0.000000000424       0.0000  CCCATCAACAAAA
   218      1   -10.6631399233   0.000023391451       0.0283  CCCCACCCCCCAC
   219      3    -6.3030196084   0.001830768219       2.2134  CCCCCCCCCCACC
   220      1    -7.8294081759   0.000397860874       0.4810  CCCCCCCCCCACT
   221      2    -6.8050221285   0.001108195648       1.3398  CCCCCCCCCCCCA
   222     63    -4.1596432570   0.015613126801      18.8763  CCCCCCCCCCCCC
   223      1    -6.9504155951   0.000958236832       1.1585  CCCCCCCCCCCCG
   224      1    -6.9943846415   0.000917016913       1.1087  CCCCCCCCCCCGC
   225      1    -9.6999096999   0.000061289029       0.0741  CCCCCCCCCCCGG
   226      1    -8.5170498088   0.000200028679       0.2418  CCCCCCCCCCCTG
   227      3    -6.4484130750   0.001583032330       1.9139  CCCCCCCCCCGCC
   228      1    -9.1361670894   0.000107699341       0.1302  CCCCCCCCCCGCG
   229      2    -8.0326252350   0.000324694689       0.3926  CCCCCCCCCCGTC
   230      7    -5.2935861232   0.005023712267       6.0737  CCCCCCCCCCTCC
   231      1    -8.0594440487   0.000316102494       0.3822  CCCCCCCCCCTCG
   232      1    -9.3391278886   0.000087916075       0.1063  CCCCCCCCCCTTA
   233      1   -10.4275406856   0.000029605788       0.0358  CCCCCCCCTCCTT
   234      2    -8.0337763159   0.000324321154       0.3921  CCCCCCCTCCTCC
   235      1   -13.5874415440   0.000001256172       0.0015  CCCCCCTTCCTAC
   236      1   -11.6093991394   0.000009080338       0.0110  CCCCCTCCTCTCC
   237      1   -10.7645133891   0.000021136410       0.0256  CCCCGCCCCCCCA
   238      1    -9.8284782340   0.000053894710       0.0652  CCCCTCCCCCCTT
   239      1   -16.4403315792   0.000000072453       0.0001  CCCCTCTCCCAGG
   240      1   -11.0400059868   0.000016046722       0.0194  CCCCTCTCCCCCT
   241      1   -15.3342290572   0.000000218992       0.0003  CCCCTTCTCCCTT
   242      1   -16.3113436471   0.000000082428       0.0001  CCCCTTTTCCTCC
   243      1   -19.1023888860   0.000000005058       0.0000  CCCCTTTTCTATT
   244      1   -15.9951552967   0.000000113082       0.0001  CCCGCCCCCCAGG
   245      1   -20.3214632577   0.000000001495       0.0000  CCCTATTACTTCT
   246      1   -17.3943472798   0.000000027908       0.0000  CCCTCTATCTGGG
   247      1   -11.1040025562   0.000015051957       0.0182  CCCTCTCTCTGTT
   248      1   -15.4260286895   0.000000199784       0.0002  CCCTCTTCCTTTC
   249      1   -18.0181666933   0.000000014956       0.0000  CCCTGCCTCTAGT
   250      1   -19.9019354124   0.000000002274       0.0000  CCCTTCTTCCATT
   251      1   -14.2211326531   0.000000666562       0.0008  CCGCCCCCGCCAA
   252      1   -18.2721063448   0.000000011602       0.0000  CCGCCCCTCCAGG
   253      1   -22.5438300206   0.000000000162       0.0000  CCTACTTACAAAT
   254      1    -7.0859619691   0.000836769454       1.0117  CCTCCCCCCCCCC
   255      2    -9.7885053898   0.000056092671       0.0678  CCTCCCCCCCTTC
   256      1    -9.8195771337   0.000054376573       0.0657  CCTCCCCCTCGCC
   257      1   -11.2842262173   0.000012569639       0.0152  CCTCCCCCTCTCA
   258      1   -20.3915136743   0.000000001393       0.0000  CCTCCCGTCCATG
   259      1   -11.9155138076   0.000006685873       0.0081  CCTCTCCCTCTTT
   260      1    -8.7922671047   0.000151903197       0.1837  CCTCTCTCTCTTT
   261      1   -15.4838814479   0.000000188554       0.0002  CCTCTTCCCCTTC
   262      1   -20.3001173949   0.000000001527       0.0000  CCTTCGTCTCAAC
   263      1   -10.3809608679   0.000031017442       0.0375  CCTTCTCTCTCCC
   264      1   -18.4486783705   0.000000009724       0.0000  CCTTCTCTTCTAC
   265      1   -12.4068412952   0.000004090508       0.0049  CCTTCTCTTTTTT
   266      1   -12.8050636841   0.000002746828       0.0033  CCTTTTCTTTTTT
   267      1   -13.5281398738   0.000001332918       0.0016  CCTTTTTTTTCTA
   268      3    -9.6187907298   0.000066467947       0.0804  CCTTTTTTTTTTT
   269      1   -17.4608908499   0.000000026111       0.0000  CGCATATACATAG
   270      1   -14.8952746355   0.000000339676       0.0004  CGCGCATGCGTGC
   271      1   -12.4548964674   0.000003898587       0.0047  CGCGCGCACGACC
   272      1   -10.7223801603   0.000022045983       0.0267  CGCGCGCGCGAAC
   273      1    -9.7804778912   0.000056544767       0.0684  CGCGCGCGCGAGC
   274      1    -8.4179174647   0.000220874152       0.2670  CGCGCGCGCGCGG
   275      1   -10.7827713390   0.000020754005       0.0251  CGCGCGCGCGGAC
   276      2    -7.4005961285   0.000610888485       0.7386  CGCGCGCGCGGGG
   277      1   -13.5283865868   0.000001332589       0.0016  CGCGCGCGTGTAT
   278      1   -15.3624834373   0.000000212891       0.0003  CGCGCTCGCGGCT
   279      1   -19.1792337150   0.000000004683       0.0000  CGGCGTGCGCTGA
   280      1   -14.4142106104   0.000000549526       0.0007  CGGGCGCGGGGGC
   281      1   -14.9921329994   0.000000308318       0.0004  CGTACATATAAGA
   282      1   -22.8946409362   0.000000000114       0.0000  CGTACATGCGAAT
   283      1   -16.7345626737   0.000000053985       0.0001  CGTATACACACTC
   284      1   -20.6339917180   0.000000001093       0.0000  CGTATACTTACTT
   285      1   -14.4579681833   0.000000525998       0.0006  CGTATATATACGT
   286      1   -12.6415293892   0.000003234846       0.0039  CGTGCGCGTGAAA
   287      1   -18.0066845630   0.000000015129       0.0000  CGTGCGCTTGAAC
   288      1   -11.4281613716   0.000010884603       0.0132  CGTGTGTGTGTGC
   289      1   -12.3110069222   0.000004501918       0.0054  CGTGTGTGTGTTA
   290      1   -12.9681297718   0.000002333527       0.0028  CGTTTTTTTTGTT
   291      1   -15.6790804636   0.000000155118       0.0002  CTACATATACTTC
   292      1   -12.6209389546   0.000003302143       0.0040  CTATTTCTATTTT
   293      1   -17.4887603376   0.000000025394       0.0000  CTCACACGCAGGT
   294      1   -10.6781075493   0.000023043944       0.0279  CTCCCCCCCCATC
   295      1    -9.4251532961   0.000080669234       0.0975  CTCCCCCCCCTTT
   296      1   -17.5430132415   0.000000024053       0.0000  CTCCCTCACCAAC
   297      1   -14.7178771662   0.000000405609       0.0005  CTCCCTCCCTCAC
   298      1   -11.6202673399   0.000008982185       0.0109  CTCCCTCTCCTCC
   299      1   -10.2201958066   0.000036427164       0.0440  CTCCCTCTCCTTT
   300      1   -12.9854647822   0.000002293424       0.0028  CTCCCTCTCTTAC
   301      1   -14.0824350511   0.000000765731       0.0009  CTCCCTTTCTCCT
   302      1   -14.8789914340   0.000000345252       0.0004  CTCCTCCTCCTTC
   303      1   -16.9097905153   0.000000045308       0.0001  CTCCTCTCTCTCG
   304      1   -17.3373953397   0.000000029544       0.0000  CTCCTTCTCCAAT
   305      1   -13.8382367117   0.000000977530       0.0012  CTCCTTTCCCTTT
   306      1   -16.1711818560   0.000000094830       0.0001  CTCCTTTTCTTCC
   307      1   -17.6065702807   0.000000022572       0.0000  CTCGCCCACATCT
   308      1   -20.8731540343   0.000000000861       0.0000  CTCGTAAACGTTT
   309      1   -15.9853430440   0.000000114197       0.0001  CTCTCCTTCTATA
   310      1   -10.4835795975   0.000027992342       0.0338  CTCTCTATCTCTT
   311      1   -10.3316875467   0.000032584053       0.0394  CTCTCTCTCTAAC
   312      2    -7.7284297943   0.000440134677       0.5321  CTCTCTCTCTATT
   313      1    -6.1455792453   0.002142934248       2.5908  CTCTCTCTCTCCC
   314      1    -6.2281431323   0.001973112306       2.3855  CTCTCTCTCTCTC
   315      1    -6.4259422184   0.001619007101       1.9574  CTCTCTCTCTCTT
   316      1    -7.5296377134   0.000536932745       0.6492  CTCTCTCTCTTCT
   317      1    -9.3374763432   0.000088061393       0.1065  CTCTCTCTCTTGC
   318      3    -5.7404405967   0.003213352171       3.8849  CTCTCTCTCTTTT
   319      1   -13.5604324614   0.000001290562       0.0016  CTCTCTCTTTAAC
   320      1    -9.4569335892   0.000078145851       0.0945  CTCTCTCTTTCTC
   321      1   -20.7712078588   0.000000000953       0.0000  CTCTGTGTATGAT
   322      1   -12.0258307585   0.000005987535       0.0072  CTCTTTCCCTCTC
   323      1   -12.1823521112   0.000005120021       0.0062  CTCTTTCCCTCTT
   324      1   -10.8544011947   0.000019319392       0.0234  CTCTTTCTCTATC
   325      1    -9.8472580973   0.000052892019       0.0639  CTCTTTCTCTTCC
   326      1   -10.0732183441   0.000042194598       0.0510  CTCTTTCTCTTCT
   327      1    -8.2574502295   0.000259319354       0.3135  CTCTTTCTCTTTT
   328      1   -16.6908798926   0.000000056395       0.0001  CTCTTTCTTCTTC
   329      1   -17.7193957175   0.000000020163       0.0000  CTCTTTTCCCCTT
   330      1   -21.6938238392   0.000000000379       0.0000  CTGCTCGTGCGAC
   331      1   -16.8043057607   0.000000050348       0.0001  CTGTGTATGTGCA
   332      1   -11.7625603475   0.000007790852       0.0094  CTGTGTGTGTTCT
   333      1   -19.1884609518   0.000000004640       0.0000  CTGTTTTCGTAAT
   334      1   -15.7267256141   0.000000147901       0.0002  CTTATATATAAGT
   335      1   -21.1256161767   0.000000000669       0.0000  CTTATTTATGCAA
   336      1   -17.0301976511   0.000000040168       0.0000  CTTCTCCTTCCTT
   337      1   -15.0679548402   0.000000285805       0.0003  CTTCTTCCCCTTT
   338      1   -12.8152691556   0.000002718938       0.0033  CTTCTTTCTTTTT
   339      1   -17.2330320674   0.000000032794       0.0000  CTTGTCTTTTCTC
   340      1   -16.2680603494   0.000000086074       0.0001  CTTTCCTTCTCCT
   341      1   -13.9054088435   0.000000914024       0.0011  CTTTCCTTTTTCC
   342      1   -14.9632361085   0.000000317358       0.0004  CTTTCTCCTTCTA
   343      1    -8.6663078614   0.000172294065       0.2083  CTTTCTCTCTTTT
   344      2    -9.0841740908   0.000113447079       0.1372  CTTTCTCTTTTTT
   345      1   -17.4250813917   0.000000027063       0.0000  CTTTCTTTTCAAT
   346      1   -14.6156285942   0.000000449276       0.0005  CTTTCTTTTTAGA
   347      1   -10.8241634275   0.000019912489       0.0241  CTTTCTTTTTCCT
   348      1    -8.6227331574   0.000179967702       0.2176  CTTTCTTTTTTTT
   349      1   -11.0625393551   0.000015689178       0.0190  CTTTTTCTCTTTT
   350      1    -9.6109201669   0.000066993151       0.0810  CTTTTTTTTTCCT
   351      1    -7.8024866344   0.000408717384       0.4941  CTTTTTTTTTCTT
   352      1    -8.9443679032   0.000130469914       0.1577  CTTTTTTTTTTTA
   353      1    -6.2434373361   0.001943164720       2.3493  CTTTTTTTTTTTT
   354      1    -6.2015490626   0.002026289355       2.4498  GAAAAAAAAAAAA
   355      1    -8.7935758252   0.000151704528       0.1834  GAAAAAAAAACAA
   356      1   -13.6639571142   0.000001163640       0.0014  GAAAAAAAAACCT
   357      1   -12.1913069652   0.000005074376       0.0061  GAAAAAAAAGTAA
   358      1   -10.0958611308   0.000041249930       0.0499  GAAAGAAAAAAGA
   359      1   -10.4973481294   0.000027609569       0.0334  GAAAGAAAAATAA
   360      1   -17.4251574607   0.000000027061       0.0000  GAAAGAAAATACG
   361      1    -8.7537432509   0.000157869273       0.1909  GAAAGAGAGAGGG
   362      1   -16.5768915670   0.000000063204       0.0001  GAAAGGAAAACAC
   363      1   -20.0610795333   0.000000001939       0.0000  GAAATAAAGGAAC
   364      1   -20.3165708331   0.000000001502       0.0000  GAACAAATGCACA
   365      1   -15.9949324327   0.000000113107       0.0001  GAACACACACCAC
   366      1   -13.0361408969   0.000002180098       0.0026  GAAGAAAGAGACA
   367      1   -15.7022581727   0.000000151564       0.0002  GAAGAAGGGGAAG
   368      1   -16.2309487964   0.000000089328       0.0001  GAAGAGGGAAAAA
   369      1   -16.5388098428   0.000000065658       0.0001  GAAGATGGGGGGG
   370      1   -14.8238607209   0.000000364820       0.0004  GAAGGAAGAGATA
   371      1   -18.3351811559   0.000000010893       0.0000  GAAGGCGGAGTAA
   372      1   -13.7433148464   0.000001074866       0.0013  GAAGGGGGGGCGA
   373      1   -16.7138995661   0.000000055112       0.0001  GAAGTGAGAGGAT
   374      1   -10.0208512640   0.000044463085       0.0538  GACACACACAAAA
   375      1   -12.3553773137   0.000004306533       0.0052  GAGAAAAAAAAAC
   376      1   -14.9971606145   0.000000306772       0.0004  GAGAAAAAAAACT
   377      1   -11.6715065438   0.000008533538       0.0103  GAGAAAGAAAGGG
   378      1   -13.0250408757   0.000002204432       0.0027  GAGAAAGAGGAAG
   379      1   -12.4335584024   0.000003982669       0.0048  GAGAAGGAGAAAG
   380      1    -5.6155121720   0.003640944431       4.4019  GAGAGAGAGAAAA
   381      1    -6.9115428610   0.000996219582       1.2044  GAGAGAGAGAAGG
   382      1   -10.8967485633   0.000018518347       0.0224  GAGAGAGAGACCA
   383      1    -6.1525066807   0.002128140510       2.5729  GAGAGAGAGAGAA
   384      2    -5.9478379577   0.002611480551       3.1573  GAGAGAGAGAGAG
   385      1    -8.1554006051   0.000287180217       0.3472  GAGAGAGAGAGAT
   386      1    -9.0634418173   0.000115823646       0.1400  GAGAGAGAGAGCA
   387      2    -5.8171423644   0.002976097607       3.5981  GAGAGAGAGAGGG
   388      1    -7.5589115783   0.000521442484       0.6304  GAGAGAGAGATAA
   389      1   -10.0381266775   0.000043701564       0.0528  GAGAGAGAGATAC
   390      1   -10.7100342700   0.000022319847       0.0270  GAGAGAGAGATGC
   391      1    -8.8545482925   0.000142731075       0.1726  GAGAGAGGGAGAG
   392      1   -11.5625868421   0.000009515516       0.0115  GAGAGAGGGAGTA
   393      1   -10.8584076993   0.000019242144       0.0233  GAGAGAGGGATGG
   394      1   -13.5841802101   0.000001260275       0.0015  GAGAGGGAAAAGA
   395      1   -11.9875994602   0.000006220878       0.0075  GAGAGGGGGAGAA
   396      1   -12.5693581807   0.000003476939       0.0042  GAGAGTGAGAATA
   397      1   -17.0293259565   0.000000040203       0.0000  GAGCGAGCACGAC
   398      1   -10.8832599203   0.000018769827       0.0227  GAGCGCGCGCGAG
   399      1   -16.4920830948   0.000000068799       0.0001  GAGGGAGGGATCG
   400      1   -11.5657224918   0.000009485725       0.0115  GAGGGAGGGGTAG
   401      1   -12.4268949715   0.000004009296       0.0048  GATATATATATAC
   402      1   -24.0510960295   0.000000000036       0.0000  GATGCAGACGATG
   403      1   -24.0167124503   0.000000000037       0.0000  GCAAAATGAGAAC
   404      1   -17.5205868127   0.000000024598       0.0000  GCAAGAAGAAAGA
   405      1   -11.8229618217   0.000007334203       0.0089  GCACACACACGGA
   406      1   -14.5629042139   0.000000473599       0.0006  GCACACATACGGA
   407      1   -13.2725406169   0.000001721111       0.0021  GCACGCGCACCCA
   408      1   -17.4663481729   0.000000025969       0.0000  GCACGTACACAGT
   409      1   -15.6091253337   0.000000166358       0.0002  GCACGTACACTCT
   410      1   -15.2077355729   0.000000248522       0.0003  GCAGAGAGAGAAT
   411      1   -22.1709487622   0.000000000235       0.0000  GCCACATGCAATC
   412      1   -12.6382062283   0.000003245613       0.0039  GCCCCCCCCCACA
   413      1   -19.3230744091   0.000000004056       0.0000  GCCCGACCCCATC
   414      1   -22.3680308444   0.000000000193       0.0000  GCCTGCCTCGGTG
   415      1   -14.5295090055   0.000000489682       0.0006  GCGAGAGAGAATC
   416      1   -14.6273768660   0.000000444029       0.0005  GCGAGTGTGTTTT
   417      1    -9.6527663556   0.000064247589       0.0777  GCGCGCGCGCCCG
   418      1    -9.5142778810   0.000073790698       0.0892  GCGCGCGCGCGAA
   419      1    -8.3934752217   0.000226339331       0.2736  GCGCGCGCGCGCC
   420      1   -17.8663934196   0.000000017407       0.0000  GCGGGCGTGGATA
   421      1   -14.7470969890   0.000000393928       0.0005  GCGGGGGGGGCAT
   422      1   -14.2623689550   0.000000639634       0.0008  GCGTATGTGTTCC
   423      1   -16.2721403584   0.000000085723       0.0001  GCGTGTATGTGAC
   424      1   -22.9727450108   0.000000000105       0.0000  GCTCGTATATTTC
   425      1   -14.0321555122   0.000000805216       0.0010  GGAAGAAAAAAAT
   426      1   -10.3503364370   0.000031982028       0.0387  GGAGAGAGAGAGT
   427      1    -7.0742048576   0.000846665506       1.0236  GGAGAGAGAGGGG
   428      1   -10.3060153021   0.000033431389       0.0404  GGAGAGAGGGGGG
   429      1    -9.2908971169   0.000092260255       0.1115  GGAGAGGGAGGGG
   430      1   -12.6415457039   0.000003234793       0.0039  GGAGAGTGAGGAG
   431      1   -15.9092598624   0.000000123224       0.0001  GGAGAGTGGGGAA
   432      1   -14.9080966679   0.000000335348       0.0004  GGAGGCGGAGGAA
   433      1   -13.4334497273   0.000001465301       0.0018  GGAGGGAGGGCGA
   434      1   -17.8848928087   0.000000017088       0.0000  GGAGGGATGGGAC
   435      1   -11.2815178492   0.000012603729       0.0152  GGAGGGGGAGCGA
   436      1   -18.3048522946   0.000000011228       0.0000  GGAGGTGGCGGGC
   437      1   -19.2446030014   0.000000004387       0.0000  GGAGTGAAAGATC
   438      1   -16.8134227593   0.000000049891       0.0001  GGCGCGAGGGGGA
   439      1   -18.4717255283   0.000000009502       0.0000  GGCGGGGAAGTTG
   440      1   -14.9377071311   0.000000325564       0.0004  GGCGGGTGGGAGA
   441      1    -9.2278204837   0.000098267178       0.1188  GGGAGAGAGAAAG
   442      1    -9.4000541960   0.000082719582       0.1000  GGGAGAGAGAAGA
   443      1   -15.6119505028   0.000000165888       0.0002  GGGAGGGAAAATA
   444      1   -13.3835017417   0.000001540349       0.0019  GGGAGGGAGATAT
   445      1   -15.3712315281   0.000000211037       0.0003  GGGAGGGAGGGCT
   446      1   -11.4374955262   0.000010783477       0.0130  GGGAGGGGGGACG
   447      1    -9.7922582203   0.000055882560       0.0676  GGGAGGGGGGAGA
   448      1   -10.2218477529   0.000036367038       0.0440  GGGGAGAGGGAGG
   449      1   -12.3669534244   0.000004256968       0.0051  GGGGAGGGAGAAG
   450      1    -6.4285599934   0.001614774447       1.9523  GGGGAGGGGGGGG
   451      1   -13.0206346684   0.000002214166       0.0027  GGGGAGGGTGTGG
   452      1   -17.3570683357   0.000000028968       0.0000  GGGGCGCGGGCAA
   453      1    -7.7098226492   0.000448400994       0.5421  GGGGGGGAGGAGG
   454      1    -6.5320928757   0.001455955525       1.7603  GGGGGGGAGGGGG
   455      1    -8.0994499501   0.000303706146       0.3672  GGGGGGGCGGGGG
   456      1   -13.6682337904   0.000001158675       0.0014  GGGGGGGGAGCAT
   457      1   -11.2351030442   0.000013202517       0.0160  GGGGGGGGGAAGT
   458      1    -9.0496269506   0.000117434838       0.1420  GGGGGGGGGAGAG
   459      1   -12.6891941342   0.000003084274       0.0037  GGGGGGGGGATCG
   460      3    -6.5371644591   0.001448590218       1.7513  GGGGGGGGGGAAG
   461      1    -8.0481078074   0.000319706296       0.3865  GGGGGGGGGGACG
   462      1    -6.4028801511   0.001656778622       2.0030  GGGGGGGGGGAGA
   463      1    -7.9832087951   0.000341143006       0.4124  GGGGGGGGGGAGC
   464     14    -4.9550927366   0.007047426695       8.5203  GGGGGGGGGGAGG
   465      1    -7.9499195810   0.000352690527       0.4264  GGGGGGGGGGCAG
   466      3    -6.3451475101   0.001755243807       2.1221  GGGGGGGGGGCGG
   467      2    -8.4185276717   0.000220739415       0.2669  GGGGGGGGGGGAC
   468      4    -5.3902882460   0.004560658555       5.5138  GGGGGGGGGGGAG
   469      1    -5.3614431393   0.004694126938       5.6752  GGGGGGGGGGGGA
   470      2    -6.8351738522   0.001075280359       1.3000  GGGGGGGGGGGGC
   471    132    -3.7773592469   0.022883040166      27.6656  GGGGGGGGGGGGG
   472      1    -6.4276946447   0.001616172395       1.9540  GGGGGGGGGGGGT
   473      2    -6.4692575858   0.001550376327       1.8744  GGGGGGGGGGGTG
   474      1    -7.5424403735   0.000530102394       0.6409  GGGGGGGGGGTAG
   475      4    -5.9376683026   0.002638173908       3.1896  GGGGGGGGGGTGG
   476      1   -22.9430261446   0.000000000109       0.0000  GGTACAAACATTC
   477      1   -16.8337640395   0.000000048887       0.0001  GGTAGAGATACGT
   478      1    -7.8916593951   0.000373848697       0.4520  GGTGGGGGGGGGG
   479      1   -12.7211384619   0.000002987306       0.0036  GTACATATATTTT
   480      1   -18.6415542097   0.000000008018       0.0000  GTACGCATACACT
   481      1   -19.5198230544   0.000000003332       0.0000  GTACGTGCTCATA
   482      1   -16.4323614855   0.000000073032       0.0001  GTATACACATATT
   483      1   -16.7818993079   0.000000051489       0.0001  GTATATATTTAAC
   484      1   -11.2499934682   0.000013007383       0.0157  GTATGTGTGTATG
   485      1   -11.3013560476   0.000012356157       0.0149  GTCTCTCTCTTCT
   486      1   -12.3061031224   0.000004524049       0.0055  GTGAAAGAGAAAA
   487      1   -13.5444248923   0.000001311387       0.0016  GTGAGTGTGAATT
   488      1   -17.9108419927   0.000000016650       0.0000  GTGCATATACGTG
   489      1   -18.4568596703   0.000000009645       0.0000  GTGGGGGTGGCAC
   490      1   -13.7279218035   0.000001091539       0.0013  GTGGGTGGGGTTG
   491      1   -13.7931891372   0.000001022572       0.0012  GTGTATATATAGA
   492      1   -13.1882640156   0.000001872448       0.0023  GTGTGCGTGTACG
   493      1   -14.8071426463   0.000000370971       0.0004  GTGTGTGCGCATT
   494      1   -11.9855035370   0.000006233930       0.0075  GTGTGTGTATATA
   495      1    -8.7527598134   0.000158024604       0.1911  GTGTGTGTGTATA
   496      1    -8.1419417222   0.000291071469       0.3519  GTGTGTGTGTGAG
   497      1    -6.9725887940   0.000937223484       1.1331  GTGTGTGTGTGGG
   498      1    -8.4478312187   0.000214364822       0.2592  GTGTGTGTGTGTA
   499      1    -7.2238346048   0.000729001619       0.8814  GTGTGTGTGTGTG
   500      1   -21.6447353083   0.000000000398       0.0000  GTGTGTTTACAAT
   501      1   -12.3405658169   0.000004370794       0.0053  GTGTTTGTGTTCT
   502      1   -18.6345115149   0.000000008075       0.0000  GTTCCCTCTCTGG
   503      1    -7.2423410777   0.000715634442       0.8652  TAAAAAAAAAAAA
   504      1    -9.3981150027   0.000082880147       0.1002  TAAAAAAAAATAA
   505      1   -13.2081143510   0.000001835646       0.0022  TAAAAAAAGACAA
   506      1   -20.4857407232   0.000000001268       0.0000  TAAACAAAGACTG
   507      1   -19.0303664292   0.000000005435       0.0000  TAAACATGTATTA
   508      1   -22.8157341035   0.000000000123       0.0000  TAAGTCATATTAT
   509      1   -13.6214074167   0.000001214222       0.0015  TACATACATATAA
   510      1   -13.3587195228   0.000001578999       0.0019  TACATACGCAAAA
   511      1   -10.7371385641   0.000021723008       0.0263  TACATATACATAT
   512      1   -15.4234400016   0.000000200302       0.0002  TACATATTTACTT
   513      1   -17.3235242432   0.000000029956       0.0000  TACCCTCTCTGTT
   514      1   -24.0585378892   0.000000000036       0.0000  TAGGCGGGGCATT
   515      1   -13.4403537970   0.000001455220       0.0018  TATAAATATACAG
   516      1   -13.8512416025   0.000000964900       0.0012  TATATAGATACGT
   517      2    -6.5598823422   0.001416052310       1.7120  TATATATATAAAA
   518      1    -9.1870188639   0.000102359558       0.1238  TATATATATACAC
   519      1   -10.0398123554   0.000043627959       0.0527  TATATATATAGAC
   520      1    -9.2359471794   0.000097471827       0.1178  TATATATATAGGA
   521      1    -8.8368807744   0.000145275187       0.1756  TATATATATAGGG
   522      1    -7.4135158202   0.000603046759       0.7291  TATATATATATAA
   523      1    -6.8847737291   0.001023247660       1.2371  TATATATATATAT
   524      1    -9.3080916614   0.000090687443       0.1096  TATATATATATCC
   525      2    -8.9292119793   0.000132462366       0.1601  TATATATATATTA
   526      1    -6.5348288408   0.001451977526       1.7554  TATATATATATTT
   527      1   -12.8232427788   0.000002697345       0.0033  TATATATCTATTC
   528      1   -13.6319049608   0.000001201542       0.0015  TATATATGTACTG
   529      1   -12.8732122724   0.000002565872       0.0031  TATATCTATAAAG
   530      1   -13.3549611816   0.000001584944       0.0019  TATATGTGTATAA
   531      1   -12.6327552189   0.000003263353       0.0039  TATATTTTTATTT
   532      1   -14.0103533674   0.000000822964       0.0010  TATGTATATAATC
   533      1   -17.9252788739   0.000000016412       0.0000  TATGTATATCCGT
   534      1   -13.3807787140   0.000001544549       0.0019  TATGTGTATGTAA
   535      1   -11.8698342081   0.000006998364       0.0085  TATGTGTATGTTT
   536      1   -13.8327688458   0.000000982890       0.0012  TCACACACACCGT
   537      1   -14.9303763418   0.000000327959       0.0004  TCCCCCCCTCGCG
   538      1   -12.1505201829   0.000005285622       0.0064  TCCCCCTCTCTTT
   539      1   -14.6519742216   0.000000433240       0.0005  TCCCTCCCCTTTC
   540      1   -16.9150131136   0.000000045072       0.0001  TCCTTTTCTCTTC
   541      1   -12.0443229102   0.000005877830       0.0071  TCCTTTTTCTCTT
   542      1   -14.2834863101   0.000000626269       0.0008  TCGCGCTCTCCCC
   543      1   -19.3998432631   0.000000003756       0.0000  TCGTCCGCGTGTC
   544      1   -13.6249230108   0.000001209960       0.0015  TCTATATATAACA
   545      1   -17.4441723026   0.000000026552       0.0000  TCTATTTGTTATT
   546      1    -9.9756615866   0.000046518448       0.0562  TCTCCCTCTCCCT
   547      1   -15.4771694326   0.000000189824       0.0002  TCTCCTTCTCCTA
   548      1   -13.6742111411   0.000001151769       0.0014  TCTCTCCCCCACC
   549      1   -12.1159592082   0.000005471492       0.0066  TCTCTCCTTCTCT
   550      1   -12.3718074308   0.000004236355       0.0051  TCTCTCTCACACC
   551      2    -6.0478337315   0.002362975305       2.8568  TCTCTCTCTCCCC
   552      1    -7.2868605007   0.000684473587       0.8275  TCTCTCTCTCCTT
   553      1   -11.1484440276   0.000014397672       0.0174  TCTCTCTCTCGAA
   554      1    -6.0881635764   0.002269572988       2.7439  TCTCTCTCTCTCT
   555      1    -7.3087034708   0.000669684755       0.8096  TCTCTCTCTCTTC
   556      1    -5.7781521598   0.003094428137       3.7412  TCTCTCTCTCTTT
   557      1    -9.7402526547   0.000058865660       0.0712  TCTCTCTCTTTCT
   558      1   -18.0012857196   0.000000015210       0.0000  TCTCTTTCTTAAG
   559      1   -19.4891221309   0.000000003435       0.0000  TCTTCTCGCTATT
   560      1   -17.4574960570   0.000000026200       0.0000  TCTTTCCCCTCTT
   561      1   -12.4946394392   0.000003746684       0.0045  TCTTTCTCTCATC
   562      1   -17.0279238195   0.000000040259       0.0000  TCTTTCTTTCCGA
   563      1   -14.5874423551   0.000000462119       0.0006  TCTTTTTCTTAAT
   564      1   -11.3189566661   0.000012140584       0.0147  TCTTTTTCTTCTT
   565      1    -9.7411544298   0.000058812601       0.0711  TCTTTTTTTTCTC
   566      1    -8.9533556622   0.000129302536       0.1563  TCTTTTTTTTGTT
   567      1   -11.0007632632   0.000016688958       0.0202  TCTTTTTTTTTCG
   568      1    -8.3244501643   0.000242514231       0.2932  TCTTTTTTTTTCT
   569      1    -6.5668251382   0.001406254998       1.7002  TCTTTTTTTTTTT
   570      1   -18.5714869118   0.000000008600       0.0000  TGCCCTCTCCCGC
   571      1   -20.3774524986   0.000000001413       0.0000  TGCTTGTTTGTGC
   572      1   -17.9306150113   0.000000016324       0.0000  TGCTTTGTTTTTG
   573      1   -20.5862024589   0.000000001147       0.0000  TGGACGAAAATTT
   574      1   -20.6948630982   0.000000001029       0.0000  TGGATGTAAAAGC
   575      1   -13.0243538433   0.000002205947       0.0027  TGGGTGTGTGAAA
   576      1   -15.0486649173   0.000000291372       0.0004  TGTAGATATAAAG
   577      1   -14.3189471721   0.000000604450       0.0007  TGTATCTATATAT
   578      1   -15.7061688024   0.000000150972       0.0002  TGTATGCATAATT
   579      1   -16.6744205971   0.000000057331       0.0001  TGTGCGCATGGGA
   580      1   -12.2269832077   0.000004896533       0.0059  TGTGTATATGTTT
   581      1   -16.2632894888   0.000000086485       0.0001  TGTGTGCTTGAGT
   582      1    -8.6127268781   0.000181777549       0.2198  TGTGTGTGTGAGA
   583      1    -7.8504954848   0.000389558900       0.4710  TGTGTGTGTGAGG
   584      2    -6.8692542374   0.001039251811       1.2565  TGTGTGTGTGGGG
   585      1    -8.3443149748   0.000237744266       0.2874  TGTGTGTGTGTCT
   586      1   -12.8549424016   0.000002613181       0.0032  TGTGTGTTTGATT
   587      1   -11.7962269737   0.000007532926       0.0091  TGTTTTTTTTACT
   588      1   -18.8646592293   0.000000006415       0.0000  TTAACACACATAA
   589      1   -23.2879190988   0.000000000077       0.0000  TTAACACTTATCT
   590      1   -10.6843488022   0.000022900569       0.0277  TTATATATATTAT
   591      1   -13.2250092020   0.000001804893       0.0022  TTATGTATATAAA
   592      1   -13.0214910489   0.000002212271       0.0027  TTATGTATATTAT
   593      1   -14.0672055378   0.000000777482       0.0009  TTATGTGTATTTA
   594      1   -14.8843571235   0.000000343404       0.0004  TTATGTGTGTGTA
   595      1   -13.4015505014   0.000001512797       0.0018  TTCCTCTTCCTTT
   596      1   -16.2992142545   0.000000083434       0.0001  TTCCTCTTCTTTC
   597      1   -17.8693404715   0.000000017356       0.0000  TTCCTTCTCTAGC
   598      1   -12.1796345946   0.000005133953       0.0062  TTCCTTTCTCCTT
   599      1   -13.0710612582   0.000002105282       0.0025  TTCTCCTTTTTTT
   600      1   -11.8670096799   0.000007018159       0.0085  TTCTCTCTCTAAT
   601      1    -8.7582379679   0.000157161288       0.1900  TTCTCTCTCTCTC
   602      1    -8.3160840438   0.000244551645       0.2957  TTCTCTCTCTCTT
   603      1   -14.3389401958   0.000000592485       0.0007  TTCTCTTCCTTTC
   604      1   -13.1900272599   0.000001869149       0.0023  TTCTCTTTCTGTC
   605      1   -11.6145747440   0.000009033463       0.0109  TTCTCTTTTTTCT
   606      1    -9.4595212994   0.000077943894       0.0942  TTCTTTCTCTATT
   607      1   -11.8433550181   0.000007186150       0.0087  TTCTTTTCCTCTT
   608      1    -9.0618021082   0.000116013719       0.1403  TTCTTTTTCTTTC
   609      1   -11.0580522975   0.000015759735       0.0191  TTCTTTTTTTCCC
   610      1   -10.9941386671   0.000016799882       0.0203  TTCTTTTTTTCTG
   611      1   -25.3127883455   0.000000000010       0.0000  TTGCTCAAACGGA
   612      1   -18.5162330731   0.000000009089       0.0000  TTTATACGTAATA
   613      1   -14.7090411434   0.000000409208       0.0005  TTTATTTTTACGC
   614      1   -12.2743042738   0.000004670220       0.0056  TTTCCTTCTCTTC
   615      1   -11.1958823915   0.000013730617       0.0166  TTTCTCTCTCCTA
   616      1   -13.0029679408   0.000002253631       0.0027  TTTCTTCTTCTCT
   617      1   -13.5130233910   0.000001353220       0.0016  TTTCTTTTCTTGT
   618      1    -9.6901969058   0.000061887217       0.0748  TTTCTTTTTCTTC
   619      1   -13.8370627229   0.000000978678       0.0012  TTTGTACGTGTTT
   620      1    -7.0249528285   0.000889409473       1.0753  TTTTATTTTTTTT
   621      1   -15.3389687889   0.000000217957       0.0003  TTTTCCTTCTTTC
   622      1   -16.6548986004   0.000000058461       0.0001  TTTTCCTTTTACG
   623      1   -16.7189624724   0.000000054834       0.0001  TTTTCCTTTTAGC
   624      1   -11.3854146884   0.000011359971       0.0137  TTTTCCTTTTCTT
   625      1   -11.2166479695   0.000013448433       0.0163  TTTTCTCTCTCTT
   626      1    -7.8838959278   0.000376762355       0.4555  TTTTCTTTTTCTT
   627      2    -8.2696227428   0.000256181920       0.3097  TTTTCTTTTTTTC
   628      2    -6.2520156793   0.001926566879       2.3292  TTTTCTTTTTTTT
   629      1   -13.1814945770   0.000001885166       0.0023  TTTTTCTTCTTTG
   630      1   -10.1363269485   0.000039614040       0.0479  TTTTTCTTTTCTC
   631      1   -11.2419305012   0.000013112685       0.0159  TTTTTTATATTTT
   632      1   -10.7022905623   0.000022493356       0.0272  TTTTTTCTTTATC
   633      1    -8.7211403156   0.000163101098       0.1972  TTTTTTCTTTATT
   634      3    -6.4783310057   0.001536372738       1.8575  TTTTTTCTTTTTT
   635      1    -6.3551279256   0.001737812874       2.1010  TTTTTTTCTTTTT
   636      1   -11.3490758849   0.000011780371       0.0142  TTTTTTTTCTCGT
   637      1    -6.8245239551   0.001086793181       1.3139  TTTTTTTTCTTTT
   638      1   -10.1578886768   0.000038769036       0.0469  TTTTTTTTTTACG
   639      1    -8.3182031642   0.000244033959       0.2950  TTTTTTTTTTAGT
   640      1    -8.0109584842   0.000331806535       0.4012  TTTTTTTTTTATA
   641      1    -7.4140044102   0.000602752188       0.7287  TTTTTTTTTTATC
   642      5    -5.4313828022   0.004377039037       5.2918  TTTTTTTTTTATT
   643      1    -9.1998535950   0.000101054196       0.1222  TTTTTTTTTTCAC
   644      1    -7.5677265558   0.000516866180       0.6249  TTTTTTTTTTCAT
   645      1    -7.7131200224   0.000446924884       0.5403  TTTTTTTTTTCGT
   646      3    -4.8254692392   0.008022788380       9.6996  TTTTTTTTTTCTT
   647      1    -8.4564729648   0.000212520317       0.2569  TTTTTTTTTTGGT
   648      2    -5.5767762688   0.003784746880       4.5758  TTTTTTTTTTGTT
   649      1    -8.5350158506   0.000196467045       0.2375  TTTTTTTTTTTAA
   650      2    -5.9376846479   0.002638130787       3.1895  TTTTTTTTTTTAT
   651      3    -7.0520373210   0.000865643566       1.0466  TTTTTTTTTTTCC
   652      2    -5.2370412470   0.005315962209       6.4270  TTTTTTTTTTTCT
   653      2    -5.8982173884   0.002744332540       3.3179  TTTTTTTTTTTTA
   654      7    -5.2102720824   0.005460187865       6.6014  TTTTTTTTTTTTC
   655      2    -6.0436108550   0.002372974957       2.8689  TTTTTTTTTTTTG
   656    131    -3.1884736979   0.041234759632      49.8528  TTTTTTTTTTTTT