

TREE #  1

  0  0.0000  10759.592528  x:  0.09065   0.01123   0.12879   0.01202   0.01209   0.02813   0.06103   0.06396   0.08868   0.10741   0.11307   0.35209   0.03800   0.11308   0.01250   0.01010   0.02291   0.04204   0.04284   0.08191   0.08062   0.09717   0.23873   0.16373   1.71138  
  1 99.0000  10705.773476  x:  0.09383   0.03107   0.13903   0.03375   0.03773   0.03991   0.06589   0.05984   0.08617   0.10742   0.11307   0.35499   0.05964   0.12345   0.03480   0.05238   0.02437   0.04474   0.03700   0.08448   0.07716   0.09428   0.24196   0.16691   1.71682  
  2 2229.2822  10685.473555  x:  0.09815   0.05241   0.15246   0.03708   0.03416   0.04262   0.07228   0.05024   0.07598   0.09831   0.10196   0.36131   0.08842   0.13865   0.03568   0.04006   0.01289   0.04569   0.03235   0.08465   0.05781   0.07496   0.24747   0.17123   1.73258  
  3 727.3029  10681.883188  x:  0.09861   0.05616   0.15576   0.03659   0.03284   0.04263   0.07324   0.04948   0.07356   0.09544   0.09739   0.36390   0.09529   0.14281   0.03698   0.03667   0.02449   0.04643   0.03429   0.08610   0.05527   0.06854   0.24912   0.17168   1.74131  
  4 646.1352  10675.500052  x:  0.09426   0.05084   0.15984   0.03214   0.03523   0.04001   0.06991   0.05946   0.07477   0.09079   0.08310   0.37488   0.10294   0.15038   0.04951   0.03288   0.02154   0.04552   0.04017   0.08733   0.07007   0.05538   0.25271   0.16734   1.79047  
  5 295.3083  10661.594998  x:  0.08359   0.02883   0.16391   0.04440   0.03584   0.03729   0.06456   0.05371   0.08034   0.09191   0.08110   0.40126   0.10485   0.15795   0.05313   0.02971   0.02368   0.04283   0.02275   0.08728   0.07023   0.04428   0.25723   0.15666   1.92708  
  6 586.4713  10644.009069  x:  0.07420   0.00517   0.17070   0.05674   0.03227   0.03916   0.06623   0.04355   0.08402   0.09496   0.08545   0.43944   0.10571   0.16545   0.05163   0.03248   0.02030   0.05097   0.04270   0.08677   0.05813   0.04736   0.26210   0.14727   2.14000  
  7 2400.9260  10616.376226  x:  0.08552   0.01465   0.18579   0.03817   0.02263   0.04501   0.08326   0.06555   0.07677   0.09827   0.09260   0.49301   0.10073   0.16404   0.03659   0.04343   0.02167   0.04146   0.03686   0.08546   0.05127   0.08407   0.26362   0.15859   2.49352  
  8 2006.5310  10606.079223  x:  0.09790   0.02988   0.18674   0.02779   0.04248   0.04017   0.07601   0.05547   0.07377   0.10094   0.09855   0.50219   0.09584   0.15532   0.02456   0.03864   0.02221   0.04775   0.03699   0.08520   0.06056   0.08882   0.26050   0.17098   2.62687  
  9 1463.9157  10600.578503  x:  0.10860   0.04306   0.17684   0.02878   0.03260   0.04215   0.06739   0.04539   0.07385   0.09654   0.10375   0.48786   0.08999   0.14349   0.03711   0.03791   0.02178   0.04619   0.03806   0.08719   0.06468   0.08458   0.25503   0.18167   2.69811  
 10 548.4861  10595.609109  x:  0.11574   0.05342   0.15866   0.03494   0.03305   0.04594   0.07074   0.05421   0.07715   0.09553   0.10720   0.45851   0.08464   0.13126   0.03854   0.03715   0.02096   0.04762   0.04002   0.08794   0.05938   0.06752   0.24930   0.18882   2.76491  
 11 595.7116  10592.436370  x:  0.11353   0.05716   0.14279   0.03021   0.03406   0.03785   0.07650   0.05054   0.07419   0.09766   0.10060   0.42406   0.08704   0.13246   0.03990   0.04117   0.02087   0.04684   0.03921   0.08624   0.05553   0.06753   0.24907   0.18660   2.80906  
 12 356.3657  10590.569772  x:  0.10942   0.06101   0.13770   0.03236   0.03473   0.04514   0.07486   0.05021   0.07502   0.09920   0.09873   0.39584   0.09217   0.13828   0.03741   0.03686   0.02162   0.04652   0.03889   0.08558   0.05911   0.07450   0.25119   0.18249   2.83688  
 13 329.3087  10590.096245  x:  0.10786   0.06244   0.14178   0.03435   0.03273   0.04222   0.07188   0.05201   0.07452   0.09791   0.10033   0.38648   0.09274   0.13996   0.03440   0.03823   0.02139   0.04741   0.03913   0.08680   0.06057   0.07504   0.25220   0.18094   2.84402  
 14 138.6557  10589.814913  x:  0.10684   0.06165   0.15020   0.03262   0.03427   0.04188   0.07205   0.05202   0.07603   0.09670   0.10151   0.37858   0.09019   0.13965   0.03606   0.03756   0.02139   0.04639   0.03929   0.08752   0.05873   0.07492   0.25294   0.17991   2.84849  
 15 72.7137  10589.759537  x:  0.10703   0.06073   0.15254   0.03213   0.03378   0.04279   0.07305   0.05141   0.07535   0.09699   0.10125   0.37674   0.08950   0.13929   0.03581   0.03807   0.02137   0.04726   0.03896   0.08685   0.05946   0.07414   0.25315   0.18010   2.84939  
 16 44.1584  10589.746445  x:  0.10763   0.06002   0.15326   0.03266   0.03384   0.04268   0.07316   0.05144   0.07470   0.09765   0.10098   0.37618   0.08957   0.13914   0.03586   0.03790   0.02140   0.04676   0.03913   0.08655   0.05961   0.07416   0.25328   0.18071   2.84962  
 17 16.6543  10589.739294  x:  0.10839   0.05921   0.15360   0.03274   0.03381   0.04267   0.07283   0.05158   0.07496   0.09783   0.10040   0.37583   0.08988   0.13908   0.03582   0.03797   0.02139   0.04705   0.03901   0.08668   0.05936   0.07439   0.25343   0.18146   2.84977  
 18 10.5776  10589.737074  x:  0.10862   0.05892   0.15363   0.03279   0.03384   0.04267   0.07300   0.05146   0.07515   0.09751   0.10037   0.37574   0.09002   0.13912   0.03563   0.03805   0.02138   0.04684   0.03905   0.08681   0.05949   0.07441   0.25346   0.18169   2.84983  
 19  4.7107  10589.732950  x:  0.10880   0.05860   0.15358   0.03288   0.03397   0.04255   0.07323   0.05155   0.07497   0.09701   0.10066   0.37569   0.09017   0.13923   0.03580   0.03788   0.02139   0.04709   0.03895   0.08675   0.05957   0.07459   0.25345   0.18187   2.85000  
 20  2.8484  10589.697023  x:  0.10904   0.05749   0.15334   0.03180   0.03428   0.04316   0.07225   0.05182   0.07398   0.09631   0.10182   0.37571   0.09075   0.14001   0.03576   0.03830   0.02139   0.04666   0.03898   0.08623   0.05918   0.07412   0.25303   0.18210   2.85157  
 21  3.7371  10589.287819  x:  0.10995   0.05515   0.15446   0.02872   0.03317   0.04209   0.07344   0.05225   0.07656   0.10084   0.10755   0.37758   0.09512   0.14537   0.03716   0.03793   0.02144   0.04684   0.03870   0.08693   0.06062   0.07207   0.24828   0.18297   2.86994  
 22 17.2127  10585.430568  x:  0.10377   0.04755   0.16585   0.03446   0.03494   0.04257   0.07263   0.05315   0.07362   0.09631   0.09224   0.39934   0.09858   0.15620   0.03632   0.03642   0.02075   0.04656   0.03617   0.09049   0.06168   0.07233   0.22046   0.17633   3.03950  
 23 98.8955  10582.869209  x:  0.10171   0.04667   0.16951   0.03599   0.03444   0.04016   0.07129   0.05426   0.07965   0.09407   0.08927   0.41462   0.10029   0.15789   0.03718   0.03637   0.02155   0.04548   0.03557   0.07753   0.06272   0.06996   0.24305   0.17397   3.15264  
 24 278.5341  10581.423253  x:  0.09982   0.04415   0.16976   0.03471   0.03492   0.04154   0.07196   0.05458   0.07540   0.09580   0.08982   0.42342   0.10086   0.15636   0.03849   0.03562   0.02040   0.04593   0.03416   0.08805   0.06366   0.06773   0.26389   0.17190   3.21851  
 25 423.2395  10581.401642  x:  0.09910   0.04377   0.17008   0.03436   0.03489   0.04149   0.07192   0.05465   0.07542   0.09583   0.09014   0.42352   0.10319   0.15359   0.03849   0.03559   0.02045   0.04589   0.03412   0.08797   0.06376   0.06797   0.26382   0.17118   3.21950  
 26 11.5652  10580.547604  x:  0.10157   0.04597   0.16397   0.03642   0.03385   0.04137   0.07194   0.05267   0.07689   0.09635   0.09455   0.41467   0.10289   0.15066   0.04075   0.03591   0.02074   0.04625   0.03464   0.08738   0.06136   0.06393   0.26261   0.17281   3.35017  
 27  0.1044  10580.501919  x:  0.10142   0.04558   0.16385   0.03642   0.03407   0.04156   0.07192   0.05260   0.07669   0.09644   0.09337   0.41517   0.10209   0.15087   0.04041   0.03643   0.02081   0.04624   0.03491   0.08744   0.06151   0.06617   0.26229   0.17263   3.37073  
 28  0.0190  10580.499843  x:  0.10144   0.04569   0.16410   0.03628   0.03411   0.04165   0.07201   0.05267   0.07661   0.09647   0.09353   0.41586   0.10209   0.15087   0.04027   0.03644   0.02081   0.04630   0.03511   0.08747   0.06154   0.06604   0.26215   0.17268   3.37433  
 29  0.0032  10580.499818  x:  0.10146   0.04568   0.16411   0.03625   0.03410   0.04162   0.07202   0.05269   0.07661   0.09646   0.09354   0.41583   0.10210   0.15088   0.04026   0.03643   0.02082   0.04630   0.03510   0.08747   0.06154   0.06605   0.26212   0.17274   3.37459  
 30  0.0002  10580.499816  x:  0.10143   0.04569   0.16410   0.03625   0.03410   0.04163   0.07201   0.05269   0.07661   0.09646   0.09354   0.41583   0.10210   0.15088   0.04026   0.03642   0.02082   0.04630   0.03510   0.08747   0.06154   0.06605   0.26212   0.17276   3.37460  
 31  0.0000  10580.499816  x:  0.10140   0.04568   0.16410   0.03625   0.03410   0.04163   0.07201   0.05269   0.07661   0.09646   0.09354   0.41583   0.10210   0.15088   0.04026   0.03642   0.02082   0.04630   0.03510   0.08747   0.06154   0.06605   0.26212   0.17279   3.37459  
 32  0.0000  10580.499816  x:  0.10137   0.04568   0.16410   0.03625   0.03410   0.04163   0.07201   0.05269   0.07661   0.09646   0.09354   0.41583   0.10209   0.15088   0.04026   0.03642   0.02082   0.04630   0.03510   0.08747   0.06154   0.06605   0.26212   0.17282   3.37459  

TREE #  2

  0  0.0000  10664.670686  x:  0.12108   0.01123   0.12879   0.01202   0.01209   0.02813   0.06103   0.06396   0.08868   0.10741   0.11307   0.35209   0.03800   0.11308   0.01250   0.01010   0.02291   0.04204   0.04284   0.08191   0.08062   0.09717   0.23873   0.13330   3.37459  
  1 99.0000  10605.037638  x:  0.12574   0.03630   0.14093   0.03535   0.03898   0.04094   0.06668   0.05978   0.08638   0.10802   0.11356   0.35658   0.06459   0.12531   0.03515   0.05480   0.02464   0.04519   0.03678   0.08509   0.07740   0.09479   0.24327   0.13796   3.37435  
  2 2252.6819  10585.862553  x:  0.13180   0.05650   0.15482   0.03669   0.03428   0.04244   0.07279   0.05091   0.07723   0.09978   0.10304   0.36572   0.09320   0.14108   0.03422   0.04155   0.01258   0.04589   0.03330   0.08570   0.05917   0.07729   0.25075   0.14403   3.37402  
  3 712.4785  10583.113727  x:  0.13287   0.05939   0.15815   0.03601   0.03292   0.04244   0.07361   0.05025   0.07535   0.09755   0.09927   0.36928   0.09924   0.14509   0.03511   0.03798   0.02264   0.04653   0.03471   0.08712   0.05703   0.07229   0.25306   0.14510   3.37391  
  4 575.1667  10581.834736  x:  0.13221   0.05543   0.16127   0.03451   0.03452   0.04203   0.07198   0.05477   0.07617   0.09597   0.09320   0.37792   0.10234   0.14947   0.04140   0.03518   0.02163   0.04622   0.03654   0.08769   0.06411   0.06714   0.25690   0.14443   3.37374  
  5 163.1935  10581.201631  x:  0.13066   0.04831   0.16341   0.03705   0.03482   0.04079   0.07050   0.05281   0.07721   0.09602   0.09164   0.38871   0.10196   0.15183   0.04142   0.03622   0.02183   0.04580   0.03300   0.08772   0.06381   0.06283   0.26028   0.14288   3.37357  
  6 118.3533  10580.868572  x:  0.12991   0.04410   0.16501   0.03846   0.03445   0.04142   0.07132   0.05208   0.07741   0.09630   0.09177   0.39753   0.10147   0.15287   0.04152   0.03701   0.02131   0.04714   0.03620   0.08763   0.06161   0.06305   0.26242   0.14213   3.37342  
  7 138.7629  10580.667952  x:  0.13014   0.04310   0.16632   0.03746   0.03394   0.04227   0.07285   0.05320   0.07670   0.09646   0.09241   0.40543   0.10132   0.15283   0.04169   0.03709   0.02154   0.04581   0.03516   0.08746   0.06063   0.06634   0.26352   0.14237   3.37328  
  8 88.0825  10580.563876  x:  0.13090   0.04445   0.16681   0.03625   0.03483   0.04151   0.07211   0.05280   0.07628   0.09674   0.09348   0.41114   0.10139   0.15179   0.03981   0.03729   0.02156   0.04649   0.03526   0.08736   0.06199   0.06743   0.26350   0.14313   3.37319  
  9 57.1007  10580.540152  x:  0.13116   0.04540   0.16595   0.03656   0.03447   0.04215   0.07168   0.05297   0.07700   0.09661   0.09400   0.41307   0.10125   0.15071   0.04007   0.03706   0.02156   0.04616   0.03536   0.08755   0.06201   0.06673   0.26279   0.14338   3.37317  
 10 20.8356  10580.529303  x:  0.13117   0.04587   0.16488   0.03647   0.03427   0.04164   0.07186   0.05290   0.07687   0.09652   0.09389   0.41413   0.10118   0.15005   0.04079   0.03713   0.02153   0.04641   0.03528   0.08756   0.06177   0.06637   0.26217   0.14339   3.37317  
 11 18.7005  10580.526552  x:  0.13106   0.04593   0.16426   0.03641   0.03460   0.04174   0.07205   0.05290   0.07671   0.09660   0.09373   0.41443   0.10126   0.14999   0.04073   0.03706   0.02154   0.04631   0.03531   0.08749   0.06170   0.06622   0.26194   0.14328   3.37318  
 12  9.1801  10580.525338  x:  0.13093   0.04597   0.16377   0.03647   0.03444   0.04184   0.07199   0.05284   0.07662   0.09658   0.09364   0.41459   0.10147   0.15019   0.04063   0.03712   0.02154   0.04631   0.03531   0.08746   0.06182   0.06633   0.26182   0.14316   3.37319  
 13  5.0539  10580.525074  x:  0.13089   0.04600   0.16363   0.03653   0.03447   0.04177   0.07195   0.05289   0.07669   0.09659   0.09368   0.41463   0.10154   0.15030   0.04061   0.03707   0.02155   0.04633   0.03530   0.08748   0.06179   0.06640   0.26179   0.14312   3.37320  
 14  2.8822  10580.525039  x:  0.13089   0.04600   0.16362   0.03648   0.03447   0.04175   0.07196   0.05290   0.07673   0.09658   0.09370   0.41464   0.10154   0.15034   0.04060   0.03709   0.02155   0.04632   0.03530   0.08750   0.06178   0.06639   0.26177   0.14311   3.37320  
 15  0.8140  10580.525020  x:  0.13089   0.04601   0.16361   0.03647   0.03447   0.04177   0.07197   0.05289   0.07673   0.09659   0.09374   0.41465   0.10152   0.15039   0.04062   0.03708   0.02155   0.04634   0.03530   0.08750   0.06179   0.06638   0.26175   0.14311   3.37322  
 16  0.4669  10580.525008  x:  0.13089   0.04602   0.16361   0.03647   0.03447   0.04176   0.07197   0.05289   0.07671   0.09659   0.09375   0.41465   0.10150   0.15043   0.04063   0.03708   0.02155   0.04632   0.03530   0.08749   0.06179   0.06637   0.26173   0.14311   3.37323  
 17  0.4100  10580.524976  x:  0.13090   0.04602   0.16363   0.03648   0.03447   0.04177   0.07194   0.05292   0.07670   0.09659   0.09372   0.41466   0.10146   0.15047   0.04061   0.03709   0.02155   0.04634   0.03530   0.08748   0.06177   0.06637   0.26167   0.14313   3.37329  
 18  0.3034  10580.524903  x:  0.13093   0.04603   0.16367   0.03651   0.03448   0.04177   0.07196   0.05287   0.07673   0.09658   0.09365   0.41468   0.10141   0.15052   0.04061   0.03707   0.02154   0.04632   0.03530   0.08749   0.06178   0.06640   0.26157   0.14315   3.37345  
 19  0.8369  10580.524713  x:  0.13095   0.04599   0.16371   0.03657   0.03445   0.04174   0.07206   0.05292   0.07673   0.09658   0.09364   0.41470   0.10145   0.15053   0.04056   0.03708   0.02154   0.04634   0.03530   0.08753   0.06183   0.06637   0.26146   0.14318   3.37387  
 20  1.0132  10580.523030  x:  0.13103   0.04558   0.16394   0.03642   0.03445   0.04177   0.07194   0.05288   0.07668   0.09662   0.09377   0.41483   0.10197   0.15046   0.04060   0.03703   0.02150   0.04633   0.03528   0.08759   0.06177   0.06637   0.26095   0.14325   3.37768  
 21  4.8557  10580.520543  x:  0.13092   0.04573   0.16403   0.03643   0.03441   0.04171   0.07202   0.05287   0.07678   0.09649   0.09378   0.41505   0.10203   0.15048   0.04057   0.03697   0.02149   0.04631   0.03528   0.08710   0.06177   0.06631   0.26123   0.14315   3.38320  
 22  9.4162  10580.517698  x:  0.13083   0.04602   0.16396   0.03647   0.03437   0.04174   0.07200   0.05283   0.07664   0.09652   0.09365   0.41530   0.10181   0.15054   0.04052   0.03686   0.02138   0.04634   0.03524   0.08752   0.06173   0.06628   0.26188   0.14305   3.38944  
 23 26.5789  10580.517431  x:  0.13102   0.04597   0.16385   0.03647   0.03435   0.04174   0.07200   0.05283   0.07666   0.09663   0.09363   0.41531   0.10180   0.15059   0.04052   0.03687   0.02137   0.04634   0.03524   0.08750   0.06172   0.06627   0.26201   0.14324   3.38984  
 24  1.7523  10580.517278  x:  0.13110   0.04592   0.16379   0.03648   0.03438   0.04174   0.07201   0.05283   0.07664   0.09647   0.09365   0.41531   0.10179   0.15060   0.04052   0.03687   0.02136   0.04634   0.03523   0.08751   0.06172   0.06627   0.26205   0.14332   3.38983  
 25  0.5442  10580.501494  x:  0.13099   0.04582   0.16433   0.03651   0.03410   0.04168   0.07208   0.05268   0.07643   0.09656   0.09338   0.41593   0.10242   0.15082   0.04035   0.03637   0.02097   0.04637   0.03508   0.08746   0.06156   0.06597   0.26213   0.14322   3.37542  
 26  0.6566  10580.499943  x:  0.13067   0.04573   0.16415   0.03626   0.03414   0.04164   0.07202   0.05269   0.07664   0.09644   0.09353   0.41595   0.10220   0.15095   0.04029   0.03647   0.02081   0.04630   0.03512   0.08748   0.06152   0.06604   0.26216   0.14352   3.37457  
 27  0.0009  10580.499830  x:  0.13067   0.04570   0.16409   0.03627   0.03411   0.04163   0.07202   0.05268   0.07661   0.09646   0.09353   0.41581   0.10211   0.15087   0.04027   0.03644   0.02080   0.04630   0.03509   0.08747   0.06154   0.06605   0.26211   0.14351   3.37464  
 28  0.0002  10580.499816  x:  0.13067   0.04569   0.16410   0.03625   0.03410   0.04163   0.07201   0.05269   0.07661   0.09646   0.09354   0.41582   0.10210   0.15088   0.04026   0.03642   0.02082   0.04630   0.03510   0.08747   0.06154   0.06605   0.26212   0.14353   3.37459  
 29  0.0000  10580.499816  x:  0.13067   0.04568   0.16410   0.03625   0.03410   0.04163   0.07201   0.05269   0.07661   0.09646   0.09354   0.41583   0.10210   0.15088   0.04026   0.03642   0.02082   0.04630   0.03510   0.08747   0.06154   0.06605   0.26212   0.14353   3.37459  