

TREE #  1

  0  0.0000   1743.266355  x:  0.01232   0.01388   0.01025   0.00271   0.02009   0.00537   0.01157   0.02693   0.05754   0.04173   0.06675   0.07010   1.97904  
  1 99.0000   1738.801695  x:  0.01190   0.01561   0.01042   0.01353   0.02005   0.00395   0.01155   0.02614   0.05753   0.04067   0.06628   0.06968   1.97928  
  2 1371.2955   1737.191504  x:  0.00986   0.02325   0.00868   0.01318   0.01898   0.00256   0.01139   0.02113   0.05635   0.03361   0.06287   0.06764   1.98074  
  3 262.1294   1736.904976  x:  0.00930   0.02455   0.00858   0.01334   0.01895   0.00435   0.01139   0.02010   0.05604   0.03170   0.06179   0.06708   1.98126  
  4 458.1815   1736.628619  x:  0.00827   0.02307   0.01026   0.01333   0.02024   0.00410   0.01087   0.02006   0.05557   0.02820   0.05874   0.06604   1.98308  
  5 121.3134   1736.543268  x:  0.00808   0.02224   0.00900   0.01343   0.01995   0.00401   0.01157   0.02054   0.05526   0.02767   0.05671   0.06586   1.98509  
  6 68.0048   1736.398553  x:  0.00836   0.02261   0.00942   0.01344   0.01899   0.00408   0.01070   0.02059   0.05480   0.02930   0.05276   0.06614   1.99194  
  7 68.4876   1736.181829  x:  0.00895   0.02364   0.01058   0.01334   0.02030   0.00398   0.01310   0.02054   0.05458   0.03032   0.05096   0.06673   2.00670  
  8 114.0655   1732.831373  x:  0.01421   0.02669   0.00554   0.01336   0.03217   0.00432   0.00882   0.02183   0.05340   0.03052   0.04915   0.07197   2.23821  
  9 465.2508   1715.466568  x:  0.02011   0.01692   0.01073   0.01349   0.01468   0.00387   0.01210   0.01175   0.05493   0.02325   0.05870   0.07782   3.45931  
 10 4092.5351   1710.726964  x:  0.01080   0.02263   0.01363   0.01286   0.00917   0.00406   0.01258   0.02628   0.05661   0.02336   0.06283   0.06849   3.84260  
 11 6491.9699   1709.199500  x:  0.00274   0.02167   0.01247   0.01271   0.01149   0.00397   0.01264   0.02391   0.05638   0.02837   0.06400   0.06042   3.94570  
 12 2031.1978   1709.196602  x:  0.00272   0.02168   0.01242   0.01270   0.01154   0.00397   0.01263   0.02385   0.05721   0.02836   0.06388   0.06041   3.94597  
 13  4.6684   1703.927600  x:  0.01371   0.02413   0.01407   0.01223   0.02674   0.00401   0.01204   0.02749   0.05562   0.02774   0.06194   0.06965   4.82750  
 14  1.1413   1698.891266  x:  0.01049   0.01920   0.00731   0.01197   0.02468   0.00388   0.01091   0.01749   0.05882   0.03554   0.05540   0.06244   6.29935  
 15  0.7494   1696.786349  x:  0.01107   0.02464   0.01174   0.01172   0.02042   0.00417   0.01093   0.02269   0.05235   0.02871   0.05952   0.06177   7.60842  
 16  0.5770   1696.116270  x:  0.01383   0.02204   0.00978   0.01195   0.01873   0.00407   0.01172   0.02127   0.05883   0.02984   0.05941   0.06396   8.56489  
 17  0.5627   1696.008389  x:  0.01358   0.02169   0.00944   0.01215   0.02005   0.00403   0.01114   0.02092   0.05627   0.02983   0.05902   0.06351   9.02271  
 18  0.2496   1695.998130  x:  0.01336   0.02218   0.00965   0.01221   0.02018   0.00405   0.01135   0.02107   0.05691   0.02988   0.05919   0.06351   9.15542  
 19  0.0947   1695.997653  x:  0.01318   0.02205   0.00968   0.01226   0.02012   0.00404   0.01134   0.02109   0.05689   0.02995   0.05921   0.06364   9.18370  
 20  0.0221   1695.997605  x:  0.01284   0.02208   0.00968   0.01230   0.02011   0.00404   0.01133   0.02109   0.05688   0.02993   0.05919   0.06396   9.17831  
 21  0.0020   1695.997602  x:  0.01267   0.02207   0.00968   0.01231   0.02011   0.00404   0.01133   0.02109   0.05689   0.02994   0.05920   0.06415   9.17829  
 22  0.0002   1695.997602  x:  0.01249   0.02207   0.00968   0.01231   0.02012   0.00404   0.01133   0.02109   0.05689   0.02994   0.05920   0.06433   9.17841  

TREE #  2

  0  0.0000   1701.387296  x:  0.01176   0.01388   0.01025   0.00271   0.02009   0.00537   0.01157   0.02693   0.05754   0.04173   0.06675   0.07066   9.17841  
  1 99.0000   1697.649943  x:  0.01139   0.01584   0.01067   0.01296   0.02015   0.00373   0.01157   0.02613   0.05770   0.04064   0.06644   0.07029   9.17841  
  2 1111.5578   1696.262600  x:  0.00977   0.02404   0.00869   0.01273   0.01907   0.00360   0.01163   0.02090   0.05711   0.03315   0.06384   0.06867   9.17841  
  3 228.6139   1696.148255  x:  0.00934   0.02381   0.00933   0.01290   0.01965   0.00481   0.01137   0.02063   0.05703   0.03145   0.06281   0.06824   9.17841  
  4 113.8578   1696.040182  x:  0.00881   0.02294   0.01004   0.01280   0.02039   0.00407   0.01097   0.02057   0.05695   0.02936   0.06127   0.06771   9.17841  
  5 142.3889   1696.020653  x:  0.00872   0.02257   0.00953   0.01288   0.02023   0.00408   0.01150   0.02076   0.05690   0.02904   0.06034   0.06761   9.17841  
  6 36.4409   1696.011683  x:  0.00875   0.02263   0.00949   0.01290   0.01996   0.00411   0.01119   0.02081   0.05685   0.02933   0.05928   0.06765   9.17841  
  7 20.1062   1696.010140  x:  0.00879   0.02272   0.00965   0.01288   0.02002   0.00409   0.01133   0.02079   0.05684   0.02944   0.05903   0.06769   9.17841  
  8 11.8751   1696.010031  x:  0.00881   0.02274   0.00961   0.01288   0.02010   0.00409   0.01132   0.02080   0.05683   0.02946   0.05900   0.06771   9.17841  
  9  2.3069   1696.010026  x:  0.00882   0.02273   0.00961   0.01288   0.02010   0.00409   0.01132   0.02078   0.05684   0.02945   0.05900   0.06772   9.17841  
 10  0.4310   1696.010024  x:  0.00883   0.02273   0.00961   0.01288   0.02010   0.00409   0.01132   0.02079   0.05684   0.02945   0.05900   0.06773   9.17841  
 11  0.2052   1696.009949  x:  0.00882   0.02273   0.00960   0.01288   0.02011   0.00409   0.01132   0.02078   0.05697   0.02946   0.05899   0.06772   9.17842  
 12  0.0237   1696.000656  x:  0.00891   0.02210   0.00970   0.01266   0.02010   0.00400   0.01134   0.02127   0.05692   0.02999   0.05925   0.06776   9.17948  
 13  0.1020   1695.999564  x:  0.00603   0.02198   0.00970   0.01260   0.02014   0.00406   0.01136   0.02109   0.05689   0.03004   0.05926   0.07091   9.17967  
 14  0.0085   1695.997687  x:  0.00360   0.02209   0.00970   0.01231   0.02012   0.00406   0.01134   0.02111   0.05689   0.02995   0.05919   0.07321   9.17945  
 15  0.0024   1695.997620  x:  0.00000   0.02207   0.00967   0.01231   0.02011   0.00404   0.01135   0.02109   0.05689   0.02994   0.05924   0.07679   9.17852  
 16  0.0017   1695.997618  x:  0.00000   0.02207   0.00967   0.01231   0.02011   0.00404   0.01135   0.02109   0.05689   0.02994   0.05924   0.07681   9.17850  
 17  0.0287   1695.997618  x:  0.00000   0.02207   0.00967   0.01231   0.02011   0.00404   0.01135   0.02109   0.05689   0.02994   0.05924   0.07681   9.17842  
 18  0.0008   1695.997618  x:  0.00000   0.02207   0.00967   0.01231   0.02011   0.00404   0.01135   0.02109   0.05689   0.02994   0.05924   0.07681   9.17842  
 19  0.0607   1695.997613  x:  0.00000   0.02207   0.00967   0.01231   0.02011   0.00404   0.01134   0.02109   0.05689   0.02994   0.05924   0.07681   9.17842  
 20  1.0730   1695.997606  x:  0.00000   0.02207   0.00968   0.01230   0.02011   0.00404   0.01133   0.02109   0.05689   0.02994   0.05923   0.07681   9.17842  
 21  3.7606   1695.997603  x:  0.00000   0.02207   0.00968   0.01230   0.02012   0.00404   0.01133   0.02108   0.05689   0.02994   0.05921   0.07681   9.17842  
 22  0.3737   1695.997601  x:  0.00000   0.02207   0.00968   0.01230   0.02012   0.00404   0.01133   0.02108   0.05689   0.02994   0.05920   0.07681   9.17842  
 23  0.4015   1695.997601  x:  0.00000   0.02207   0.00968   0.01231   0.02012   0.00404   0.01133   0.02108   0.05689   0.02994   0.05920   0.07681   9.17842  
 24  0.1145   1695.997601  x:  0.00000   0.02207   0.00968   0.01230   0.02012   0.00404   0.01133   0.02109   0.05689   0.02994   0.05920   0.07681   9.17842  
 25  0.0366   1695.997601  x:  0.00000   0.02207   0.00968   0.01230   0.02012   0.00404   0.01133   0.02109   0.05689   0.02994   0.05920   0.07681   9.17842  
 26  0.0090   1695.997601  x:  0.00000   0.02207   0.00968   0.01230   0.02012   0.00404   0.01133   0.02109   0.05689   0.02994   0.05920   0.07682   9.17842  
 27  0.0075   1695.997601  x:  0.00000   0.02207   0.00968   0.01230   0.02012   0.00404   0.01133   0.02109   0.05689   0.02994   0.05920   0.07682   9.17842  