

TREE #  1

  0  0.0000   6932.182069  x:  0.04381   0.00000   0.08160   0.04594   0.00752   0.03454   0.05268   0.05486   0.08113   0.07182   0.10583   0.12954   0.01429   0.05071   0.00723   0.03790   0.04063   0.04572   0.05249   0.05387   0.08792   0.08546   0.10281   0.09502   1.95093  
  1 99.0000   6894.555434  x:  0.04493   0.02744   0.09549   0.04613   0.04293   0.03561   0.04916   0.05041   0.08477   0.07407   0.10421   0.13191   0.03707   0.06061   0.02572   0.03830   0.03423   0.03928   0.04295   0.05157   0.08532   0.08231   0.10895   0.09613   1.95476  
  2 1966.8311   6883.706052  x:  0.04159   0.01968   0.11441   0.04111   0.04277   0.03229   0.04494   0.04155   0.08662   0.06817   0.09690   0.13029   0.04143   0.07006   0.02100   0.03707   0.02453   0.03096   0.02732   0.04875   0.07784   0.07073   0.11677   0.09280   1.96454  
  3 549.2163   6878.559316  x:  0.03834   0.01170   0.13536   0.03823   0.04378   0.03284   0.04601   0.03972   0.08882   0.06324   0.08857   0.12782   0.04445   0.07795   0.02430   0.03982   0.03111   0.03776   0.03450   0.04982   0.07149   0.06018   0.12412   0.08955   1.98032  
  4 428.0090   6875.471319  x:  0.03901   0.01065   0.15267   0.04572   0.04110   0.03608   0.05237   0.05086   0.08874   0.06483   0.08367   0.12502   0.04022   0.07657   0.02862   0.04097   0.02820   0.03342   0.03478   0.05013   0.07340   0.06014   0.12563   0.09021   2.01157  
  5 230.2063   6867.573728  x:  0.04583   0.01821   0.17995   0.05798   0.03758   0.02957   0.04184   0.04384   0.08542   0.07124   0.07645   0.11951   0.03330   0.06530   0.02345   0.03597   0.03154   0.03952   0.03416   0.05187   0.08112   0.06889   0.12124   0.09703   2.12509  
  6 399.5066   6844.037910  x:  0.04936   0.00647   0.18199   0.04328   0.04752   0.05189   0.05566   0.02786   0.08863   0.06999   0.07427   0.10796   0.04673   0.05841   0.01085   0.04072   0.03399   0.03251   0.03753   0.04372   0.08779   0.08886   0.10508   0.10057   2.51654  
  7 857.2252   6812.722645  x:  0.04315   0.00328   0.15553   0.02233   0.03643   0.03648   0.05289   0.04109   0.08317   0.05946   0.08714   0.10987   0.05416   0.07352   0.03779   0.04010   0.03039   0.04281   0.02521   0.04705   0.08105   0.09350   0.10046   0.09435   3.06980  
  8 3227.0023   6790.422402  x:  0.03411   0.01388   0.12640   0.03992   0.03693   0.02716   0.04819   0.04991   0.08639   0.05986   0.10434   0.12450   0.05257   0.08785   0.02539   0.03976   0.02427   0.03481   0.03966   0.05255   0.06391   0.06695   0.11324   0.08530   3.45174  
  9 3612.5562   6787.106236  x:  0.03508   0.01352   0.11892   0.04281   0.03972   0.03373   0.04591   0.04966   0.08945   0.06311   0.10366   0.13125   0.04492   0.08742   0.02692   0.04194   0.03185   0.03487   0.03218   0.05371   0.06661   0.05663   0.12106   0.08628   3.50831  
 10 824.9182   6786.177614  x:  0.03738   0.01262   0.11584   0.04169   0.04116   0.03355   0.04694   0.04722   0.09082   0.06375   0.10006   0.13655   0.04059   0.08571   0.02939   0.04193   0.02767   0.03628   0.03420   0.05062   0.06992   0.05386   0.12736   0.08858   3.52399  
 11 247.8927   6786.003069  x:  0.03815   0.01274   0.11524   0.04113   0.04103   0.03205   0.04829   0.04693   0.09075   0.06314   0.09809   0.13951   0.04060   0.08496   0.02930   0.04142   0.02916   0.03459   0.03444   0.05088   0.06967   0.05531   0.13034   0.08935   3.52700  
 12 79.8904   6785.963091  x:  0.03791   0.01251   0.11519   0.04139   0.04113   0.03266   0.04825   0.04735   0.09056   0.06295   0.09748   0.14110   0.04117   0.08443   0.02873   0.04123   0.02878   0.03550   0.03404   0.05130   0.06911   0.05646   0.13151   0.08911   3.52771  
 13 33.7826   6785.956691  x:  0.03760   0.01223   0.11529   0.04147   0.04113   0.03269   0.04783   0.04735   0.09034   0.06297   0.09750   0.14165   0.04141   0.08403   0.02890   0.04159   0.02876   0.03529   0.03416   0.05124   0.06923   0.05660   0.13155   0.08880   3.52785  
 14 11.2379   6785.952430  x:  0.03751   0.01225   0.11549   0.04131   0.04105   0.03265   0.04801   0.04743   0.09017   0.06297   0.09767   0.14221   0.04170   0.08357   0.02886   0.04145   0.02883   0.03536   0.03410   0.05106   0.06931   0.05623   0.13127   0.08871   3.52800  
 15  5.3205   6785.936202  x:  0.03783   0.01175   0.11597   0.04131   0.04112   0.03276   0.04818   0.04700   0.09051   0.06315   0.09834   0.14336   0.04148   0.08364   0.02928   0.04114   0.02864   0.03522   0.03420   0.05178   0.06895   0.05621   0.13050   0.08902   3.52871  
 16  2.9884   6785.839406  x:  0.03876   0.01205   0.11724   0.04093   0.04101   0.03256   0.04784   0.04763   0.09143   0.06297   0.09881   0.14595   0.04061   0.08573   0.02832   0.04296   0.02884   0.03554   0.03407   0.05065   0.06906   0.05689   0.12879   0.08994   3.53322  
 17  8.9128   6785.069548  x:  0.03721   0.01027   0.11993   0.04219   0.04347   0.03261   0.04608   0.04940   0.09113   0.06367   0.09475   0.14820   0.03822   0.09017   0.02745   0.03691   0.03035   0.03496   0.03471   0.04784   0.07227   0.05845   0.12542   0.08832   3.56858  
 18 37.8752   6780.682346  x:  0.03733   0.01344   0.13248   0.05045   0.03960   0.03288   0.04953   0.04503   0.08496   0.06248   0.07473   0.14559   0.03869   0.09222   0.02653   0.03927   0.02797   0.03595   0.03361   0.05838   0.08370   0.05629   0.11959   0.08799   3.77641  
 19 377.4178   6774.378111  x:  0.04621   0.00906   0.15430   0.06064   0.03770   0.03146   0.04761   0.04426   0.08585   0.06575   0.07158   0.13090   0.03740   0.07563   0.03099   0.04065   0.03035   0.03731   0.03082   0.04723   0.07186   0.05912   0.12858   0.09624   4.07044  
 20 1077.1211   6773.120913  x:  0.04566   0.01197   0.16241   0.05210   0.03818   0.03252   0.04453   0.04748   0.08953   0.06598   0.07759   0.12716   0.03352   0.07062   0.02794   0.03932   0.02969   0.03600   0.03249   0.05096   0.07503   0.06061   0.13579   0.09556   4.12950  
 21 424.5226   6773.027476  x:  0.04489   0.01174   0.16343   0.05235   0.03782   0.03194   0.04598   0.04653   0.08943   0.06749   0.07985   0.12696   0.03367   0.07143   0.02772   0.03941   0.02992   0.03655   0.03209   0.05074   0.07666   0.06143   0.13757   0.09478   4.13392  
 22 61.7763   6773.024208  x:  0.04498   0.01188   0.16348   0.05227   0.03748   0.03226   0.04588   0.04643   0.08918   0.06766   0.07996   0.12700   0.03379   0.07164   0.02780   0.03928   0.02993   0.03646   0.03220   0.05064   0.07668   0.06144   0.13773   0.09487   4.13409  
 23  9.0026   6773.022896  x:  0.04507   0.01180   0.16350   0.05214   0.03760   0.03224   0.04587   0.04650   0.08880   0.06791   0.07996   0.12699   0.03376   0.07171   0.02772   0.03933   0.02991   0.03645   0.03222   0.05070   0.07661   0.06141   0.13776   0.09496   4.13420  
 24  2.6251   6773.003954  x:  0.04464   0.01233   0.16360   0.05199   0.03782   0.03252   0.04626   0.04601   0.08797   0.06749   0.08011   0.12709   0.03276   0.07166   0.02782   0.03947   0.02993   0.03644   0.03219   0.05049   0.07604   0.06162   0.13760   0.09452   4.13643  
 25  1.0299   6771.379729  x:  0.04764   0.00908   0.16116   0.05401   0.04142   0.03409   0.04655   0.04565   0.08310   0.05639   0.08731   0.12944   0.03509   0.07385   0.02476   0.03908   0.03028   0.03604   0.03314   0.05068   0.07929   0.06228   0.13385   0.09688   4.32759  
 26 23.5871   6768.294600  x:  0.04395   0.01017   0.15493   0.04781   0.03935   0.03447   0.04892   0.04351   0.09099   0.06620   0.08672   0.13483   0.03928   0.07534   0.02069   0.04153   0.02974   0.03502   0.03502   0.05032   0.07364   0.06528   0.12121   0.09192   4.70074  
 27 1094.4001   6767.683168  x:  0.04550   0.01004   0.14981   0.04704   0.03809   0.03397   0.04753   0.04238   0.09015   0.06675   0.08577   0.13234   0.03798   0.07514   0.02429   0.04025   0.03020   0.03588   0.03329   0.05024   0.07576   0.06467   0.12732   0.09215   4.87522  
 28  0.1375   6767.650621  x:  0.04548   0.01027   0.14925   0.04674   0.03842   0.03399   0.04798   0.04356   0.09000   0.06602   0.08576   0.13209   0.03786   0.07509   0.02364   0.04052   0.03017   0.03588   0.03326   0.05002   0.07543   0.06453   0.12774   0.09206   4.91265  
 29  0.0351   6767.649233  x:  0.04541   0.01026   0.14939   0.04693   0.03842   0.03394   0.04801   0.04352   0.08998   0.06596   0.08588   0.13230   0.03783   0.07513   0.02378   0.04060   0.03013   0.03588   0.03334   0.05012   0.07531   0.06443   0.12745   0.09207   4.92022  
 30  0.0066   6767.649155  x:  0.04534   0.01028   0.14951   0.04693   0.03843   0.03394   0.04799   0.04353   0.08999   0.06599   0.08586   0.13230   0.03783   0.07516   0.02377   0.04058   0.03012   0.03587   0.03335   0.05013   0.07534   0.06442   0.12753   0.09212   4.92146  
 31  0.0010   6767.649143  x:  0.04527   0.01029   0.14951   0.04693   0.03846   0.03395   0.04799   0.04353   0.08998   0.06598   0.08585   0.13229   0.03785   0.07515   0.02379   0.04058   0.03012   0.03587   0.03334   0.05012   0.07533   0.06442   0.12751   0.09219   4.92149  
 32  0.0001   6767.649143  x:  0.04521   0.01029   0.14951   0.04693   0.03846   0.03394   0.04799   0.04353   0.08998   0.06598   0.08585   0.13229   0.03785   0.07516   0.02379   0.04058   0.03012   0.03587   0.03334   0.05012   0.07533   0.06442   0.12751   0.09224   4.92143  
 33  0.0001   6767.649143  x:  0.04521   0.01029   0.14951   0.04693   0.03846   0.03394   0.04799   0.04353   0.08998   0.06598   0.08585   0.13229   0.03785   0.07516   0.02379   0.04058   0.03012   0.03587   0.03334   0.05012   0.07533   0.06442   0.12751   0.09225   4.92143  

TREE #  2

  0  0.0000   6812.753325  x:  0.06238   0.00000   0.08454   0.03045   0.01110   0.03707   0.03828   0.04584   0.08090   0.08286   0.10239   0.12954   0.01507   0.04419   0.01573   0.02225   0.02262   0.04012   0.04170   0.05298   0.07620   0.08386   0.11955   0.06462   4.92143  
  1 99.0000   6780.145706  x:  0.06671   0.03521   0.10011   0.03839   0.03576   0.03734   0.04319   0.04629   0.08487   0.08220   0.10247   0.13334   0.03672   0.05834   0.02391   0.03761   0.03005   0.03679   0.03664   0.05308   0.07738   0.08080   0.12325   0.06895   4.92139  
  2 1761.2059   6770.154127  x:  0.06752   0.01743   0.13016   0.04523   0.04078   0.03154   0.05198   0.04292   0.08997   0.06910   0.09536   0.13294   0.04055   0.07654   0.02030   0.04502   0.03024   0.03286   0.02692   0.04911   0.07540   0.06621   0.12890   0.06976   4.92134  
  3 418.6055   6768.552032  x:  0.06762   0.01381   0.13958   0.04669   0.04222   0.03280   0.05100   0.04247   0.09107   0.06554   0.09174   0.13274   0.04113   0.07961   0.02369   0.04472   0.03122   0.03700   0.03492   0.04906   0.07513   0.06351   0.12966   0.06987   4.92133  
  4 306.0262   6768.075173  x:  0.06754   0.01443   0.14613   0.04704   0.04209   0.03500   0.04723   0.04341   0.09066   0.06470   0.08764   0.13258   0.04038   0.07807   0.02601   0.04122   0.03027   0.03555   0.03367   0.05019   0.07507   0.06360   0.12868   0.06978   4.92133  
  5 110.5082   6767.985362  x:  0.06750   0.01506   0.14867   0.04739   0.04173   0.03398   0.04756   0.04413   0.08992   0.06554   0.08595   0.13222   0.04011   0.07621   0.02453   0.04132   0.03078   0.03611   0.03381   0.05075   0.07530   0.06405   0.12770   0.06974   4.92133  
  6 47.8690   6767.971747  x:  0.06748   0.01487   0.14927   0.04752   0.04168   0.03411   0.04792   0.04373   0.08982   0.06601   0.08570   0.13184   0.04023   0.07563   0.02477   0.04181   0.03052   0.03597   0.03385   0.05030   0.07549   0.06473   0.12734   0.06972   4.92133  
  7 19.9552   6767.970604  x:  0.06749   0.01482   0.14935   0.04751   0.04166   0.03425   0.04792   0.04359   0.08983   0.06606   0.08578   0.13162   0.04042   0.07560   0.02467   0.04172   0.03067   0.03601   0.03381   0.05028   0.07542   0.06481   0.12725   0.06973   4.92134  
  8  5.3641   6767.970257  x:  0.06748   0.01484   0.14940   0.04745   0.04163   0.03420   0.04792   0.04364   0.08983   0.06603   0.08587   0.13140   0.04053   0.07561   0.02467   0.04168   0.03059   0.03600   0.03383   0.05029   0.07539   0.06482   0.12719   0.06972   4.92135  
  9  2.6493   6767.970151  x:  0.06746   0.01484   0.14941   0.04743   0.04163   0.03419   0.04790   0.04366   0.08983   0.06603   0.08590   0.13130   0.04050   0.07562   0.02470   0.04172   0.03063   0.03599   0.03382   0.05032   0.07541   0.06481   0.12716   0.06970   4.92135  
 10  1.5030   6767.970076  x:  0.06745   0.01488   0.14942   0.04742   0.04165   0.03422   0.04789   0.04364   0.08984   0.06603   0.08591   0.13123   0.04044   0.07563   0.02467   0.04173   0.03061   0.03601   0.03382   0.05030   0.07541   0.06477   0.12715   0.06970   4.92136  
 11  0.7651   6767.969740  x:  0.06752   0.01493   0.14941   0.04745   0.04160   0.03422   0.04800   0.04365   0.08986   0.06606   0.08587   0.13112   0.04034   0.07570   0.02470   0.04164   0.03065   0.03600   0.03382   0.05026   0.07545   0.06479   0.12720   0.06976   4.92144  
 12  0.4943   6767.967696  x:  0.06771   0.01490   0.14936   0.04756   0.04152   0.03409   0.04781   0.04350   0.08985   0.06615   0.08567   0.13089   0.04029   0.07587   0.02462   0.04169   0.03060   0.03594   0.03387   0.05040   0.07554   0.06490   0.12745   0.06996   4.92193  
 13  1.3755   6767.952489  x:  0.06777   0.01434   0.14917   0.04785   0.04167   0.03457   0.04779   0.04421   0.08988   0.06621   0.08501   0.13039   0.04042   0.07581   0.02445   0.04199   0.03044   0.03619   0.03364   0.05050   0.07541   0.06500   0.12825   0.07001   4.92563  
 14  5.8647   6767.868048  x:  0.06687   0.01324   0.14944   0.04846   0.04097   0.03360   0.04792   0.04362   0.08971   0.06509   0.08375   0.12996   0.04052   0.07484   0.02453   0.04161   0.03084   0.03567   0.03352   0.04938   0.07441   0.06429   0.13007   0.06910   4.94607  
 15 42.7749   6767.748763  x:  0.06705   0.01126   0.15150   0.04835   0.03952   0.03394   0.04909   0.04282   0.09016   0.06486   0.08501   0.13155   0.03953   0.07536   0.02427   0.04119   0.03006   0.03588   0.03297   0.05112   0.07553   0.06392   0.12942   0.06927   4.97489  
 16 107.6479   6767.713630  x:  0.06765   0.01032   0.15224   0.04771   0.03949   0.03369   0.04844   0.04352   0.09024   0.06545   0.08550   0.13231   0.03904   0.07619   0.02390   0.04120   0.03041   0.03551   0.03306   0.05016   0.07549   0.06413   0.12847   0.06986   4.98332  
 17 78.0861   6767.712281  x:  0.06771   0.01035   0.15224   0.04761   0.03935   0.03366   0.04839   0.04348   0.09021   0.06542   0.08540   0.13235   0.03902   0.07630   0.02397   0.04130   0.03038   0.03572   0.03293   0.05010   0.07532   0.06417   0.12833   0.06992   4.98361  
 18  7.4580   6767.711997  x:  0.06772   0.01036   0.15220   0.04761   0.03932   0.03370   0.04843   0.04347   0.09021   0.06541   0.08532   0.13236   0.03900   0.07635   0.02396   0.04134   0.03037   0.03565   0.03297   0.05016   0.07518   0.06415   0.12821   0.06994   4.98361  
 19  2.4257   6767.711894  x:  0.06772   0.01033   0.15215   0.04769   0.03937   0.03367   0.04843   0.04346   0.09021   0.06542   0.08527   0.13235   0.03900   0.07638   0.02398   0.04131   0.03036   0.03567   0.03296   0.05017   0.07516   0.06414   0.12812   0.06993   4.98352  
 20  1.1629   6767.711742  x:  0.06771   0.01033   0.15210   0.04775   0.03933   0.03369   0.04842   0.04348   0.09021   0.06536   0.08521   0.13234   0.03905   0.07641   0.02397   0.04132   0.03037   0.03566   0.03296   0.05014   0.07526   0.06411   0.12802   0.06993   4.98319  
 21  1.1908   6767.707210  x:  0.06765   0.01022   0.15199   0.04724   0.03960   0.03359   0.04854   0.04338   0.09042   0.06514   0.08490   0.13231   0.03904   0.07644   0.02386   0.04119   0.03036   0.03566   0.03294   0.05019   0.07547   0.06433   0.12794   0.06986   4.97079  
 22  2.5446   6767.688287  x:  0.06761   0.01002   0.15212   0.04768   0.03909   0.03361   0.04839   0.04348   0.09044   0.06525   0.08529   0.13234   0.03878   0.07635   0.02382   0.04123   0.03032   0.03565   0.03292   0.05013   0.07514   0.06430   0.12808   0.06984   4.91942  
 23 105.9243   6767.687614  x:  0.06767   0.00998   0.15210   0.04756   0.03910   0.03363   0.04843   0.04345   0.09023   0.06537   0.08526   0.13232   0.03884   0.07631   0.02390   0.04122   0.03032   0.03564   0.03291   0.05014   0.07518   0.06407   0.12809   0.06990   4.91757  
 24 15.7562   6767.687597  x:  0.06766   0.00998   0.15210   0.04757   0.03911   0.03364   0.04843   0.04345   0.09017   0.06536   0.08526   0.13232   0.03884   0.07633   0.02389   0.04122   0.03032   0.03564   0.03291   0.05014   0.07518   0.06409   0.12809   0.06989   4.91754  
 25  0.3682   6767.673425  x:  0.06699   0.01024   0.15128   0.04718   0.03849   0.03376   0.04824   0.04348   0.09038   0.06642   0.08521   0.13238   0.03860   0.07649   0.02382   0.04088   0.03024   0.03573   0.03308   0.05012   0.07537   0.06408   0.12794   0.06934   4.91859  
 26  0.0072   6767.650264  x:  0.06752   0.01046   0.14980   0.04692   0.03849   0.03389   0.04802   0.04351   0.09019   0.06602   0.08580   0.13227   0.03770   0.07519   0.02377   0.04054   0.03012   0.03585   0.03329   0.05008   0.07538   0.06422   0.12738   0.07006   4.92030  
 27  9.8064   6767.649151  x:  0.06745   0.01030   0.14951   0.04693   0.03847   0.03396   0.04800   0.04353   0.08998   0.06598   0.08587   0.13228   0.03785   0.07515   0.02378   0.04058   0.03012   0.03588   0.03334   0.05012   0.07534   0.06442   0.12752   0.07001   4.92169  
 28  0.0016   6767.649143  x:  0.06745   0.01029   0.14951   0.04693   0.03846   0.03394   0.04799   0.04353   0.08999   0.06598   0.08586   0.13229   0.03786   0.07515   0.02379   0.04058   0.03012   0.03587   0.03334   0.05012   0.07533   0.06441   0.12751   0.07001   4.92144  
 29  0.0003   6767.649143  x:  0.06745   0.01029   0.14951   0.04693   0.03846   0.03394   0.04799   0.04353   0.08999   0.06598   0.08586   0.13229   0.03786   0.07516   0.02379   0.04058   0.03012   0.03587   0.03334   0.05013   0.07533   0.06442   0.12751   0.07001   4.92142  
 30  0.0000   6767.649143  x:  0.06745   0.01029   0.14951   0.04693   0.03846   0.03394   0.04799   0.04353   0.08998   0.06598   0.08586   0.13229   0.03785   0.07516   0.02379   0.04058   0.03012   0.03587   0.03334   0.05013   0.07533   0.06442   0.12751   0.07001   4.92142  
 31  0.0000   6767.649143  x:  0.06744   0.01029   0.14951   0.04693   0.03846   0.03394   0.04799   0.04353   0.08998   0.06598   0.08586   0.13229   0.03785   0.07516   0.02379   0.04058   0.03012   0.03587   0.03334   0.05012   0.07533   0.06442   0.12751   0.07002   4.92142  
 32  0.0000   6767.649143  x:  0.06744   0.01029   0.14951   0.04693   0.03846   0.03394   0.04799   0.04353   0.08998   0.06598   0.08586   0.13229   0.03785   0.07516   0.02379   0.04058   0.03012   0.03587   0.03334   0.05012   0.07533   0.06442   0.12751   0.07002   4.92142  