

TREE #  1

  0  0.0000   7661.232312  x:  0.02952   0.06325   0.12413   0.03027   0.02047   0.02586   0.05373   0.06544   0.06647   0.08614   0.09820   0.22500   0.00925   0.06949   0.01427   0.00000   0.03605   0.04636   0.03484   0.05963   0.07112   0.07376   0.13212   0.11543   1.69016  
  1 99.0000   7642.473510  x:  0.02971   0.06479   0.12550   0.03069   0.02206   0.02669   0.05371   0.06449   0.06698   0.08583   0.09738   0.22600   0.01307   0.06989   0.01595   0.02401   0.03553   0.04613   0.03365   0.06097   0.07117   0.07284   0.13214   0.11562   1.69101  
  2 5231.2302   7615.150798  x:  0.03141   0.08293   0.14263   0.03553   0.03982   0.03589   0.05332   0.05245   0.07305   0.08146   0.08655   0.23885   0.05199   0.07445   0.02234   0.02209   0.01917   0.04140   0.02171   0.06785   0.06662   0.05868   0.13171   0.11732   1.70207  
  3 1047.7343   7605.418071  x:  0.02505   0.09459   0.16036   0.03513   0.03743   0.03029   0.05351   0.04386   0.07393   0.07271   0.07081   0.25592   0.05355   0.07401   0.02225   0.02180   0.02599   0.04515   0.03369   0.07526   0.06230   0.04278   0.12854   0.11096   1.72143  
  4 515.2697   7597.907979  x:  0.01681   0.10204   0.17853   0.03909   0.03218   0.02697   0.05542   0.04760   0.07470   0.06687   0.05747   0.27698   0.04171   0.07280   0.02804   0.02197   0.01987   0.04329   0.02277   0.07590   0.06190   0.04188   0.12493   0.10272   1.75282  
  5 503.6297   7589.770020  x:  0.01758   0.10546   0.20056   0.05307   0.04096   0.03727   0.05389   0.05581   0.07875   0.07331   0.05646   0.30870   0.03238   0.07453   0.02529   0.02205   0.02401   0.04378   0.02889   0.07184   0.06484   0.05410   0.12383   0.10349   1.81903  
  6 484.7601   7577.791781  x:  0.03071   0.09510   0.21555   0.05235   0.03436   0.02633   0.04794   0.05282   0.07409   0.08090   0.06186   0.34318   0.03359   0.07700   0.00939   0.02291   0.02238   0.04319   0.02484   0.06551   0.06722   0.05870   0.12708   0.11663   1.92906  
  7 743.7960   7565.113811  x:  0.04495   0.07114   0.22267   0.03983   0.02656   0.02195   0.04781   0.04620   0.06944   0.08655   0.06979   0.37872   0.03774   0.07981   0.03145   0.02166   0.02470   0.04389   0.02703   0.06386   0.06974   0.06211   0.13239   0.13086   2.08837  
  8 1715.3847   7548.197499  x:  0.04751   0.03667   0.21545   0.02026   0.03104   0.04099   0.05827   0.04644   0.07078   0.08384   0.07645   0.40337   0.03498   0.07634   0.03016   0.02182   0.02198   0.04350   0.02340   0.07086   0.06443   0.04523   0.13502   0.13342   2.28089  
  9 1868.0073   7531.343009  x:  0.03058   0.02300   0.18815   0.04493   0.04008   0.02843   0.05782   0.04922   0.06732   0.07460   0.08882   0.39563   0.04419   0.07225   0.03214   0.02154   0.01797   0.04305   0.02609   0.07876   0.05902   0.03531   0.13305   0.11648   2.49936  
 10 1171.4209   7506.542551  x:  0.00848   0.05871   0.14258   0.03949   0.03676   0.02873   0.05271   0.04992   0.07443   0.05917   0.08357   0.35402   0.06261   0.07324   0.02409   0.02040   0.03552   0.04410   0.02006   0.07940   0.06196   0.05544   0.12891   0.09439   2.83201  
 11 1827.5744   7493.899864  x:  0.00947   0.08686   0.12652   0.03791   0.03441   0.02941   0.05502   0.05210   0.07680   0.06459   0.07379   0.31911   0.05741   0.07245   0.02373   0.02131   0.01659   0.04568   0.03353   0.07346   0.06464   0.05326   0.12587   0.09537   2.99309  
 12 1789.7519   7486.588495  x:  0.01821   0.10503   0.12718   0.04530   0.03828   0.02941   0.05716   0.05091   0.07584   0.07441   0.06769   0.28556   0.04594   0.07221   0.02738   0.02110   0.02425   0.04249   0.02618   0.07323   0.06393   0.04000   0.12488   0.10411   3.09241  
 13 1140.8147   7483.855630  x:  0.02000   0.10329   0.14518   0.04643   0.03897   0.03144   0.05395   0.04671   0.07372   0.06872   0.06869   0.26074   0.04166   0.07540   0.02674   0.02107   0.02187   0.04673   0.02532   0.07959   0.05909   0.04476   0.12779   0.10590   3.13012  
 14 300.1558   7483.106011  x:  0.01898   0.10031   0.15428   0.04480   0.03884   0.02975   0.05559   0.05092   0.07455   0.06781   0.06843   0.25157   0.04422   0.07549   0.02618   0.02103   0.02262   0.04303   0.02690   0.07853   0.06250   0.04462   0.12864   0.10487   3.14072  
 15 181.1487   7482.994966  x:  0.01783   0.09901   0.15615   0.04459   0.03858   0.02985   0.05502   0.05021   0.07556   0.06946   0.06813   0.24985   0.04501   0.07432   0.02625   0.02106   0.02281   0.04451   0.02658   0.07631   0.06317   0.04418   0.12821   0.10373   3.14231  
 16 56.8393   7482.986698  x:  0.01777   0.09879   0.15627   0.04472   0.03825   0.03002   0.05501   0.05000   0.07559   0.06975   0.06789   0.24971   0.04518   0.07394   0.02623   0.02107   0.02286   0.04400   0.02670   0.07612   0.06259   0.04439   0.12793   0.10367   3.14245  
 17 12.9233   7482.979671  x:  0.01798   0.09854   0.15626   0.04488   0.03814   0.03000   0.05527   0.05035   0.07546   0.06984   0.06735   0.24965   0.04547   0.07369   0.02619   0.02106   0.02294   0.04439   0.02666   0.07632   0.06244   0.04462   0.12743   0.10387   3.14263  
 18  3.8516   7482.938134  x:  0.01827   0.09759   0.15607   0.04515   0.03844   0.03018   0.05442   0.04979   0.07534   0.06976   0.06600   0.24966   0.04535   0.07404   0.02605   0.02104   0.02286   0.04398   0.02672   0.07683   0.06371   0.04494   0.12566   0.10416   3.14383  
 19  5.0953   7482.309121  x:  0.01889   0.09588   0.15763   0.04553   0.03699   0.03045   0.05571   0.04997   0.07733   0.06897   0.06653   0.25212   0.04508   0.08409   0.02596   0.02116   0.02323   0.04426   0.02669   0.07308   0.06172   0.04397   0.11754   0.10471   3.16260  
 20 13.8087   7475.851137  x:  0.01946   0.09779   0.17765   0.03168   0.04525   0.02320   0.05533   0.05137   0.07698   0.08303   0.07430   0.28232   0.04002   0.08159   0.02560   0.02061   0.02180   0.04305   0.02590   0.08010   0.05904   0.04848   0.10707   0.10461   3.35535  
 21 119.8208   7467.008747  x:  0.02628   0.09718   0.20166   0.03672   0.02875   0.03693   0.05319   0.05293   0.07096   0.08208   0.07612   0.32330   0.03918   0.07300   0.02430   0.01990   0.02195   0.04391   0.02555   0.07738   0.06994   0.04621   0.11614   0.11051   3.62107  
 22 1358.1500   7464.210085  x:  0.03002   0.09132   0.20563   0.03838   0.03493   0.03437   0.05483   0.05110   0.07420   0.07747   0.06256   0.33542   0.03638   0.07340   0.02347   0.02007   0.02292   0.04357   0.02592   0.06760   0.06777   0.04960   0.13054   0.11396   3.70272  
 23 635.6776   7464.112966  x:  0.02989   0.09063   0.20549   0.03887   0.03376   0.03416   0.05416   0.05165   0.07667   0.07922   0.06130   0.33580   0.03645   0.07481   0.02332   0.02002   0.02279   0.04363   0.02588   0.06940   0.06761   0.04961   0.13239   0.11382   3.70562  
 24 49.7324   7464.111730  x:  0.02982   0.09062   0.20550   0.03892   0.03374   0.03417   0.05448   0.05145   0.07655   0.07936   0.06127   0.33580   0.03645   0.07491   0.02327   0.02001   0.02278   0.04362   0.02587   0.06947   0.06771   0.04969   0.13246   0.11375   3.70570  
 25  2.4417   7464.090234  x:  0.02942   0.09056   0.20545   0.03868   0.03385   0.03449   0.05396   0.05186   0.07497   0.08006   0.06080   0.33575   0.03663   0.07568   0.02327   0.02001   0.02282   0.04364   0.02590   0.06939   0.06748   0.04955   0.13286   0.11334   3.70780  
 26  1.0961   7457.315690  x:  0.02966   0.09511   0.19896   0.03775   0.03499   0.02989   0.05290   0.04893   0.07515   0.07315   0.06930   0.31740   0.03955   0.07960   0.02148   0.01754   0.02415   0.04577   0.02511   0.07593   0.06386   0.05098   0.13044   0.10978   4.42790  
 27 17.6486   7456.836719  x:  0.02970   0.09153   0.19626   0.04091   0.03493   0.03074   0.05410   0.05101   0.07605   0.07644   0.06488   0.32164   0.04046   0.07694   0.02317   0.01691   0.02297   0.04439   0.02541   0.07320   0.06563   0.04941   0.13093   0.10792   4.50514  
 28  0.0589   7456.790412  x:  0.02970   0.08984   0.19409   0.04035   0.03534   0.03122   0.05394   0.05055   0.07582   0.07560   0.06615   0.32377   0.04068   0.07672   0.02357   0.01633   0.02354   0.04464   0.02565   0.07357   0.06566   0.04902   0.13107   0.10783   4.52763  
 29  0.0137   7456.772781  x:  0.02981   0.08941   0.19366   0.04011   0.03505   0.03103   0.05417   0.05060   0.07574   0.07566   0.06632   0.32403   0.03983   0.07686   0.02353   0.01576   0.02319   0.04467   0.02524   0.07379   0.06544   0.04894   0.13114   0.10831   4.52071  
 30  0.0029   7456.763139  x:  0.02949   0.08947   0.19418   0.04015   0.03502   0.03096   0.05409   0.05069   0.07577   0.07592   0.06614   0.32366   0.04009   0.07679   0.02338   0.01528   0.02342   0.04465   0.02553   0.07365   0.06566   0.04928   0.13102   0.10849   4.50714  
 31  0.0067   7456.762089  x:  0.02932   0.08985   0.19428   0.04029   0.03514   0.03103   0.05402   0.05065   0.07579   0.07577   0.06607   0.32331   0.04009   0.07673   0.02340   0.01520   0.02342   0.04466   0.02545   0.07367   0.06569   0.04920   0.13101   0.10853   4.50930  
 32  0.0017   7456.762051  x:  0.02924   0.08988   0.19427   0.04028   0.03511   0.03103   0.05404   0.05064   0.07581   0.07576   0.06607   0.32332   0.04012   0.07675   0.02341   0.01519   0.02342   0.04466   0.02545   0.07366   0.06568   0.04921   0.13106   0.10860   4.51020  
 33  0.0008   7456.762050  x:  0.02916   0.08989   0.19428   0.04027   0.03511   0.03103   0.05404   0.05064   0.07580   0.07577   0.06607   0.32333   0.04012   0.07675   0.02341   0.01519   0.02342   0.04466   0.02545   0.07367   0.06568   0.04921   0.13105   0.10868   4.51021  
 34  0.0001   7456.762050  x:  0.02907   0.08989   0.19428   0.04027   0.03511   0.03103   0.05404   0.05064   0.07580   0.07577   0.06607   0.32333   0.04012   0.07675   0.02342   0.01519   0.02342   0.04466   0.02545   0.07367   0.06568   0.04921   0.13105   0.10877   4.51021  
 35  0.0001   7456.762050  x:  0.02901   0.08989   0.19428   0.04027   0.03511   0.03103   0.05404   0.05064   0.07580   0.07577   0.06607   0.32333   0.04012   0.07675   0.02342   0.01519   0.02342   0.04466   0.02545   0.07367   0.06568   0.04921   0.13105   0.10883   4.51021  
 36  0.0001   7456.762050  x:  0.02896   0.08989   0.19428   0.04027   0.03511   0.03103   0.05404   0.05064   0.07580   0.07577   0.06607   0.32333   0.04012   0.07675   0.02342   0.01519   0.02342   0.04466   0.02545   0.07367   0.06568   0.04921   0.13105   0.10888   4.51021  
 37  0.0012   7456.762050  x:  0.02895   0.08989   0.19428   0.04027   0.03511   0.03103   0.05404   0.05064   0.07580   0.07577   0.06607   0.32333   0.04012   0.07675   0.02342   0.01519   0.02342   0.04466   0.02545   0.07367   0.06568   0.04921   0.13105   0.10889   4.51021  
 38  0.0036   7456.762050  x:  0.02895   0.08989   0.19428   0.04027   0.03511   0.03103   0.05404   0.05064   0.07580   0.07577   0.06607   0.32333   0.04012   0.07675   0.02342   0.01519   0.02342   0.04466   0.02545   0.07367   0.06568   0.04921   0.13105   0.10889   4.51021  
 39  0.0075   7456.762050  x:  0.02895   0.08989   0.19428   0.04027   0.03511   0.03103   0.05404   0.05064   0.07580   0.07577   0.06607   0.32333   0.04012   0.07675   0.02342   0.01519   0.02342   0.04466   0.02545   0.07367   0.06568   0.04921   0.13105   0.10889   4.51021  
 40  0.0184   7456.762050  x:  0.02884   0.08989   0.19428   0.04027   0.03511   0.03103   0.05404   0.05064   0.07580   0.07577   0.06607   0.32333   0.04012   0.07675   0.02342   0.01519   0.02342   0.04466   0.02545   0.07367   0.06568   0.04921   0.13105   0.10899   4.51021  
 41  0.0023   7456.762050  x:  0.02884   0.08989   0.19428   0.04027   0.03511   0.03103   0.05404   0.05064   0.07580   0.07577   0.06607   0.32333   0.04012   0.07675   0.02342   0.01519   0.02342   0.04466   0.02545   0.07367   0.06568   0.04921   0.13105   0.10899   4.51021  
 42  0.0345   7456.762050  x:  0.02896   0.08989   0.19428   0.04027   0.03511   0.03103   0.05404   0.05064   0.07580   0.07577   0.06607   0.32333   0.04012   0.07675   0.02342   0.01519   0.02342   0.04466   0.02545   0.07367   0.06568   0.04921   0.13105   0.10888   4.51021  
 43  0.0170   7456.762050  x:  0.02894   0.08989   0.19428   0.04027   0.03511   0.03103   0.05404   0.05064   0.07580   0.07577   0.06607   0.32333   0.04012   0.07675   0.02342   0.01519   0.02342   0.04466   0.02545   0.07367   0.06568   0.04921   0.13105   0.10890   4.51021  
 44  0.1417   7456.762050  x:  0.02894   0.08989   0.19428   0.04027   0.03511   0.03103   0.05404   0.05064   0.07580   0.07577   0.06607   0.32333   0.04012   0.07675   0.02342   0.01519   0.02342   0.04466   0.02545   0.07367   0.06568   0.04921   0.13105   0.10890   4.51021  
 45  0.8981   7456.762050  x:  0.02874   0.08989   0.19428   0.04027   0.03511   0.03103   0.05404   0.05064   0.07580   0.07577   0.06607   0.32333   0.04012   0.07675   0.02342   0.01519   0.02342   0.04466   0.02545   0.07367   0.06568   0.04921   0.13105   0.10910   4.51021  
 46  0.0026   7456.762050  x:  0.02874   0.08989   0.19428   0.04027   0.03511   0.03103   0.05404   0.05064   0.07580   0.07577   0.06607   0.32333   0.04012   0.07675   0.02342   0.01519   0.02342   0.04466   0.02545   0.07367   0.06568   0.04921   0.13105   0.10910   4.51021  
 47  4.2324   7456.762050  x:  0.02771   0.08989   0.19428   0.04027   0.03511   0.03103   0.05404   0.05064   0.07580   0.07576   0.06607   0.32333   0.04012   0.07675   0.02341   0.01519   0.02342   0.04466   0.02545   0.07367   0.06568   0.04921   0.13105   0.11013   4.51020  

TREE #  2

  0  0.0000   7513.855729  x:  0.08601   0.07120   0.12233   0.01803   0.02066   0.02750   0.05798   0.05935   0.06977   0.08259   0.10305   0.24952   0.00769   0.06414   0.01135   0.00000   0.02680   0.03745   0.03425   0.06209   0.07862   0.06843   0.13457   0.05906   4.51020  
  1 99.0000   7492.826442  x:  0.08654   0.07339   0.12502   0.02071   0.02321   0.02867   0.05765   0.05838   0.07033   0.08255   0.10204   0.25081   0.01540   0.06552   0.01564   0.02954   0.02771   0.03876   0.03255   0.06403   0.07824   0.06752   0.13476   0.05958   4.51018  
  2 4143.4436   7469.478017  x:  0.08919   0.08934   0.14681   0.03869   0.04063   0.03636   0.05481   0.05043   0.07465   0.08135   0.09245   0.26194   0.05371   0.07509   0.02407   0.02309   0.02046   0.04440   0.02320   0.06964   0.06954   0.05545   0.13516   0.06223   4.51003  
  3 957.9231   7462.642906  x:  0.08388   0.09823   0.16715   0.03708   0.03622   0.02978   0.05367   0.04739   0.07467   0.07448   0.07481   0.27640   0.05413   0.07778   0.02274   0.02289   0.02835   0.04660   0.02975   0.07567   0.06209   0.04392   0.13276   0.05692   4.50989  
  4 407.9627   7459.787238  x:  0.07959   0.10174   0.18081   0.03753   0.03399   0.02950   0.05439   0.04973   0.07570   0.07210   0.06424   0.28819   0.04765   0.07819   0.02631   0.02347   0.02207   0.04402   0.02361   0.07553   0.06178   0.04510   0.13074   0.05263   4.50978  
  5 352.6791   7458.785647  x:  0.07905   0.10170   0.18912   0.04241   0.03650   0.03235   0.05439   0.05149   0.07688   0.07443   0.06310   0.29745   0.04300   0.07787   0.02580   0.02381   0.02242   0.04465   0.02739   0.07401   0.06437   0.04844   0.13001   0.05209   4.50968  
  6 192.1513   7458.357792  x:  0.08107   0.09939   0.19346   0.04388   0.03617   0.03086   0.05360   0.05081   0.07632   0.07627   0.06463   0.30469   0.04190   0.07745   0.02261   0.02410   0.02397   0.04443   0.02483   0.07277   0.06565   0.04907   0.13029   0.05411   4.50962  
  7 122.9952   7458.094777  x:  0.08355   0.09510   0.19577   0.04190   0.03478   0.03017   0.05365   0.05010   0.07565   0.07668   0.06605   0.31189   0.04287   0.07726   0.02361   0.02408   0.02226   0.04478   0.02623   0.07235   0.06562   0.04960   0.13106   0.05659   4.50956  
  8 91.7589   7457.970442  x:  0.08384   0.09145   0.19601   0.04018   0.03543   0.03197   0.05426   0.05057   0.07590   0.07639   0.06683   0.31641   0.04324   0.07714   0.02451   0.02390   0.02338   0.04443   0.02565   0.07300   0.06490   0.04892   0.13145   0.05689   4.50954  
  9 76.0330   7457.930561  x:  0.08289   0.08966   0.19522   0.04039   0.03618   0.03165   0.05405   0.05058   0.07582   0.07617   0.06728   0.31846   0.04343   0.07720   0.02412   0.02399   0.02269   0.04465   0.02572   0.07328   0.06460   0.04815   0.13142   0.05593   4.50953  
 10 35.9460   7457.917440  x:  0.08237   0.08915   0.19446   0.04083   0.03601   0.03125   0.05392   0.05047   0.07571   0.07600   0.06721   0.31950   0.04388   0.07739   0.02451   0.02388   0.02304   0.04464   0.02568   0.07328   0.06482   0.04854   0.13131   0.05541   4.50954  
 11 21.7796   7457.911168  x:  0.08227   0.08924   0.19359   0.04099   0.03565   0.03150   0.05406   0.05052   0.07581   0.07592   0.06679   0.32034   0.04426   0.07746   0.02410   0.02390   0.02301   0.04456   0.02575   0.07310   0.06495   0.04867   0.13116   0.05532   4.50954  
 12 12.6312   7457.907788  x:  0.08244   0.08973   0.19274   0.04097   0.03590   0.03137   0.05403   0.05048   0.07589   0.07610   0.06652   0.32108   0.04411   0.07740   0.02419   0.02390   0.02302   0.04463   0.02573   0.07310   0.06485   0.04864   0.13100   0.05548   4.50955  
 13  7.7611   7457.907102  x:  0.08246   0.08997   0.19256   0.04105   0.03581   0.03143   0.05401   0.05050   0.07583   0.07604   0.06668   0.32129   0.04402   0.07742   0.02426   0.02390   0.02300   0.04459   0.02573   0.07319   0.06481   0.04854   0.13101   0.05551   4.50956  
 14  4.0446   7457.906924  x:  0.08242   0.09009   0.19254   0.04096   0.03585   0.03143   0.05403   0.05049   0.07582   0.07598   0.06677   0.32136   0.04402   0.07747   0.02423   0.02390   0.02300   0.04463   0.02572   0.07317   0.06485   0.04858   0.13108   0.05547   4.50957  
 15  1.3750   7457.906835  x:  0.08240   0.09013   0.19255   0.04092   0.03586   0.03142   0.05402   0.05049   0.07583   0.07601   0.06680   0.32138   0.04405   0.07744   0.02423   0.02390   0.02300   0.04455   0.02574   0.07316   0.06484   0.04859   0.13111   0.05544   4.50958  
 16  0.5853   7457.906297  x:  0.08232   0.09020   0.19256   0.04089   0.03576   0.03142   0.05403   0.05055   0.07587   0.07618   0.06684   0.32141   0.04411   0.07725   0.02426   0.02389   0.02301   0.04464   0.02572   0.07311   0.06481   0.04855   0.13126   0.05536   4.50970  
 17  0.6887   7457.899370  x:  0.08229   0.09019   0.19254   0.04101   0.03579   0.03159   0.05394   0.05009   0.07572   0.07609   0.06650   0.32151   0.04399   0.07663   0.02421   0.02383   0.02295   0.04465   0.02569   0.07358   0.06512   0.04861   0.13210   0.05535   4.51126  
 18  1.2568   7457.866603  x:  0.08256   0.09009   0.19272   0.04167   0.03611   0.03096   0.05451   0.05120   0.07534   0.07535   0.06576   0.32189   0.04376   0.07633   0.02409   0.02358   0.02301   0.04446   0.02575   0.07367   0.06491   0.04869   0.13401   0.05567   4.51876  
 19 15.1676   7457.690919  x:  0.08240   0.08976   0.19426   0.04212   0.03542   0.03132   0.05260   0.05052   0.07662   0.07432   0.06446   0.32381   0.04166   0.07781   0.02439   0.02245   0.02330   0.04489   0.02555   0.07127   0.06347   0.04830   0.13612   0.05575   4.55831  
 20 65.5083   7457.296723  x:  0.08136   0.09016   0.19881   0.04104   0.03423   0.03018   0.05505   0.05024   0.07750   0.07588   0.06367   0.32835   0.03960   0.07895   0.02425   0.01943   0.02326   0.04464   0.02531   0.07379   0.06557   0.04745   0.13260   0.05526   4.64653  
 21 272.0135   7457.238661  x:  0.08122   0.09043   0.19964   0.04059   0.03436   0.03048   0.05389   0.05095   0.07608   0.07521   0.06368   0.32907   0.03981   0.07757   0.02378   0.01899   0.02329   0.04481   0.02526   0.07427   0.06482   0.04850   0.13095   0.05520   4.65940  
 22 115.7809   7457.236494  x:  0.08121   0.09045   0.19967   0.04062   0.03445   0.03050   0.05407   0.05083   0.07588   0.07500   0.06369   0.32910   0.03981   0.07728   0.02388   0.01897   0.02333   0.04481   0.02526   0.07391   0.06492   0.04833   0.13079   0.05520   4.65967  
 23  6.5550   7457.221548  x:  0.08131   0.09047   0.19981   0.04074   0.03440   0.03015   0.05398   0.05091   0.07723   0.07413   0.06394   0.32917   0.03981   0.07660   0.02384   0.01885   0.02333   0.04481   0.02526   0.07406   0.06506   0.04842   0.13053   0.05531   4.64906  
 24  1.6992   7457.035359  x:  0.08082   0.09030   0.20085   0.04075   0.03407   0.03019   0.05452   0.05045   0.07609   0.07454   0.06295   0.32959   0.03863   0.07707   0.02366   0.01747   0.02339   0.04489   0.02513   0.07414   0.06428   0.04861   0.13058   0.05492   4.51636  
 25 82.1869   7457.028942  x:  0.08085   0.09030   0.20087   0.04059   0.03410   0.03021   0.05401   0.05084   0.07598   0.07457   0.06280   0.32960   0.03867   0.07715   0.02376   0.01740   0.02340   0.04488   0.02514   0.07408   0.06489   0.04825   0.13060   0.05495   4.51172  
 26 57.3377   7456.771788  x:  0.08313   0.08980   0.19593   0.04022   0.03508   0.03095   0.05404   0.05066   0.07591   0.07575   0.06587   0.32530   0.04023   0.07680   0.02346   0.01484   0.02350   0.04449   0.02553   0.07365   0.06559   0.04914   0.13118   0.05435   4.51552  
 27  0.0077   7456.762439  x:  0.08275   0.08988   0.19449   0.04034   0.03517   0.03105   0.05403   0.05062   0.07581   0.07579   0.06607   0.32356   0.04028   0.07677   0.02342   0.01525   0.02339   0.04465   0.02544   0.07366   0.06567   0.04920   0.13105   0.05509   4.50962  
 28  0.0073   7456.762068  x:  0.08270   0.08991   0.19427   0.04030   0.03512   0.03103   0.05403   0.05064   0.07581   0.07576   0.06605   0.32330   0.04014   0.07676   0.02342   0.01518   0.02341   0.04468   0.02544   0.07367   0.06568   0.04920   0.13105   0.05515   4.51041  
 29  0.0008   7456.762050  x:  0.08276   0.08989   0.19428   0.04027   0.03511   0.03103   0.05404   0.05064   0.07581   0.07576   0.06607   0.32333   0.04013   0.07675   0.02342   0.01519   0.02342   0.04466   0.02545   0.07367   0.06568   0.04921   0.13105   0.05508   4.51022  
 30  0.0002   7456.762050  x:  0.08279   0.08989   0.19428   0.04027   0.03511   0.03103   0.05404   0.05064   0.07580   0.07577   0.06607   0.32334   0.04012   0.07675   0.02341   0.01519   0.02342   0.04466   0.02545   0.07367   0.06568   0.04921   0.13105   0.05505   4.51021  
 31  0.0000   7456.762050  x:  0.08279   0.08989   0.19428   0.04027   0.03511   0.03103   0.05404   0.05064   0.07580   0.07577   0.06607   0.32334   0.04012   0.07675   0.02341   0.01519   0.02342   0.04466   0.02545   0.07367   0.06568   0.04921   0.13105   0.05504   4.51021  
 32  0.0000   7456.762050  x:  0.08279   0.08989   0.19428   0.04027   0.03511   0.03103   0.05404   0.05064   0.07580   0.07577   0.06607   0.32334   0.04012   0.07675   0.02341   0.01519   0.02342   0.04466   0.02545   0.07367   0.06568   0.04921   0.13105   0.05504   4.51021  