     2   2037    458


 1

     1    279    -2.2115195001   0.109534084950     223.1209  AAAAAAA
     2      8    -5.2986837795   0.004998168271      10.1813  AAAAAAG
     3     19    -5.7271957193   0.003256195729       6.6329  AAAAACA
     4      1    -8.8113496225   0.000149031983       0.3036  AAAAACG
     5     12    -4.3144726060   0.013373600783      27.2420  AAAAAGA
     6      1    -8.8244370870   0.000147094240       0.2996  AAAAAGC
     7     10    -5.5164015587   0.004020288717       8.1893  AAAAATA
     8      8    -6.0149747420   0.002441910042       4.9742  AAAACAA
     9     17    -5.4270310501   0.004396128331       8.9549  AAAACCA
    10      1    -8.4894349391   0.000205629420       0.4189  AAAACCG
    11      2    -9.6898112649   0.000061911088       0.1261  AAAACCT
    12      5    -7.2386150102   0.000718305918       1.4632  AAAACGA
    13      3    -6.8593583637   0.001049587170       2.1380  AAAACTA
    14      1    -9.9218910723   0.000049088240       0.1000  AAAACTG
    15      1   -11.0839376548   0.000015357023       0.0313  AAAACTT
    16     13    -4.5238692844   0.010846972346      22.0953  AAAAGAA
    17      1    -7.5784009386   0.000511378295       1.0417  AAAAGAG
    18      2    -7.1108226461   0.000816223253       1.6626  AAAAGCA
    19     14    -4.0761828506   0.016972127307      34.5722  AAAAGGA
    20      2    -6.9000284855   0.001007756722       2.0528  AAAAGTA
    21      1    -9.8880755153   0.000050776571       0.1034  AAAAGTG
    22     12    -5.8041805814   0.003014924226       6.1414  AAAATAA
    23      5    -6.8593583637   0.001049587170       2.1380  AAAATCA
    24      1    -7.0278208496   0.000886862283       1.8065  AAAATGA
    25     15    -5.1718591694   0.005674010061      11.5580  AAAATTA
    26      1    -8.2342686498   0.000265401005       0.5406  AAAATTG
    27      2    -6.5474823302   0.001433720694       2.9205  AAACAAA
    28      1   -10.6530726506   0.000023628129       0.0481  AAACAAT
    29      1   -10.8251446518   0.000019892960       0.0405  AAACCAC
    30      1    -9.4972046789   0.000075061358       0.1529  AAACCTC
    31      1   -11.4096819923   0.000011087613       0.0226  AAACCTT
    32      1    -8.1542927372   0.000287498551       0.5856  AAACGGA
    33      1    -8.2439650930   0.000262839996       0.5354  AAACTTA
    34      1   -10.8671932655   0.000019073831       0.0389  AAACTTG
    35      9    -5.0797397585   0.006221527905      12.6733  AAAGAAA
    36      4    -7.2411499851   0.000716487336       1.4595  AAAGAAG
    37      2    -6.8689485633   0.001039569532       2.1176  AAAGAGA
    38      1    -8.3297072237   0.000241242665       0.4914  AAAGATA
    39      1    -7.9069073006   0.000368191527       0.7500  AAAGCCA
    40      1   -10.5231614688   0.000026905994       0.0548  AAAGCTG
    41      2    -6.9109523186   0.000996808065       2.0305  AAAGGAA
    42      2    -7.9142993391   0.000365479876       0.7445  AAAGGAG
    43      2    -5.5211736235   0.004001149342       8.1503  AAAGGGA
    44      2    -6.0072819005   0.002460767710       5.0126  AAAGGGG
    45      1    -8.5916752916   0.000185644818       0.3782  AAAGTAA
    46      1    -9.3412633890   0.000087728531       0.1787  AAAGTCA
    47      1    -7.6518233984   0.000475176902       0.9679  AAAGTTA
    48      2    -8.8353437664   0.000145498648       0.2964  AAAGTTG
    49      1    -6.3366881696   0.001770154993       3.6058  AAATAAA
    50      1    -9.3303076560   0.000088694945       0.1807  AAATAAG
    51      1    -9.7240702337   0.000059825999       0.1219  AAATAAT
    52      1   -12.8000838991   0.000002760541       0.0056  AAATCAG
    53      2    -9.1553118524   0.000105657075       0.2152  AAATCCT
    54      1    -9.3905916753   0.000083506033       0.1701  AAATTAA
    55      1   -11.4652211980   0.000010488604       0.0214  AAATTCC
    56      1    -6.8314019128   0.001079343910       2.1986  AAATTTA
    57      1    -7.2264967098   0.000727063521       1.4810  AAATTTT
    58      2    -7.0282562001   0.000886476271       1.8058  AACAAAA
    59      4    -5.5929707305   0.003723948568       7.5857  AAGAAAA
    60      1    -8.6368389504   0.000177446935       0.3615  AAGAAAG
    61      1    -7.6958274561   0.000454720572       0.9263  AAGAAGA
    62      2   -10.8559779684   0.000019288954       0.0393  AAGAGAG
    63      2    -7.4568104516   0.000577495186       1.1764  AAGAGGA
    64      1   -10.0973006885   0.000041190592       0.0839  AAGAGGG
    65      2    -8.4537946689   0.000213090272       0.4341  AAGGAAA
    66      2    -9.8025202667   0.000055312023       0.1127  AAGGAAG
    67      1   -11.7001582244   0.000008292507       0.0169  AAGGATA
    68      1   -11.4527032425   0.000010620725       0.0216  AAGGCCG
    69      1    -9.7176695885   0.000060210152       0.1226  AAGTAAA
    70      1   -10.5487377364   0.000026226565       0.0534  AAGTTTT
    71      1    -9.9028403994   0.000050032368       0.1019  AATAAAG
    72      1   -10.8761735910   0.000018903309       0.0385  ACAAAAC
    73      1   -10.2035223285   0.000037039623       0.0754  ACAAACA
    74      1   -11.3343438097   0.000011955205       0.0244  ACAACTA
    75      1    -9.8081024433   0.000055004121       0.1120  ACAGGGG
    76      1   -12.6679545569   0.000003150484       0.0064  ACAGTTG
    77      1   -12.7067677688   0.000003030546       0.0062  ACATAAT
    78      1    -9.1867491684   0.000102387168       0.2086  ACCCCTC
    79      1   -16.2506740198   0.000000087583       0.0002  ACCCGTA
    80      1   -12.6363647808   0.000003251595       0.0066  ACCTGGC
    81      2    -5.2725720470   0.005130397964      10.4506  AGAAAAA
    82      1    -7.3745592291   0.000627003002       1.2772  AGAAAGA
    83      1    -7.5833028359   0.000508877705       1.0366  AGAAGAA
    84      1    -8.8650144578   0.000141245018       0.2877  AGAATAA
    85      1    -8.2316940208   0.000266085194       0.5420  AGAATTA
    86      1   -10.6373887284   0.000024001632       0.0489  AGAATTG
    87      1   -12.9877792148   0.000002288122       0.0047  AGACTAA
    88      1   -12.2572836500   0.000004750391       0.0097  AGACTCC
    89      1   -11.9324567650   0.000006573548       0.0134  AGACTTG
    90      1    -8.0689994692   0.000313096387       0.6378  AGAGAAA
    91      1    -7.6818764798   0.000461108825       0.9393  AGAGAAG
    92      1    -9.6955173435   0.000061558825       0.1254  AGAGAGA
    93      1    -9.2199488624   0.000099043752       0.2018  AGAGCCG
    94      1   -12.1559159265   0.000005257179       0.0107  AGAGCTA
    95      1   -10.6522707634   0.000023647084       0.0482  AGAGCTG
    96      1    -9.6766158310   0.000062733446       0.1278  AGAGGAA
    97      1   -11.3195752880   0.000012133076       0.0247  AGAGGTA
    98      2   -11.5331683847   0.000009799606       0.0200  AGAGTAA
    99      1   -10.6522707634   0.000023647084       0.0482  AGAGTCG
   100      1   -12.7809043909   0.000002813998       0.0057  AGAGTTT
   101      1   -14.1968905974   0.000000682918       0.0014  AGATACG
   102      1   -14.2576409165   0.000000642666       0.0013  AGATCAG
   103      1   -14.4743146099   0.000000517470       0.0011  AGATCAT
   104      1   -12.1217033508   0.000005440153       0.0111  AGATCTA
   105      1   -14.0196389917   0.000000815358       0.0017  AGATTCC
   106      1   -12.6131115961   0.000003328091       0.0068  AGATTCG
   107      1    -8.7626707520   0.000156466168       0.3187  AGGAAAG
   108      2   -11.5551485551   0.000009586559       0.0195  AGGAATA
   109      1   -10.1828560097   0.000037813060       0.0770  AGGAGAG
   110      1   -11.7450416719   0.000007928540       0.0162  AGGCTTG
   111      1   -10.0094247629   0.000044974056       0.0916  AGGGAAA
   112      1   -10.3740637873   0.000031232111       0.0636  AGGGCTG
   113      1    -7.7368570830   0.000436441120       0.8890  AGGGGAG
   114      3    -5.7754454972   0.003102815055       6.3204  AGGGGGG
   115      1    -8.6865880930   0.000168835094       0.3439  AGGGTTG
   116      1   -13.4895956877   0.000001385297       0.0028  AGGTAAT
   117      1   -13.2824841083   0.000001704082       0.0035  AGGTGCG
   118      1    -9.7819437774   0.000056461940       0.1150  ATAAATA
   119      1   -10.0696634480   0.000042344863       0.0863  ATAATAA
   120      1   -12.1527842692   0.000005273669       0.0107  ATAGCCA
   121      1    -9.7555617069   0.000057971346       0.1181  ATAGGGA
   122      1   -12.7375052982   0.000002938812       0.0060  ATATTCA
   123      1    -7.2445479197   0.000714056891       1.4545  ATATTTT
   124      1   -14.9192539760   0.000000331627       0.0007  ATCTAAC
   125      1   -12.1417181663   0.000005332352       0.0109  ATCTCTT
   126      2   -10.0455856926   0.000043376806       0.0884  ATTTTTC
   127      2    -6.8892736989   0.001018653422       2.0750  ATTTTTT
   128      1   -12.0281265609   0.000005973805       0.0122  CAAAGCA
   129      1   -12.1367918743   0.000005358685       0.0109  CACATCA
   130      1   -10.3810875397   0.000031013513       0.0632  CACCACC
   131      2    -6.7860795459   0.001129387819       2.3006  CACCCCC
   132      1    -8.4085074552   0.000222962390       0.4542  CACCTTC
   133      1   -13.0827616671   0.000002080793       0.0042  CACTTTG
   134      1   -12.9160063652   0.000002458384       0.0050  CATCAAC
   135      1   -12.1827352926   0.000005118059       0.0104  CATCTCC
   136      1    -8.7518469844   0.000158168920       0.3222  CCACTTC
   137      1   -10.1291002780   0.000039901355       0.0813  CCATTTC
   138      1    -7.0949367140   0.000829293260       1.6893  CCCAAAC
   139      1    -9.1163362635   0.000109856426       0.2238  CCCAAGC
   140      1    -6.6490728615   0.001295222400       2.6384  CCCACCC
   141      8    -5.4385804486   0.004345647765       8.8521  CCCCAAC
   142      1    -6.1165807366   0.002205985929       4.4936  CCCCACC
   143      1    -9.0554781347   0.000116749711       0.2378  CCCCACT
   144      2    -7.0503460671   0.000867108828       1.7663  CCCCAGC
   145      5    -5.8195689098   0.002968884726       6.0476  CCCCCAC
   146      1   -10.2530744503   0.000035248963       0.0718  CCCCCAG
   147      1    -8.7595813672   0.000156950299       0.3197  CCCCCAT
   148      1    -6.8215496161   0.001090030484       2.2204  CCCCCCA
   149    215    -2.5214929295   0.080339575854     163.6517  CCCCCCC
   150      3    -5.4637668196   0.004237563507       8.6319  CCCCCCT
   151      7    -5.9544709522   0.002594215936       5.2844  CCCCCGC
   152      1    -8.7768709995   0.000154260010       0.3142  CCCCCTA
   153     12    -4.4777642742   0.011358779905      23.1378  CCCCCTC
   154      3    -7.4070659276   0.000606948917       1.2364  CCCCCTT
   155      2    -7.0503460671   0.000867108828       1.7663  CCCCGAC
   156      7    -6.2514827790   0.001927593821       3.9265  CCCCGCC
   157      9    -5.6027236543   0.003687805717       7.5121  CCCCGGC
   158      1    -8.5234875062   0.000198745091       0.4048  CCCCGGT
   159      1    -7.2769956981   0.000691259199       1.4081  CCCCGTC
   160      1    -7.0144908940   0.000898763261       1.8308  CCCCTAC
   161      8    -4.7026241245   0.009071441250      18.4785  CCCCTCC
   162      1    -7.6230250821   0.000489060144       0.9962  CCCCTCT
   163      1    -7.1493929364   0.000785340688       1.5997  CCCCTGC
   164     19    -4.1442413596   0.015855459982      32.2976  CCCCTTC
   165      1    -8.1395970904   0.000291754725       0.5943  CCCGTTC
   166      1   -10.4260896042   0.000029648779       0.0604  CCCTCAT
   167      1    -5.2547029687   0.005222897426      10.6390  CCCTCCC
   168      1    -7.4320444195   0.000591976027       1.2059  CCCTCCT
   169      1    -8.6371621680   0.000177389590       0.3613  CCCTCGC
   170      4    -6.9506632680   0.000957999533       1.9514  CCCTCTC
   171      1    -9.3780617615   0.000084558939       0.1722  CCCTGAC
   172      1   -11.0446343148   0.000015972624       0.0325  CCCTTCA
   173      2    -7.0279816010   0.000886719730       1.8062  CCCTTCC
   174      2    -5.5231526653   0.003993238731       8.1342  CCCTTTC
   175      2    -5.9996154216   0.002479705634       5.0512  CCCTTTT
   176      1   -10.2640023204   0.000034865864       0.0710  CCGTTTC
   177      1   -10.3801076188   0.000031043919       0.0632  CCTCATC
   178      3    -5.7597342485   0.003151949123       6.4205  CCTCCCC
   179      1    -8.6763203840   0.000170577574       0.3475  CCTCCCT
   180      1    -7.7159615899   0.000445656719       0.9078  CCTCCTC
   181      1   -10.5150096612   0.000027126223       0.0553  CCTCGTC
   182      1   -10.9855750253   0.000016944368       0.0345  CCTTAAC
   183      1   -14.6870458922   0.000000418309       0.0009  CCTTAAG
   184      2    -8.4890797946   0.000205702462       0.4190  CCTTCCC
   185      2   -10.1751081517   0.000038107168       0.0776  CCTTCTC
   186      1   -10.6904949970   0.000022760249       0.0464  CCTTCTT
   187      1   -10.2478772253   0.000035432637       0.0722  CCTTTCC
   188      1    -8.3590000759   0.000234278477       0.4772  CCTTTTT
   189      1   -14.9432934724   0.000000323750       0.0007  CGAATTG
   190      1   -15.1244402960   0.000000270109       0.0006  CGCTGCG
   191      1    -9.3112673120   0.000090399908       0.1841  CGGGGAG
   192      1    -9.5594779119   0.000070529612       0.1437  CTCACCC
   193      1    -8.3514709335   0.000236049050       0.4808  CTCCAAC
   194      1   -12.3616390143   0.000004279651       0.0087  CTCCAGT
   195      4    -5.4352569916   0.004360114365       8.8816  CTCCCCC
   196      2    -8.1060888727   0.000301696542       0.6146  CTCCCCT
   197      4    -7.3910010821   0.000616778199       1.2564  CTCCCTC
   198      1    -9.8857117677   0.000050896736       0.1037  CTCCCTT
   199      1    -9.9632405924   0.000047099857       0.0959  CTCCGAC
   200      1   -10.1880379514   0.000037617622       0.0766  CTCCGTC
   201      1    -7.6154953507   0.000492756535       1.0037  CTCCTCC
   202      1   -11.3534390581   0.000011729083       0.0239  CTCCTTG
   203      2    -8.6753482781   0.000170743474       0.3478  CTCCTTT
   204      1    -9.0161826914   0.000121428774       0.2474  CTCTAAT
   205      1    -9.6332396434   0.000065514462       0.1335  CTCTATT
   206      1    -8.1231061502   0.000296605926       0.6042  CTCTCCC
   207      1    -7.9488481691   0.000353068606       0.7192  CTCTCCT
   208      1    -9.7104234420   0.000060648028       0.1235  CTCTCTC
   209      2    -8.4081388050   0.000223044600       0.4543  CTCTCTT
   210      2    -9.7413375082   0.000058801834       0.1198  CTCTTCC
   211      1   -10.2488244690   0.000035399089       0.0721  CTCTTTA
   212      1    -8.0756428257   0.000311023270       0.6336  CTCTTTC
   213      2    -6.0298950283   0.002405746501       4.9005  CTCTTTT
   214      1   -14.2390789658   0.000000654706       0.0013  CTGTCTC
   215      1   -12.2461364825   0.000004803641       0.0098  CTGTCTT
   216      1   -10.3820990115   0.000030982160       0.0631  CTTAAAT
   217      1   -11.2634478956   0.000012833548       0.0261  CTTCAAC
   218      1    -8.3696171417   0.000231804285       0.4722  CTTCCCC
   219      1    -9.0666104249   0.000115457227       0.2352  CTTCCCT
   220      1   -10.4977650556   0.000027598061       0.0562  CTTCCTT
   221      1   -10.5268533635   0.000026806843       0.0546  CTTCTCC
   222      1   -10.4731284555   0.000028286428       0.0576  CTTCTCT
   223      1   -12.9140646842   0.000002463162       0.0050  CTTCTGC
   224      1    -8.6512486782   0.000174908308       0.3563  CTTCTTT
   225      1   -14.2368809457   0.000000656147       0.0013  CTTGCTC
   226      1   -13.1824458407   0.000001883374       0.0038  CTTGTAT
   227      1   -12.4121732509   0.000004068756       0.0083  CTTTATC
   228      3    -7.6763428044   0.000463667525       0.9445  CTTTCCT
   229      1   -12.5417035265   0.000003574435       0.0073  CTTTCTG
   230      3    -8.1064843815   0.000301577242       0.6143  CTTTCTT
   231      1   -10.3242188294   0.000032828326       0.0669  CTTTGAT
   232      1   -12.1301931355   0.000005394163       0.0110  CTTTTAC
   233      1   -10.9290957121   0.000017928916       0.0365  CTTTTCC
   234      1    -8.8232913706   0.000147262865       0.3000  CTTTTTC
   235      3    -5.7210548342   0.003276253175       6.6737  CTTTTTT
   236      1    -5.6869664497   0.003389860701       6.9051  GAAAAAA
   237      1    -9.2026248830   0.000100774533       0.2053  GAAAACA
   238      1    -7.7898025950   0.000413934589       0.8432  GAAAAGA
   239      3   -10.3346588333   0.000032487381       0.0662  GAAACTA
   240      3    -7.9991201387   0.000335757918       0.6839  GAAAGAA
   241      1    -8.6471589605   0.000175625098       0.3577  GAAATTA
   242      1   -13.8895493739   0.000000928636       0.0019  GAACGGC
   243      3    -9.7836330936   0.000056366638       0.1148  GAAGAAG
   244      1   -10.4313539415   0.000029493108       0.0601  GAAGAGG
   245      1   -14.8192136021   0.000000366520       0.0007  GAAGCCT
   246      1   -12.8511758403   0.000002623042       0.0053  GAAGCTG
   247      1   -11.0940766130   0.000015202106       0.0310  GAAGTTA
   248      1   -10.6310362253   0.000024154588       0.0492  GAATTTT
   249      4    -5.9886644414   0.002507010074       5.1068  GAGAAAA
   250      2    -8.0106588633   0.000331905966       0.6761  GAGAAAG
   251      1   -12.0932930138   0.000005596926       0.0114  GAGACTG
   252      1   -11.4737950725   0.000010399061       0.0212  GAGATAG
   253      2    -8.9438121594   0.000130542442       0.2659  GAGATTA
   254      1   -10.4041932011   0.000030305141       0.0617  GAGATTG
   255      1   -10.3046942842   0.000033475582       0.0682  GAGCAAA
   256      1    -9.6846833358   0.000062229379       0.1268  GAGCGGG
   257      1    -7.0000665836   0.000911821251       1.8574  GAGGAAG
   258      2   -10.0689950968   0.000042373173       0.0863  GAGGACG
   259      1    -8.5224614224   0.000198949124       0.4053  GAGGCCG
   260      2    -9.7827395893   0.000056417025       0.1149  GAGGGAA
   261      1    -5.3570243632   0.004714915129       9.6043  GAGGGGG
   262      1   -11.2703216121   0.000012745636       0.0260  GAGGGTA
   263      1   -11.9342605572   0.000006561702       0.0134  GAGGTAA
   264      1    -8.2672886615   0.000256780567       0.5231  GAGGTTG
   265      1   -11.3885116029   0.000011324845       0.0231  GAGTGAG
   266      1   -10.1330452153   0.000039744257       0.0810  GCAAAAA
   267      1   -12.5231976194   0.000003641199       0.0074  GCAAAAG
   268      1   -13.9248520907   0.000000896424       0.0018  GCAGCGG
   269      1   -15.6096141053   0.000000166276       0.0003  GCAGTTC
   270      1    -8.9881080143   0.000124886153       0.2544  GCCCTTC
   271      1   -10.7736367482   0.000020944452       0.0427  GCCTTTT
   272      1   -14.3244989060   0.000000601103       0.0012  GCGACTA
   273      1    -9.3428436824   0.000087590003       0.1784  GCGCTTC
   274      1    -9.0872250277   0.000113101487       0.2304  GCGGAGG
   275      1   -15.1910301418   0.000000252708       0.0005  GCGTACG
   276      1   -11.9703213605   0.000006329297       0.0129  GCTCCTC
   277      1    -8.6761263212   0.000170610680       0.3475  GGAAAAG
   278      1   -12.0770003871   0.000005688862       0.0116  GGAACAA
   279      1   -14.1127747405   0.000000742848       0.0015  GGACGGT
   280      2    -7.3287305694   0.000656406321       1.3371  GGAGAAG
   281      1    -8.8467501286   0.000143848466       0.2930  GGAGCCG
   282      1   -14.4990841705   0.000000504810       0.0010  GGAGCTT
   283      1    -7.6418394958   0.000479944783       0.9776  GGAGGAG
   284      2    -5.6804158849   0.003412139091       6.9505  GGAGGGG
   285      1   -13.2449681307   0.000001769226       0.0036  GGATTAG
   286      1   -16.4403940984   0.000000072448       0.0001  GGCCTCA
   287      2    -5.9533674974   0.002597080116       5.2903  GGGAAAA
   288      9    -5.4722624979   0.004201715024       8.5589  GGGAAAG
   289      1    -7.9839495013   0.000340890413       0.6944  GGGAAGA
   290      1    -6.9321106025   0.000975938874       1.9880  GGGAAGG
   291      1    -9.7400191411   0.000058879408       0.1199  GGGACAA
   292      1    -9.0909884486   0.000112676638       0.2295  GGGACAG
   293      1    -6.8631412386   0.001045624213       2.1299  GGGAGAG
   294      1    -8.6224850519   0.000180012358       0.3667  GGGAGCG
   295      2    -7.3223477218   0.000660609462       1.3457  GGGAGGA
   296      4    -5.1719661585   0.005673403036      11.5567  GGGAGGG
   297      1   -10.3088730482   0.000033335987       0.0679  GGGAGTA
   298      1    -8.8801942880   0.000139117134       0.2834  GGGATAG
   299      2    -7.6818164853   0.000461136490       0.9393  GGGATTG
   300      4    -7.3056840762   0.000671709854       1.3683  GGGCCCG
   301      1    -6.7674300574   0.001150647954       2.3439  GGGCGGG
   302      1   -10.8880448155   0.000018680230       0.0381  GGGCTTA
   303      1    -8.4081531058   0.000223041411       0.4543  GGGCTTG
   304      2    -6.9074836764   0.001000271639       2.0376  GGGGAAA
   305     15    -4.0847969126   0.016826556231      34.2757  GGGGAAG
   306      1    -8.3700129487   0.000231712553       0.4720  GGGGAAT
   307      2    -7.1515807405   0.000783624395       1.5962  GGGGACG
   308      2    -7.5416434092   0.000530525035       1.0807  GGGGAGA
   309     13    -4.6172133729   0.009880290420      20.1262  GGGGAGG
   310      1    -6.9407865799   0.000967508275       1.9708  GGGGATG
   311      1   -11.7512242985   0.000007879672       0.0161  GGGGCAC
   312     10    -5.6023881889   0.003689043056       7.5146  GGGGCCG
   313      2    -6.2332385936   0.001963083960       3.9988  GGGGCGG
   314      2    -7.0346904341   0.000880790786       1.7942  GGGGCTG
   315     20    -4.3974463394   0.012308732127      25.0729  GGGGGAG
   316      6    -5.9388996604   0.002634927372       5.3673  GGGGGCG
   317      4    -5.3847798575   0.004585849752       9.3414  GGGGGGA
   318    279    -2.4359665998   0.087513115992     178.2642  GGGGGGG
   319      4    -5.7281054998   0.003253234653       6.6268  GGGGGTG
   320      1    -7.0684773359   0.000851528715       1.7346  GGGGTAG
   321      1    -9.9609589357   0.000047207445       0.0962  GGGGTCA
   322      2    -7.0346904341   0.000880790786       1.7942  GGGGTCG
   323      2    -6.0224444330   0.002423737684       4.9372  GGGGTGG
   324      1    -8.2733727102   0.000255223045       0.5199  GGGGTTA
   325     16    -5.3472152201   0.004761391983       9.6990  GGGGTTG
   326      1   -10.8092791955   0.000020211088       0.0412  GGGTCAG
   327      1    -9.2529270800   0.000095830737       0.1952  GGGTCTG
   328      1   -10.5407234632   0.000026437596       0.0539  GGTGGCG
   329      1   -11.6364875557   0.000008837668       0.0180  GGTGTCG
   330      1    -9.9489998552   0.000047775392       0.0973  GGTGTTG
   331      1   -11.5563604784   0.000009574948       0.0195  GTGGGAA
   332      1    -6.6952511632   0.001236771204       2.5193  GTGGGGG
   333      1   -11.9882391974   0.000006216900       0.0127  GTGTAGT
   334      1   -10.4912802986   0.000027777609       0.0566  GTGTTTC
   335      1   -10.6284544097   0.000024217031       0.0493  GTTTATT
   336      1   -12.8614398531   0.000002596257       0.0053  TACTAAT
   337      1   -12.6429004585   0.000003230413       0.0066  TAGAGGG
   338      1   -10.6279897569   0.000024228286       0.0494  TATAAAT
   339      1   -12.7673097613   0.000002852514       0.0058  TATTCCG
   340      1    -8.6258427763   0.000179408940       0.3655  TATTTCT
   341      2    -6.4491490816   0.001581867637       3.2223  TATTTTT
   342      1   -12.2824190344   0.000004632476       0.0094  TCATCTT
   343      1   -13.2179472966   0.000001817684       0.0037  TCATTAT
   344      1   -14.1101757861   0.000000744781       0.0015  TCCATGC
   345      1   -11.3299649225   0.000012007670       0.0245  TCCATTC
   346      1    -9.1532421057   0.000105875985       0.2157  TCCCCAC
   347      1    -5.8551753733   0.002865033107       5.8361  TCCCCCC
   348      1    -8.7663338210   0.000155894070       0.3176  TCCCCCT
   349      1    -7.8113932717   0.000405093249       0.8252  TCCCCTC
   350      1   -10.6869731887   0.000022840548       0.0465  TCCCCTT
   351      1    -7.4774072998   0.000565722264       1.1524  TCCCTTC
   352      1    -8.5836935342   0.000187132519       0.3812  TCCTCCC
   353      1   -10.0663972245   0.000042483397       0.0865  TCCTCCT
   354      1   -10.6736226393   0.000023147526       0.0472  TCCTCTT
   355      1   -12.1671705882   0.000005198343       0.0106  TCCTTTA
   356      1    -8.8136793519   0.000148685183       0.3029  TCCTTTC
   357      2    -8.3362251906   0.000239675366       0.4882  TCCTTTT
   358      1   -10.2477954654   0.000035435534       0.0722  TCTACCC
   359      1   -11.0282455055   0.000016236553       0.0331  TCTACCT
   360      1   -13.7769705790   0.000001039292       0.0021  TCTAGCC
   361      1   -12.8928763315   0.000002515909       0.0051  TCTCAAA
   362      2   -10.5901177786   0.000025163456       0.0513  TCTCAAT
   363      1   -10.7434404748   0.000021586542       0.0440  TCTCATC
   364      1   -11.6440494158   0.000008771090       0.0179  TCTCATT
   365      3    -6.1345739065   0.002166648216       4.4135  TCTCCCC
   366      3    -8.2220841718   0.000268654559       0.5472  TCTCCCT
   367      1    -8.0885634426   0.000307030507       0.6254  TCTCCTC
   368      1    -9.8078067540   0.000055020388       0.1121  TCTCCTT
   369      1    -9.2120372606   0.000099830455       0.2034  TCTCGGC
   370      1   -11.3978586730   0.000011219484       0.0229  TCTCTAT
   371      2    -9.8380911126   0.000053379109       0.1087  TCTCTCT
   372      3    -7.7354809702   0.000437042126       0.8903  TCTCTTC
   373      4    -8.1704280116   0.000282896907       0.5763  TCTCTTT
   374      1    -9.5717981058   0.000069666004       0.1419  TCTGTTT
   375      1    -8.2975406176   0.000249128777       0.5075  TCTTAAT
   376      1    -8.6846230073   0.000169167196       0.3446  TCTTCCC
   377      5    -7.2547848290   0.000706784442       1.4397  TCTTCCT
   378      1   -10.2144933828   0.000036635480       0.0746  TCTTCGT
   379      3    -7.6911660894   0.000456845139       0.9306  TCTTCTT
   380      1    -7.4829703226   0.000562583876       1.1460  TCTTTCT
   381      4    -5.3072528680   0.004955521508      10.0944  TCTTTTT
   382      1   -13.1143245207   0.000002016143       0.0041  TGGAGTG
   383      1   -12.3833128609   0.000004187893       0.0085  TGGATTG
   384      1   -13.1063357450   0.000002032314       0.0041  TGTCCAC
   385      1   -14.7702525677   0.000000384911       0.0008  TGTGTAA
   386      1   -10.3852566983   0.000030884482       0.0629  TGTGTTG
   387      1   -14.4287763993   0.000000541579       0.0011  TGTTCGC
   388      1   -14.4131096150   0.000000550131       0.0011  TTAGTTG
   389      1   -10.3931064436   0.000030642996       0.0624  TTATATT
   390      1    -9.1744622061   0.000103652955       0.2111  TTATCTT
   391      1    -6.7888295993   0.001126286209       2.2942  TTATTTT
   392      1   -11.1416723371   0.000014495499       0.0295  TTCCAAT
   393      1   -12.4156144916   0.000004054779       0.0083  TTCCACT
   394      1    -8.4103459906   0.000222552842       0.4533  TTCCCCC
   395      3    -8.9859135852   0.000125160507       0.2550  TTCCCCT
   396      1   -10.3504094408   0.000031979693       0.0651  TTCCCTC
   397      2   -10.4116550090   0.000030079851       0.0613  TTCCCTT
   398      1   -11.4650035312   0.000010490888       0.0214  TTCCGGC
   399      1    -9.8864468671   0.000050859335       0.1036  TTCCTTC
   400      2    -8.5590621316   0.000191799092       0.3907  TTCCTTT
   401      1   -10.4889732753   0.000027841766       0.0567  TTCGGGT
   402      2    -7.5826588235   0.000509205534       1.0373  TTCTCCT
   403      1   -10.5392879131   0.000026475576       0.0539  TTCTCGT
   404      1   -11.0216757565   0.000016343574       0.0333  TTCTCTC
   405      1    -8.0126479666   0.000331246427       0.6747  TTCTCTT
   406      6    -5.6271815228   0.003598703912       7.3306  TTCTTTT
   407      1    -9.5132433127   0.000073867079       0.1505  TTTAAAC
   408      1    -6.8394041235   0.001070741239       2.1811  TTTAAAT
   409      1   -10.0429342974   0.000043491967       0.0886  TTTAACT
   410      1   -11.3491998207   0.000011778911       0.0240  TTTAAGG
   411      1    -8.0082339260   0.000332711794       0.6777  TTTACCT
   412      1   -11.2911218149   0.000012483262       0.0254  TTTACTC
   413      1   -12.5934008230   0.000003394341       0.0069  TTTATCG
   414      1    -8.4494465354   0.000214018834       0.4360  TTTATCT
   415      1    -9.7073616899   0.000060834002       0.1239  TTTATTA
   416      1    -7.7188545344   0.000444369322       0.9052  TTTCAAT
   417      1    -9.6634633842   0.000063563994       0.1295  TTTCACC
   418      1    -8.6389150446   0.000177078921       0.3607  TTTCATT
   419      3    -6.0812699781   0.002285272563       4.6551  TTTCCCC
   420      5    -5.5978239571   0.003705919188       7.5490  TTTCCCT
   421      1    -7.9884636681   0.000339355045       0.6913  TTTCCTC
   422      7    -6.9966178723   0.000914971288       1.8638  TTTCCTT
   423      1    -9.0828710242   0.000113595005       0.2314  TTTCGGC
   424      2   -10.3068280492   0.000033404229       0.0680  TTTCTAC
   425      1    -8.3775347662   0.000229976192       0.4685  TTTCTAT
   426      1    -8.1806411721   0.000280022340       0.5704  TTTCTCC
   427      2    -6.9618524312   0.000947340066       1.9297  TTTCTCT
   428      2    -8.5124368086   0.000200953542       0.4093  TTTCTGT
   429      4    -7.3077757488   0.000670306325       1.3654  TTTCTTC
   430      1    -9.4790533037   0.000076436265       0.1557  TTTCTTG
   431      9    -5.1147822067   0.006007286038      12.2368  TTTCTTT
   432      1    -9.0710204343   0.000114949181       0.2342  TTTGAAG
   433      1   -11.4260238573   0.000010907893       0.0222  TTTGCTC
   434      2    -8.7704985110   0.000155246169       0.3162  TTTGCTT
   435      1   -11.3800852183   0.000011420675       0.0233  TTTGTCC
   436      2    -6.4442316960   0.001589665446       3.2381  TTTGTTT
   437      9    -5.1664735474   0.005704650570      11.6204  TTTTAAT
   438      2    -7.0804684289   0.000841378930       1.7139  TTTTACT
   439      3    -6.7782756476   0.001138235927       2.3186  TTTTAGT
   440      9    -5.7792453649   0.003091047141       6.2965  TTTTATT
   441      1    -6.9527109431   0.000956039868       1.9475  TTTTCAT
   442      2    -7.1232510810   0.000806141654       1.6421  TTTTCCC
   443     16    -4.1313286957   0.016061523761      32.7173  TTTTCCT
   444      1    -7.6842878060   0.000459998281       0.9370  TTTTCTC
   445     17    -4.5606035188   0.010455746799      21.2984  TTTTCTT
   446      3    -6.7782756476   0.001138235927       2.3186  TTTTGAT
   447      1    -7.2153704713   0.000735198173       1.4976  TTTTGCT
   448      2    -8.4641890805   0.000210886796       0.4296  TTTTGGC
   449     10    -5.3306156706   0.004841088579       9.8613  TTTTGGT
   450      1    -8.6475950337   0.000175548529       0.3576  TTTTTAC
   451      8    -5.4922586258   0.004118531440       8.3894  TTTTTAT
   452      1    -8.6594010140   0.000173488193       0.3534  TTTTTCA
   453      3    -7.4892424948   0.000559066296       1.1388  TTTTTCC
   454      9    -4.3517111494   0.012884745980      26.2462  TTTTTCT
   455      7    -5.6271606682   0.003598778962       7.3307  TTTTTGT
   456      1    -6.4839009316   0.001527839044       3.1122  TTTTTTA
   457     12    -5.3332980302   0.004828120439       9.8349  TTTTTTC
   458    268    -2.1749642674   0.113612213254     231.4281  TTTTTTT

 2

     1    279    -2.2115185906   0.109534184570     223.1211  AAAAAAA
     2      8    -5.2986837670   0.004998168333      10.1813  AAAAAAG
     3     19    -5.7271952268   0.003256197333       6.6329  AAAAACA
     4      1    -8.8113499989   0.000149031927       0.3036  AAAAACG
     5     12    -4.3144734045   0.013373590104      27.2420  AAAAAGA
     6      1    -8.8244378673   0.000147094125       0.2996  AAAAAGC
     7     10    -5.5164010662   0.004020290697       8.1893  AAAAATA
     8      8    -6.0149760605   0.002441906822       4.9742  AAAACAA
     9     17    -5.4270324839   0.004396122028       8.9549  AAAACCA
    10      1    -8.4894369565   0.000205629006       0.4189  AAAACCG
    11      2    -9.6898121786   0.000061911032       0.1261  AAAACCT
    12      5    -7.2386181428   0.000718303668       1.4632  AAAACGA
    13      3    -6.8593616219   0.001049583750       2.1380  AAAACTA
    14      1    -9.9218949160   0.000049088051       0.1000  AAAACTG
    15      1   -11.0839397984   0.000015356990       0.0313  AAAACTT
    16     13    -4.5238715930   0.010846947305      22.0952  AAAAGAA
    17      1    -7.5784036819   0.000511376892       1.0417  AAAAGAG
    18      2    -7.1108251123   0.000816221240       1.6626  AAAAGCA
    19     14    -4.0761850045   0.016972090752      34.5721  AAAAGGA
    20      2    -6.9000309517   0.001007754237       2.0528  AAAAGTA
    21      1    -9.8880774265   0.000050776474       0.1034  AAAAGTG
    22     12    -5.8041818999   0.003014920251       6.1414  AAAATAA
    23      5    -6.8593616219   0.001049583750       2.1380  AAAATCA
    24      1    -7.0278239822   0.000886859505       1.8065  AAAATGA
    25     15    -5.1718606824   0.005674001477      11.5579  AAAATTA
    26      1    -8.2342707464   0.000265400448       0.5406  AAAATTG
    27      2    -6.5474843505   0.001433717797       2.9205  AAACAAA
    28      1   -10.6530720284   0.000023628144       0.0481  AAACAAT
    29      1   -10.8251274597   0.000019893302       0.0405  AAACCAC
    30      1    -9.4971884364   0.000075062577       0.1529  AAACCTC
    31      1   -11.4096711137   0.000011087734       0.0226  AAACCTT
    32      1    -8.1542975300   0.000287497173       0.5856  AAACGGA
    33      1    -8.2439696781   0.000262838790       0.5354  AAACTTA
    34      1   -10.8671925177   0.000019073845       0.0389  AAACTTG
    35      9    -5.0797428314   0.006221508787      12.6732  AAAGAAA
    36      4    -7.2411438410   0.000716491739       1.4595  AAAGAAG
    37      2    -6.8689533029   0.001039564605       2.1176  AAAGAGA
    38      1    -8.3297107982   0.000241241802       0.4914  AAAGATA
    39      1    -7.9069121434   0.000368189744       0.7500  AAAGCCA
    40      1   -10.5231526458   0.000026906231       0.0548  AAAGCTG
    41      2    -6.9109572628   0.000996803137       2.0305  AAAGGAA
    42      2    -7.9142875681   0.000365484178       0.7445  AAAGGAG
    43      2    -5.5211763290   0.004001138518       8.1503  AAAGGGA
    44      2    -6.0072673906   0.002460803416       5.0127  AAAGGGG
    45      1    -8.5916805249   0.000185643846       0.3782  AAAGTAA
    46      1    -9.3412700613   0.000087727945       0.1787  AAAGTCA
    47      1    -7.6518283205   0.000475174563       0.9679  AAAGTTA
    48      2    -8.8353332019   0.000145500185       0.2964  AAAGTTG
    49      1    -6.3366901899   0.001770151417       3.6058  AAATAAA
    50      1    -9.3303093739   0.000088694793       0.1807  AAATAAG
    51      1    -9.7240616719   0.000059826511       0.1219  AAATAAT
    52      1   -12.8000860121   0.000002760535       0.0056  AAATCAG
    53      2    -9.1552975021   0.000105658591       0.2152  AAATCCT
    54      1    -9.3905948989   0.000083505764       0.1701  AAATTAA
    55      1   -11.4652104507   0.000010488717       0.0214  AAATTCC
    56      1    -6.8314036593   0.001079342025       2.1986  AAATTTA
    57      1    -7.2264790807   0.000727076339       1.4811  AAATTTT
    58      2    -7.0282491392   0.000886482530       1.8058  AACAAAA
    59      4    -5.5929650404   0.003723969758       7.5857  AAGAAAA
    60      1    -8.6368346920   0.000177447691       0.3615  AAGAAAG
    61      1    -7.6958234754   0.000454722382       0.9263  AAGAAGA
    62      2   -10.8559770443   0.000019288972       0.0393  AAGAGAG
    63      2    -7.4568078337   0.000577496698       1.1764  AAGAGGA
    64      1   -10.0972995975   0.000041190636       0.0839  AAGAGGG
    65      2    -8.4537930301   0.000213090621       0.4341  AAGGAAA
    66      2    -9.8025191360   0.000055312085       0.1127  AAGGAAG
    67      1   -11.7001571183   0.000008292516       0.0169  AAGGATA
    68      1   -11.4527013849   0.000010620745       0.0216  AAGGCCG
    69      1    -9.7176668340   0.000060210317       0.1226  AAGTAAA
    70      1   -10.5487160688   0.000026227133       0.0534  AAGTTTT
    71      1    -9.9028342500   0.000050032676       0.1019  AATAAAG
    72      1   -10.8761767930   0.000018903248       0.0385  ACAAAAC
    73      1   -10.2035263343   0.000037039475       0.0754  ACAAACA
    74      1   -11.3343515610   0.000011955112       0.0244  ACAACTA
    75      1    -9.8080983534   0.000055004346       0.1120  ACAGGGG
    76      1   -12.6679535465   0.000003150487       0.0064  ACAGTTG
    77      1   -12.7067675137   0.000003030547       0.0062  ACATAAT
    78      1    -9.1867474713   0.000102387341       0.2086  ACCCCTC
    79      1   -16.2506747394   0.000000087583       0.0002  ACCCGTA
    80      1   -12.6363673970   0.000003251587       0.0066  ACCTGGC
    81      2    -5.2725763539   0.005130375868      10.4506  AGAAAAA
    82      1    -7.3745652457   0.000626999230       1.2772  AGAAAGA
    83      1    -7.5833103584   0.000508873877       1.0366  AGAAGAA
    84      1    -8.8650209929   0.000141244095       0.2877  AGAATAA
    85      1    -8.2317007501   0.000266083404       0.5420  AGAATTA
    86      1   -10.6373955482   0.000024001468       0.0489  AGAATTG
    87      1   -12.9877887284   0.000002288100       0.0047  AGACTAA
    88      1   -12.2572754196   0.000004750430       0.0097  AGACTCC
    89      1   -11.9324623495   0.000006573512       0.0134  AGACTTG
    90      1    -8.0690074877   0.000313093876       0.6378  AGAGAAA
    91      1    -7.6818794729   0.000461107445       0.9393  AGAGAAG
    92      1    -9.6955261483   0.000061558283       0.1254  AGAGAGA
    93      1    -9.2199509647   0.000099043544       0.2018  AGAGCCG
    94      1   -12.1559264131   0.000005257124       0.0107  AGAGCTA
    95      1   -10.6522746901   0.000023646991       0.0482  AGAGCTG
    96      1    -9.6766241316   0.000062732925       0.1278  AGAGGAA
    97      1   -11.3195815073   0.000012133000       0.0247  AGAGGTA
    98      2   -11.5331782568   0.000009799509       0.0200  AGAGTAA
    99      1   -10.6522746901   0.000023646991       0.0482  AGAGTCG
   100      1   -12.7809044044   0.000002813998       0.0057  AGAGTTT
   101      1   -14.1968972118   0.000000682914       0.0014  AGATACG
   102      1   -14.2576477784   0.000000642661       0.0013  AGATCAG
   103      1   -14.4743077028   0.000000517473       0.0011  AGATCAT
   104      1   -12.1217133867   0.000005440099       0.0111  AGATCTA
   105      1   -14.0196341601   0.000000815362       0.0017  AGATTCC
   106      1   -12.6131162655   0.000003328076       0.0068  AGATTCG
   107      1    -8.7626725002   0.000156465894       0.3187  AGGAAAG
   108      2   -11.5551433354   0.000009586609       0.0195  AGGAATA
   109      1   -10.1828595287   0.000037812927       0.0770  AGGAGAG
   110      1   -11.7450451085   0.000007928513       0.0162  AGGCTTG
   111      1   -10.0094256231   0.000044974018       0.0916  AGGGAAA
   112      1   -10.3740658375   0.000031232047       0.0636  AGGGCTG
   113      1    -7.7368565434   0.000436441355       0.8890  AGGGGAG
   114      3    -5.7754432580   0.003102822003       6.3204  AGGGGGG
   115      1    -8.6865883979   0.000168835043       0.3439  AGGGTTG
   116      1   -13.4895822055   0.000001385316       0.0028  AGGTAAT
   117      1   -13.2824856666   0.000001704079       0.0035  AGGTGCG
   118      1    -9.7819477831   0.000056461714       0.1150  ATAAATA
   119      1   -10.0696692643   0.000042344616       0.0863  ATAATAA
   120      1   -12.1527935291   0.000005273620       0.0107  ATAGCCA
   121      1    -9.7555687852   0.000057970935       0.1181  ATAGGGA
   122      1   -12.7375109509   0.000002938795       0.0060  ATATTCA
   123      1    -7.2445471736   0.000714057424       1.4545  ATATTTT
   124      1   -14.9192579983   0.000000331626       0.0007  ATCTAAC
   125      1   -12.1417155988   0.000005332366       0.0109  ATCTCTT
   126      2   -10.0455834227   0.000043376904       0.0884  ATTTTTC
   127      2    -6.8892705273   0.001018656652       2.0750  ATTTTTT
   128      1   -12.0281267135   0.000005973804       0.0122  CAAAGCA
   129      1   -12.1367953278   0.000005358667       0.0109  CACATCA
   130      1   -10.3810932984   0.000031013335       0.0632  CACCACC
   131      2    -6.7860830326   0.001129383881       2.3006  CACCCCC
   132      1    -8.4085142236   0.000222960881       0.4542  CACCTTC
   133      1   -13.0827628279   0.000002080790       0.0042  CACTTTG
   134      1   -12.9160073201   0.000002458382       0.0050  CATCAAC
   135      1   -12.1827369721   0.000005118050       0.0104  CATCTCC
   136      1    -8.7518430173   0.000158169547       0.3222  CCACTTC
   137      1   -10.1290971704   0.000039901479       0.0813  CCATTTC
   138      1    -7.0949384846   0.000829291792       1.6893  CCCAAAC
   139      1    -9.1163400058   0.000109856015       0.2238  CCCAAGC
   140      1    -6.6490747528   0.001295219950       2.6384  CCCACCC
   141      8    -5.4385819299   0.004345641327       8.8521  CCCCAAC
   142      1    -6.1165819434   0.002205983267       4.4936  CCCCACC
   143      1    -9.0554802545   0.000116749464       0.2378  CCCCACT
   144      2    -7.0503493040   0.000867106021       1.7663  CCCCAGC
   145      5    -5.8195682642   0.002968886643       6.0476  CCCCCAC
   146      1   -10.2530738057   0.000035248986       0.0718  CCCCCAG
   147      1    -8.7595816532   0.000156950254       0.3197  CCCCCAT
   148      1    -6.8215485666   0.001090031628       2.2204  CCCCCCA
   149    215    -2.5214918641   0.080339661441     163.6519  CCCCCCC
   150      3    -5.4637667069   0.004237563984       8.6319  CCCCCCT
   151      7    -5.9544703066   0.002594217611       5.2844  CCCCCGC
   152      1    -8.7768716235   0.000154259914       0.3142  CCCCCTA
   153     12    -4.4777648921   0.011358772886      23.1378  CCCCCTC
   154      3    -7.4070673569   0.000606948049       1.2364  CCCCCTT
   155      2    -7.0503493040   0.000867106021       1.7663  CCCCGAC
   156      7    -6.2514839859   0.001927591494       3.9265  CCCCGCC
   157      9    -5.6027250836   0.003687800447       7.5120  CCCCGGC
   158      1    -8.5234896131   0.000198744672       0.4048  CCCCGGT
   159      1    -7.2769988247   0.000691257037       1.4081  CCCCGTC
   160      1    -7.0144933553   0.000898761049       1.8308  CCCCTAC
   161      8    -4.7026263253   0.009071421285      18.4785  CCCCTCC
   162      1    -7.6230279246   0.000489058754       0.9962  CCCCTCT
   163      1    -7.1493953977   0.000785338755       1.5997  CCCCTGC
   164     19    -4.1442435760   0.015855424840      32.2975  CCCCTTC
   165      1    -8.1396020167   0.000291753288       0.5943  CCCGTTC
   166      1   -10.4260831265   0.000029648971       0.0604  CCCTCAT
   167      1    -5.2547059118   0.005222882054      10.6390  CCCTCCC
   168      1    -7.4320392927   0.000591979062       1.2059  CCCTCCT
   169      1    -8.6371656301   0.000177388976       0.3613  CCCTCGC
   170      4    -6.9506679674   0.000957995030       1.9514  CCCTCTC
   171      1    -9.3780685075   0.000084558369       0.1722  CCCTGAC
   172      1   -11.0446347325   0.000015972617       0.0325  CCCTTCA
   173      2    -7.0279867702   0.000886715146       1.8062  CCCTTCC
   174      2    -5.5231557379   0.003993226461       8.1342  CCCTTTC
   175      2    -5.9996011730   0.002479740967       5.0512  CCCTTTT
   176      1   -10.2639992128   0.000034865972       0.0710  CCGTTTC
   177      1   -10.3801059193   0.000031043972       0.0632  CCTCATC
   178      3    -5.7597283543   0.003151967701       6.4206  CCTCCCC
   179      1    -8.6763157583   0.000170578363       0.3475  CCTCCCT
   180      1    -7.7159573796   0.000445658596       0.9078  CCTCCTC
   181      1   -10.5150079617   0.000027126269       0.0553  CCTCGTC
   182      1   -10.9855752963   0.000016944364       0.0345  CCTTAAC
   183      1   -14.6870412724   0.000000418311       0.0009  CCTTAAG
   184      2    -8.4890779454   0.000205702842       0.4190  CCTTCCC
   185      2   -10.1751081310   0.000038107169       0.0776  CCTTCTC
   186      1   -10.6904924606   0.000022760307       0.0464  CCTTCTT
   187      1   -10.2478776740   0.000035432621       0.0722  CCTTTCC
   188      1    -8.3589941902   0.000234279856       0.4772  CCTTTTT
   189      1   -14.9432950022   0.000000323750       0.0007  CGAATTG
   190      1   -15.1244436766   0.000000270108       0.0006  CGCTGCG
   191      1    -9.3112656503   0.000090400058       0.1841  CGGGGAG
   192      1    -9.5594851049   0.000070529104       0.1437  CTCACCC
   193      1    -8.3514777191   0.000236047449       0.4808  CTCCAAC
   194      1   -12.3616477913   0.000004279614       0.0087  CTCCAGT
   195      4    -5.4352612305   0.004360095882       8.8815  CTCCCCC
   196      2    -8.1060938774   0.000301695032       0.6146  CTCCCCT
   197      4    -7.3910070053   0.000616774545       1.2564  CTCCCTC
   198      1    -9.8857184031   0.000050896398       0.1037  CTCCCTT
   199      1    -9.9632491336   0.000047099455       0.0959  CTCCGAC
   200      1   -10.1880463789   0.000037617305       0.0766  CTCCGTC
   201      1    -7.6155028547   0.000492752837       1.0037  CTCCTCC
   202      1   -11.3534460703   0.000011729001       0.0239  CTCCTTG
   203      2    -8.6753533780   0.000170742604       0.3478  CTCCTTT
   204      1    -9.0161849558   0.000121428499       0.2473  CTCTAAT
   205      1    -9.6332417171   0.000065514326       0.1335  CTCTATT
   206      1    -8.1231142301   0.000296603529       0.6042  CTCTCCC
   207      1    -7.9488512784   0.000353067508       0.7192  CTCTCCT
   208      1    -9.7104326887   0.000060647467       0.1235  CTCTCTC
   209      2    -8.4081419192   0.000223043906       0.4543  CTCTCTT
   210      2    -9.7413466597   0.000058801296       0.1198  CTCTTCC
   211      1   -10.2488249494   0.000035399072       0.0721  CTCTTTA
   212      1    -8.0756491201   0.000311021312       0.6336  CTCTTTC
   213      2    -6.0298948840   0.002405746848       4.9005  CTCTTTT
   214      1   -14.2390807243   0.000000654705       0.0013  CTGTCTC
   215      1   -12.2461328162   0.000004803658       0.0098  CTGTCTT
   216      1   -10.3820995081   0.000030982144       0.0631  CTTAAAT
   217      1   -11.2634457569   0.000012833575       0.0261  CTTCAAC
   218      1    -8.3696123015   0.000231805407       0.4722  CTTCCCC
   219      1    -9.0666118073   0.000115457067       0.2352  CTTCCCT
   220      1   -10.4977687055   0.000027597960       0.0562  CTTCCTT
   221      1   -10.5268519173   0.000026806882       0.0546  CTTCTCC
   222      1   -10.4731320288   0.000028286327       0.0576  CTTCTCT
   223      1   -12.9140637167   0.000002463164       0.0050  CTTCTGC
   224      1    -8.6512506131   0.000174907969       0.3563  CTTCTTT
   225      1   -14.2368822137   0.000000656146       0.0013  CTTGCTC
   226      1   -13.1824475200   0.000001883371       0.0038  CTTGTAT
   227      1   -12.4121745850   0.000004068751       0.0083  CTTTATC
   228      3    -7.6763437714   0.000463667076       0.9445  CTTTCCT
   229      1   -12.5417046621   0.000003574431       0.0073  CTTTCTG
   230      3    -8.1064855300   0.000301576896       0.6143  CTTTCTT
   231      1   -10.3242208917   0.000032828258       0.0669  CTTTGAT
   232      1   -12.1301926886   0.000005394165       0.0110  CTTTTAC
   233      1   -10.9290965926   0.000017928901       0.0365  CTTTTCC
   234      1    -8.8232904947   0.000147262994       0.3000  CTTTTTC
   235      3    -5.7210527772   0.003276259914       6.6737  CTTTTTT
   236      1    -5.6869643415   0.003389867847       6.9052  GAAAAAA
   237      1    -9.2026231920   0.000100774703       0.2053  GAAAACA
   238      1    -7.7898021957   0.000413934754       0.8432  GAAAAGA
   239      3   -10.3346608936   0.000032487314       0.0662  GAAACTA
   240      3    -7.9991212494   0.000335757545       0.6839  GAAAGAA
   241      1    -8.6471592756   0.000175625043       0.3577  GAAATTA
   242      1   -13.8895354716   0.000000928649       0.0019  GAACGGC
   243      3    -9.7836318944   0.000056366706       0.1148  GAAGAAG
   244      1   -10.4313523265   0.000029493156       0.0601  GAAGAGG
   245      1   -14.8192115476   0.000000366520       0.0007  GAAGCCT
   246      1   -12.8511752764   0.000002623043       0.0053  GAAGCTG
   247      1   -11.0940803194   0.000015202049       0.0310  GAAGTTA
   248      1   -10.6310177922   0.000024155033       0.0492  GAATTTT
   249      4    -5.9886642160   0.002507010639       5.1068  GAGAAAA
   250      2    -8.0106649567   0.000331903944       0.6761  GAGAAAG
   251      1   -12.0933038593   0.000005596865       0.0114  GAGACTG
   252      1   -11.4738036742   0.000010398971       0.0212  GAGATAG
   253      2    -8.9438144021   0.000130542149       0.2659  GAGATTA
   254      1   -10.4042022990   0.000030304865       0.0617  GAGATTG
   255      1   -10.3046971465   0.000033475486       0.0682  GAGCAAA
   256      1    -9.6846905244   0.000062228932       0.1268  GAGCGGG
   257      1    -7.0000740399   0.000911814452       1.8574  GAGGAAG
   258      2   -10.0690028196   0.000042372846       0.0863  GAGGACG
   259      1    -8.5224681219   0.000198947792       0.4053  GAGGCCG
   260      2    -9.7827462016   0.000056416652       0.1149  GAGGGAA
   261      1    -5.3570285983   0.004714895161       9.6042  GAGGGGG
   262      1   -11.2703270687   0.000012745567       0.0260  GAGGGTA
   263      1   -11.9342678136   0.000006561654       0.0134  GAGGTAA
   264      1    -8.2672954402   0.000256778827       0.5231  GAGGTTG
   265      1   -11.3885205749   0.000011324743       0.0231  GAGTGAG
   266      1   -10.1330470326   0.000039744184       0.0810  GCAAAAA
   267      1   -12.5232005384   0.000003641188       0.0074  GCAAAAG
   268      1   -13.9248527735   0.000000896424       0.0018  GCAGCGG
   269      1   -15.6096153235   0.000000166276       0.0003  GCAGTTC
   270      1    -8.9881079157   0.000124886165       0.2544  GCCCTTC
   271      1   -10.7736210977   0.000020944780       0.0427  GCCTTTT
   272      1   -14.3244998514   0.000000601103       0.0012  GCGACTA
   273      1    -9.3428460528   0.000087589796       0.1784  GCGCTTC
   274      1    -9.0872317844   0.000113100723       0.2304  GCGGAGG
   275      1   -15.1910398557   0.000000252706       0.0005  GCGTACG
   276      1   -11.9703170312   0.000006329325       0.0129  GCTCCTC
   277      1    -8.6761247493   0.000170610948       0.3475  GGAAAAG
   278      1   -12.0769970972   0.000005688880       0.0116  GGAACAA
   279      1   -14.1127695318   0.000000742852       0.0015  GGACGGT
   280      2    -7.3287279487   0.000656408041       1.3371  GGAGAAG
   281      1    -8.8467467325   0.000143848955       0.2930  GGAGCCG
   282      1   -14.4990816505   0.000000504811       0.0010  GGAGCTT
   283      1    -7.6418353341   0.000479946781       0.9777  GGAGGAG
   284      2    -5.6804100233   0.003412159092       6.9506  GGAGGGG
   285      1   -13.2449666524   0.000001769229       0.0036  GGATTAG
   286      1   -16.4403892121   0.000000072449       0.0001  GGCCTCA
   287      2    -5.9533532456   0.002597117129       5.2903  GGGAAAA
   288      9    -5.4722654876   0.004201702462       8.5589  GGGAAAG
   289      1    -7.9839383039   0.000340894230       0.6944  GGGAAGA
   290      1    -6.9321157147   0.000975933885       1.9880  GGGAAGG
   291      1    -9.7400074248   0.000058880098       0.1199  GGGACAA
   292      1    -9.0909936888   0.000112676048       0.2295  GGGACAG
   293      1    -6.8631459418   0.001045619296       2.1299  GGGAGAG
   294      1    -8.6224885382   0.000180011731       0.3667  GGGAGCG
   295      2    -7.3223423646   0.000660613001       1.3457  GGGAGGA
   296      4    -5.1719691198   0.005673386236      11.5567  GGGAGGG
   297      1   -10.3088663982   0.000033336209       0.0679  GGGAGTA
   298      1    -8.8801995282   0.000139116405       0.2834  GGGATAG
   299      2    -7.6818214616   0.000461134195       0.9393  GGGATTG
   300      4    -7.3056856237   0.000671708814       1.3683  GGGCCCG
   301      1    -6.7674319685   0.001150645755       2.3439  GGGCGGG
   302      1   -10.8880440326   0.000018680245       0.0381  GGGCTTA
   303      1    -8.4081577357   0.000223040378       0.4543  GGGCTTG
   304      2    -6.9074849686   0.001000270347       2.0376  GGGGAAA
   305     15    -4.0847991026   0.016826519381      34.2756  GGGGAAG
   306      1    -8.3700150127   0.000231712075       0.4720  GGGGAAT
   307      2    -7.1515831916   0.000783622474       1.5962  GGGGACG
   308      2    -7.5416462129   0.000530523548       1.0807  GGGGAGA
   309     13    -4.6172155873   0.009880268541      20.1261  GGGGAGG
   310      1    -6.9407890310   0.000967505904       1.9708  GGGGATG
   311      1   -11.7512268496   0.000007879652       0.0161  GGGGCAC
   312     10    -5.6023896079   0.003689037821       7.5146  GGGGCCG
   313      2    -6.2332398185   0.001963081555       3.9988  GGGGCGG
   314      2    -7.0346936775   0.000880787929       1.7942  GGGGCTG
   315     20    -4.3974469932   0.012308724080      25.0729  GGGGGAG
   316      6    -5.9388990437   0.002634928996       5.3674  GGGGGCG
   317      4    -5.3847797475   0.004585850256       9.3414  GGGGGGA
   318    279    -2.4359655544   0.087513207475     178.2644  GGGGGGG
   319      4    -5.7281048831   0.003253236659       6.6268  GGGGGTG
   320      1    -7.0684804530   0.000851526060       1.7346  GGGGTAG
   321      1    -9.9609628276   0.000047207262       0.0962  GGGGTCA
   322      2    -7.0346936775   0.000880787929       1.7942  GGGGTCG
   323      2    -6.0224456579   0.002423734715       4.9371  GGGGTGG
   324      1    -8.2733748551   0.000255222497       0.5199  GGGGTTA
   325     16    -5.3472167183   0.004761384850       9.6989  GGGGTTG
   326      1   -10.8092847957   0.000020210975       0.0412  GGGTCAG
   327      1    -9.2529321053   0.000095830255       0.1952  GGGTCTG
   328      1   -10.5407166688   0.000026437776       0.0539  GGTGGCG
   329      1   -11.6364846217   0.000008837694       0.0180  GGTGTCG
   330      1    -9.9489951760   0.000047775616       0.0973  GGTGTTG
   331      1   -11.5563665309   0.000009574890       0.0195  GTGGGAA
   332      1    -6.6952546601   0.001236766879       2.5193  GTGGGGG
   333      1   -11.9882426440   0.000006216878       0.0127  GTGTAGT
   334      1   -10.4912807840   0.000027777595       0.0566  GTGTTTC
   335      1   -10.6284534469   0.000024217054       0.0493  GTTTATT
   336      1   -12.8614407777   0.000002596254       0.0053  TACTAAT
   337      1   -12.6429050270   0.000003230399       0.0066  TAGAGGG
   338      1   -10.6279933515   0.000024228199       0.0494  TATAAAT
   339      1   -12.7673161315   0.000002852496       0.0058  TATTCCG
   340      1    -8.6258481011   0.000179407985       0.3655  TATTTCT
   341      2    -6.4491527075   0.001581861901       3.2223  TATTTTT
   342      1   -12.2824200508   0.000004632471       0.0094  TCATCTT
   343      1   -13.2179455211   0.000001817687       0.0037  TCATTAT
   344      1   -14.1101800624   0.000000744778       0.0015  TCCATGC
   345      1   -11.3299686573   0.000012007625       0.0245  TCCATTC
   346      1    -9.1532402696   0.000105876179       0.2157  TCCCCAC
   347      1    -5.8551731174   0.002865039570       5.8361  TCCCCCC
   348      1    -8.7663326724   0.000155894249       0.3176  TCCCCCT
   349      1    -7.8113926995   0.000405093481       0.8252  TCCCCTC
   350      1   -10.6869737182   0.000022840536       0.0465  TCCCCTT
   351      1    -7.4774083274   0.000565721683       1.1524  TCCCTTC
   352      1    -8.5836952964   0.000187132189       0.3812  TCCTCCC
   353      1   -10.0663954636   0.000042483471       0.0865  TCCTCCT
   354      1   -10.6736202677   0.000023147581       0.0472  TCCTCTT
   355      1   -12.1671671492   0.000005198361       0.0106  TCCTTTA
   356      1    -8.8136811902   0.000148684910       0.3029  TCCTTTC
   357      2    -8.3362193137   0.000239676775       0.4882  TCCTTTT
   358      1   -10.2477981295   0.000035435439       0.0722  TCTACCC
   359      1   -11.0282548618   0.000016236401       0.0331  TCTACCT
   360      1   -13.7769757058   0.000001039287       0.0021  TCTAGCC
   361      1   -12.8928764239   0.000002515909       0.0051  TCTCAAA
   362      2   -10.5901264149   0.000025163239       0.0513  TCTCAAT
   363      1   -10.7434443483   0.000021586459       0.0440  TCTCATC
   364      1   -11.6440592629   0.000008771004       0.0179  TCTCATT
   365      3    -6.1345734989   0.002166649099       4.4135  TCTCCCC
   366      3    -8.2220893580   0.000268653165       0.5472  TCTCCCT
   367      1    -8.0885647433   0.000307030108       0.6254  TCTCCTC
   368      1    -9.8078148716   0.000055019941       0.1121  TCTCCTT
   369      1    -9.2120393811   0.000099830243       0.2034  TCTCGGC
   370      1   -11.3978670401   0.000011219390       0.0229  TCTCTAT
   371      2    -9.8380998268   0.000053378643       0.1087  TCTCTCT
   372      3    -7.7354839836   0.000437040809       0.8903  TCTCTTC
   373      4    -8.1704360431   0.000282894635       0.5763  TCTCTTT
   374      1    -9.5718053660   0.000069665498       0.1419  TCTGTTT
   375      1    -8.2975473284   0.000249127105       0.5075  TCTTAAT
   376      1    -8.6846274597   0.000169166443       0.3446  TCTTCCC
   377      5    -7.2547921749   0.000706779250       1.4397  TCTTCCT
   378      1   -10.2145010603   0.000036635199       0.0746  TCTTCGT
   379      3    -7.6911736392   0.000456841690       0.9306  TCTTCTT
   380      1    -7.4829763710   0.000562580473       1.1460  TCTTTCT
   381      4    -5.3072572159   0.004955499962      10.0944  TCTTTTT
   382      1   -13.1143256917   0.000002016140       0.0041  TGGAGTG
   383      1   -12.3833155184   0.000004187882       0.0085  TGGATTG
   384      1   -13.1063320688   0.000002032321       0.0041  TGTCCAC
   385      1   -14.7702565663   0.000000384910       0.0008  TGTGTAA
   386      1   -10.3852583270   0.000030884432       0.0629  TGTGTTG
   387      1   -14.4287827484   0.000000541576       0.0011  TGTTCGC
   388      1   -14.4130957486   0.000000550139       0.0011  TTAGTTG
   389      1   -10.3931016493   0.000030643143       0.0624  TTATATT
   390      1    -9.1744584077   0.000103653349       0.2111  TTATCTT
   391      1    -6.7888225963   0.001126294097       2.2943  TTATTTT
   392      1   -11.1416726639   0.000014495495       0.0295  TTCCAAT
   393      1   -12.4156150615   0.000004054776       0.0083  TTCCACT
   394      1    -8.4103419195   0.000222553748       0.4533  TTCCCCC
   395      3    -8.9859118581   0.000125160724       0.2550  TTCCCCT
   396      1   -10.3504071248   0.000031979767       0.0651  TTCCCTC
   397      2   -10.4116553611   0.000030079841       0.0613  TTCCCTT
   398      1   -11.4650020170   0.000010490903       0.0214  TTCCGGC
   399      1    -9.8864460648   0.000050859376       0.1036  TTCCTTC
   400      2    -8.5590605445   0.000191799396       0.3907  TTCCTTT
   401      1   -10.4889700521   0.000027841856       0.0567  TTCGGGT
   402      2    -7.5826562194   0.000509206860       1.0373  TTCTCCT
   403      1   -10.5392856283   0.000026475636       0.0539  TTCTCGT
   404      1   -11.0216749518   0.000016343587       0.0333  TTCTCTC
   405      1    -8.0126455392   0.000331247231       0.6748  TTCTCTT
   406      6    -5.6271758887   0.003598724187       7.3306  TTCTTTT
   407      1    -9.5132393681   0.000073867370       0.1505  TTTAAAC
   408      1    -6.8394058190   0.001070739424       2.1811  TTTAAAT
   409      1   -10.0429375464   0.000043491826       0.0886  TTTAACT
   410      1   -11.3491890678   0.000011779038       0.0240  TTTAAGG
   411      1    -8.0082387115   0.000332710202       0.6777  TTTACCT
   412      1   -11.2911210046   0.000012483273       0.0254  TTTACTC
   413      1   -12.5934007983   0.000003394341       0.0069  TTTATCG
   414      1    -8.4494503918   0.000214018009       0.4360  TTTATCT
   415      1    -9.7073531604   0.000060834520       0.1239  TTTATTA
   416      1    -7.7188594372   0.000444367144       0.9052  TTTCAAT
   417      1    -9.6634512603   0.000063564764       0.1295  TTTCACC
   418      1    -8.6389202976   0.000177077991       0.3607  TTTCATT
   419      3    -6.0812553394   0.002285306017       4.6552  TTTCCCC
   420      5    -5.5978265946   0.003705909413       7.5489  TTTCCCT
   421      1    -7.9884516614   0.000339359120       0.6913  TTTCCTC
   422      7    -6.9966227800   0.000914966798       1.8638  TTTCCTT
   423      1    -9.0828602359   0.000113596230       0.2314  TTTCGGC
   424      2   -10.3068205276   0.000033404480       0.0680  TTTCTAC
   425      1    -8.3775383651   0.000229975365       0.4685  TTTCTAT
   426      1    -8.1806310860   0.000280025164       0.5704  TTTCTCC
   427      2    -6.9618571899   0.000947335558       1.9297  TTTCTCT
   428      2    -8.5124404075   0.000200952819       0.4093  TTTCTGT
   429      4    -7.3077693783   0.000670310595       1.3654  TTTCTTC
   430      1    -9.4790551983   0.000076436120       0.1557  TTTCTTG
   431      9    -5.1147853204   0.006007267334      12.2368  TTTCTTT
   432      1    -9.0710060063   0.000114950839       0.2342  TTTGAAG
   433      1   -11.4260230470   0.000010907902       0.0222  TTTGCTC
   434      2    -8.7705037502   0.000155245356       0.3162  TTTGCTT
   435      1   -11.3800854994   0.000011420672       0.0233  TTTGTCC
   436      2    -6.4442337534   0.001589662176       3.2381  TTTGTTT
   437      9    -5.1664750512   0.005704641991      11.6204  TTTTAAT
   438      2    -7.0804715791   0.000841376279       1.7139  TTTTACT
   439      3    -6.7782789069   0.001138232217       2.3186  TTTTAGT
   440      9    -5.7792467144   0.003091042970       6.2965  TTTTATT
   441      1    -6.9527134273   0.000956037493       1.9474  TTTTCAT
   442      2    -7.1232517758   0.000806141094       1.6421  TTTTCCC
   443     16    -4.1313308570   0.016061489047      32.7173  TTTTCCT
   444      1    -7.6842905545   0.000459997016       0.9370  TTTTCTC
   445     17    -4.5606058642   0.010455722276      21.2983  TTTTCTT
   446      3    -6.7782789069   0.001138232217       2.3186  TTTTGAT
   447      1    -7.2153736215   0.000735195857       1.4976  TTTTGCT
   448      2    -8.4641911133   0.000210886367       0.4296  TTTTGGC
   449     10    -5.3306171223   0.004841081551       9.8613  TTTTGGT
   450      1    -8.6475954437   0.000175548457       0.3576  TTTTTAC
   451      8    -5.4922581695   0.004118533319       8.3895  TTTTTAT
   452      1    -8.6594018325   0.000173488051       0.3534  TTTTTCA
   453      3    -7.4892440010   0.000559065454       1.1388  TTTTTCC
   454      9    -4.3517119889   0.012884735165      26.2462  TTTTTCT
   455      7    -5.6271602119   0.003598780605       7.3307  TTTTTGT
   456      1    -6.4839000645   0.001527840369       3.1122  TTTTTTA
   457     12    -5.3332980654   0.004828120269       9.8349  TTTTTTC
   458    268    -2.1749634082   0.113612310871     231.4283  TTTTTTT