     2    876    465


 1

     1     78    -3.3370243362   0.035542563238      31.1353  AAAAAAAAAAAAA
     2      5    -6.5798754322   0.001388022187       1.2159  AAAAAAAAAAAAC
     3      2    -5.2430479467   0.005284126530       4.6289  AAAAAAAAAAAAG
     4      2    -6.5995486908   0.001360982123       1.1922  AAAAAAAAAAACA
     5      2    -9.6423756196   0.000064918649       0.0569  AAAAAAAAAAACC
     6      1    -5.2480967225   0.005257515393       4.6056  AAAAAAAAAAAGA
     7      1    -8.4455065303   0.000214863733       0.1882  AAAAAAAAAAAGC
     8      1    -6.8764411451   0.001031809579       0.9039  AAAAAAAAAAAGG
     9      1    -8.0878256881   0.000307257104       0.2692  AAAAAAAAAAAGT
    10      1    -6.2418678486   0.001946216887       1.7049  AAAAAAAAAAATA
    11      1    -8.9672754874   0.000127515136       0.1117  AAAAAAAAAAATT
    12      4    -5.6126870570   0.003651245061       3.1985  AAAAAAAAAACAA
    13      2    -8.7146572053   0.000164161936       0.1438  AAAAAAAAAACAC
    14      2    -7.4794511135   0.000564567214       0.4946  AAAAAAAAAACAG
    15      1    -8.4402049314   0.000216005879       0.1892  AAAAAAAAAACAT
    16      2    -9.7156164635   0.000060333898       0.0529  AAAAAAAAAACCC
    17      1    -7.5107997826   0.000547143318       0.4793  AAAAAAAAAACGA
    18      1    -8.5065955356   0.000202130802       0.1771  AAAAAAAAAACTA
    19     11    -4.4475446019   0.011707277735      10.2556  AAAAAAAAAAGAA
    20      1    -7.6661079983   0.000468437440       0.4104  AAAAAAAAAAGAC
    21      2    -6.2125013195   0.002004217999       1.7557  AAAAAAAAAAGAG
    22      1    -7.3084271560   0.000669869825       0.5868  AAAAAAAAAAGAT
    23      1    -9.2120493922   0.000099829244       0.0875  AAAAAAAAAAGCG
    24      1   -10.4058208293   0.000030255855       0.0265  AAAAAAAAAAGCT
    25      2    -6.3101088924   0.001817835280       1.5924  AAAAAAAAAAGGA
    26      1    -9.8461578431   0.000052950246       0.0464  AAAAAAAAAAGTT
    27      5    -5.2550062148   0.005221313843       4.5739  AAAAAAAAAATAA
    28      1    -7.1217702712   0.000807336281       0.7072  AAAAAAAAAATAG
    29      1    -8.0236025172   0.000327637574       0.2870  AAAAAAAAAATAT
    30      1   -10.3750102784   0.000031202564       0.0273  AAAAAAAAAATCC
    31      1    -7.1531189404   0.000782419951       0.6854  AAAAAAAAAATGA
    32      1    -8.1394459819   0.000291798815       0.2556  AAAAAAAAAATTA
    33      1    -7.9025337205   0.000369805369       0.3239  AAAAAAAAGAGAA
    34      1   -10.1859412047   0.000037696579       0.0330  AAAAAACAAACAA
    35      1   -13.1825437077   0.000001883189       0.0016  AAAAAATAAAATT
    36      1   -18.8453599761   0.000000006540       0.0000  AAAAAGAACACCT
    37      1   -14.2048289966   0.000000677518       0.0006  AAAACAAAAAACC
    38      1    -6.4968648902   0.001508160036       1.3211  AAAAGAAAAAAAA
    39      1    -8.4073315131   0.000223224735       0.1955  AAAAGAAAAAAGA
    40      1   -11.4415925513   0.000010739387       0.0094  AAAAGAAGAATAA
    41      1   -11.1307856041   0.000014654170       0.0128  AAAAGAGAAAAAG
    42      1   -11.3708555424   0.000011526572       0.0101  AAAATAAAAATGA
    43      1    -9.5531868526   0.000070974716       0.0622  AAAGAAAGAAAAA
    44      1   -13.6397466537   0.000001192157       0.0010  AAAGGGAGAGTGA
    45      2    -7.0861270295   0.000836631348       0.7329  AAGAAAAAGAAAA
    46      1   -13.1600259854   0.000001926076       0.0017  AAGAAAGAAAGGG
    47      1   -10.7314748370   0.000021846391       0.0191  AAGAAAGAGAGGA
    48      1   -12.8287036917   0.000002682655       0.0024  AAGAGAAAAAGGA
    49      1    -6.8184750203   0.001093387045       0.9578  AAGAGAGAGAAAA
    50      2    -8.5171422462   0.000200010189       0.1752  AAGAGAGAGAAAG
    51      1   -16.7149872466   0.000000055052       0.0000  AATATAGATATAC
    52      1    -8.0105792873   0.000331932379       0.2908  ACAAAAAAAAAAA
    53      1   -10.2857433374   0.000034116025       0.0299  ACAAAAAAAACAA
    54      1   -18.7464628968   0.000000007220       0.0000  ACAACAAGAAACA
    55      2    -6.6982338747   0.001233087768       1.0802  ACACACACACAAA
    56      1   -10.6909267219   0.000022750425       0.0199  ACACACACACCGG
    57      1    -8.5045602697   0.000202542611       0.1774  ACACACACACTTT
    58      1   -17.6365739518   0.000000021904       0.0000  ACACACGCATGAT
    59      1   -21.6381141049   0.000000000401       0.0000  ACACCAACAAACA
    60      1   -15.8049298118   0.000000136775       0.0001  ACATGTATATAAC
    61      1   -13.6552400378   0.000001173828       0.0010  ACGCGCGCGCCAT
    62      1   -10.3859964578   0.000030861643       0.0270  ACTCTCTCTCTCT
    63      1   -21.8683200314   0.000000000318       0.0000  ACTTGAGTTTAGG
    64      1    -6.5628101684   0.001411912418       1.2368  AGAAAAAAAAAAA
    65      1    -9.8029916885   0.000055285953       0.0484  AGAAAAAAAAAAC
    66      1    -8.4506464263   0.000213762189       0.1873  AGAAAAAAAAAAG
    67      1    -9.5782758813   0.000069216182       0.0606  AGAAAAAAAAAGG
    68      1   -15.2174101719   0.000000246129       0.0002  AGAAAAGAAATTT
    69      1   -10.2239428917   0.000036290923       0.0318  AGAAAGAAAAAAG
    70      1   -12.9262772022   0.000002433263       0.0021  AGAAAGAAGAAGA
    71      1   -16.9616441275   0.000000043018       0.0000  AGAAAGAAGACAT
    72      1    -9.6893049459   0.000061942443       0.0543  AGAAAGAGAAAAA
    73      1   -12.5189292195   0.000003656774       0.0032  AGAAGAGAAAAAA
    74      1    -9.9885717990   0.000045921745       0.0402  AGAGAGAGAAAGA
    75      2    -5.3193663915   0.004895854798       4.2888  AGAGAGAGAGAAA
    76      1    -8.7693867391   0.000155418864       0.1361  AGAGAGAGAGAGC
    77      1    -6.3761256108   0.001701703262       1.4907  AGAGAGAGAGGAA
    78      3    -7.0032302720   0.000908941091       0.7962  AGAGAGAGAGGAG
    79      1    -9.1308933976   0.000108268815       0.0948  AGAGAGAGAGGCA
    80      1    -5.4630190946   0.004240733224       3.7149  AGAGAGAGAGGGG
    81      1   -10.3443729823   0.000032173321       0.0282  AGAGAGAGAGTCG
    82      2    -7.7700659507   0.000422185422       0.3698  AGAGAGAGAGTGA
    83      3    -7.2664174637   0.000698610313       0.6120  AGAGAGAGAGTGG
    84      1    -8.6128756718   0.000181750503       0.1592  AGAGAGGGAGGGG
    85      1   -10.3808364330   0.000031021302       0.0272  AGAGGGAGAGTAA
    86      1    -9.6142668639   0.000066769320       0.0585  AGGGAGAGAGAGG
    87      1   -13.3799028201   0.000001545902       0.0014  AGGGAGGGAGTGG
    88      1   -11.6629865457   0.000008606554       0.0075  AGGGGAGGGGAAA
    89      1    -8.7462479380   0.000159056999       0.1393  AGGGGGGGGGCGG
    90      1   -12.2741119084   0.000004671119       0.0041  ATAAAAAAAAATG
    91      1   -11.1043704536   0.000015046420       0.0132  ATAGAAAAAAAAA
    92      1   -10.7977054389   0.000020446365       0.0179  ATATACATATGAA
    93      1   -17.4584690943   0.000000026175       0.0000  ATATATACACAGC
    94      1    -8.1630353747   0.000284996011       0.2497  ATATATATATTAA
    95      1    -9.6272475460   0.000065908210       0.0577  ATATATATATTGA
    96      1   -12.3516049900   0.000004322810       0.0038  ATATATATGTCTC
    97      1   -18.2386194669   0.000000011997       0.0000  ATATGCGTATTCC
    98      1   -10.3736046243   0.000031246455       0.0274  ATATTTATATTTT
    99      1   -21.8531845717   0.000000000323       0.0000  ATCCGAACACTTT
   100      1    -9.3634404692   0.000085804383       0.0752  ATCTCTCTCTTTT
   101      1   -25.9273855120   0.000000000005       0.0000  ATGTTATCGTGCG
   102      1   -10.0790299465   0.000041950091       0.0367  CAAAAAAAAACAA
   103      1   -15.6955116999   0.000000152590       0.0001  CAAATATATATCT
   104      1   -14.5827592725   0.000000464289       0.0004  CAAGAGAGAGATA
   105      1   -14.3045425069   0.000000613220       0.0005  CACACACAAACAG
   106      2    -6.7649691585   0.001153483069       1.0105  CACACACACAAAA
   107      1    -9.1188183881   0.000109584087       0.0960  CACACACACAAAC
   108      1    -8.6836004960   0.000169340260       0.1483  CACACACACAACC
   109      1    -9.3963807325   0.000083024009       0.0727  CACACACACAAGG
   110      1    -7.8204917274   0.000401424243       0.3516  CACACACACACAC
   111      1    -9.6053979886   0.000067364123       0.0590  CACACACACACCA
   112      1    -7.8218332899   0.000400886068       0.3512  CACACACACAGAA
   113      1    -8.7867794087   0.000152739087       0.1338  CACACACACAGCC
   114      1    -9.8367943941   0.000053448371       0.0468  CACACATACAAAA
   115      1   -16.0603840722   0.000000105941       0.0001  CACACATATACCG
   116      1   -20.3744947076   0.000000001417       0.0000  CACCCTTTCTTAA
   117      1   -11.9583724521   0.000006405379       0.0056  CACGCACGCGCTC
   118      1   -15.2536291372   0.000000237374       0.0002  CACTCACTCTGTA
   119      1   -17.1801432054   0.000000034575       0.0000  CACTCCCACTGCC
   120      1   -12.7425866684   0.000002923916       0.0026  CATACATATATAA
   121      1   -16.3432870180   0.000000079836       0.0001  CATACATTTATTT
   122      1   -17.3920641669   0.000000027972       0.0000  CATACGCACAGTG
   123      1   -12.8204721810   0.000002704828       0.0024  CATATACATATTT
   124      1   -11.3690506221   0.000011547396       0.0101  CATATATATAATT
   125      1   -19.9628123445   0.000000002139       0.0000  CATATATTTCTAT
   126      1   -20.1286428333   0.000000001812       0.0000  CCACGCACGCAGT
   127      1   -19.4017078665   0.000000003749       0.0000  CCCACACACCAGG
   128      1   -11.6784810597   0.000008474227       0.0074  CCCCCCACCCTTT
   129      1    -8.5685352410   0.000189990737       0.1664  CCCCCCCCCCACA
   130      5    -5.8039432348   0.003015639893       2.6417  CCCCCCCCCCACC
   131      1   -10.7073086862   0.000022380765       0.0196  CCCCCCCCCCAGG
   132      1    -6.8413866686   0.001068620549       0.9361  CCCCCCCCCCCAC
   133      1    -8.6141725615   0.000181514946       0.1590  CCCCCCCCCCCAT
   134     45    -3.9754830352   0.018770232622      16.4427  CCCCCCCCCCCCC
   135      1    -6.9153145014   0.000992469277       0.8694  CCCCCCCCCCCCG
   136      1    -9.7821435605   0.000056450661       0.0495  CCCCCCCCCCCGG
   137      1    -5.7892980432   0.003060129501       2.6807  CCCCCCCCCCCTC
   138      1   -10.4127816882   0.000030045980       0.0263  CCCCCCCCCCGAT
   139      2    -5.9021128488   0.002733662896       2.3947  CCCCCCCCCCGCC
   140      1   -10.0912062100   0.000041442393       0.0363  CCCCCCCCCCGGG
   141      5    -4.9216173143   0.007287335399       6.3837  CCCCCCCCCCTCC
   142      2    -6.6247760414   0.001327077608       1.1625  CCCCCCCCCCTCT
   143      1    -7.4889602669   0.000559224102       0.4899  CCCCCCCCCCTTT
   144      1    -8.9103122137   0.000134989682       0.1183  CCCCCCCCCTTCC
   145      1   -16.8723885134   0.000000047034       0.0000  CCCCCCCTCTGGT
   146      1   -18.4901573505   0.000000009329       0.0000  CCCCCCCTTTACG
   147      1    -7.0479019185   0.000869230762       0.7614  CCCCCCTCCCCCC
   148      1   -12.7631503598   0.000002864404       0.0025  CCCCCTCTCTTTT
   149      1   -12.8542280017   0.000002615048       0.0023  CCCCCTTCCCTTC
   150      1   -14.0993647817   0.000000752876       0.0007  CCCCCTTCCTCCC
   151      2    -9.7800976399   0.000056566273       0.0496  CCCCTCCCCCTTC
   152      1   -14.5154485673   0.000000496616       0.0004  CCCCTCCCCTTTT
   153      1   -20.5436912586   0.000000001197       0.0000  CCCCTCCTTTGTC
   154      1   -13.0293823204   0.000002194882       0.0019  CCCCTCTCCCCTT
   155      1   -12.7631206158   0.000002864489       0.0025  CCCCTCTCTCCTC
   156      1   -14.6324886628   0.000000441765       0.0004  CCCCTCTTCCCTC
   157      1   -15.4751630090   0.000000190205       0.0002  CCCGCCCGCCCCG
   158      1   -16.8682928280   0.000000047227       0.0000  CCCGCTCTTGCCC
   159      1   -10.2829349184   0.000034211972       0.0300  CCCTCCCCCCCCG
   160      1    -8.2892377353   0.000251205875       0.2201  CCCTCCCCCCTCC
   161      1   -11.0734592630   0.000015518786       0.0136  CCCTCCCCCTTCT
   162      1   -12.4391169592   0.000003960592       0.0035  CCCTCCCTCTGTT
   163      1   -12.4052448552   0.000004097044       0.0036  CCCTCCTTCTCCT
   164      1   -10.1920892992   0.000037465528       0.0328  CCCTCTCTCTTCT
   165      1   -17.3906050950   0.000000028013       0.0000  CCCTTTCTCCTCT
   166      1   -20.1514675345   0.000000001771       0.0000  CCGACGCGCGCCA
   167      1   -19.9508802490   0.000000002165       0.0000  CCGCTTCCCCTAT
   168      1   -19.1623129440   0.000000004763       0.0000  CCTACTTATAATT
   169      1   -11.2213991260   0.000013384689       0.0117  CCTCCCCCCCTGC
   170      1   -10.0483603322   0.000043256617       0.0379  CCTCCCCCCCTTC
   171      1   -12.2106210810   0.000004977309       0.0044  CCTCCCCCTCACA
   172      1   -19.6247274215   0.000000003000       0.0000  CCTCCTCATCGGC
   173      1   -19.3540133405   0.000000003932       0.0000  CCTCGTCTCCCTC
   174      1    -8.2641243569   0.000257594386       0.2257  CCTCTCTCTCTCC
   175      1   -13.7605602048   0.000001056488       0.0009  CCTCTCTCTTTTC
   176      1   -21.0346748322   0.000000000732       0.0000  CCTCTGTGTCCGG
   177      1   -19.1369761511   0.000000004886       0.0000  CCTGCCTCACCCT
   178      1   -13.8114695967   0.000001004049       0.0009  CCTTCCCTTTTCT
   179      1   -14.6062892494   0.000000453492       0.0004  CCTTCCTTTTTTC
   180      1   -11.2338006584   0.000013219723       0.0116  CCTTCTCTCTCCC
   181      1   -12.3782886508   0.000004208987       0.0037  CCTTCTCTCTTTT
   182      1   -14.9838032186   0.000000310897       0.0003  CCTTCTCTTTACT
   183      1   -13.6591917586   0.000001169199       0.0010  CCTTTCTCTTTCT
   184      2   -11.9908367987   0.000006200772       0.0054  CCTTTTTTTTTTC
   185      1   -15.0262393371   0.000000297980       0.0003  CGAAAAAAAACGA
   186      1   -19.4690535698   0.000000003505       0.0000  CGACGCACACATC
   187      1   -18.7917790442   0.000000006900       0.0000  CGAGAACGAGAAG
   188      1   -19.5567758326   0.000000003211       0.0000  CGCATGTACAAAC
   189      1   -13.3216707073   0.000001638596       0.0014  CGCCCCCCCCGTT
   190      1    -8.9402247658   0.000131011590       0.1148  CGCGCGCGCGAGA
   191      1   -10.2063572700   0.000036934766       0.0324  CGCGCGCGCGATC
   192      1    -9.7906091842   0.000055974788       0.0490  CGCGCGCGCGCCA
   193      2    -6.9879092522   0.000922974222       0.8085  CGCGCGCGCGCCC
   194      1    -8.7502499898   0.000158421716       0.1388  CGCGCGCGCGCGG
   195      1    -9.4261118408   0.000080591946       0.0706  CGCGCGCGCGCTT
   196      1    -8.9024257407   0.000136058483       0.1192  CGCGCGCGCGGCC
   197      1    -9.3472821530   0.000087202099       0.0764  CGCGCGCGCGGGC
   198      1    -9.7427761653   0.000058717299       0.0514  CGCGCGCGCGTAC
   199      1   -13.8276616050   0.000000987922       0.0009  CGCGCGCGTGACT
   200      1   -12.7058083076   0.000003033455       0.0027  CGCGCGCTCGGGA
   201      1   -16.3958677394   0.000000075747       0.0001  CGGGCGTGCGCCT
   202      1    -8.0595196296   0.000316078604       0.2769  CGGGGGGGGGGGG
   203      1   -16.6977325656   0.000000056010       0.0000  CGTATGTATAAAC
   204      1   -19.0658387482   0.000000005246       0.0000  CGTGTACGTGGTC
   205      1   -19.1202476958   0.000000004968       0.0000  CGTGTAGGTGTGC
   206      1   -25.1338941218   0.000000000012       0.0000  CGTTGGACTTAAA
   207      1   -12.5084762296   0.000003695199       0.0032  CTATCTCTATGCC
   208      1   -17.2023385573   0.000000033816       0.0000  CTCACATACAGAT
   209      1   -11.9893152188   0.000006210214       0.0054  CTCCCCCCCCGGC
   210      1   -11.8136232574   0.000007403015       0.0065  CTCCCTCTCTATC
   211      1   -16.8130018093   0.000000049912       0.0000  CTCCCTTTCTAAC
   212      1   -10.7773505000   0.000020866814       0.0183  CTCTCCCTCTTCT
   213      1   -14.1539898169   0.000000712854       0.0006  CTCTCCCTTTTCT
   214      1   -14.1359804836   0.000000725808       0.0006  CTCTCTACCTCTT
   215      1   -14.2025683360   0.000000679052       0.0006  CTCTCTCCCCGCC
   216      1    -9.5740645327   0.000069508290       0.0609  CTCTCTCTCTATA
   217      1    -6.8999369627   0.001007848959       0.8829  CTCTCTCTCTTTC
   218      1    -8.3969857826   0.000225546146       0.1976  CTCTCTCTCTTTG
   219      1    -5.5509199009   0.003883882813       3.4023  CTCTCTCTCTTTT
   220      1   -11.8853745326   0.000006890447       0.0060  CTCTCTCTTTTGT
   221      1    -8.6191146069   0.000180620104       0.1582  CTCTCTTTCTTTT
   222      1   -17.4794469857   0.000000025631       0.0000  CTCTTGTTTTTGT
   223      1   -15.8180182814   0.000000134996       0.0001  CTCTTTTCCTTCC
   224      1   -18.5792872863   0.000000008533       0.0000  CTGTCCTTCTGTT
   225      1   -14.7050579013   0.000000410842       0.0004  CTTCCTTTTTTTC
   226      1   -11.1871958485   0.000013850408       0.0121  CTTTCTTTTTATT
   227      1    -9.2905467408   0.000092292586       0.0808  CTTTCTTTTTTTT
   228      1   -14.5654679047   0.000000472387       0.0004  CTTTTCTTTTATA
   229      1   -12.5915373204   0.000003400673       0.0030  CTTTTTCTTTTCC
   230      1   -13.0301365051   0.000002193227       0.0019  CTTTTTTCTTTCC
   231      2    -8.4044226488   0.000223875011       0.1961  CTTTTTTTTTATT
   232      3    -6.3644700861   0.001721653546       1.5082  GAAAAAAAAAAAA
   233      1   -12.4677322225   0.000003848865       0.0034  GAAAAGAGAAAAA
   234      1    -8.6982425423   0.000166878836       0.1462  GAAAGAGAGAAAA
   235      1   -19.2862963752   0.000000004208       0.0000  GAAGAAATAGATT
   236      1   -16.2083374624   0.000000091371       0.0001  GAAGAAGAGAAAG
   237      1   -21.1372513553   0.000000000661       0.0000  GACAGAGGTACCG
   238      1   -19.7558289503   0.000000002631       0.0000  GACTCTCCCTGTG
   239      1    -9.1067850762   0.000110910712       0.0972  GAGAAAGAGAGAG
   240      1   -13.4627660048   0.000001422968       0.0012  GAGAGAGAAATCG
   241      1   -13.6370857311   0.000001195333       0.0010  GAGAGAGAAATGC
   242      4    -5.3786427967   0.004614079927       4.0419  GAGAGAGAGAAAA
   243      2    -6.5429920081   0.001440173037       1.2616  GAGAGAGAGAAAG
   244      1    -8.1158000089   0.000298780906       0.2617  GAGAGAGAGAAAT
   245      1   -10.2581231517   0.000035071450       0.0307  GAGAGAGAGAATT
   246      1    -7.6371266656   0.000482212020       0.4224  GAGAGAGAGACGG
   247      1    -6.2188305390   0.001991572923       1.7446  GAGAGAGAGAGAA
   248      3    -6.0550378061   0.002346013425       2.0551  GAGAGAGAGAGAG
   249      3    -5.4087678929   0.004477153147       3.9220  GAGAGAGAGAGGG
   250      1    -7.7740957499   0.000420487523       0.3683  GAGAGAGAGATAG
   251      1   -10.3012933332   0.000033589625       0.0294  GAGAGAGAGATCA
   252      1   -14.3394910791   0.000000592159       0.0005  GAGAGAGATATGT
   253      1   -10.3773161098   0.000031130699       0.0273  GAGAGGGAGATAA
   254      1   -10.8981947075   0.000018491587       0.0162  GAGAGGGAGATAG
   255      1   -18.8169690036   0.000000006728       0.0000  GAGAGGTAAAAAT
   256      1   -20.9355362452   0.000000000809       0.0000  GAGCGTACACTGG
   257      1    -8.7030462166   0.000166079127       0.1455  GAGGGAGGGGGGG
   258      1   -15.2174769713   0.000000246113       0.0002  GATATAAATATAA
   259      1   -19.0136397480   0.000000005527       0.0000  GATATATGCAATA
   260      1   -17.0281080673   0.000000040252       0.0000  GATGTATATGCAG
   261      1   -24.3773760813   0.000000000026       0.0000  GATTCCCCTTTGC
   262      1   -17.3059181530   0.000000030488       0.0000  GCAAGCGCGCTTC
   263      1   -15.8752639108   0.000000127485       0.0001  GCACACATACGGT
   264      1   -17.7337207285   0.000000019877       0.0000  GCACATGCACTGG
   265      1   -11.9485965478   0.000006468304       0.0057  GCACGCGCGCTTT
   266      1   -16.3483258871   0.000000079435       0.0001  GCACTCTCACGCC
   267      1   -24.4091447258   0.000000000025       0.0000  GCAGACAGGCTCG
   268      1   -29.0925580792   0.000000000000       0.0000  GCGACCGTAGAGC
   269      1   -10.0504190900   0.000043167654       0.0378  GCGAGAGAGAAAA
   270      1   -16.5266161377   0.000000066463       0.0001  GCGAGCAAGACCT
   271      1   -16.7793626395   0.000000051620       0.0000  GCGCACATACTCC
   272      1   -16.3787642138   0.000000077054       0.0001  GCGCACATGCTCC
   273      1   -10.2281940626   0.000036136972       0.0317  GCGCGCGCGCATT
   274      1    -9.9178600223   0.000049286516       0.0432  GCGCGCGCGCCGC
   275      1    -9.1232904651   0.000109095112       0.0956  GCGCGCGCGCCGG
   276      1    -7.9645933695   0.000347553006       0.3045  GCGCGCGCGCGCG
   277      1   -10.2238568517   0.000036294046       0.0318  GCGCGCGCGCGTC
   278      1    -8.7988334738   0.000150909012       0.1322  GCGCGCGCGCGTG
   279      1    -8.9814490274   0.000125720543       0.1101  GCGCGCGCGCTCT
   280      1    -8.6285576694   0.000178922525       0.1567  GCGCGCGCGCTTT
   281      1   -13.6041669953   0.000001235337       0.0011  GCGCGCGTGCCAA
   282      1   -21.0066222643   0.000000000753       0.0000  GCGCGTAAGCGAT
   283      1   -16.1609835168   0.000000095802       0.0001  GCGCGTGTGTGGT
   284      1   -15.4349437141   0.000000198011       0.0002  GCGCGTGTGTTCC
   285      1   -17.1266733713   0.000000036474       0.0000  GCGTGCATGCTCC
   286      1   -17.1141214463   0.000000036934       0.0000  GCGTGCGTGCAAT
   287      1   -14.8998363109   0.000000338130       0.0003  GCGTGCGTGCTGG
   288      1   -16.5601229070   0.000000064273       0.0001  GCGTGGGCGTGCG
   289      1   -19.7065942543   0.000000002764       0.0000  GCGTGTGAGCACA
   290      1   -24.9589727288   0.000000000014       0.0000  GCTCGGAAACAAA
   291      1    -9.5887076786   0.000068497886       0.0600  GGAAAAAAAAAAA
   292      1   -11.6906162378   0.000008372013       0.0073  GGAAAAAAAAGAG
   293      1   -11.2152677053   0.000013467008       0.0118  GGAAAGAGAGAGG
   294      1   -18.1369426164   0.000000013281       0.0000  GGAAGGAGAGACT
   295      1   -17.4031013708   0.000000027665       0.0000  GGACATAGAGAAA
   296      1   -24.6104059706   0.000000000021       0.0000  GGAGACGAGAAGC
   297      1    -6.9390958855   0.000969145420       0.8490  GGAGAGAGAGGGG
   298      1   -16.5857177078   0.000000062649       0.0001  GGAGAGGGGGCAT
   299      1   -19.8565963368   0.000000002379       0.0000  GGAGGGAAGAAGT
   300      1   -10.6432140951   0.000023862220       0.0209  GGAGGGAGAGAAG
   301      1   -15.4084553225   0.000000203326       0.0002  GGAGGGGAGACGG
   302      1   -11.6203017133   0.000008981877       0.0079  GGAGGGGAGGGGA
   303      1    -8.1922213191   0.000276798343       0.2425  GGAGGGGGAGAGG
   304      1    -8.6960593851   0.000167243557       0.1465  GGAGGGGGGGGGA
   305      1    -6.9000679730   0.001007716929       0.8828  GGAGGGGGGGGGG
   306      1   -19.6725228416   0.000000002860       0.0000  GGCAGGGGGACTT
   307      1   -16.4172147076   0.000000074147       0.0001  GGGAAAGAGGAAG
   308      1   -15.7685071692   0.000000141848       0.0001  GGGAAGGAGAAAC
   309      1    -8.4119294804   0.000222200711       0.1946  GGGAGAGAGAAGG
   310      1    -9.3264088055   0.000089041429       0.0780  GGGAGAGAGATGG
   311      1    -7.1335100194   0.000797913774       0.6990  GGGAGGGAGAGGG
   312      1   -10.6108633433   0.000024646803       0.0216  GGGAGGGAGGAGG
   313      1   -17.8763120589   0.000000017235       0.0000  GGGCGGAGGGATT
   314      1   -17.0728674912   0.000000038490       0.0000  GGGCGTGCGCATC
   315      1   -22.5103706316   0.000000000167       0.0000  GGGGAGACTGAAT
   316      1   -14.7313685991   0.000000400173       0.0004  GGGGAGGGAGTAA
   317      1    -6.6443774943   0.001301318244       1.1400  GGGGGAGGGGGGG
   318      1    -9.2447334221   0.000096619167       0.0846  GGGGGGGAGGAAG
   319      1   -10.5361316810   0.000026559271       0.0233  GGGGGGGAGGCAG
   320      1    -8.3879982282   0.000227582391       0.1994  GGGGGGGAGGTGG
   321      1    -6.2314151952   0.001966666709       1.7228  GGGGGGGGGGAGA
   322      1    -7.7638536195   0.000424816342       0.3721  GGGGGGGGGGAGC
   323     15    -4.5585889889   0.010476831445       9.1777  GGGGGGGGGGAGG
   324      1    -8.8761630701   0.000139679078       0.1224  GGGGGGGGGGATA
   325      1   -10.4711326145   0.000028342939       0.0248  GGGGGGGGGGCAC
   326      4    -5.8214239724   0.002963382364       2.5959  GGGGGGGGGGCGG
   327      1    -6.9414994953   0.000966818769       0.8469  GGGGGGGGGGGAA
   328      1    -8.5816102822   0.000187522770       0.1643  GGGGGGGGGGGCA
   329      1    -6.8291561569   0.001081770577       0.9476  GGGGGGGGGGGCG
   330      1    -5.3759583868   0.004626482648       4.0528  GGGGGGGGGGGGA
   331     81    -3.5799571388   0.027876893066      24.4202  GGGGGGGGGGGGG
   332      1    -8.2239294399   0.000268159276       0.2349  GGGGGGGGGGGTA
   333      1    -8.4861862161   0.000206298540       0.1807  GGGGGGGGGGTAA
   334      3    -7.2223117042   0.000730112662       0.6396  GGGGGGGGGGTGA
   335      4    -5.4637431301   0.004237663893       3.7122  GGGGGGGGGGTGG
   336      2    -9.3100957292   0.000090505881       0.0793  GGGGGGGGGGTTT
   337      1   -28.0789363914   0.000000000001       0.0000  GGGTCGTGTAGAT
   338      1   -14.6424039791   0.000000437406       0.0004  GGGTGAGTGTATG
   339      1   -20.1502986072   0.000000001774       0.0000  GGGTGTGCGCACT
   340      1   -11.6653479888   0.000008586254       0.0075  GGTGGGGGTGGCG
   341      1   -22.4263531236   0.000000000182       0.0000  GGTGGGTACGTCT
   342      1   -20.3857939875   0.000000001401       0.0000  GTAGGTGAGGCCT
   343      1   -22.2531837669   0.000000000217       0.0000  GTATACGGGTTGG
   344      1   -15.3900611228   0.000000207101       0.0002  GTATGCATATCTT
   345      1   -16.2793100212   0.000000085111       0.0001  GTATGTGTCTCGG
   346      1   -15.1372834073   0.000000266662       0.0002  GTCTATTTCTTTT
   347      1   -17.5460445393   0.000000023980       0.0000  GTGAGAAAAATAA
   348      1   -21.2258679770   0.000000000605       0.0000  GTGCGTATTTAGT
   349      1   -13.9998981059   0.000000831613       0.0007  GTGGATGTGTTTT
   350      1   -12.9411675778   0.000002397300       0.0021  GTGGGTGTGTTGG
   351      1   -18.0602770211   0.000000014339       0.0000  GTGTAAATGTGGA
   352      1   -16.5658092206   0.000000063909       0.0001  GTGTATGCGTTCG
   353      1   -16.4935584830   0.000000068697       0.0001  GTGTGCGTGCAGA
   354      1   -10.8742733672   0.000018939263       0.0166  GTGTGCGTGTAGG
   355      1   -16.3106567022   0.000000082484       0.0001  GTGTGTGCATGGC
   356      1   -10.8024360597   0.000020349869       0.0178  GTGTGTGTATAGG
   357      1   -15.2231051765   0.000000244731       0.0002  GTGTGTGTCTCGT
   358      1    -9.6320200460   0.000065594412       0.0575  GTGTGTGTGTACG
   359      2    -8.8675849644   0.000140882413       0.1234  GTGTGTGTGTATA
   360      1    -8.0982050016   0.000304084480       0.2664  GTGTGTGTGTATT
   361      1   -11.0284757671   0.000016232815       0.0142  GTGTGTGTGTCAC
   362      2    -8.7063403578   0.000165532939       0.1450  GTGTGTGTGTCGG
   363      1    -6.4756418034   0.001540509916       1.3495  GTGTGTGTGTGGG
   364      2    -8.3393271655   0.000238933051       0.2093  GTGTGTGTGTTGG
   365      1    -8.6266045562   0.000179272322       0.1570  GTGTGTGTGTTTG
   366      1    -6.3497335113   0.001747212687       1.5306  GTGTGTGTGTTTT
   367      1   -18.1552047048   0.000000013041       0.0000  GTTCGCGTTCTTT
   368      1   -20.5966804541   0.000000001135       0.0000  GTTTCTCCCTACG
   369      1   -13.0058246494   0.000002247202       0.0020  GTTTGTGTGTTCT
   370      1    -7.4614351154   0.000574830631       0.5036  TAAAAAAAAAAAA
   371      1   -13.9441530793   0.000000879288       0.0008  TAAAAAAAAAGCT
   372      1   -11.6278203183   0.000008914599       0.0078  TACACACACAACC
   373      1   -15.2972960748   0.000000227232       0.0002  TACACATACAACA
   374      1   -17.5758934002   0.000000023275       0.0000  TACGCGCGTGGGA
   375      1   -17.6481399471   0.000000021653       0.0000  TACTTTGTTTTCT
   376      1   -12.7291311467   0.000002963525       0.0026  TATATACATAAAC
   377      1    -6.3257515993   0.001789620667       1.5677  TATATATATAAAA
   378      1    -8.4701110934   0.000209641612       0.1836  TATATATATAAAT
   379      1    -9.7375317871   0.000059026044       0.0517  TATATATATAAGT
   380      1    -9.0678889470   0.000115309707       0.1010  TATATATATAATA
   381      1    -8.6740746849   0.000170961071       0.1498  TATATATATACCC
   382      1    -9.1934611794   0.000101702245       0.0891  TATATATATACCT
   383      1    -7.1703145459   0.000769080782       0.6737  TATATATATATAT
   384      1    -9.1628415099   0.000104864501       0.0919  TATATATATATCC
   385      1    -8.1884596729   0.000277841522       0.2434  TATATATATATGT
   386      1    -6.1613523272   0.002109398745       1.8478  TATATATATATTT
   387      1   -11.6318912441   0.000008878382       0.0078  TATATGTATAAAT
   388      1   -12.2280149340   0.000004891483       0.0043  TATATGTATAATA
   389      1   -15.8906149888   0.000000125543       0.0001  TATATGTGTAGTG
   390      1   -21.7423590082   0.000000000361       0.0000  TATGCGCATGATC
   391      1   -27.7178972999   0.000000000001       0.0000  TCAACGACGCATT
   392      1    -9.2395739117   0.000097118963       0.0851  TCCCCCCCCCTCT
   393      1   -14.3202279705   0.000000603676       0.0005  TCCCCCCCTCATT
   394      1   -15.7187392156   0.000000149086       0.0001  TCCCCCTTCCCTT
   395      1   -11.3765165248   0.000011461505       0.0100  TCCCTCTCCCTTC
   396      1   -16.1025532311   0.000000101566       0.0001  TCCTCCTTCCCCC
   397      1   -18.5873896289   0.000000008464       0.0000  TCTACCTTTACTC
   398      1   -15.3053752878   0.000000225403       0.0002  TCTCCCCCTCGGC
   399      1    -9.1602892046   0.000105132489       0.0921  TCTCCCTCTCCCC
   400      1   -10.8774909473   0.000018878423       0.0165  TCTCTCCCTCCTC
   401      1   -11.6042505447   0.000009127210       0.0080  TCTCTCCCTCGCT
   402      1   -11.0697294286   0.000015576777       0.0136  TCTCTCTCCCTTC
   403      1    -8.6420923912   0.000176517173       0.1546  TCTCTCTCTCCCG
   404      1    -7.0475928779   0.000869499432       0.7617  TCTCTCTCTCCCT
   405      1    -6.5336236164   0.001453728539       1.2735  TCTCTCTCTCTCC
   406      1    -7.3325170152   0.000653925573       0.5728  TCTCTCTCTCTTC
   407      5    -5.4849635554   0.004148686274       3.6342  TCTCTCTCTCTTT
   408      1   -14.1199241516   0.000000737556       0.0006  TCTCTCTTCCCTC
   409      1   -14.4513671210   0.000000529482       0.0005  TCTCTCTTTTACT
   410      1   -15.9057006762   0.000000123664       0.0001  TCTCTTCTTCTCC
   411      1   -11.4192251681   0.000010982306       0.0096  TCTTTCTTTTTAT
   412      1   -19.3312786811   0.000000004023       0.0000  TCTTTTTACTATG
   413      1   -10.6314157043   0.000024145423       0.0212  TCTTTTTTTTACT
   414      1    -9.6560385992   0.000064037699       0.0561  TCTTTTTTTTTGT
   415      1   -16.9776161232   0.000000042337       0.0000  TGCCCCCCTCTCT
   416      1   -10.4319402748   0.000029475820       0.0258  TGCGCGCGCGAGG
   417      1   -18.0105273904   0.000000015070       0.0000  TGGGGGTGTGTGC
   418      1   -19.8991554341   0.000000002280       0.0000  TGTACCTATAGCT
   419      1   -19.3033614543   0.000000004137       0.0000  TGTAGGGGTGTGA
   420      1   -12.1686856204   0.000005190474       0.0045  TGTATATATATAG
   421      1   -12.3492962631   0.000004332801       0.0038  TGTATATATATGA
   422      1   -14.6056400603   0.000000453786       0.0004  TGTATGTACATGT
   423      1   -21.8612387917   0.000000000320       0.0000  TGTCCCTCTTAAC
   424      1   -12.5231283003   0.000003641451       0.0032  TGTGTGTATATTT
   425      1    -9.3146270680   0.000090096696       0.0789  TGTGTGTGTGCCT
   426      2    -6.5310091731   0.001457534203       1.2768  TGTGTGTGTGGGG
   427      2    -8.2986609954   0.000248849815       0.2180  TGTGTGTGTGGTT
   428      1    -8.0267985493   0.000326592106       0.2861  TGTGTGTGTGTGG
   429      1    -6.2825242403   0.001868677644       1.6370  TGTGTGTGTGTTT
   430      1   -12.3011921670   0.000004546321       0.0040  TGTGTTTGTGATT
   431      1   -20.6670736255   0.000000001058       0.0000  TGTTTCTATGGGT
   432      1   -10.0429572630   0.000043490968       0.0381  TTATTTTTATGTT
   433      1   -14.2774390345   0.000000630067       0.0006  TTCTCTCCCTGCT
   434      1    -9.8709230445   0.000051655027       0.0452  TTCTCTCTCTTAT
   435      1    -9.0948292712   0.000112244697       0.0983  TTCTCTCTCTTCT
   436      1   -12.7021591342   0.000003044545       0.0027  TTCTCTTTCTCCT
   437      1   -11.7719227786   0.000007718251       0.0068  TTCTCTTTCTTCT
   438      1   -12.5041467911   0.000003711232       0.0033  TTCTTCTTTTTCT
   439      1    -9.4181048287   0.000081239837       0.0712  TTCTTTTTCTTCT
   440      1   -12.7487726889   0.000002905885       0.0025  TTGTGTGTGTCGG
   441      1    -7.6626165491   0.000470075824       0.4118  TTTATTTTTTTTT
   442      1   -11.6297171866   0.000008897705       0.0078  TTTCTCTCTCCTA
   443      1   -10.9863486078   0.000016931266       0.0148  TTTCTTTTTCTGT
   444      1   -12.8117455448   0.000002728535       0.0024  TTTGTTTTTTTCA
   445      1   -10.9894035780   0.000016879620       0.0148  TTTTCTCTTTCTT
   446      1   -10.6569278042   0.000023537214       0.0206  TTTTCTTTTTTCC
   447      1   -10.8991184643   0.000018474513       0.0162  TTTTTCTTTCTTT
   448      1    -9.6124982048   0.000066887517       0.0586  TTTTTCTTTTTGT
   449      1   -11.8492565471   0.000007143865       0.0063  TTTTTTCCTTATT
   450      1   -13.9339422148   0.000000888313       0.0008  TTTTTTTATTGAA
   451      1   -16.7994024359   0.000000050596       0.0000  TTTTTTTGTACGT
   452      8    -5.0969201408   0.006115552632       5.3572  TTTTTTTTTTATT
   453      1    -9.2933578166   0.000092033509       0.0806  TTTTTTTTTTCCA
   454      1   -10.2896198715   0.000033984029       0.0298  TTTTTTTTTTCGA
   455      1    -7.5698359857   0.000515777036       0.4518  TTTTTTTTTTCGT
   456      2    -6.6012464868   0.001358673413       1.1902  TTTTTTTTTTCTC
   457      5    -4.5708668839   0.010348984459       9.0657  TTTTTTTTTTCTT
   458      1    -9.2638248011   0.000094792070       0.0830  TTTTTTTTTTGGG
   459      1    -6.0668696115   0.002318419416       2.0309  TTTTTTTTTTTAT
   460      1    -7.2418365036   0.000715995623       0.6272  TTTTTTTTTTTCC
   461      1    -8.3080411635   0.000246526476       0.2160  TTTTTTTTTTTCG
   462      4    -6.1650392255   0.002101635925       1.8410  TTTTTTTTTTTGT
   463      1    -6.0466120708   0.002365863823       2.0725  TTTTTTTTTTTTA
   464      1    -5.3583641252   0.004708602495       4.1247  TTTTTTTTTTTTC
   465    101    -3.1589109901   0.042471968299      37.2054  TTTTTTTTTTTTT

 2

     1     78    -3.3370177226   0.035542798303      31.1355  AAAAAAAAAAAAA
     2      5    -6.5798677510   0.001388032849       1.2159  AAAAAAAAAAAAC
     3      2    -5.2430375314   0.005284181566       4.6289  AAAAAAAAAAAAG
     4      2    -6.5995426584   0.001360990333       1.1922  AAAAAAAAAAACA
     5      2    -9.6423683325   0.000064919122       0.0569  AAAAAAAAAAACC
     6      1    -5.2480877027   0.005257562815       4.6056  AAAAAAAAAAAGA
     7      1    -8.4454964677   0.000214865895       0.1882  AAAAAAAAAAAGC
     8      1    -6.8764294938   0.001031821601       0.9039  AAAAAAAAAAAGG
     9      1    -8.0878156254   0.000307260196       0.2692  AAAAAAAAAAAGT
    10      1    -6.2418618161   0.001946228628       1.7049  AAAAAAAAAAATA
    11      1    -8.9672681607   0.000127516070       0.1117  AAAAAAAAAAATT
    12      4    -5.6126838473   0.003651256780       3.1985  AAAAAAAAAACAA
    13      2    -8.7146509165   0.000164162968       0.1438  AAAAAAAAAACAC
    14      2    -7.4794436947   0.000564571402       0.4946  AAAAAAAAAACAG
    15      1    -8.4401997214   0.000216007005       0.1892  AAAAAAAAAACAT
    16      2    -9.7156196523   0.000060333705       0.0529  AAAAAAAAAACCC
    17      1    -7.5107942128   0.000547146365       0.4793  AAAAAAAAAACGA
    18      1    -8.5065929355   0.000202131328       0.1771  AAAAAAAAAACTA
    19     11    -4.4475383914   0.011707350443      10.2556  AAAAAAAAAAGAA
    20      1    -7.6661003999   0.000468440999       0.4104  AAAAAAAAAAGAC
    21      2    -6.2124899601   0.002004240766       1.7557  AAAAAAAAAAGAG
    22      1    -7.3084195577   0.000669874915       0.5868  AAAAAAAAAAGAT
    23      1    -9.2120404832   0.000099830133       0.0875  AAAAAAAAAAGCG
    24      1   -10.4058140762   0.000030256060       0.0265  AAAAAAAAAAGCT
    25      2    -6.3101004649   0.001817850600       1.5924  AAAAAAAAAAGGA
    26      1    -9.8461525019   0.000052950529       0.0464  AAAAAAAAAAGTT
    27      5    -5.2550030050   0.005221330602       4.5739  AAAAAAAAAATAA
    28      1    -7.1217628525   0.000807342271       0.7072  AAAAAAAAAATAG
    29      1    -8.0235965343   0.000327639534       0.2870  AAAAAAAAAATAT
    30      1   -10.3750108591   0.000031202546       0.0273  AAAAAAAAAATCC
    31      1    -7.1531133705   0.000782424309       0.6854  AAAAAAAAAATGA
    32      1    -8.1394434527   0.000291799553       0.2556  AAAAAAAAAATTA
    33      1    -7.9025469005   0.000369800495       0.3239  AAAAAAAAGAGAA
    34      1   -10.1859482935   0.000037696312       0.0330  AAAAAACAAACAA
    35      1   -13.1825466894   0.000001883184       0.0016  AAAAAATAAAATT
    36      1   -18.8453926695   0.000000006540       0.0000  AAAAAGAACACCT
    37      1   -14.2048318902   0.000000677517       0.0006  AAAACAAAAAACC
    38      1    -6.4968652036   0.001508159564       1.3211  AAAAGAAAAAAAA
    39      1    -8.4073294242   0.000223225201       0.1955  AAAAGAAAAAAGA
    40      1   -11.4415918565   0.000010739394       0.0094  AAAAGAAGAATAA
    41      1   -11.1307986320   0.000014653979       0.0128  AAAAGAGAAAAAG
    42      1   -11.3708599391   0.000011526522       0.0101  AAAATAAAAATGA
    43      1    -9.5531918210   0.000070974364       0.0622  AAAGAAAGAAAAA
    44      1   -13.6397480803   0.000001192155       0.0010  AAAGGGAGAGTGA
    45      2    -7.0861372596   0.000836622789       0.7329  AAGAAAAAGAAAA
    46      1   -13.1600428435   0.000001926043       0.0017  AAGAAAGAAAGGG
    47      1   -10.7314800990   0.000021846276       0.0191  AAGAAAGAGAGGA
    48      1   -12.8287156750   0.000002682623       0.0023  AAGAGAAAAAGGA
    49      1    -6.8185005879   0.001093359090       0.9578  AAGAGAGAGAAAA
    50      2    -8.5171557144   0.000200007496       0.1752  AAGAGAGAGAAAG
    51      1   -16.7150063858   0.000000055051       0.0000  AATATAGATATAC
    52      1    -8.0105745980   0.000331933936       0.2908  ACAAAAAAAAAAA
    53      1   -10.2857420611   0.000034116069       0.0299  ACAAAAAAAACAA
    54      1   -18.7464646199   0.000000007220       0.0000  ACAACAAGAAACA
    55      2    -6.6982360570   0.001233085077       1.0802  ACACACACACAAA
    56      1   -10.6909263086   0.000022750435       0.0199  ACACACACACCGG
    57      1    -8.5045581673   0.000202543037       0.1774  ACACACACACTTT
    58      1   -17.6366022966   0.000000021904       0.0000  ACACACGCATGAT
    59      1   -21.6381425293   0.000000000401       0.0000  ACACCAACAAACA
    60      1   -15.8049411637   0.000000136773       0.0001  ACATGTATATAAC
    61      1   -13.6552504396   0.000001173816       0.0010  ACGCGCGCGCCAT
    62      1   -10.3859776634   0.000030862223       0.0270  ACTCTCTCTCTCT
    63      1   -21.8683625872   0.000000000318       0.0000  ACTTGAGTTTAGG
    64      1    -6.5628033140   0.001411922096       1.2368  AGAAAAAAAAAAA
    65      1    -9.8029837935   0.000055286390       0.0484  AGAAAAAAAAAAC
    66      1    -8.4506360220   0.000213764413       0.1873  AGAAAAAAAAAAG
    67      1    -9.5782701322   0.000069216580       0.0606  AGAAAAAAAAAGG
    68      1   -15.2174233748   0.000000246126       0.0002  AGAAAAGAAATTT
    69      1   -10.2239435530   0.000036290899       0.0318  AGAAAGAAAAAAG
    70      1   -12.9262877118   0.000002433238       0.0021  AGAAAGAAGAAGA
    71      1   -16.9616701324   0.000000043017       0.0000  AGAAAGAAGACAT
    72      1    -9.6892982390   0.000061942858       0.0543  AGAAAGAGAAAAA
    73      1   -12.5189471509   0.000003656708       0.0032  AGAAGAGAAAAAA
    74      1    -9.9885738169   0.000045921653       0.0402  AGAGAGAGAAAGA
    75      2    -5.3193642463   0.004895865301       4.2888  AGAGAGAGAGAAA
    76      1    -8.7693678247   0.000155421803       0.1361  AGAGAGAGAGAGC
    77      1    -6.3761232695   0.001701707246       1.4907  AGAGAGAGAGGAA
    78      3    -7.0032207929   0.000908949707       0.7962  AGAGAGAGAGGAG
    79      1    -9.1308855689   0.000108269662       0.0948  AGAGAGAGAGGCA
    80      1    -5.4630100915   0.004240771404       3.7149  AGAGAGAGAGGGG
    81      1   -10.3443663768   0.000032173534       0.0282  AGAGAGAGAGTCG
    82      2    -7.7700508491   0.000422191798       0.3698  AGAGAGAGAGTGA
    83      3    -7.2664091762   0.000698616102       0.6120  AGAGAGAGAGTGG
    84      1    -8.6128739558   0.000181750815       0.1592  AGAGAGGGAGGGG
    85      1   -10.3808444297   0.000031021054       0.0272  AGAGGGAGAGTAA
    86      1    -9.6142629228   0.000066769583       0.0585  AGGGAGAGAGAGG
    87      1   -13.3799175995   0.000001545879       0.0014  AGGGAGGGAGTGG
    88      1   -11.6630245291   0.000008606227       0.0075  AGGGGAGGGGAAA
    89      1    -8.7462436700   0.000159057677       0.1393  AGGGGGGGGGCGG
    90      1   -12.2741045276   0.000004671153       0.0041  ATAAAAAAAAATG
    91      1   -11.1043755997   0.000015046343       0.0132  ATAGAAAAAAAAA
    92      1   -10.7977203216   0.000020446061       0.0179  ATATACATATGAA
    93      1   -17.4584793027   0.000000026175       0.0000  ATATATACACAGC
    94      1    -8.1630411292   0.000284994371       0.2497  ATATATATATTAA
    95      1    -9.6272458081   0.000065908324       0.0577  ATATATATATTGA
    96      1   -12.3516091424   0.000004322792       0.0038  ATATATATGTCTC
    97      1   -18.2386486611   0.000000011997       0.0000  ATATGCGTATTCC
    98      1   -10.3736088500   0.000031246323       0.0274  ATATTTATATTTT
    99      1   -21.8532276874   0.000000000323       0.0000  ATCCGAACACTTT
   100      1    -9.3634426682   0.000085804194       0.0752  ATCTCTCTCTTTT
   101      1   -25.9274188851   0.000000000005       0.0000  ATGTTATCGTGCG
   102      1   -10.0790270976   0.000041950211       0.0367  CAAAAAAAAACAA
   103      1   -15.6955277091   0.000000152587       0.0001  CAAATATATATCT
   104      1   -14.5827649089   0.000000464286       0.0004  CAAGAGAGAGATA
   105      1   -14.3045392905   0.000000613222       0.0005  CACACACAAACAG
   106      2    -6.7649628155   0.001153490385       1.0105  CACACACACAAAA
   107      1    -9.1188048323   0.000109585572       0.0960  CACACACACAAAC
   108      1    -8.6836062103   0.000169339292       0.1483  CACACACACAACC
   109      1    -9.3963753825   0.000083024453       0.0727  CACACACACAAGG
   110      1    -7.8204702924   0.000401432848       0.3517  CACACACACACAC
   111      1    -9.6053970033   0.000067364189       0.0590  CACACACACACCA
   112      1    -7.8218253588   0.000400889248       0.3512  CACACACACAGAA
   113      1    -8.7867851799   0.000152738205       0.1338  CACACACACAGCC
   114      1    -9.8367952331   0.000053448326       0.0468  CACACATACAAAA
   115      1   -16.0604107275   0.000000105938       0.0001  CACACATATACCG
   116      1   -20.3745181817   0.000000001417       0.0000  CACCCTTTCTTAA
   117      1   -11.9583764073   0.000006405354       0.0056  CACGCACGCGCTC
   118      1   -15.2536354600   0.000000237372       0.0002  CACTCACTCTGTA
   119      1   -17.1801488707   0.000000034575       0.0000  CACTCCCACTGCC
   120      1   -12.7425868270   0.000002923916       0.0026  CATACATATATAA
   121      1   -16.3432948358   0.000000079836       0.0001  CATACATTTATTT
   122      1   -17.3920816386   0.000000027971       0.0000  CATACGCACAGTG
   123      1   -12.8204823905   0.000002704801       0.0024  CATATACATATTT
   124      1   -11.3690563314   0.000011547330       0.0101  CATATATATAATT
   125      1   -19.9628164144   0.000000002139       0.0000  CATATATTTCTAT
   126      1   -20.1286835660   0.000000001812       0.0000  CCACGCACGCAGT
   127      1   -19.4017330396   0.000000003749       0.0000  CCCACACACCAGG
   128      1   -11.6784836386   0.000008474206       0.0074  CCCCCCACCCTTT
   129      1    -8.5685290252   0.000189991918       0.1664  CCCCCCCCCCACA
   130      5    -5.8039393496   0.003015651609       2.6417  CCCCCCCCCCACC
   131      1   -10.7073075978   0.000022380789       0.0196  CCCCCCCCCCAGG
   132      1    -6.8413798344   0.001068627852       0.9361  CCCCCCCCCCCAC
   133      1    -8.6141618983   0.000181516881       0.1590  CCCCCCCCCCCAT
   134     45    -3.9754755772   0.018770372611      16.4428  CCCCCCCCCCCCC
   135      1    -6.9153059588   0.000992477755       0.8694  CCCCCCCCCCCCG
   136      1    -9.7821351884   0.000056451133       0.0495  CCCCCCCCCCCGG
   137      1    -5.7892882586   0.003060159444       2.6807  CCCCCCCCCCCTC
   138      1   -10.4127748811   0.000030046184       0.0263  CCCCCCCCCCGAT
   139      2    -5.9021089636   0.002733673517       2.3947  CCCCCCCCCCGCC
   140      1   -10.0912076300   0.000041442334       0.0363  CCCCCCCCCCGGG
   141      5    -4.9216104143   0.007287385682       6.3837  CCCCCCCCCCTCC
   142      2    -6.6247641578   0.001327093379       1.1625  CCCCCCCCCCTCT
   143      1    -7.4889524967   0.000559228447       0.4899  CCCCCCCCCCTTT
   144      1    -8.9103271818   0.000134987661       0.1182  CCCCCCCCCTTCC
   145      1   -16.8724004912   0.000000047034       0.0000  CCCCCCCTCTGGT
   146      1   -18.4901895286   0.000000009329       0.0000  CCCCCCCTTTACG
   147      1    -7.0479016328   0.000869231011       0.7614  CCCCCCTCCCCCC
   148      1   -12.7631505952   0.000002864403       0.0025  CCCCCTCTCTTTT
   149      1   -12.8542380955   0.000002615022       0.0023  CCCCCTTCCCTTC
   150      1   -14.0993983054   0.000000752851       0.0007  CCCCCTTCCTCCC
   151      2    -9.7800953977   0.000056566399       0.0496  CCCCTCCCCCTTC
   152      1   -14.5154697449   0.000000496606       0.0004  CCCCTCCCCTTTT
   153      1   -20.5437301742   0.000000001197       0.0000  CCCCTCCTTTGTC
   154      1   -13.0293917748   0.000002194861       0.0019  CCCCTCTCCCCTT
   155      1   -12.7631566714   0.000002864386       0.0025  CCCCTCTCTCCTC
   156      1   -14.6324965038   0.000000441761       0.0004  CCCCTCTTCCCTC
   157      1   -15.4751703678   0.000000190204       0.0002  CCCGCCCGCCCCG
   158      1   -16.8683172188   0.000000047226       0.0000  CCCGCTCTTGCCC
   159      1   -10.2829362672   0.000034211926       0.0300  CCCTCCCCCCCCG
   160      1    -8.2892407267   0.000251205124       0.2201  CCCTCCCCCCTCC
   161      1   -11.0734423588   0.000015519048       0.0136  CCCTCCCCCTTCT
   162      1   -12.4391191366   0.000003960584       0.0035  CCCTCCCTCTGTT
   163      1   -12.4052504473   0.000004097021       0.0036  CCCTCCTTCTCCT
   164      1   -10.1920885946   0.000037465554       0.0328  CCCTCTCTCTTCT
   165      1   -17.3906299684   0.000000028012       0.0000  CCCTTTCTCCTCT
   166      1   -20.1515057669   0.000000001771       0.0000  CCGACGCGCGCCA
   167      1   -19.9509045630   0.000000002165       0.0000  CCGCTTCCCCTAT
   168      1   -19.1623328317   0.000000004763       0.0000  CCTACTTATAATT
   169      1   -11.2214048696   0.000013384612       0.0117  CCTCCCCCCCTGC
   170      1   -10.0483632075   0.000043256493       0.0379  CCTCCCCCCCTTC
   171      1   -12.2106321910   0.000004977254       0.0044  CCTCCCCCTCACA
   172      1   -19.6247519947   0.000000003000       0.0000  CCTCCTCATCGGC
   173      1   -19.3540323246   0.000000003932       0.0000  CCTCGTCTCCCTC
   174      1    -8.2641502011   0.000257587729       0.2256  CCTCTCTCTCTCC
   175      1   -13.7605980799   0.000001056448       0.0009  CCTCTCTCTTTTC
   176      1   -21.0346994160   0.000000000732       0.0000  CCTCTGTGTCCGG
   177      1   -19.1370155359   0.000000004885       0.0000  CCTGCCTCACCCT
   178      1   -13.8114846877   0.000001004034       0.0009  CCTTCCCTTTTCT
   179      1   -14.6063035318   0.000000453485       0.0004  CCTTCCTTTTTTC
   180      1   -11.2338215588   0.000013219447       0.0116  CCTTCTCTCTCCC
   181      1   -12.3782909213   0.000004208977       0.0037  CCTTCTCTCTTTT
   182      1   -14.9838260142   0.000000310890       0.0003  CCTTCTCTTTACT
   183      1   -13.6591834385   0.000001169209       0.0010  CCTTTCTCTTTCT
   184      2   -11.9908337803   0.000006200790       0.0054  CCTTTTTTTTTTC
   185      1   -15.0262363720   0.000000297981       0.0003  CGAAAAAAAACGA
   186      1   -19.4690962019   0.000000003505       0.0000  CGACGCACACATC
   187      1   -18.7917970410   0.000000006900       0.0000  CGAGAACGAGAAG
   188      1   -19.5567975755   0.000000003211       0.0000  CGCATGTACAAAC
   189      1   -13.3216669155   0.000001638602       0.0014  CGCCCCCCCCGTT
   190      1    -8.9402090814   0.000131013645       0.1148  CGCGCGCGCGAGA
   191      1   -10.2063549623   0.000036934852       0.0324  CGCGCGCGCGATC
   192      1    -9.7906093532   0.000055974778       0.0490  CGCGCGCGCGCCA
   193      2    -6.9879113953   0.000922972244       0.8085  CGCGCGCGCGCCC
   194      1    -8.7502276740   0.000158425252       0.1388  CGCGCGCGCGCGG
   195      1    -9.4261028250   0.000080592672       0.0706  CGCGCGCGCGCTT
   196      1    -8.9024313135   0.000136057725       0.1192  CGCGCGCGCGGCC
   197      1    -9.3472684945   0.000087203290       0.0764  CGCGCGCGCGGGC
   198      1    -9.7427627362   0.000058718088       0.0514  CGCGCGCGCGTAC
   199      1   -13.8276817797   0.000000987903       0.0009  CGCGCGCGTGACT
   200      1   -12.7057953327   0.000003033494       0.0027  CGCGCGCTCGGGA
   201      1   -16.3958881688   0.000000075745       0.0001  CGGGCGTGCGCCT
   202      1    -8.0595130263   0.000316080691       0.2769  CGGGGGGGGGGGG
   203      1   -16.6977561163   0.000000056009       0.0000  CGTATGTATAAAC
   204      1   -19.0658740287   0.000000005246       0.0000  CGTGTACGTGGTC
   205      1   -19.1202691783   0.000000004968       0.0000  CGTGTAGGTGTGC
   206      1   -25.1339283928   0.000000000012       0.0000  CGTTGGACTTAAA
   207      1   -12.5084980571   0.000003695118       0.0032  CTATCTCTATGCC
   208      1   -17.2023384164   0.000000033816       0.0000  CTCACATACAGAT
   209      1   -11.9893115336   0.000006210237       0.0054  CTCCCCCCCCGGC
   210      1   -11.8136175478   0.000007403057       0.0065  CTCCCTCTCTATC
   211      1   -16.8130147176   0.000000049911       0.0000  CTCCCTTTCTAAC
   212      1   -10.7773525101   0.000020866772       0.0183  CTCTCCCTCTTCT
   213      1   -14.1540112979   0.000000712838       0.0006  CTCTCCCTTTTCT
   214      1   -14.1359677222   0.000000725817       0.0006  CTCTCTACCTCTT
   215      1   -14.2025876586   0.000000679039       0.0006  CTCTCTCCCCGCC
   216      1    -9.5740497523   0.000069509317       0.0609  CTCTCTCTCTATA
   217      1    -6.8999201804   0.001007865873       0.8829  CTCTCTCTCTTTC
   218      1    -8.3969737387   0.000225548862       0.1976  CTCTCTCTCTTTG
   219      1    -5.5509100156   0.003883921206       3.4023  CTCTCTCTCTTTT
   220      1   -11.8853850514   0.000006890375       0.0060  CTCTCTCTTTTGT
   221      1    -8.6191119588   0.000180620582       0.1582  CTCTCTTTCTTTT
   222      1   -17.4794681707   0.000000025631       0.0000  CTCTTGTTTTTGT
   223      1   -15.8180325713   0.000000134994       0.0001  CTCTTTTCCTTCC
   224      1   -18.5793129353   0.000000008533       0.0000  CTGTCCTTCTGTT
   225      1   -14.7050639801   0.000000410839       0.0004  CTTCCTTTTTTTC
   226      1   -11.1871986737   0.000013850369       0.0121  CTTTCTTTTTATT
   227      1    -9.2905472965   0.000092292535       0.0808  CTTTCTTTTTTTT
   228      1   -14.5654759798   0.000000472383       0.0004  CTTTTCTTTTATA
   229      1   -12.5915617306   0.000003400590       0.0030  CTTTTTCTTTTCC
   230      1   -13.0301510680   0.000002193195       0.0019  CTTTTTTCTTTCC
   231      2    -8.4044189967   0.000223875829       0.1961  CTTTTTTTTTATT
   232      3    -6.3644629017   0.001721665915       1.5082  GAAAAAAAAAAAA
   233      1   -12.4677327660   0.000003848863       0.0034  GAAAAGAGAAAAA
   234      1    -8.6982452489   0.000166878384       0.1462  GAAAGAGAGAAAA
   235      1   -19.2862968425   0.000000004208       0.0000  GAAGAAATAGATT
   236      1   -16.2083522659   0.000000091370       0.0001  GAAGAAGAGAAAG
   237      1   -21.1372787294   0.000000000661       0.0000  GACAGAGGTACCG
   238      1   -19.7558504212   0.000000002631       0.0000  GACTCTCCCTGTG
   239      1    -9.1067725868   0.000110912097       0.0972  GAGAAAGAGAGAG
   240      1   -13.4627811560   0.000001422946       0.0012  GAGAGAGAAATCG
   241      1   -13.6371028216   0.000001195313       0.0010  GAGAGAGAAATGC
   242      4    -5.3786334061   0.004614123256       4.0420  GAGAGAGAGAAAA
   243      2    -6.5429759553   0.001440196156       1.2616  GAGAGAGAGAAAG
   244      1    -8.1157882911   0.000298784407       0.2617  GAGAGAGAGAAAT
   245      1   -10.2581171130   0.000035071662       0.0307  GAGAGAGAGAATT
   246      1    -7.6371279531   0.000482211399       0.4224  GAGAGAGAGACGG
   247      1    -6.2188138209   0.001991606218       1.7446  GAGAGAGAGAGAA
   248      3    -6.0550183208   0.002346059139       2.0551  GAGAGAGAGAGAG
   249      3    -5.4087659082   0.004477162032       3.9220  GAGAGAGAGAGGG
   250      1    -7.7740807937   0.000420493812       0.3684  GAGAGAGAGATAG
   251      1   -10.3012865128   0.000033589854       0.0294  GAGAGAGAGATCA
   252      1   -14.3395106095   0.000000592147       0.0005  GAGAGAGATATGT
   253      1   -10.3773195878   0.000031130591       0.0273  GAGAGGGAGATAA
   254      1   -10.8981920447   0.000018491636       0.0162  GAGAGGGAGATAG
   255      1   -18.8169992106   0.000000006728       0.0000  GAGAGGTAAAAAT
   256      1   -20.9355892366   0.000000000809       0.0000  GAGCGTACACTGG
   257      1    -8.7030524839   0.000166078086       0.1455  GAGGGAGGGGGGG
   258      1   -15.2175029497   0.000000246106       0.0002  GATATAAATATAA
   259      1   -19.0136781787   0.000000005527       0.0000  GATATATGCAATA
   260      1   -17.0281246521   0.000000040251       0.0000  GATGTATATGCAG
   261      1   -24.3773857444   0.000000000026       0.0000  GATTCCCCTTTGC
   262      1   -17.3059347815   0.000000030488       0.0000  GCAAGCGCGCTTC
   263      1   -15.8752870510   0.000000127482       0.0001  GCACACATACGGT
   264      1   -17.7337697735   0.000000019876       0.0000  GCACATGCACTGG
   265      1   -11.9486062264   0.000006468242       0.0057  GCACGCGCGCTTT
   266      1   -16.3483485114   0.000000079433       0.0001  GCACTCTCACGCC
   267      1   -24.4091849066   0.000000000025       0.0000  GCAGACAGGCTCG
   268      1   -29.0926044713   0.000000000000       0.0000  GCGACCGTAGAGC
   269      1   -10.0504116621   0.000043167975       0.0378  GCGAGAGAGAAAA
   270      1   -16.5266251555   0.000000066463       0.0001  GCGAGCAAGACCT
   271      1   -16.7793767421   0.000000051619       0.0000  GCGCACATACTCC
   272      1   -16.3787736645   0.000000077053       0.0001  GCGCACATGCTCC
   273      1   -10.2281853441   0.000036137287       0.0317  GCGCGCGCGCATT
   274      1    -9.9178553787   0.000049286745       0.0432  GCGCGCGCGCCGC
   275      1    -9.1232957508   0.000109094536       0.0956  GCGCGCGCGCCGG
   276      1    -7.9645708396   0.000347560836       0.3045  GCGCGCGCGCGCG
   277      1   -10.2238369348   0.000036294769       0.0318  GCGCGCGCGCGTC
   278      1    -8.7988195553   0.000150911112       0.1322  GCGCGCGCGCGTG
   279      1    -8.9814326120   0.000125722607       0.1101  GCGCGCGCGCTCT
   280      1    -8.6285552594   0.000178922956       0.1567  GCGCGCGCGCTTT
   281      1   -13.6041615746   0.000001235343       0.0011  GCGCGCGTGCCAA
   282      1   -21.0066303548   0.000000000753       0.0000  GCGCGTAAGCGAT
   283      1   -16.1609965436   0.000000095801       0.0001  GCGCGTGTGTGGT
   284      1   -15.4349608930   0.000000198008       0.0002  GCGCGTGTGTTCC
   285      1   -17.1266825307   0.000000036473       0.0000  GCGTGCATGCTCC
   286      1   -17.1141266279   0.000000036934       0.0000  GCGTGCGTGCAAT
   287      1   -14.8998516792   0.000000338124       0.0003  GCGTGCGTGCTGG
   288      1   -16.5601129188   0.000000064274       0.0001  GCGTGGGCGTGCG
   289      1   -19.7065938232   0.000000002764       0.0000  GCGTGTGAGCACA
   290      1   -24.9590102577   0.000000000014       0.0000  GCTCGGAAACAAA
   291      1    -9.5887003441   0.000068498388       0.0600  GGAAAAAAAAAAA
   292      1   -11.6906286009   0.000008371909       0.0073  GGAAAAAAAAGAG
   293      1   -11.2153006306   0.000013466565       0.0118  GGAAAGAGAGAGG
   294      1   -18.1369587760   0.000000013281       0.0000  GGAAGGAGAGACT
   295      1   -17.4031282828   0.000000027664       0.0000  GGACATAGAGAAA
   296      1   -24.6104530282   0.000000000021       0.0000  GGAGACGAGAAGC
   297      1    -6.9391223369   0.000969119785       0.8489  GGAGAGAGAGGGG
   298      1   -16.5857307092   0.000000062648       0.0001  GGAGAGGGGGCAT
   299      1   -19.8566283742   0.000000002379       0.0000  GGAGGGAAGAAGT
   300      1   -10.6432194587   0.000023862092       0.0209  GGAGGGAGAGAAG
   301      1   -15.4084824190   0.000000203320       0.0002  GGAGGGGAGACGG
   302      1   -11.6202986337   0.000008981904       0.0079  GGAGGGGAGGGGA
   303      1    -8.1922319569   0.000276795399       0.2425  GGAGGGGGAGAGG
   304      1    -8.6960607402   0.000167243330       0.1465  GGAGGGGGGGGGA
   305      1    -6.9000731472   0.001007711715       0.8828  GGAGGGGGGGGGG
   306      1   -19.6725325344   0.000000002860       0.0000  GGCAGGGGGACTT
   307      1   -16.4172346398   0.000000074146       0.0001  GGGAAAGAGGAAG
   308      1   -15.7685148350   0.000000141847       0.0001  GGGAAGGAGAAAC
   309      1    -8.4119378043   0.000222198862       0.1946  GGGAGAGAGAAGG
   310      1    -9.3264203372   0.000089040402       0.0780  GGGAGAGAGATGG
   311      1    -7.1335127599   0.000797911587       0.6990  GGGAGGGAGAGGG
   312      1   -10.6108676273   0.000024646698       0.0216  GGGAGGGAGGAGG
   313      1   -17.8763265627   0.000000017235       0.0000  GGGCGGAGGGATT
   314      1   -17.0728707363   0.000000038490       0.0000  GGGCGTGCGCATC
   315      1   -22.5104043878   0.000000000167       0.0000  GGGGAGACTGAAT
   316      1   -14.7313888963   0.000000400165       0.0004  GGGGAGGGAGTAA
   317      1    -6.6443827157   0.001301311449       1.1399  GGGGGAGGGGGGG
   318      1    -9.2447202546   0.000096620439       0.0846  GGGGGGGAGGAAG
   319      1   -10.5361213975   0.000026559544       0.0233  GGGGGGGAGGCAG
   320      1    -8.3879903102   0.000227584193       0.1994  GGGGGGGAGGTGG
   321      1    -6.2314036378   0.001966689439       1.7228  GGGGGGGGGGAGA
   322      1    -7.7638457165   0.000424819699       0.3721  GGGGGGGGGGAGC
   323     15    -4.5585825155   0.010476899265       9.1778  GGGGGGGGGGAGG
   324      1    -8.8761537409   0.000139680381       0.1224  GGGGGGGGGGATA
   325      1   -10.4711246700   0.000028343164       0.0248  GGGGGGGGGGCAC
   326      4    -5.8214204890   0.002963392687       2.5959  GGGGGGGGGGCGG
   327      1    -6.9414872275   0.000966830630       0.8469  GGGGGGGGGGGAA
   328      1    -8.5816001322   0.000187524673       0.1643  GGGGGGGGGGGCA
   329      1    -6.8291498071   0.001081777446       0.9476  GGGGGGGGGGGCG
   330      1    -5.3759476548   0.004626532300       4.0528  GGGGGGGGGGGGA
   331     81    -3.5799502259   0.027877085777      24.4203  GGGGGGGGGGGGG
   332      1    -8.2239192900   0.000268161998       0.2349  GGGGGGGGGGGTA
   333      1    -8.4861797177   0.000206299880       0.1807  GGGGGGGGGGTAA
   334      3    -7.2223039896   0.000730118295       0.6396  GGGGGGGGGGTGA
   335      4    -5.4637396468   0.004237678655       3.7122  GGGGGGGGGGTGG
   336      2    -9.3100973745   0.000090505732       0.0793  GGGGGGGGGGTTT
   337      1   -28.0790048481   0.000000000001       0.0000  GGGTCGTGTAGAT
   338      1   -14.6424210715   0.000000437399       0.0004  GGGTGAGTGTATG
   339      1   -20.1503097134   0.000000001774       0.0000  GGGTGTGCGCACT
   340      1   -11.6653618070   0.000008586135       0.0075  GGTGGGGGTGGCG
   341      1   -22.4263767705   0.000000000182       0.0000  GGTGGGTACGTCT
   342      1   -20.3858050918   0.000000001401       0.0000  GTAGGTGAGGCCT
   343      1   -22.2532196231   0.000000000217       0.0000  GTATACGGGTTGG
   344      1   -15.3900790414   0.000000207097       0.0002  GTATGCATATCTT
   345      1   -16.2793520597   0.000000085107       0.0001  GTATGTGTCTCGG
   346      1   -15.1373053179   0.000000266656       0.0002  GTCTATTTCTTTT
   347      1   -17.5460632989   0.000000023980       0.0000  GTGAGAAAAATAA
   348      1   -21.2259059734   0.000000000605       0.0000  GTGCGTATTTAGT
   349      1   -13.9999119321   0.000000831602       0.0007  GTGGATGTGTTTT
   350      1   -12.9411863709   0.000002397255       0.0021  GTGGGTGTGTTGG
   351      1   -18.0603122026   0.000000014339       0.0000  GTGTAAATGTGGA
   352      1   -16.5658025683   0.000000063909       0.0001  GTGTATGCGTTCG
   353      1   -16.4935860600   0.000000068695       0.0001  GTGTGCGTGCAGA
   354      1   -10.8742882432   0.000018938982       0.0166  GTGTGCGTGTAGG
   355      1   -16.3106720345   0.000000082483       0.0001  GTGTGTGCATGGC
   356      1   -10.8024584225   0.000020349414       0.0178  GTGTGTGTATAGG
   357      1   -15.2231246317   0.000000244726       0.0002  GTGTGTGTCTCGT
   358      1    -9.6320070322   0.000065595266       0.0575  GTGTGTGTGTACG
   359      2    -8.8675628217   0.000140885533       0.1234  GTGTGTGTGTATA
   360      1    -8.0981933908   0.000304088010       0.2664  GTGTGTGTGTATT
   361      1   -11.0284698026   0.000016232911       0.0142  GTGTGTGTGTCAC
   362      2    -8.7063462205   0.000165531968       0.1450  GTGTGTGTGTCGG
   363      1    -6.4756443665   0.001540505967       1.3495  GTGTGTGTGTGGG
   364      2    -8.3393329241   0.000238931675       0.2093  GTGTGTGTGTTGG
   365      1    -8.6265920529   0.000179274564       0.1570  GTGTGTGTGTTTG
   366      1    -6.3497273343   0.001747223479       1.5306  GTGTGTGTGTTTT
   367      1   -18.1552270626   0.000000013040       0.0000  GTTCGCGTTCTTT
   368      1   -20.5967021250   0.000000001135       0.0000  GTTTCTCCCTACG
   369      1   -13.0058314700   0.000002247187       0.0020  GTTTGTGTGTTCT
   370      1    -7.4614289249   0.000574834189       0.5036  TAAAAAAAAAAAA
   371      1   -13.9441694134   0.000000879274       0.0008  TAAAAAAAAAGCT
   372      1   -11.6278249701   0.000008914557       0.0078  TACACACACAACC
   373      1   -15.2973117892   0.000000227228       0.0002  TACACATACAACA
   374      1   -17.5759169242   0.000000023274       0.0000  TACGCGCGTGGGA
   375      1   -17.6481556494   0.000000021652       0.0000  TACTTTGTTTTCT
   376      1   -12.7291284053   0.000002963533       0.0026  TATATACATAAAC
   377      1    -6.3257462287   0.001789630279       1.5677  TATATATATAAAA
   378      1    -8.4700989999   0.000209644148       0.1836  TATATATATAAAT
   379      1    -9.7375230252   0.000059026561       0.0517  TATATATATAAGT
   380      1    -9.0678856516   0.000115310087       0.1010  TATATATATAATA
   381      1    -8.6740755697   0.000170960919       0.1498  TATATATATACCC
   382      1    -9.1934573481   0.000101702635       0.0891  TATATATATACCT
   383      1    -7.1702938279   0.000769096716       0.6737  TATATATATATAT
   384      1    -9.1628352387   0.000104865158       0.0919  TATATATATATCC
   385      1    -8.1884464766   0.000277845188       0.2434  TATATATATATGT
   386      1    -6.1613547567   0.002109393620       1.8478  TATATATATATTT
   387      1   -11.6318912437   0.000008878382       0.0078  TATATGTATAAAT
   388      1   -12.2280237048   0.000004891441       0.0043  TATATGTATAATA
   389      1   -15.8906150360   0.000000125543       0.0001  TATATGTGTAGTG
   390      1   -21.7423800907   0.000000000361       0.0000  TATGCGCATGATC
   391      1   -27.7179807920   0.000000000001       0.0000  TCAACGACGCATT
   392      1    -9.2395702951   0.000097119314       0.0851  TCCCCCCCCCTCT
   393      1   -14.3202693427   0.000000603651       0.0005  TCCCCCCCTCATT
   394      1   -15.7187486526   0.000000149085       0.0001  TCCCCCTTCCCTT
   395      1   -11.3765236696   0.000011461423       0.0100  TCCCTCTCCCTTC
   396      1   -16.1025617524   0.000000101566       0.0001  TCCTCCTTCCCCC
   397      1   -18.5873883886   0.000000008464       0.0000  TCTACCTTTACTC
   398      1   -15.3053876946   0.000000225400       0.0002  TCTCCCCCTCGGC
   399      1    -9.1602876672   0.000105132650       0.0921  TCTCCCTCTCCCC
   400      1   -10.8774885293   0.000018878468       0.0165  TCTCTCCCTCCTC
   401      1   -11.6042416577   0.000009127291       0.0080  TCTCTCCCTCGCT
   402      1   -11.0697395106   0.000015576620       0.0136  TCTCTCTCCCTTC
   403      1    -8.6420813875   0.000176519115       0.1546  TCTCTCTCTCCCG
   404      1    -7.0475769279   0.000869513300       0.7617  TCTCTCTCTCCCT
   405      1    -6.5336074386   0.001453752058       1.2735  TCTCTCTCTCTCC
   406      1    -7.3325077673   0.000653931621       0.5728  TCTCTCTCTCTTC
   407      5    -5.4849612521   0.004148695829       3.6343  TCTCTCTCTCTTT
   408      1   -14.1199293500   0.000000737552       0.0006  TCTCTCTTCCCTC
   409      1   -14.4513697626   0.000000529480       0.0005  TCTCTCTTTTACT
   410      1   -15.9056992842   0.000000123664       0.0001  TCTCTTCTTCTCC
   411      1   -11.4192276311   0.000010982278       0.0096  TCTTTCTTTTTAT
   412      1   -19.3312914611   0.000000004023       0.0000  TCTTTTTACTATG
   413      1   -10.6314109748   0.000024145538       0.0212  TCTTTTTTTTACT
   414      1    -9.6560325462   0.000064038087       0.0561  TCTTTTTTTTTGT
   415      1   -16.9776345525   0.000000042336       0.0000  TGCCCCCCTCTCT
   416      1   -10.4319463438   0.000029475642       0.0258  TGCGCGCGCGAGG
   417      1   -18.0105287682   0.000000015070       0.0000  TGGGGGTGTGTGC
   418      1   -19.8991728317   0.000000002280       0.0000  TGTACCTATAGCT
   419      1   -19.3033823094   0.000000004137       0.0000  TGTAGGGGTGTGA
   420      1   -12.1686656585   0.000005190577       0.0045  TGTATATATATAG
   421      1   -12.3492818144   0.000004332864       0.0038  TGTATATATATGA
   422      1   -14.6056480644   0.000000453782       0.0004  TGTATGTACATGT
   423      1   -21.8612658607   0.000000000320       0.0000  TGTCCCTCTTAAC
   424      1   -12.5231491338   0.000003641375       0.0032  TGTGTGTATATTT
   425      1    -9.3146231009   0.000090097053       0.0789  TGTGTGTGTGCCT
   426      2    -6.5310038076   0.001457542023       1.2768  TGTGTGTGTGGGG
   427      2    -8.2986665537   0.000248848432       0.2180  TGTGTGTGTGGTT
   428      1    -8.0267797361   0.000326598250       0.2861  TGTGTGTGTGTGG
   429      1    -6.2825265340   0.001868673358       1.6370  TGTGTGTGTGTTT
   430      1   -12.3012120721   0.000004546231       0.0040  TGTGTTTGTGATT
   431      1   -20.6670868304   0.000000001058       0.0000  TGTTTCTATGGGT
   432      1   -10.0429739793   0.000043490241       0.0381  TTATTTTTATGTT
   433      1   -14.2774543201   0.000000630058       0.0006  TTCTCTCCCTGCT
   434      1    -9.8709489051   0.000051653691       0.0452  TTCTCTCTCTTAT
   435      1    -9.0948500289   0.000112242368       0.0983  TTCTCTCTCTTCT
   436      1   -12.7021733565   0.000003044502       0.0027  TTCTCTTTCTCCT
   437      1   -11.7719461818   0.000007718070       0.0068  TTCTCTTTCTTCT
   438      1   -12.5041617979   0.000003711176       0.0033  TTCTTCTTTTTCT
   439      1    -9.4181124344   0.000081239219       0.0712  TTCTTTTTCTTCT
   440      1   -12.7487812304   0.000002905860       0.0025  TTGTGTGTGTCGG
   441      1    -7.6626230791   0.000470072754       0.4118  TTTATTTTTTTTT
   442      1   -11.6297216849   0.000008897665       0.0078  TTTCTCTCTCCTA
   443      1   -10.9863371682   0.000016931459       0.0148  TTTCTTTTTCTGT
   444      1   -12.8117487885   0.000002728527       0.0024  TTTGTTTTTTTCA
   445      1   -10.9894227052   0.000016879297       0.0148  TTTTCTCTTTCTT
   446      1   -10.6569237070   0.000023537311       0.0206  TTTTCTTTTTTCC
   447      1   -10.8991448785   0.000018474025       0.0162  TTTTTCTTTCTTT
   448      1    -9.6125043937   0.000066887103       0.0586  TTTTTCTTTTTGT
   449      1   -11.8492562652   0.000007143867       0.0063  TTTTTTCCTTATT
   450      1   -13.9339409111   0.000000888314       0.0008  TTTTTTTATTGAA
   451      1   -16.7994209054   0.000000050595       0.0000  TTTTTTTGTACGT
   452      8    -5.0969171210   0.006115571100       5.3572  TTTTTTTTTTATT
   453      1    -9.2933502443   0.000092034206       0.0806  TTTTTTTTTTCCA
   454      1   -10.2896134866   0.000033984246       0.0298  TTTTTTTTTTCGA
   455      1    -7.5698306020   0.000515779813       0.4518  TTTTTTTTTTCGT
   456      2    -6.6012350790   0.001358688913       1.1902  TTTTTTTTTTCTC
   457      5    -4.5708608145   0.010349047273       9.0658  TTTTTTTTTTCTT
   458      1    -9.2638278265   0.000094791783       0.0830  TTTTTTTTTTGGG
   459      1    -6.0668637845   0.002318432926       2.0309  TTTTTTTTTTTAT
   460      1    -7.2418251998   0.000716003717       0.6272  TTTTTTTTTTTCC
   461      1    -8.3080313733   0.000246528889       0.2160  TTTTTTTTTTTCG
   462      4    -6.1650333984   0.002101648172       1.8410  TTTTTTTTTTTGT
   463      1    -6.0466046186   0.002365881454       2.0725  TTTTTTTTTTTTA
   464      1    -5.3583538955   0.004708650663       4.1248  TTTTTTTTTTTTC
   465    101    -3.1589044863   0.042472244531      37.2057  TTTTTTTTTTTTT