

TREE #  1

  0  0.0000   7476.954224  x:  0.07721   0.00000   0.10545   0.03584   0.01330   0.06605   0.06351   0.05967   0.05171   0.08047   0.09411   0.27471   0.02146   0.11349   0.03150   0.04797   0.05659   0.04374   0.06811   0.07516   0.04849   0.05329   0.17511   0.07116   1.78212  
  1 99.0000   7387.591513  x:  0.12292   0.11264   0.16653   0.03944   0.00380   0.03181   0.04320   0.04190   0.06571   0.06820   0.08021   0.32291   0.12791   0.16702   0.02074   0.03145   0.00000   0.03922   0.02006   0.06948   0.06945   0.05903   0.20200   0.11687   1.79287  
  2 1890.2767   7380.831262  x:  0.12606   0.12038   0.17097   0.03961   0.00410   0.02945   0.04198   0.04088   0.06681   0.06740   0.07913   0.32680   0.13529   0.17107   0.02000   0.03088   0.00564   0.03942   0.01732   0.06945   0.07096   0.05943   0.20399   0.12002   1.79385  
  3 4210.9309   7374.886472  x:  0.12723   0.12424   0.17658   0.03835   0.01856   0.02982   0.04504   0.04421   0.06916   0.06798   0.07690   0.33743   0.13979   0.17841   0.01978   0.03382   0.00541   0.04615   0.02606   0.07146   0.07179   0.05972   0.20688   0.12118   1.79807  
  4 688.3108   7365.935040  x:  0.12216   0.11812   0.18889   0.03135   0.00862   0.03228   0.05489   0.05412   0.07154   0.06327   0.06679   0.37483   0.13770   0.19852   0.02018   0.04211   0.00490   0.05686   0.03001   0.07914   0.06957   0.05897   0.21346   0.11611   1.81553  
  5 441.9140   7355.354956  x:  0.11144   0.10043   0.20318   0.03482   0.01676   0.03171   0.05360   0.05185   0.07234   0.06368   0.06329   0.43188   0.12746   0.22531   0.01894   0.04206   0.00448   0.05333   0.01453   0.08337   0.06507   0.05668   0.22036   0.10539   1.84640  
  6 676.1204   7347.940281  x:  0.10462   0.08594   0.21449   0.04381   0.01383   0.02730   0.04376   0.04132   0.07065   0.06459   0.06492   0.48100   0.12043   0.24623   0.01867   0.03645   0.00463   0.04479   0.02558   0.08007   0.06473   0.05628   0.22453   0.09858   1.87685  
  7 1021.9911   7345.314477  x:  0.10902   0.07952   0.21464   0.04780   0.01271   0.03577   0.04569   0.04570   0.06856   0.06670   0.06793   0.49955   0.12052   0.24754   0.02189   0.03107   0.00511   0.04294   0.02567   0.06968   0.07255   0.06019   0.22090   0.10297   1.89998  
  8 262.8603   7340.649011  x:  0.12451   0.06452   0.20579   0.04637   0.01269   0.02678   0.04647   0.04424   0.06234   0.06683   0.07026   0.52898   0.12269   0.23660   0.01508   0.03549   0.00482   0.04998   0.02336   0.06114   0.08188   0.06049   0.20597   0.11847   1.96135  
  9 314.2910   7334.948572  x:  0.14538   0.05051   0.19214   0.03949   0.01326   0.03275   0.04137   0.03863   0.06835   0.06506   0.07030   0.56148   0.13089   0.21778   0.01868   0.03673   0.00441   0.04523   0.02412   0.07500   0.07861   0.06338   0.18755   0.13933   2.05370  
 10 599.8306   7332.499111  x:  0.14943   0.04889   0.18669   0.04101   0.01309   0.02826   0.04557   0.04577   0.07069   0.06552   0.07283   0.56943   0.13551   0.21027   0.01754   0.02986   0.00470   0.04124   0.02563   0.07793   0.06931   0.05983   0.18590   0.14338   2.10040  
 11 443.9831   7325.834105  x:  0.14214   0.05736   0.17389   0.04797   0.01100   0.02957   0.04630   0.04362   0.07128   0.07017   0.07798   0.57033   0.14814   0.19530   0.03080   0.03876   0.00469   0.04906   0.02421   0.06877   0.05174   0.05254   0.20387   0.13610   2.25433  
 12 421.7235   7314.442646  x:  0.11824   0.07496   0.15467   0.04209   0.01249   0.03539   0.04486   0.04447   0.06880   0.06884   0.06991   0.55701   0.16169   0.17671   0.02226   0.03912   0.00471   0.04342   0.02571   0.07087   0.07030   0.04077   0.24042   0.11219   2.52943  
 13 1121.3890   7310.776425  x:  0.11073   0.08041   0.15246   0.04116   0.01364   0.02870   0.04609   0.04475   0.06649   0.06611   0.06738   0.54736   0.16025   0.17557   0.02509   0.03421   0.00468   0.04558   0.02501   0.07535   0.07578   0.05809   0.24959   0.10468   2.62507  
 14 1022.7076   7307.578577  x:  0.11127   0.08581   0.16263   0.04559   0.01242   0.03444   0.04606   0.04254   0.06847   0.06475   0.06900   0.53095   0.14906   0.18597   0.01061   0.03342   0.00468   0.05009   0.02482   0.07644   0.07170   0.06882   0.24825   0.10523   2.70328  
 15 432.7012   7303.334652  x:  0.11778   0.09262   0.18735   0.04440   0.01311   0.03165   0.04555   0.04762   0.06936   0.06494   0.06830   0.49955   0.12452   0.21214   0.01185   0.04327   0.00438   0.03984   0.02561   0.07433   0.07141   0.06956   0.23724   0.11173   2.81720  
 16 568.3653   7301.340055  x:  0.12092   0.09433   0.20036   0.03997   0.01301   0.03085   0.04510   0.04463   0.06943   0.06582   0.06724   0.48321   0.11229   0.22664   0.01783   0.03482   0.00456   0.04579   0.02504   0.07487   0.07278   0.06145   0.22923   0.11487   2.87057  
 17 546.4764   7301.239522  x:  0.12004   0.09331   0.20141   0.04050   0.01275   0.03091   0.04681   0.04389   0.06898   0.06559   0.07020   0.48185   0.11428   0.22843   0.01823   0.03522   0.00452   0.04590   0.02499   0.07640   0.07383   0.06081   0.22698   0.11399   2.87338  
 18 40.0408   7301.121992  x:  0.11775   0.09042   0.20280   0.03863   0.01269   0.03114   0.04503   0.04521   0.06837   0.06556   0.07247   0.47965   0.11949   0.23143   0.01795   0.03535   0.00453   0.04635   0.02493   0.07619   0.07343   0.06104   0.22231   0.11170   2.87667  
 19 43.2861   7301.079349  x:  0.11681   0.08890   0.20336   0.03776   0.01279   0.03117   0.04602   0.04436   0.06868   0.06593   0.07172   0.47867   0.12192   0.23258   0.01769   0.03527   0.00457   0.04583   0.02504   0.07522   0.07292   0.06138   0.22030   0.11076   2.87787  
 20 41.2040   7301.052655  x:  0.11636   0.08715   0.20394   0.03986   0.01272   0.03100   0.04594   0.04455   0.06945   0.06619   0.06971   0.47775   0.12377   0.23308   0.01783   0.03539   0.00455   0.04608   0.02499   0.07538   0.07327   0.06121   0.21903   0.11032   2.87860  
 21 15.4032   7301.042477  x:  0.11647   0.08634   0.20450   0.04042   0.01289   0.03125   0.04599   0.04451   0.06841   0.06545   0.06901   0.47742   0.12442   0.23305   0.01790   0.03533   0.00456   0.04599   0.02503   0.07547   0.07302   0.06110   0.21911   0.11043   2.87883  
 22  8.0693   7300.957549  x:  0.11813   0.07887   0.21121   0.03977   0.01292   0.03099   0.04585   0.04440   0.06927   0.06528   0.06967   0.47560   0.12706   0.23035   0.01777   0.03515   0.00453   0.04593   0.02497   0.07543   0.07335   0.06131   0.22440   0.11208   2.88029  
 23  5.5878   7300.873548  x:  0.11804   0.07813   0.21390   0.03961   0.01259   0.03117   0.04588   0.04450   0.06741   0.06858   0.06925   0.47601   0.12718   0.22854   0.01755   0.03522   0.00452   0.04590   0.02501   0.07646   0.07325   0.06158   0.22446   0.11199   2.88158  
 24  6.1398   7299.593269  x:  0.11192   0.07712   0.23539   0.04009   0.01338   0.03137   0.04643   0.04490   0.06867   0.06461   0.06848   0.48523   0.12045   0.20842   0.01829   0.03574   0.00462   0.04659   0.02505   0.07479   0.07348   0.06128   0.21435   0.10588   2.90022  
 25 20.4939   7283.003862  x:  0.12517   0.00000   0.22518   0.03972   0.01197   0.03396   0.04927   0.04782   0.06762   0.06502   0.06949   0.53742   0.07619   0.21975   0.01669   0.03912   0.00473   0.04880   0.02486   0.07562   0.06904   0.06255   0.21677   0.11917   3.09357  
 26 41.7484   7280.853328  x:  0.11453   0.00000   0.20268   0.03893   0.01430   0.03545   0.05071   0.04879   0.06636   0.06672   0.07015   0.54001   0.07360   0.20411   0.01954   0.03923   0.00617   0.04973   0.02724   0.07850   0.06615   0.05915   0.22883   0.10860   3.16057  
 27  0.0561   7280.654875  x:  0.11337   0.00903   0.20022   0.03884   0.01456   0.03562   0.05087   0.04890   0.06622   0.06691   0.07022   0.54029   0.07331   0.20240   0.01985   0.03924   0.00633   0.04983   0.02750   0.07881   0.06583   0.05878   0.23015   0.10744   3.16792  
 28 62.6941   7279.997036  x:  0.12084   0.00978   0.19975   0.03872   0.01468   0.03620   0.05152   0.04944   0.06630   0.06698   0.07085   0.54326   0.06326   0.20877   0.01984   0.03992   0.00767   0.05054   0.02815   0.07856   0.06476   0.05824   0.22390   0.11500   3.25634  
 29  0.0710   7279.572140  x:  0.11846   0.01284   0.19239   0.03819   0.01429   0.03560   0.05099   0.04902   0.06698   0.06694   0.07178   0.52974   0.07156   0.21653   0.01960   0.03953   0.00913   0.05024   0.02820   0.07721   0.06566   0.05865   0.21623   0.11265   3.27250  
 30  0.0269   7279.011073  x:  0.11720   0.01101   0.20080   0.03885   0.01311   0.03464   0.05004   0.04832   0.06733   0.06641   0.07137   0.52760   0.06855   0.20918   0.01838   0.03874   0.01205   0.04937   0.02689   0.07496   0.06710   0.06095   0.22727   0.11146   3.27550  
 31  0.0076   7278.790036  x:  0.11894   0.00962   0.19867   0.03881   0.01359   0.03519   0.05058   0.04881   0.06644   0.06665   0.07065   0.53982   0.07144   0.20879   0.01919   0.03847   0.01376   0.04975   0.02643   0.07644   0.06592   0.05959   0.22342   0.11323   3.24134  
 32  0.0220   7278.759142  x:  0.11783   0.00975   0.20069   0.03851   0.01393   0.03513   0.05056   0.04873   0.06679   0.06665   0.07099   0.53573   0.07013   0.21049   0.01928   0.03843   0.01429   0.04981   0.02644   0.07645   0.06600   0.05937   0.22211   0.11212   3.22643  
 33  0.0142   7278.756125  x:  0.11807   0.00986   0.20025   0.03862   0.01398   0.03519   0.05059   0.04874   0.06686   0.06663   0.07096   0.53503   0.07011   0.21035   0.01918   0.03857   0.01443   0.04986   0.02654   0.07630   0.06600   0.05965   0.22310   0.11236   3.22181  
 34  0.0045   7278.756015  x:  0.11808   0.00984   0.20028   0.03863   0.01396   0.03519   0.05059   0.04874   0.06679   0.06663   0.07096   0.53511   0.07010   0.21032   0.01918   0.03856   0.01444   0.04987   0.02661   0.07628   0.06599   0.05964   0.22299   0.11237   3.22134  
 35  0.0004   7278.756011  x:  0.11808   0.00984   0.20028   0.03863   0.01396   0.03518   0.05059   0.04874   0.06681   0.06663   0.07096   0.53510   0.07010   0.21032   0.01918   0.03855   0.01443   0.04986   0.02662   0.07629   0.06600   0.05964   0.22300   0.11237   3.22136  
 36  0.0000   7278.756011  x:  0.11808   0.00984   0.20029   0.03863   0.01396   0.03519   0.05059   0.04874   0.06681   0.06663   0.07096   0.53511   0.07010   0.21032   0.01918   0.03855   0.01443   0.04986   0.02662   0.07629   0.06600   0.05964   0.22300   0.11237   3.22137  

TREE #  2

  0  0.0000   7341.679907  x:  0.07239   0.00000   0.15234   0.02509   0.01281   0.04810   0.05124   0.04498   0.07012   0.06761   0.09095   0.33776   0.01519   0.14441   0.02454   0.02980   0.02671   0.03947   0.04077   0.06346   0.07445   0.07870   0.19860   0.13847   3.22137  
  1 99.0000   7298.679590  x:  0.08260   0.04362   0.17087   0.03399   0.01110   0.03586   0.05022   0.04928   0.06650   0.06793   0.08637   0.35674   0.07402   0.16476   0.01515   0.03537   0.00886   0.04893   0.02519   0.07320   0.06922   0.06842   0.20920   0.14868   3.22082  
  2 1226.8317   7295.423974  x:  0.08338   0.04460   0.17466   0.03386   0.01254   0.03420   0.05020   0.04940   0.06659   0.06822   0.08319   0.36600   0.07836   0.17173   0.01630   0.03863   0.02197   0.05061   0.02636   0.07590   0.06793   0.06558   0.21189   0.14946   3.22060  
  3 458.4797   7285.263438  x:  0.08132   0.02309   0.19278   0.02914   0.01694   0.03361   0.05094   0.04743   0.06984   0.06853   0.06238   0.43098   0.07366   0.21289   0.02745   0.04142   0.01461   0.05071   0.03031   0.07833   0.05972   0.05226   0.22558   0.14740   3.21924  
  4 345.2469   7281.611216  x:  0.08040   0.01280   0.20054   0.04347   0.01145   0.03402   0.05072   0.04890   0.06862   0.06740   0.06740   0.46381   0.06904   0.22702   0.02294   0.03886   0.01537   0.04834   0.02399   0.07729   0.06351   0.05138   0.22958   0.14648   3.21855  
  5 394.8802   7280.675667  x:  0.08075   0.01206   0.20278   0.04553   0.01580   0.03540   0.05051   0.04933   0.06714   0.06716   0.07056   0.47680   0.06860   0.22778   0.01989   0.03816   0.01471   0.05046   0.02806   0.07631   0.06698   0.05703   0.22924   0.14682   3.21827  
  6 203.1456   7279.863453  x:  0.08145   0.01279   0.20408   0.04003   0.01239   0.03560   0.05030   0.04877   0.06489   0.06505   0.07112   0.49183   0.06825   0.22368   0.01650   0.03809   0.01517   0.05087   0.02786   0.07574   0.06916   0.06476   0.22688   0.14753   3.21798  
  7 168.4407   7279.528682  x:  0.08186   0.01316   0.20381   0.03756   0.01472   0.03553   0.05050   0.04869   0.06550   0.06574   0.07231   0.49975   0.06804   0.21921   0.01514   0.03810   0.01556   0.04952   0.02479   0.07590   0.06815   0.06578   0.22474   0.14794   3.21784  
  8 136.6699   7279.095353  x:  0.08272   0.01392   0.20206   0.03702   0.01338   0.03430   0.05076   0.04919   0.06773   0.06753   0.07579   0.51246   0.06883   0.20918   0.01672   0.03879   0.01530   0.04949   0.02682   0.07643   0.06493   0.06274   0.22047   0.14880   3.21765  
  9 114.6378   7279.004428  x:  0.08290   0.01370   0.20048   0.03756   0.01354   0.03544   0.05035   0.04886   0.06691   0.06713   0.07513   0.51558   0.06999   0.20610   0.01899   0.03862   0.01534   0.05018   0.02620   0.07626   0.06665   0.06128   0.21963   0.14897   3.21762  
 10 49.4651   7278.976493  x:  0.08283   0.01325   0.19927   0.03791   0.01372   0.03529   0.05042   0.04883   0.06631   0.06669   0.07403   0.51659   0.07060   0.20489   0.01825   0.03828   0.01539   0.05019   0.02646   0.07608   0.06712   0.06028   0.21958   0.14890   3.21761  
 11 32.2959   7278.962689  x:  0.08267   0.01286   0.19793   0.03876   0.01383   0.03493   0.05064   0.04901   0.06634   0.06651   0.07305   0.51719   0.07127   0.20420   0.01841   0.03845   0.01538   0.04977   0.02653   0.07614   0.06686   0.06094   0.21999   0.14875   3.21760  
 12 16.8723   7278.959826  x:  0.08258   0.01285   0.19744   0.03891   0.01375   0.03526   0.05051   0.04889   0.06659   0.06662   0.07285   0.51735   0.07140   0.20408   0.01826   0.03844   0.01540   0.04995   0.02650   0.07618   0.06666   0.06109   0.22029   0.14866   3.21759  
 13  9.2553   7278.958301  x:  0.08245   0.01307   0.19683   0.03880   0.01373   0.03506   0.05045   0.04885   0.06659   0.06680   0.07301   0.51751   0.07127   0.20410   0.01828   0.03846   0.01539   0.05010   0.02644   0.07614   0.06675   0.06107   0.22086   0.14853   3.21757  
 14  3.9366   7278.957628  x:  0.08243   0.01329   0.19653   0.03872   0.01372   0.03518   0.05054   0.04894   0.06656   0.06677   0.07311   0.51760   0.07118   0.20413   0.01829   0.03846   0.01540   0.04997   0.02648   0.07614   0.06677   0.06101   0.22117   0.14851   3.21755  
 15  4.8220   7278.957502  x:  0.08247   0.01336   0.19646   0.03874   0.01373   0.03518   0.05050   0.04888   0.06654   0.06669   0.07313   0.51762   0.07113   0.20415   0.01831   0.03843   0.01540   0.04994   0.02649   0.07615   0.06672   0.06100   0.22122   0.14855   3.21754  
 16  1.4766   7278.957372  x:  0.08256   0.01342   0.19640   0.03877   0.01374   0.03517   0.05052   0.04893   0.06654   0.06666   0.07308   0.51764   0.07102   0.20417   0.01831   0.03845   0.01539   0.05001   0.02647   0.07618   0.06671   0.06100   0.22122   0.14864   3.21752  
 17  0.7851   7278.957165  x:  0.08267   0.01348   0.19633   0.03880   0.01372   0.03517   0.05051   0.04888   0.06658   0.06676   0.07302   0.51766   0.07095   0.20422   0.01829   0.03847   0.01538   0.04994   0.02649   0.07615   0.06677   0.06100   0.22117   0.14875   3.21747  
 18  0.7526   7278.955831  x:  0.08280   0.01343   0.19604   0.03871   0.01370   0.03515   0.05052   0.04896   0.06657   0.06686   0.07308   0.51778   0.07105   0.20454   0.01836   0.03815   0.01543   0.04995   0.02649   0.07606   0.06671   0.06103   0.22090   0.14887   3.21709  
 19  0.7104   7278.949897  x:  0.08285   0.01312   0.19505   0.03846   0.01370   0.03520   0.05049   0.04888   0.06652   0.06669   0.07350   0.51823   0.07134   0.20560   0.01831   0.03855   0.01532   0.04995   0.02648   0.07616   0.06668   0.06094   0.21986   0.14892   3.21541  
 20  5.4947   7278.917594  x:  0.08107   0.01441   0.19506   0.03901   0.01374   0.03515   0.05081   0.04864   0.06680   0.06666   0.07233   0.52075   0.07039   0.20739   0.01857   0.03828   0.01516   0.04990   0.02655   0.07633   0.06674   0.06064   0.21805   0.14708   3.20634  
 21  6.1844   7278.880502  x:  0.08102   0.01357   0.19623   0.03904   0.01381   0.03530   0.04939   0.04964   0.06624   0.06686   0.07170   0.52327   0.07007   0.20800   0.01873   0.03867   0.01492   0.04968   0.02658   0.07567   0.06617   0.06034   0.21895   0.14698   3.19609  
 22 23.1826   7278.808748  x:  0.08203   0.01063   0.19895   0.03888   0.01388   0.03533   0.05077   0.04852   0.06623   0.06682   0.07130   0.52799   0.07013   0.20860   0.01907   0.03870   0.01440   0.04990   0.02652   0.07544   0.06577   0.05983   0.22216   0.14788   3.17623  
 23 78.7010   7278.802366  x:  0.08215   0.01027   0.19918   0.03874   0.01389   0.03519   0.05055   0.04870   0.06680   0.06660   0.07127   0.52840   0.07018   0.20863   0.01907   0.03844   0.01431   0.04977   0.02659   0.07613   0.06618   0.05978   0.22250   0.14799   3.17461  
 24 18.2540   7278.801702  x:  0.08215   0.01023   0.19919   0.03875   0.01388   0.03523   0.05056   0.04870   0.06659   0.06675   0.07127   0.52846   0.07015   0.20864   0.01906   0.03841   0.01429   0.04975   0.02661   0.07639   0.06614   0.05979   0.22251   0.14799   3.17520  
 25  1.2822   7278.762706  x:  0.08223   0.00963   0.20003   0.03869   0.01392   0.03524   0.05059   0.04867   0.06683   0.06662   0.07091   0.53240   0.06978   0.21010   0.01920   0.03845   0.01404   0.04973   0.02662   0.07618   0.06605   0.05956   0.22309   0.14801   3.22093  
 26  5.6486   7278.756196  x:  0.08244   0.00982   0.20026   0.03861   0.01396   0.03519   0.05060   0.04876   0.06682   0.06662   0.07095   0.53496   0.06984   0.21026   0.01919   0.03854   0.01446   0.04988   0.02661   0.07629   0.06599   0.05965   0.22303   0.14813   3.22139  
 27  0.0023   7278.756035  x:  0.08254   0.00977   0.20030   0.03862   0.01396   0.03519   0.05058   0.04872   0.06681   0.06663   0.07097   0.53515   0.07006   0.21031   0.01918   0.03855   0.01445   0.04984   0.02663   0.07628   0.06601   0.05964   0.22300   0.14787   3.22127  
 28  0.0003   7278.756012  x:  0.08248   0.00983   0.20029   0.03863   0.01396   0.03519   0.05059   0.04874   0.06681   0.06663   0.07096   0.53511   0.07010   0.21032   0.01918   0.03855   0.01443   0.04986   0.02662   0.07629   0.06600   0.05964   0.22300   0.14796   3.22137  
 29  0.0001   7278.756011  x:  0.08246   0.00984   0.20029   0.03863   0.01396   0.03518   0.05059   0.04874   0.06681   0.06663   0.07096   0.53511   0.07010   0.21032   0.01918   0.03855   0.01443   0.04986   0.02662   0.07629   0.06600   0.05964   0.22300   0.14799   3.22138  
 30  0.0000   7278.756011  x:  0.08246   0.00984   0.20029   0.03863   0.01396   0.03518   0.05059   0.04874   0.06681   0.06663   0.07096   0.53511   0.07010   0.21032   0.01918   0.03855   0.01443   0.04986   0.02662   0.07629   0.06600   0.05964   0.22300   0.14799   3.22138  
 31  0.0000   7278.756011  x:  0.08246   0.00984   0.20029   0.03863   0.01396   0.03518   0.05059   0.04874   0.06681   0.06663   0.07096   0.53511   0.07010   0.21032   0.01918   0.03855   0.01443   0.04986   0.02662   0.07629   0.06600   0.05964   0.22300   0.14799   3.22138  