

TREE #  1

  0  0.0000   1337.029347  x:  0.08759   0.03710   0.01443   0.00642   0.02203   0.04540   0.03979   0.07337   0.07538   0.07648   0.22767   0.02358   2.17876  
  1 99.0000   1332.640077  x:  0.08638   0.05502   0.02615   0.03180   0.02682   0.04307   0.03413   0.06919   0.06916   0.07029   0.22736   0.02237   2.18013  
  2 372.5751   1328.978683  x:  0.08002   0.08161   0.02912   0.02261   0.02837   0.03934   0.02562   0.05674   0.04880   0.05018   0.22537   0.01601   2.18415  
  3 192.4417   1328.640014  x:  0.07771   0.08523   0.03147   0.02154   0.02914   0.04116   0.03284   0.05622   0.04809   0.04557   0.22407   0.01369   2.18644  
  4 81.0349   1328.519830  x:  0.07570   0.08625   0.03443   0.02038   0.02761   0.04074   0.03185   0.05859   0.05184   0.04218   0.22151   0.01168   2.19151  
  5 30.5990   1328.266712  x:  0.07898   0.08690   0.03535   0.01892   0.03296   0.04104   0.03107   0.06161   0.05280   0.03949   0.20997   0.01497   2.22141  
  6 24.6061   1327.693054  x:  0.08281   0.08637   0.03645   0.01985   0.02627   0.04028   0.03249   0.05985   0.05029   0.03959   0.18815   0.01880   2.29203  
  7 147.9887   1326.687347  x:  0.07382   0.08124   0.03397   0.02201   0.03166   0.04183   0.03027   0.05196   0.05012   0.04436   0.17919   0.00981   2.42852  
  8 138.3912   1319.923564  x:  0.07307   0.10066   0.01816   0.02168   0.02668   0.03912   0.03438   0.07102   0.05307   0.05394   0.23135   0.00910   3.54107  
  9 425.1139   1318.965153  x:  0.07735   0.09674   0.03224   0.01704   0.02743   0.04130   0.03350   0.06486   0.05286   0.05427   0.24202   0.01338   3.69187  
 10 680.2289   1318.572651  x:  0.08031   0.08883   0.03284   0.01922   0.02705   0.04083   0.03304   0.05966   0.05344   0.04379   0.24724   0.01635   3.74700  
 11 210.4434   1318.558018  x:  0.08000   0.08751   0.03348   0.01944   0.02708   0.04029   0.03306   0.06088   0.05178   0.04325   0.24746   0.01604   3.74916  
 12 14.4142   1318.557729  x:  0.08000   0.08749   0.03347   0.01946   0.02703   0.04057   0.03298   0.06094   0.05172   0.04322   0.24745   0.01604   3.74927  
 13  0.8899   1317.609708  x:  0.07844   0.08465   0.03252   0.01804   0.03002   0.04097   0.03175   0.05819   0.05189   0.04444   0.21777   0.01504   4.28533  
 14  0.5616   1317.539697  x:  0.07878   0.08554   0.03201   0.01870   0.02765   0.04068   0.03277   0.05946   0.05234   0.04444   0.22327   0.01513   4.43481  
 15  0.0943   1317.533368  x:  0.07873   0.08581   0.03179   0.01853   0.02849   0.04081   0.03254   0.05935   0.05217   0.04469   0.22409   0.01499   4.48538  
 16  0.0405   1317.533296  x:  0.07874   0.08585   0.03179   0.01857   0.02843   0.04075   0.03251   0.05935   0.05217   0.04469   0.22397   0.01497   4.49014  
 17  0.0041   1317.533292  x:  0.07880   0.08588   0.03181   0.01859   0.02844   0.04076   0.03250   0.05934   0.05216   0.04468   0.22398   0.01491   4.48972  
 18  0.0003   1317.533292  x:  0.07883   0.08588   0.03181   0.01859   0.02844   0.04076   0.03250   0.05934   0.05216   0.04468   0.22397   0.01488   4.48973  
 19  0.0001   1317.533292  x:  0.07884   0.08588   0.03181   0.01859   0.02844   0.04076   0.03250   0.05934   0.05216   0.04468   0.22397   0.01488   4.48973  
 20  0.0001   1317.533292  x:  0.07884   0.08588   0.03181   0.01859   0.02844   0.04076   0.03250   0.05934   0.05216   0.04468   0.22397   0.01488   4.48973  
 21  0.0001   1317.533292  x:  0.07884   0.08588   0.03181   0.01859   0.02844   0.04076   0.03250   0.05934   0.05216   0.04468   0.22397   0.01488   4.48973  
 22  0.0002   1317.533292  x:  0.07884   0.08588   0.03181   0.01859   0.02844   0.04076   0.03250   0.05934   0.05216   0.04468   0.22397   0.01488   4.48973  
check convergence!


TREE #  2

  0  0.0000   1325.861158  x:  0.02829   0.03710   0.01443   0.00642   0.02203   0.04540   0.03979   0.07337   0.07538   0.07648   0.22767   0.08288   4.48973  
  1 99.0000   1321.361545  x:  0.02771   0.05751   0.02488   0.03243   0.02721   0.04299   0.03436   0.06958   0.06941   0.07065   0.22813   0.08230   4.48973  
  2 371.2145   1317.899566  x:  0.02264   0.08572   0.02706   0.02199   0.02855   0.03923   0.02673   0.05799   0.04998   0.05162   0.22805   0.07723   4.48974  
  3 184.3337   1317.618572  x:  0.02038   0.08910   0.03015   0.02068   0.02938   0.04119   0.03365   0.05754   0.04950   0.04729   0.22753   0.07496   4.48974  
  4 71.4434   1317.562220  x:  0.01880   0.08927   0.03260   0.02000   0.02845   0.04075   0.03278   0.05888   0.05180   0.04456   0.22675   0.07339   4.48975  
  5 23.9834   1317.559323  x:  0.01910   0.08901   0.03269   0.01997   0.02900   0.04083   0.03266   0.05916   0.05178   0.04387   0.22617   0.07368   4.48976  
  6  5.0791   1317.557492  x:  0.01949   0.08876   0.03305   0.02000   0.02865   0.04079   0.03272   0.05910   0.05153   0.04353   0.22520   0.07408   4.48976  
  7  4.0649   1317.556731  x:  0.01941   0.08875   0.03316   0.01996   0.02881   0.04075   0.03268   0.05890   0.05154   0.04372   0.22430   0.07400   4.48977  
  8  2.2811   1317.556510  x:  0.01936   0.08883   0.03295   0.02002   0.02874   0.04079   0.03269   0.05894   0.05159   0.04372   0.22396   0.07395   4.48977  
  9  1.7564   1317.556482  x:  0.01938   0.08890   0.03295   0.01999   0.02874   0.04079   0.03270   0.05902   0.05160   0.04376   0.22392   0.07397   4.48977  
 10  0.4658   1317.556431  x:  0.01942   0.08893   0.03293   0.01997   0.02875   0.04071   0.03273   0.05898   0.05168   0.04375   0.22392   0.07400   4.48980  
 11  0.0433   1317.554650  x:  0.01961   0.08889   0.03287   0.01978   0.02869   0.04121   0.03254   0.05870   0.05210   0.04382   0.22394   0.07421   4.49070  
 12  0.1730   1317.534089  x:  0.01956   0.08613   0.03176   0.01866   0.02843   0.04067   0.03215   0.05929   0.05211   0.04469   0.22403   0.07425   4.50087  
 13  4.5144   1317.533398  x:  0.01950   0.08590   0.03179   0.01861   0.02843   0.04073   0.03240   0.05933   0.05215   0.04470   0.22395   0.07425   4.48256  
 14  0.0215   1317.533292  x:  0.01946   0.08587   0.03181   0.01859   0.02844   0.04075   0.03250   0.05934   0.05216   0.04469   0.22397   0.07426   4.48982  
 15  0.0105   1317.533292  x:  0.01943   0.08588   0.03181   0.01859   0.02844   0.04076   0.03250   0.05934   0.05216   0.04468   0.22397   0.07428   4.48975  