     2   1119    623


 1

     1    108    -3.2428079071   0.039054080768      43.7015  AAAAAAAAAAAAA
     2      2    -6.3815282740   0.001692534323       1.8939  AAAAAAAAAAAAC
     3      2    -5.3412908816   0.004789683803       5.3597  AAAAAAAAAAAAG
     4      1    -6.0046518942   0.002467248063       2.7609  AAAAAAAAAAAAT
     5      2    -5.4193793293   0.004429895301       4.9571  AAAAAAAAAAAGA
     6      1    -6.1103579843   0.002219756033       2.4839  AAAAAAAAAAATA
     7      2    -6.2940878151   0.001847193507       2.0670  AAAAAAAAAACAA
     8      1    -9.7458804948   0.000058535304       0.0655  AAAAAAAAAACCC
     9      1   -11.1151955949   0.000014884419       0.0167  AAAAAAAAAACGC
    10      3    -5.2609489441   0.005190377003       5.8080  AAAAAAAAAAGAA
    11      1    -7.1386558547   0.000793818387       0.8883  AAAAAAAAAAGAG
    12      2    -5.9172114353   0.002692698481       3.0131  AAAAAAAAAATAA
    13      1   -11.0309330435   0.000016192975       0.0181  AAAAAAAAAATCG
    14      1   -10.6428283801   0.000023871426       0.0267  AAAAAAAAAATCT
    15      1    -8.7494728315   0.000158544883       0.1774  AAAAAAAAAATTA
    16      1   -10.6935586101   0.000022690627       0.0254  AAAAAAAAAATTC
    17      1   -10.5590610424   0.000025957213       0.0290  AAAAAAAAAATTG
    18      1    -9.1201353662   0.000109439862       0.1225  AAAAAAAAAATTT
    19      1    -6.8859273745   0.001022067876       1.1437  AAAAAAAAAGAAA
    20      1   -14.7573625111   0.000000389905       0.0004  AAAAAAAAAGCGC
    21      1    -9.5603295831   0.000070469569       0.0789  AAAAAAAAAGTAA
    22      1    -7.1879316701   0.000755650440       0.8456  AAAAAAACAAAAA
    23      1    -6.0866552487   0.002272998830       2.5435  AAAAAAAGAAAAA
    24      1    -9.1379317597   0.000107509455       0.1203  AAAAAAAGAACAA
    25      1   -11.8507494026   0.000007133209       0.0080  AAAAAAAGAACAT
    26      1   -13.9215124988   0.000000899423       0.0010  AAAAAAAGAGTAG
    27      1   -12.1531142361   0.000005271929       0.0059  AAAAAAGAAACAT
    28      1    -7.0842828379   0.000838175680       0.9379  AAAAACAAAAAAA
    29      4    -5.9845973183   0.002517227156       2.8168  AAAAAGAAAAAAA
    30      1   -12.0928225985   0.000005599560       0.0063  AAAAAGAAAAACC
    31      1   -11.3936717008   0.000011266558       0.0126  AAAAAGAAAAATT
    32      1   -13.2815411974   0.000001705689       0.0019  AAAAAGAAAACTT
    33      1    -8.0024102205   0.000334655063       0.3745  AAAAAGAAAAGAA
    34      1   -10.0316268936   0.000043986539       0.0492  AAAAAGAAAAGGA
    35      2    -9.5498006391   0.000071215459       0.0797  AAAAAGAAAGAAA
    36      2    -9.4851457226   0.000075971999       0.0850  AAAAAGAGAGAAA
    37      1   -15.3065378344   0.000000225141       0.0003  AAAAAGAGAGTCA
    38      1   -12.5530902333   0.000003533964       0.0040  AAAACAAAAAGTA
    39      1   -12.7030842898   0.000003041730       0.0034  AAAACAAGAAAGA
    40      1   -22.1176925463   0.000000000248       0.0000  AAAACATAGACTT
    41      1    -6.5584535556   0.001418076993       1.5868  AAAAGAAAAAAAA
    42      1   -12.3211867156   0.000004456322       0.0050  AAAAGAAAAATAC
    43      1   -15.6465711433   0.000000160244       0.0002  AAAAGAAGAGAAC
    44      1   -11.6119211228   0.000009057466       0.0101  AAAAGAGAAAAGA
    45      1   -11.3149322499   0.000012189541       0.0136  AAAAGGAAAAGAA
    46      1    -7.9240908747   0.000361918730       0.4050  AAACACACACAAA
    47      1   -11.2397304706   0.000013141565       0.0147  AAACGCACACAAA
    48      1    -8.5818699588   0.000187474081       0.2098  AAAGAAAAAAAAG
    49      1   -10.4024201064   0.000030358922       0.0340  AAAGAAAAAAAGG
    50      1   -10.3790675050   0.000031076225       0.0348  AAAGAAAAAAGAG
    51      1    -9.0572684400   0.000116540881       0.1304  AAAGAAAGAAAAA
    52      1   -10.4961007684   0.000027644030       0.0309  AAAGAAAGAGGGG
    53      1    -8.8132344390   0.000148751350       0.1665  AAAGAGAAAGAAA
    54      1    -6.5818161788   0.001385331000       1.5502  AAAGAGAGAGAAA
    55      1    -9.7714585428   0.000057057071       0.0638  AAAGAGAGAGACA
    56      1   -13.5738467052   0.000001273366       0.0014  AAAGAGAGAGTCG
    57      1   -17.0588265110   0.000000039034       0.0000  AAAGGAGAAGGGA
    58      1   -21.8667973272   0.000000000319       0.0000  AAAGGGTGGGATT
    59      1   -12.8767178065   0.000002556893       0.0029  AAAGTGAAAGAAA
    60      1   -10.1945444926   0.000037373656       0.0418  AAATAAAAATAAG
    61      1   -13.5042883385   0.000001365093       0.0015  AAATAAAAATATT
    62      1   -17.0004044762   0.000000041383       0.0000  AAATAAAAGTTAG
    63      1   -10.4109784171   0.000030100210       0.0337  AAATAAAGATAAA
    64      1   -15.7163069022   0.000000149450       0.0002  AAATACACACTCT
    65      1   -12.4116191954   0.000004071011       0.0046  AAATATATATATC
    66      1   -17.4714058107   0.000000025838       0.0000  AAATGAATATCCC
    67      1    -6.7572177964   0.001162458876       1.3008  AAGAAAAAAAAAA
    68      1   -16.3174386657   0.000000081927       0.0001  AAGAAGAGGAAGG
    69      1   -12.2226502810   0.000004917795       0.0055  AAGAGAAAAAAGA
    70      1    -9.0843750248   0.000113424286       0.1269  AAGAGAGAGAAGA
    71      1   -24.2472744203   0.000000000029       0.0000  AAGCGACAGGTAC
    72      5    -6.4129071560   0.001640249104       1.8354  ACACACACACAAA
    73      2    -9.3691641376   0.000085314670       0.0955  ACACACACACAAC
    74      1    -8.0557306602   0.000317278488       0.3550  ACACACACACACA
    75      1    -8.3649332954   0.000232892567       0.2606  ACACACACACAGA
    76      1    -9.3754716889   0.000084778237       0.0949  ACACACACACAGG
    77      1    -9.4351318654   0.000079868273       0.0894  ACACACACACCAA
    78      1    -9.7628816695   0.000057548547       0.0644  ACACACACACCCA
    79      1    -7.1813411530   0.000760647014       0.8512  ACACACACACCCC
    80      1   -10.9176470330   0.000018135358       0.0203  ACACACACACTGA
    81      1   -12.9645506357   0.000002341894       0.0026  ACACACAGACGGG
    82      1   -11.7445191701   0.000007932684       0.0089  ACACACATACAAC
    83      1   -15.6534481891   0.000000159145       0.0002  ACACACATATCGC
    84      1   -12.5123696674   0.000003680840       0.0041  ACACACGCACGCC
    85      1   -15.5929440447   0.000000169072       0.0002  ACACAGACATATA
    86      1   -10.3239080622   0.000032838529       0.0367  ACACATACACACA
    87      1   -10.6756483188   0.000023100684       0.0258  ACACATACACGAA
    88      1   -15.2102314270   0.000000247902       0.0003  ACACATATAGAAA
    89      1   -12.9497799415   0.000002376742       0.0027  ACACGCACACTTC
    90      1   -15.3237532909   0.000000221299       0.0002  ACACGCATACTTC
    91      1   -17.2375671949   0.000000032645       0.0000  ACAGAGAAAGTGC
    92      1   -21.2453358477   0.000000000593       0.0000  ACAGTTAGATTTT
    93      1   -11.7597698230   0.000007812623       0.0087  ACATACACACGGG
    94      1   -15.9565390705   0.000000117534       0.0001  ACATAGACACACT
    95      1   -10.8278195934   0.000019839819       0.0222  ACATATACATAAA
    96      1    -8.3142717650   0.000244995243       0.2741  ACATATATATAAA
    97      1   -10.3745141130   0.000031218050       0.0349  ACATATATATAAG
    98      1   -11.8186188273   0.000007366125       0.0082  ACATATATATGAG
    99      1   -12.7545787570   0.000002889062       0.0032  ACATATATATGTC
   100      1   -13.2176468636   0.000001818230       0.0020  ACATGCACATAAA
   101      1   -20.2470036467   0.000000001610       0.0000  ACCTACTTCTAAT
   102      1   -18.3342093093   0.000000010903       0.0000  ACCTTTTTCTATA
   103      1   -14.3422292747   0.000000590540       0.0007  ACGTATACATAAA
   104      1   -23.3107482693   0.000000000075       0.0000  ACTCGCAGTCTGT
   105      1    -6.1244245003   0.002188750381       2.4492  AGAAAAAAAAAAA
   106      1    -8.1343036629   0.000293303203       0.3282  AGAAAAAAAAGAA
   107      1   -13.3216597448   0.000001638614       0.0018  AGAAAAAAAATGC
   108      2    -9.7393520320   0.000058918700       0.0659  AGAAAAAAAGAAA
   109      1   -14.9530497220   0.000000320607       0.0004  AGAAAAAAAGGTG
   110      1   -10.5196616684   0.000027000325       0.0302  AGAAAAAGAGAAA
   111      1    -9.2706735489   0.000094145081       0.1053  AGAAAAGAAAAAA
   112      1   -10.1713203041   0.000038251786       0.0428  AGAAAGAAAAGAA
   113      1   -13.8921622447   0.000000926212       0.0010  AGAAAGAAGAAGA
   114      1    -9.5634711433   0.000070248532       0.0786  AGAAAGAGAGAGG
   115      1   -14.0988583078   0.000000753258       0.0008  AGAAAGTGAGGAA
   116      1   -12.2773468747   0.000004656032       0.0052  AGAAATAAAAAAT
   117      1   -24.9510379752   0.000000000015       0.0000  AGAACATATGCCC
   118      1   -11.5157536045   0.000009971759       0.0112  AGAAGGAAAAAAA
   119      1   -13.8505906855   0.000000965528       0.0011  AGAAGGAAAGAAA
   120      1   -22.7169784211   0.000000000136       0.0000  AGACGGAGGTAAT
   121      1   -20.4799730403   0.000000001275       0.0000  AGACGGGAAGCGG
   122      1    -9.3526256379   0.000086737379       0.0971  AGAGAAAAAAAAA
   123      1   -10.7444612747   0.000021564518       0.0241  AGAGAAAGAGACA
   124      2    -8.4128158216   0.000222003853       0.2484  AGAGAAAGAGGGG
   125      1    -9.9749147973   0.000046553201       0.0521  AGAGAGAGAAAGG
   126      1    -5.3310787106   0.004838847480       5.4147  AGAGAGAGAGAAA
   127      1    -7.1789975270   0.000762431776       0.8532  AGAGAGAGAGAAG
   128      1    -8.3675014190   0.000232295238       0.2599  AGAGAGAGAGACA
   129      1    -6.5191564444   0.001474912749       1.6504  AGAGAGAGAGAGA
   130      1    -7.6721242557   0.000465627660       0.5210  AGAGAGAGAGGAG
   131      1    -5.9677666327   0.002559952353       2.8646  AGAGAGAGAGGGG
   132      1   -10.8526107612   0.000019354013       0.0217  AGAGAGAGAGTTG
   133      1    -9.5585532653   0.000070594857       0.0790  AGAGAGAGAGTTT
   134      1   -15.5230412721   0.000000181313       0.0002  AGAGAGGGGGGCG
   135      1   -15.2846325991   0.000000230127       0.0003  AGAGCGAGAGGTT
   136      1   -14.2285739396   0.000000661620       0.0007  AGAGGGAGAGTCA
   137      1   -15.9441905493   0.000000118994       0.0001  AGATAGAAAAAGT
   138      1   -12.7924512008   0.000002781692       0.0031  AGATATATATCGG
   139      1   -19.4478070111   0.000000003580       0.0000  AGATTGATAGTAA
   140      1   -10.3661813091   0.000031479270       0.0352  AGGAAAAAGAAAA
   141      1   -13.2115713009   0.000001829311       0.0020  AGGAAAAAGAATA
   142      1    -9.8367497512   0.000053450757       0.0598  AGGAGAGAGAAAA
   143      1   -16.9865959017   0.000000041958       0.0000  AGGAGGGAAAGAA
   144      1   -15.3885456893   0.000000207415       0.0002  AGGAGTGGGGAAA
   145      1   -16.7520187856   0.000000053051       0.0001  AGGGGCGGGGCCC
   146      1    -9.7310326584   0.000059410911       0.0665  AGGGGGAGGGGGG
   147      1   -18.1536244198   0.000000013061       0.0000  AGTGCGCGTGTTA
   148      1   -21.1121470011   0.000000000678       0.0000  AGTTACTCTTTCC
   149      1   -11.4027862408   0.000011164335       0.0125  ATAAAAAAAAATT
   150      1   -10.6309087195   0.000024157668       0.0270  ATACACACACATT
   151      1    -9.1607978556   0.000105079027       0.1176  ATATATACATTTT
   152      1   -12.2072101692   0.000004994316       0.0056  ATATATATACGTT
   153      1    -8.4008793417   0.000224669676       0.2514  ATATATATATACA
   154      1   -10.7274924601   0.000021933565       0.0245  ATATATATATTAC
   155      1    -8.9284073850   0.000132568988       0.1483  ATATATATATTTA
   156      1   -17.7403010164   0.000000019746       0.0000  ATCTTCTTTTATA
   157      1   -15.1367052816   0.000000266816       0.0003  ATGTACACATTTT
   158      1   -15.4625990067   0.000000192610       0.0002  ATTTACATATTAA
   159      1   -19.1351971549   0.000000004894       0.0000  ATTTACTCTTACC
   160      1   -25.6453304666   0.000000000007       0.0000  ATTTTCGATATAA
   161      1   -19.6946495305   0.000000002797       0.0000  ATTTTCTTATATC
   162      1    -7.6930095842   0.000456003723       0.5103  CAAAAAAAAAAAA
   163      1   -17.1192935772   0.000000036744       0.0000  CAAAAAAGAGGGG
   164      1   -19.2363957135   0.000000004423       0.0000  CAACAAGAACAAC
   165      1   -16.1776339519   0.000000094220       0.0001  CAAGAGAGAGCCA
   166      1   -19.3314283216   0.000000004022       0.0000  CACAAGCATATAA
   167      2    -6.8892843675   0.001018642554       1.1399  CACACACACAAAA
   168      1    -9.6673011134   0.000063320520       0.0709  CACACACACAAAC
   169      2    -9.5433726925   0.000071674703       0.0802  CACACACACAAAT
   170      1   -10.0166833416   0.000044648790       0.0500  CACACACACAACA
   171      1   -10.7356387717   0.000021755613       0.0243  CACACACACAACT
   172      1    -6.5920588337   0.001371213954       1.5344  CACACACACACCC
   173      1    -8.6646777903   0.000172575146       0.1931  CACACACACAGAA
   174      1    -8.7054712759   0.000165676863       0.1854  CACACACACATAA
   175      1   -15.9228718852   0.000000121558       0.0001  CACACACACCTTG
   176      1   -13.8383776236   0.000000977392       0.0011  CACACACGCAGTC
   177      1   -12.1329230600   0.000005379457       0.0060  CACACATACATAC
   178      1   -10.3235074694   0.000032851687       0.0368  CACACCCACACCC
   179      1   -13.6338903825   0.000001199159       0.0013  CACACGCACAGAT
   180      1   -14.6580527174   0.000000430614       0.0005  CACATCCACACTC
   181      1   -10.1298762346   0.000039870405       0.0446  CACGCACACAAAA
   182      1   -12.4201737181   0.000004036334       0.0045  CATATATATAACC
   183      1    -9.0750634857   0.000114485373       0.1281  CATATATATATTT
   184      1   -13.9265648633   0.000000894890       0.0010  CATATATGTACTC
   185      1   -11.7982165007   0.000007517954       0.0084  CATATGTATATTT
   186      1   -17.6066517382   0.000000022570       0.0000  CATCCTTTTTTTC
   187      1   -13.0765911277   0.000002093672       0.0023  CATGTATATGTTT
   188      1   -18.8588382839   0.000000006452       0.0000  CATTCGCTCTTTA
   189      1   -12.3847514124   0.000004181873       0.0047  CATTCTCTCTTTT
   190      1   -17.9809585517   0.000000015523       0.0000  CATTTATCTTGAA
   191      1   -22.2647638837   0.000000000214       0.0000  CCACGTGTACTAT
   192      1   -21.3087022034   0.000000000557       0.0000  CCACGTTTACTTT
   193      1   -14.4163953940   0.000000548326       0.0006  CCATATATATATA
   194      1   -15.1854791775   0.000000254115       0.0003  CCCACGCGCCCCC
   195      1    -9.7047613717   0.000060992395       0.0683  CCCCCCCCCCAAC
   196      2   -11.6271685264   0.000008920411       0.0100  CCCCCCCCCCAAG
   197      3    -6.7523940264   0.001168079857       1.3071  CCCCCCCCCCACC
   198      1   -10.0040770750   0.000045215208       0.0506  CCCCCCCCCCAGC
   199      1    -9.6098584154   0.000067064319       0.0750  CCCCCCCCCCCAA
   200      1    -8.5189510537   0.000199648736       0.2234  CCCCCCCCCCCAT
   201     84    -3.9700231139   0.018872996901      21.1189  CCCCCCCCCCCCC
   202      2    -7.1235393005   0.000805909342       0.9018  CCCCCCCCCCCCG
   203      2    -5.5787500200   0.003777284099       4.2268  CCCCCCCCCCCCT
   204      2    -7.2349446990   0.000720947168       0.8067  CCCCCCCCCCCGC
   205      1   -10.1280029266   0.000039945165       0.0447  CCCCCCCCCCCGG
   206      2    -7.0321201990   0.000883057537       0.9881  CCCCCCCCCCGCC
   207      1   -10.0476361546   0.000043287954       0.0484  CCCCCCCCCCGCG
   208      1   -10.2579719014   0.000035076755       0.0393  CCCCCCCCCCGGC
   209      2    -5.4950256600   0.004107151075       4.5959  CCCCCCCCCCTCC
   210      1    -7.1181137125   0.000810293757       0.9067  CCCCCCCCCCTTC
   211      2    -7.3464229864   0.000644895038       0.7216  CCCCCCCCCCTTT
   212      1    -6.3463055456   0.001753212349       1.9618  CCCCCCCTCCCCC
   213      1   -11.1152711713   0.000014883294       0.0167  CCCCCCTCCCATC
   214      1   -15.4827125649   0.000000188775       0.0002  CCCCCCTTTCCAC
   215      1    -7.8522665821   0.000388869564       0.4351  CCCCCGCCCCCCC
   216      1   -13.2771730322   0.000001713156       0.0019  CCCCCTCCCCAAT
   217      1   -11.2447777574   0.000013075403       0.0146  CCCCCTCTCTTCC
   218      1    -9.2028438895   0.000100752465       0.1127  CCCCTCCTCCCCC
   219      1   -23.8039609094   0.000000000046       0.0000  CCCCTTTCTATAG
   220      1   -14.3848589080   0.000000565894       0.0006  CCCGCCCCAGCCC
   221      1    -9.2696616962   0.000094240390       0.1055  CCCGCCCCCGCCC
   222      1    -8.5855220932   0.000186790649       0.2090  CCCGCGCGCGCCC
   223      1   -14.9408666871   0.000000324537       0.0004  CCCTCCCACCTAC
   224      1   -11.6554927353   0.000008671292       0.0097  CCCTCCTTCCCCC
   225      1   -14.2679763816   0.000000636058       0.0007  CCCTCGCTCCCTC
   226      1   -13.2599377416   0.000001742939       0.0020  CCCTCTCTCTATG
   227      1   -13.5285256327   0.000001332404       0.0015  CCCTCTCTCTTGA
   228      1   -12.3002554404   0.000004550582       0.0051  CCCTCTTTCTCAC
   229      1   -15.4124817706   0.000000202509       0.0002  CCCTCTTTTTTCT
   230      1   -14.4525509628   0.000000528855       0.0006  CCCTTCTTTTTTT
   231      1   -12.7860684863   0.000002799503       0.0031  CCCTTTTTCTTTT
   232      1   -14.4114717822   0.000000551033       0.0006  CCGCACCCCCTCC
   233      1   -18.8561408976   0.000000006470       0.0000  CCTACATACAAAC
   234      1   -20.3994624179   0.000000001382       0.0000  CCTCCACTCCGAA
   235      1   -12.7624624850   0.000002866375       0.0032  CCTCCCACTCTCC
   236      1    -8.6366135733   0.000177486932       0.1986  CCTCCCCCCCCCT
   237      1   -13.0662522531   0.000002115430       0.0024  CCTCCTTCTCTTT
   238      1   -19.4650674938   0.000000003519       0.0000  CCTCCTTGTTCTT
   239      1   -12.5621293646   0.000003502164       0.0039  CCTCTCTCCCCCT
   240      1    -9.5940755812   0.000068131181       0.0762  CCTCTCTCTCTTC
   241      1   -13.6943798496   0.000001128772       0.0013  CCTCTCTTTCTAC
   242      1   -15.0542274209   0.000000289756       0.0003  CCTTCTCCCCTCT
   243      1   -11.2551460867   0.000012940533       0.0145  CCTTCTCTCTTCC
   244      1   -16.9281896810   0.000000044482       0.0000  CCTTGTTTTTCAC
   245      1   -14.4221655491   0.000000545171       0.0006  CCTTTTTTTCTTC
   246      1   -15.6380425104   0.000000161616       0.0002  CCTTTTTTTGCTT
   247      1    -9.0445935564   0.000118027424       0.1321  CCTTTTTTTTTTT
   248      1   -16.1352331148   0.000000098301       0.0001  CGAAGAGAAAAAA
   249      1   -24.3535460381   0.000000000027       0.0000  CGAGAACGCAAAG
   250      1   -16.9905708505   0.000000041792       0.0000  CGAGCGAGAGGAT
   251      1   -18.2637020361   0.000000011700       0.0000  CGAGCGCACGAAC
   252      1   -18.5913551004   0.000000008431       0.0000  CGAGGGAAAGACA
   253      1   -15.3937421198   0.000000206340       0.0002  CGCACACTCAACC
   254      1   -17.0559304878   0.000000039147       0.0000  CGCACCACCACCC
   255      1   -16.3276876810   0.000000081092       0.0001  CGCCCCCGCACCC
   256      1   -24.4319216122   0.000000000025       0.0000  CGCCTGCTCAGAT
   257      1    -9.3996886849   0.000082749823       0.0926  CGCGCACGCGCCC
   258      1   -15.1201502366   0.000000271270       0.0003  CGCGCATGCGGCC
   259      1   -18.3870955751   0.000000010342       0.0000  CGCGCCGGCGGTG
   260      1    -6.9698492860   0.000939794535       1.0516  CGCGCGCGCGCCC
   261      2    -9.8789075831   0.000051244227       0.0573  CGCGCGCGCGCGA
   262      1    -9.7199257012   0.000060074464       0.0672  CGCGCGCGCGCGT
   263      1   -11.8185749810   0.000007366448       0.0082  CGCGCGCGCGGCA
   264      1    -9.6534899012   0.000064201120       0.0718  CGCGCGTGCGCCC
   265      1   -12.1428617645   0.000005326257       0.0060  CGCGTGCGCGGAG
   266      1   -13.4688159577   0.000001414385       0.0016  CGCGTGCGCGTAC
   267      1   -11.4694602251   0.000010444237       0.0117  CGCGTGCGCGTTT
   268      1   -24.5048676961   0.000000000023       0.0000  CGCGTGTCTAAAC
   269      1   -15.9595679213   0.000000117178       0.0001  CGCTCGCACTCAC
   270      1   -14.0653416791   0.000000778932       0.0009  CGCTCGTTCTCCC
   271      1   -20.9700644020   0.000000000781       0.0000  CGTACGCTAACCC
   272      1   -17.4849962946   0.000000025490       0.0000  CGTATGTATAACG
   273      1   -14.9103292047   0.000000334600       0.0004  CGTCTCTTTCTCC
   274      1   -23.5089327677   0.000000000062       0.0000  CGTGCAGTTGGGT
   275      1   -17.7805320484   0.000000018968       0.0000  CGTGTGCATGATT
   276      1   -13.3550078015   0.000001584871       0.0018  CTATACATATCTT
   277      1   -19.5149547015   0.000000003348       0.0000  CTATCCTCACTCT
   278      1   -13.8351524376   0.000000980550       0.0011  CTATTTTTTTTCC
   279      1    -6.3973942010   0.001665892604       1.8641  CTCCCCCCCCCCC
   280      1    -7.9923698850   0.000338032036       0.3783  CTCCCCCCCCCCT
   281      1   -17.1200055108   0.000000036718       0.0000  CTCCCCTACCATC
   282      1   -16.2348190128   0.000000088983       0.0001  CTCCCCTCCGTTT
   283      1   -16.2074802431   0.000000091449       0.0001  CTCCCTTTTTTTC
   284      1    -9.3238509433   0.000089269476       0.0999  CTCTCCCTCTCCT
   285      1    -9.6661641380   0.000063392555       0.0709  CTCTCCCTCTTTC
   286      1   -14.7565787252   0.000000390211       0.0004  CTCTCCTCCCTTC
   287      1   -19.8535704247   0.000000002386       0.0000  CTCTCCTCTCATT
   288      1   -10.9313657069   0.000017888264       0.0200  CTCTCGCTCTTTC
   289      1   -13.6302352047   0.000001203550       0.0013  CTCTCTCTCCCAA
   290      1    -8.0879145298   0.000307229808       0.3438  CTCTCTCTCTACC
   291      1    -5.3152944008   0.004915831318       5.5008  CTCTCTCTCTCCC
   292      3    -6.7685962936   0.001149306808       1.2861  CTCTCTCTCTCCT
   293      1    -8.3676407024   0.000232262885       0.2599  CTCTCTCTCTGCC
   294      1   -10.5856679483   0.000025275679       0.0283  CTCTCTCTCTTAA
   295      1    -6.7927687973   0.001121858272       1.2554  CTCTCTCTCTTCC
   296      1    -7.2805547985   0.000688803311       0.7708  CTCTCTCTCTTCT
   297      1    -5.5021176141   0.004078126390       4.5634  CTCTCTCTCTTTT
   298      1   -11.7514536084   0.000007877865       0.0088  CTCTCTTTCCTTT
   299      1    -8.9620336730   0.000128185301       0.1434  CTCTCTTTCTCTT
   300      1    -9.9616362917   0.000047175480       0.0528  CTCTCTTTCTTCT
   301      1   -21.6763480595   0.000000000386       0.0000  CTCTTCATTCTTC
   302      1   -14.4262860071   0.000000542930       0.0006  CTCTTCTTTTTCT
   303      1   -14.3380340152   0.000000593022       0.0007  CTCTTCTTTTTTC
   304      1   -12.8074562640   0.000002740264       0.0031  CTCTTTTTTTTCC
   305      1   -20.1235165600   0.000000001822       0.0000  CTGAGAGGGATAC
   306      1   -20.6782766314   0.000000001046       0.0000  CTGTCTGTATACG
   307      1   -12.6176983052   0.000003312861       0.0037  CTTATATATATCT
   308      1   -15.2937592019   0.000000228037       0.0003  CTTCTCCCTCATT
   309      2   -14.1542384360   0.000000712676       0.0008  CTTCTCCCTCTTC
   310      1   -21.2325080820   0.000000000601       0.0000  CTTCTCCTCCAAT
   311      1   -18.9224070138   0.000000006055       0.0000  CTTCTCCTCCATC
   312      1   -15.2605034842   0.000000235748       0.0003  CTTCTCTCTCATG
   313      1   -11.2550348124   0.000012941973       0.0145  CTTCTCTCTCTTC
   314      1   -16.6739222631   0.000000057360       0.0001  CTTTCCCCCCTAC
   315      1   -15.7811385077   0.000000140068       0.0002  CTTTCCCTTCCTC
   316      1    -9.2145773559   0.000099577198       0.1114  CTTTCTCTTTTTT
   317      1   -12.8939582184   0.000002513189       0.0028  CTTTCTTTCTTCT
   318      1   -10.3017531607   0.000033574183       0.0376  CTTTCTTTTTCTC
   319      1   -15.9717235991   0.000000115763       0.0001  CTTTTCTCTTACT
   320      1   -13.5024863652   0.000001367555       0.0015  CTTTTCTTTTATC
   321      1    -9.0238709920   0.000120498772       0.1348  CTTTTTTCTTTTT
   322      1    -9.4623544634   0.000077723379       0.0870  CTTTTTTTTTCCT
   323      2    -9.0814753477   0.000113753657       0.1273  CTTTTTTTTTCTC
   324      1    -9.6630228201   0.000063592004       0.0712  GAAAAAAAAAAAC
   325      1   -17.8119748778   0.000000018381       0.0000  GAAAAAGGAAATT
   326      1   -13.9330893453   0.000000889070       0.0010  GAAAAGAAAATGG
   327      1   -14.4962989544   0.000000506218       0.0006  GAAAAGAGAAGAG
   328      1   -20.0619555700   0.000000001937       0.0000  GAAAGAACGACCC
   329      1   -14.2617934656   0.000000640003       0.0007  GAAGGGGAGAGGG
   330      1   -21.6056734039   0.000000000414       0.0000  GAATACATGTTTC
   331      1   -12.0049747392   0.000006113722       0.0068  GACACACACAAGG
   332      1   -18.4536434472   0.000000009676       0.0000  GAGAAATTGATAA
   333      1    -8.3170017907   0.000244327312       0.2734  GAGAGAAAGAGGG
   334      1   -12.8043358965   0.000002748828       0.0031  GAGAGAAGGAAGG
   335      2    -5.7476398946   0.003190301366       3.5699  GAGAGAGAGAAAA
   336      1    -7.3686899353   0.000630693888       0.7057  GAGAGAGAGAAAG
   337      1    -8.4379683958   0.000216489525       0.2423  GAGAGAGAGAAAT
   338      1    -7.6385266357   0.000481537410       0.5388  GAGAGAGAGAAGA
   339      1    -9.8984134143   0.000050254352       0.0562  GAGAGAGAGAAGC
   340      1    -7.1174010758   0.000810871408       0.9074  GAGAGAGAGAAGG
   341      2    -7.0851578639   0.000837442575       0.9371  GAGAGAGAGAGGA
   342      4    -5.4633590059   0.004239291995       4.7438  GAGAGAGAGAGGG
   343      1    -8.1349299257   0.000293119575       0.3280  GAGAGAGAGATAA
   344      2    -8.2963867492   0.000249416405       0.2791  GAGAGAGGGAGGG
   345      1   -20.0825457065   0.000000001898       0.0000  GAGAGGAAATGAA
   346      1   -10.3402773255   0.000032305362       0.0361  GAGAGGGAGAAGA
   347      1   -11.4840570373   0.000010292892       0.0115  GAGCGAGAGAAGG
   348      1   -16.9037015651   0.000000045584       0.0001  GAGGAAGAGATTA
   349      1    -9.3678675367   0.000085425361       0.0956  GAGGGAGAGGGGG
   350      1    -8.4674697995   0.000210196069       0.2352  GAGGGAGGGGGGG
   351      1   -11.2032770254   0.000013629459       0.0153  GAGGGAGGGGGTG
   352      1   -13.7386194387   0.000001079924       0.0012  GAGGGGGAGGAGC
   353      1   -20.8957104754   0.000000000842       0.0000  GATAAACACAATC
   354      1   -13.6371430552   0.000001195265       0.0013  GCACACATACTTT
   355      1   -12.8100818516   0.000002733079       0.0031  GCATACATATAAA
   356      1   -17.6364219796   0.000000021908       0.0000  GCATGTATGTCCT
   357      1   -21.4746085424   0.000000000472       0.0000  GCGAAGAAAAAGC
   358      1   -20.0096902989   0.000000002041       0.0000  GCGAAGGAGATAC
   359      1   -11.5886309545   0.000009270892       0.0104  GCGAGAGAGAAGA
   360      1   -14.0846825546   0.000000764012       0.0009  GCGAGCGCGCAGA
   361      1   -13.7192781235   0.000001101015       0.0012  GCGAGCGCGCTCT
   362      1   -10.8735939300   0.000018952136       0.0212  GCGAGGGGGGGGG
   363      1   -19.4302033490   0.000000003644       0.0000  GCGCACATGCTAC
   364      1    -9.9057770772   0.000049885655       0.0558  GCGCGCGCGCAAG
   365      1    -7.5271976548   0.000538244492       0.6023  GCGCGCGCGCCCC
   366      2    -8.5573276957   0.000192132044       0.2150  GCGCGCGCGCGAG
   367      1   -16.5073556072   0.000000067756       0.0001  GCGCGGGTGCACA
   368      1   -11.2845511042   0.000012565556       0.0141  GCGGGGGGGAGGG
   369      1   -13.5451296947   0.000001310463       0.0015  GCGTGCGTGTCCA
   370      1   -22.0651436452   0.000000000261       0.0000  GCTTTTCGTTATC
   371      1   -18.6924710153   0.000000007620       0.0000  GGAAAGAAGAAAC
   372      1   -24.5372359010   0.000000000022       0.0000  GGAAATAGCGCGT
   373      1   -19.1998694880   0.000000004588       0.0000  GGAAGGAAGAGTC
   374      1   -15.0707388472   0.000000285011       0.0003  GGAAGGGAGAGAT
   375      1   -20.4237903190   0.000000001349       0.0000  GGAGAGAAGGCAT
   376      1   -10.0033917028   0.000045246208       0.0506  GGAGAGAGAGAAG
   377      1   -14.0290299230   0.000000807737       0.0009  GGAGGAAGAGAAG
   378      1    -8.1953855667   0.000275923869       0.3088  GGAGGGAGAGGGG
   379      1   -12.3084961608   0.000004513236       0.0051  GGAGGGGGAGTAG
   380      1   -16.8157931195   0.000000049773       0.0001  GGCACGCACACAG
   381      1   -19.2797488849   0.000000004236       0.0000  GGCAGGCACAGCC
   382      1    -8.4668425468   0.000210327957       0.2354  GGGAGAGAGAGAG
   383      2    -6.8327265541   0.001077915113       1.2062  GGGAGAGAGAGGG
   384      1   -12.0747438001   0.000005701714       0.0064  GGGAGGAAGGGGG
   385      1   -14.6596881896   0.000000429911       0.0005  GGGAGGGAAAAAG
   386      1   -18.1220983353   0.000000013479       0.0000  GGGAGGGGAGATC
   387      1   -11.2872550719   0.000012531625       0.0140  GGGAGGGGGAAAA
   388      1   -10.7975914502   0.000020448696       0.0229  GGGAGGGGGAGCG
   389      1   -10.2195303338   0.000036451413       0.0408  GGGAGGGGGATGG
   390      1    -6.8405807086   0.001069482162       1.1968  GGGAGGGGGGGGG
   391      1    -8.2439046239   0.000262855890       0.2941  GGGCGGGGGGGGG
   392      1   -13.8368207440   0.000000978915       0.0011  GGGGACGGGGGGC
   393      1    -6.9150910782   0.000992691042       1.1108  GGGGAGGGGGGGG
   394      1    -8.3178748779   0.000244114086       0.2732  GGGGCGGGGGGGG
   395      1   -15.0309014841   0.000000296594       0.0003  GGGGGAAAGGAAG
   396      2    -8.7682561088   0.000155594684       0.1741  GGGGGAGAGGGGG
   397      1   -10.2505884850   0.000035336700       0.0395  GGGGGAGCGGGGG
   398      1   -11.9230579466   0.000006635623       0.0074  GGGGGAGGAGAGG
   399      1    -9.6748306001   0.000062845539       0.0703  GGGGGAGGGGAGA
   400      1   -20.1440900077   0.000000001785       0.0000  GGGGGCGAGACCA
   401      1   -10.9609422374   0.000017366939       0.0194  GGGGGGGAGGATG
   402      1    -6.4361675898   0.001602536504       1.7932  GGGGGGGAGGGGG
   403      1   -10.8256031518   0.000019883841       0.0223  GGGGGGGCGGCGG
   404      1    -5.5898405885   0.003735623319       4.1802  GGGGGGGGGGAGG
   405      1    -9.8853603905   0.000050914623       0.0570  GGGGGGGGGGCGC
   406      1    -6.8987231747   0.001009073017       1.1292  GGGGGGGGGGCGG
   407      1    -7.1002787326   0.000824874972       0.9230  GGGGGGGGGGGCG
   408      3    -5.6729129927   0.003437836284       3.8469  GGGGGGGGGGGGA
   409     96    -3.8886687743   0.020472581533      22.9088  GGGGGGGGGGGGG
   410      1    -6.6118469690   0.001344346888       1.5043  GGGGGGGGGGGGT
   411      1    -9.7228117407   0.000059901337       0.0670  GGGGGGGGGGTCG
   412      1   -13.4918136625   0.000001382228       0.0015  GGGGGGGTGAGGT
   413      1   -10.1618498705   0.000038615768       0.0432  GGGGGGGTGGGGT
   414      1   -13.0245474407   0.000002205520       0.0025  GGGGGGTGGGTGT
   415      1   -15.0615981523   0.000000287628       0.0003  GGGTGCGTGTGCA
   416      1   -17.4387661929   0.000000026696       0.0000  GGGTGTCTGTGCT
   417      1   -14.7845954454   0.000000379430       0.0004  GGGTGTGAGTGCG
   418      1   -12.9461867902   0.000002385297       0.0027  GGGTGTGTGTTGT
   419      1   -25.6825557956   0.000000000007       0.0000  GGTACCCCTATGT
   420      1   -16.3461100317   0.000000079611       0.0001  GGTATGTGTATAG
   421      1   -16.8051232388   0.000000050307       0.0001  GTATATATGTGCT
   422      1   -16.2354555783   0.000000088927       0.0001  GTATATATGTTAT
   423      1   -20.5936657686   0.000000001138       0.0000  GTATATGAATTGC
   424      1   -15.7982249095   0.000000137695       0.0002  GTATATTTATATG
   425      1   -18.0972691092   0.000000013818       0.0000  GTGAGAGAGGTCA
   426      1   -20.3212982050   0.000000001495       0.0000  GTGAGTGATAACC
   427      1   -11.9296566031   0.000006591981       0.0074  GTGCGCGCGCGGC
   428      1    -7.5452137770   0.000528634243       0.5915  GTGGGGGGGGGGG
   429      1   -22.3392907571   0.000000000199       0.0000  GTGGGTTTGCCGA
   430      1   -18.4194564142   0.000000010012       0.0000  GTGTATACATTAT
   431      1   -18.7054285875   0.000000007522       0.0000  GTGTATACGTCAA
   432      1   -15.5178245682   0.000000182261       0.0002  GTGTGTCTGTTGC
   433      1   -10.5751184740   0.000025543735       0.0286  GTGTGTGTGTAAT
   434      1   -11.0076758752   0.000016573991       0.0185  GTGTGTGTGTAGC
   435      1   -10.3381257741   0.000032374944       0.0362  GTGTGTGTGTATC
   436      1   -10.4354230223   0.000029373342       0.0329  GTGTGTGTGTCTG
   437      1    -8.0315568658   0.000325041768       0.3637  GTGTGTGTGTGAG
   438      1    -8.1472361108   0.000289534496       0.3240  GTGTGTGTGTGGA
   439      1    -6.3944646328   0.001670780105       1.8696  GTGTGTGTGTGGG
   440      1    -9.0120580677   0.000121930656       0.1364  GTGTGTGTGTTGG
   441      1   -18.5319981307   0.000000008947       0.0000  GTTTTTTCTCATA
   442      1   -12.8144205727   0.000002721246       0.0030  GTTTTTTTTTTGC
   443      1   -17.0658805193   0.000000038760       0.0000  TAAAAAACAAATC
   444      1   -11.0738626403   0.000015512527       0.0174  TAAATATAAATTT
   445      1   -15.7384961508   0.000000146170       0.0002  TAAGTTTTTTTTT
   446      1   -18.9687914633   0.000000005780       0.0000  TACAAATATAACG
   447      1   -10.7060004240   0.000022410064       0.0251  TACACACACATAA
   448      1   -15.0557829536   0.000000289305       0.0003  TACATACATAATT
   449      1   -15.9276135962   0.000000120983       0.0001  TACATCTGTATTT
   450      1   -15.6133367658   0.000000165659       0.0002  TACATGTACATCC
   451      1   -15.0254649549   0.000000298211       0.0003  TACATTTTTATTT
   452      1   -20.0417746660   0.000000001977       0.0000  TACGCGTACGGCC
   453      1   -10.8922383734   0.000018602057       0.0208  TATATACATACTT
   454      1   -14.4734472863   0.000000517919       0.0006  TATATATACAACT
   455      1    -9.4429058552   0.000079249785       0.0887  TATATATATAAAC
   456      1    -7.8126616515   0.000404579763       0.4527  TATATATATACTT
   457      1    -9.6790154456   0.000062583090       0.0700  TATATATATAGGA
   458      1    -7.4122119192   0.000603833585       0.6757  TATATATATATAA
   459      2    -7.3827666534   0.000621877983       0.6959  TATATATATATAT
   460      1    -5.8697211970   0.002823660469       3.1597  TATATATATATTT
   461      1   -12.1676686026   0.000005195755       0.0058  TATATCTATACCC
   462      1   -14.7265911430   0.000000402089       0.0004  TATATTTATAAGC
   463      1   -11.1527708500   0.000014335510       0.0160  TATATTTATATCT
   464      1   -16.2716074278   0.000000085769       0.0001  TATATTTGTGTAA
   465      1   -20.5185201231   0.000000001227       0.0000  TATCGATTTGTTT
   466      1   -13.1385810982   0.000001967826       0.0022  TATCTATCTCTCC
   467      1   -13.9747643212   0.000000852780       0.0010  TATGTATATACCA
   468      1   -15.2548076511   0.000000237094       0.0003  TATGTATGTAAAC
   469      1   -22.8091010228   0.000000000124       0.0000  TATGTGAAAAGGG
   470      1   -16.3172115215   0.000000081945       0.0001  TATGTGTGTAACT
   471      1   -10.3973426053   0.000030513462       0.0341  TATGTGTGTGTAT
   472      1   -13.6390628453   0.000001192972       0.0013  TATTTATATACAC
   473      1    -9.4696216596   0.000077160595       0.0863  TATTTCTTTTTTT
   474      1   -23.6189659495   0.000000000055       0.0000  TATTTGCGCTCAC
   475      1   -14.7594221935   0.000000389103       0.0004  TCACACACATCTC
   476      1   -20.7591034246   0.000000000965       0.0000  TCATACCTATTCG
   477      1    -9.2853556975   0.000092772927       0.1038  TCCCTCTCCCTTT
   478      1    -9.2812057110   0.000093158733       0.1042  TCCCTCTCTCCCC
   479      1   -11.7317274423   0.000008034808       0.0090  TCCCTCTCTCTTG
   480      1   -15.0480910260   0.000000291539       0.0003  TCCTCTATCTCCT
   481      1    -9.4772851283   0.000076571537       0.0857  TCCTCTCTCTTTT
   482      1   -15.2016540953   0.000000250038       0.0003  TCCTCTTTCTGCC
   483      1   -12.7156473616   0.000003003755       0.0034  TCCTTTTTTTCTC
   484      1   -13.8529360087   0.000000963266       0.0011  TCGGTGTGTGTTT
   485      1   -16.3588995755   0.000000078600       0.0001  TCTACCCATATCC
   486      1   -20.4840670273   0.000000001270       0.0000  TCTACCCCCCATA
   487      1   -21.3027012392   0.000000000560       0.0000  TCTATACCTCAAT
   488      1   -10.6623320751   0.000023410356       0.0262  TCTATATATATTC
   489      1   -14.0380650048   0.000000800471       0.0009  TCTATGTATGTTT
   490      1   -15.0765593643   0.000000283357       0.0003  TCTCCATCTCACC
   491      1   -12.9732890047   0.000002321519       0.0026  TCTCCCTCTCCTG
   492      1   -15.1996463704   0.000000250540       0.0003  TCTCCCTTTTTTC
   493      1   -10.5572509146   0.000026004241       0.0291  TCTCCTTCTCTTT
   494      1   -20.9737917749   0.000000000778       0.0000  TCTCTCCTTGTGA
   495      1   -10.5432247893   0.000026371550       0.0295  TCTCTCTCTCAAT
   496      1   -11.5189287722   0.000009940147       0.0111  TCTCTCTCTCCAG
   497      1    -7.1392113911   0.000793377514       0.8878  TCTCTCTCTCCCT
   498      1    -7.3628661659   0.000634377620       0.7099  TCTCTCTCTCCTC
   499      1    -6.9710704396   0.000938647602       1.0503  TCTCTCTCTCCTT
   500      1    -8.2242490030   0.000268073596       0.3000  TCTCTCTCTCGTT
   501      1    -9.9779143792   0.000046413770       0.0519  TCTCTCTCTCTAA
   502      1    -6.2780952725   0.001876972312       2.1003  TCTCTCTCTCTCT
   503      1    -6.8794781086   0.001028680765       1.1511  TCTCTCTCTCTTC
   504      3    -5.1145457447   0.006008706702       6.7237  TCTCTCTCTCTTT
   505      1    -9.1023535382   0.000111403308       0.1247  TCTCTCTGTCTTT
   506      1   -13.3068422064   0.000001663075       0.0019  TCTCTCTTTCAGT
   507      1   -10.3168126675   0.000033072360       0.0370  TCTCTCTTTCTAT
   508      1   -13.8144159297   0.000001001095       0.0011  TCTCTGTCTGTTT
   509      1   -10.1410952052   0.000039425600       0.0441  TCTCTTTCTCATT
   510      1    -9.0935242807   0.000112391271       0.1258  TCTCTTTCTCTTC
   511      1   -13.1441636742   0.000001956871       0.0022  TCTCTTTCTTTAT
   512      1   -10.9726478812   0.000017164833       0.0192  TCTCTTTTTCTTC
   513      1   -10.4482973342   0.000028997605       0.0324  TCTGTGTGTGCCC
   514      1   -10.2742713952   0.000034509656       0.0386  TCTGTTTTTTTTT
   515      1   -13.9700426054   0.000000856816       0.0010  TCTTCCTCTCATT
   516      1   -18.9233007986   0.000000006049       0.0000  TCTTCTCTCCTTA
   517      1   -15.0863929597   0.000000280584       0.0003  TCTTCTTCTCCTT
   518      1    -9.0862288066   0.000113214217       0.1267  TCTTCTTTTTTTT
   519      1   -12.9932995294   0.000002275526       0.0025  TCTTTCCCTCCCT
   520      1   -10.8965608577   0.000018521824       0.0207  TCTTTCCTTTTTT
   521      1    -7.8952677261   0.000372502158       0.4168  TCTTTCTCTCTTT
   522      1   -13.8859122913   0.000000932019       0.0010  TCTTTCTCTTACA
   523      1   -11.9425265834   0.000006507686       0.0073  TCTTTCTTTTACT
   524      1   -14.0251994052   0.000000810837       0.0009  TCTTTCTTTTCAA
   525      1   -12.6605390522   0.000003173933       0.0036  TCTTTCTTTTCTG
   526      1   -14.8655743956   0.000000349915       0.0004  TCTTTTCCTCTTC
   527      1   -10.9224490428   0.000018048481       0.0202  TCTTTTCTTTTTC
   528      1    -9.3675381635   0.000085453502       0.0956  TCTTTTTTTCTTT
   529      1    -8.8193682412   0.000147841731       0.1654  TCTTTTTTTTTCC
   530      1    -5.8385691083   0.002913007844       3.2597  TCTTTTTTTTTTT
   531      1   -25.6383310927   0.000000000007       0.0000  TGCACATGGAACA
   532      1   -14.8038051277   0.000000372211       0.0004  TGCATGTATAAAA
   533      1   -14.0553485641   0.000000786755       0.0009  TGCGCGTGCGTTC
   534      1   -16.9504337250   0.000000043503       0.0000  TGGGTGAGGGGGT
   535      1   -13.2006000587   0.000001849491       0.0021  TGTATACATATAT
   536      1   -17.7702858357   0.000000019163       0.0000  TGTATACATGTTA
   537      1   -16.7660155505   0.000000052313       0.0001  TGTATATTTAACC
   538      1   -19.0884540225   0.000000005128       0.0000  TGTATGAATGAAG
   539      1   -24.3497903959   0.000000000027       0.0000  TGTATGCGCTACC
   540      1   -15.0948487998   0.000000278221       0.0003  TGTCTGTCTCTAC
   541      1   -16.6196379058   0.000000060560       0.0001  TGTCTGTGTTTAA
   542      1   -16.9292968771   0.000000044432       0.0000  TGTGAGTATGAGT
   543      1   -12.5047261286   0.000003709082       0.0042  TGTGCGTGTGTGA
   544      1   -11.9064938988   0.000006746451       0.0075  TGTGTATGTGGGT
   545      1    -8.6773529877   0.000170401526       0.1907  TGTGTATGTGTTT
   546      1   -10.0456514538   0.000043373953       0.0485  TGTGTCTGTGTTT
   547      1   -17.3617837354   0.000000028832       0.0000  TGTGTGCTTGATA
   548      1   -13.3762376393   0.000001551579       0.0017  TGTGTGTATGCAC
   549      1   -14.4906385427   0.000000509091       0.0006  TGTGTGTCTGAAT
   550      1   -13.3131024673   0.000001652696       0.0018  TGTGTGTGCGTTG
   551      1    -8.4208504106   0.000220227290       0.2464  TGTGTGTGTGAGG
   552      1    -9.3286687946   0.000088840423       0.0994  TGTGTGTGTGGTT
   553      1    -7.8777563541   0.000379082631       0.4242  TGTGTGTGTGTGT
   554      1    -8.2403743013   0.000263785496       0.2952  TGTGTGTGTGTTC
   555      2    -9.2237110345   0.000098671833       0.1104  TGTGTGTGTGTTG
   556      1    -6.2475085243   0.001935269812       2.1656  TGTGTGTGTGTTT
   557      1   -15.0101981482   0.000000302799       0.0003  TGTTCCTTTTTTC
   558      1   -18.3589683541   0.000000010637       0.0000  TTAATTTATATGA
   559      1   -17.1189727277   0.000000036756       0.0000  TTATTTTTGTAAA
   560      1   -23.3248800290   0.000000000074       0.0000  TTCCCGCTCGAAT
   561      1   -15.3347056544   0.000000218888       0.0002  TTCCTCTCCCTGC
   562      1   -12.0093456880   0.000006087058       0.0068  TTCTCCCCCCCCC
   563      1   -13.7058836322   0.000001115862       0.0012  TTCTCCTTCTTTC
   564      1   -14.6208832405   0.000000446921       0.0005  TTCTCTCCTTCCC
   565      1    -9.3616129658   0.000085961334       0.0962  TTCTCTCTCTTCC
   566      1   -13.3114402817   0.000001655446       0.0019  TTCTCTTTTTCTC
   567      1    -9.8838101598   0.000050993613       0.0571  TTCTTCTTCTTTT
   568      1    -7.5988667535   0.000501018890       0.5606  TTCTTTCTCTTTT
   569      1   -13.5809895532   0.000001264303       0.0014  TTCTTTTTCTGGT
   570      1    -6.4833043458   0.001528750803       1.7107  TTCTTTTTTTTTT
   571      1   -18.9857415966   0.000000005683       0.0000  TTGTCTTCTTGCT
   572      1   -12.5241472203   0.000003637743       0.0041  TTTATATATATGG
   573      1   -11.9027721850   0.000006771607       0.0076  TTTATCTTTTTTC
   574      1   -15.6898888960   0.000000153450       0.0002  TTTCCTCTTTCCT
   575      1   -14.8089484174   0.000000370301       0.0004  TTTCTATCTTATT
   576      1    -8.6994068593   0.000166684649       0.1865  TTTCTCTCTCTCC
   577      1    -6.3062379259   0.001824885697       2.0420  TTTCTCTCTCTTT
   578      1   -11.5594784570   0.000009545140       0.0107  TTTCTCTTTCCCT
   579      2   -10.3735647354   0.000031247702       0.0350  TTTCTCTTTCTTC
   580      1   -10.1489404491   0.000039117507       0.0438  TTTCTTTCTCTCC
   581      1    -9.9868345262   0.000046001593       0.0515  TTTCTTTCTCTTG
   582      1    -9.2443311768   0.000096658039       0.1082  TTTCTTTTTTTAT
   583      1    -8.3191929740   0.000243792532       0.2728  TTTCTTTTTTTCT
   584      1    -6.2092966372   0.002010651184       2.2499  TTTCTTTTTTTTT
   585      1   -18.2850272173   0.000000011453       0.0000  TTTGCCTGTGCAT
   586      1   -15.9418024232   0.000000119279       0.0001  TTTGTGTCTCTCT
   587      1    -9.2261146305   0.000098434950       0.1101  TTTTATTTTTCTT
   588      1    -9.9175297279   0.000049302798       0.0552  TTTTCATTTTTTT
   589      1   -11.6410609195   0.000008797342       0.0098  TTTTCTCTCTTTC
   590      1    -9.0798897742   0.000113934165       0.1275  TTTTCTCTTTTTT
   591      1   -12.8011589930   0.000002757575       0.0031  TTTTCTTCTTTCC
   592      1    -9.0633862916   0.000115830077       0.1296  TTTTCTTCTTTTT
   593      1   -12.2754728573   0.000004664766       0.0052  TTTTTATCTTATT
   594      1   -11.2434775290   0.000013092415       0.0147  TTTTTCTTTCTCT
   595      2    -8.5574520925   0.000192108144       0.2150  TTTTTCTTTTATT
   596      1    -9.6039523147   0.000067461580       0.0755  TTTTTCTTTTCCT
   597      1    -9.4465286898   0.000078963196       0.0884  TTTTTCTTTTCTC
   598      1    -9.7104651685   0.000060645497       0.0679  TTTTTGTCTTTTT
   599      1    -8.0752350832   0.000311150113       0.3482  TTTTTTCTTTCTT
   600      1   -11.1318300476   0.000014638873       0.0164  TTTTTTCTTTTAC
   601      1    -9.1524768829   0.000105957034       0.1186  TTTTTTCTTTTAT
   602      1    -7.3686878211   0.000630695221       0.7057  TTTTTTGTTTTTT
   603      1   -15.1666035419   0.000000258957       0.0003  TTTTTTTCTCGGT
   604      3    -9.5730451140   0.000069579184       0.0779  TTTTTTTCTTTCC
   605      1    -5.8156756786   0.002980465810       3.3351  TTTTTTTCTTTTT
   606      1    -8.5648149258   0.000190698879       0.2134  TTTTTTTTTCCTT
   607      1    -8.9951489260   0.000124009929       0.1388  TTTTTTTTTTAAA
   608      1    -7.9702169163   0.000345604011       0.3867  TTTTTTTTTTACT
   609      1   -10.9774139520   0.000017083218       0.0191  TTTTTTTTTTAGC
   610      1    -9.1757074540   0.000103523962       0.1158  TTTTTTTTTTAGT
   611      1    -8.6535311458   0.000174509540       0.1953  TTTTTTTTTTATA
   612      1    -5.8822324487   0.002788553020       3.1204  TTTTTTTTTTATT
   613      1    -7.8921270451   0.000373673908       0.4181  TTTTTTTTTTCTA
   614      1    -8.7147488288   0.000164146895       0.1837  TTTTTTTTTTTAA
   615      1    -9.1799030019   0.000103090532       0.1154  TTTTTTTTTTTAG
   616      2    -6.0724511901   0.002305515023       2.5799  TTTTTTTTTTTAT
   617      2    -5.1474344026   0.005814302767       6.5062  TTTTTTTTTTTCT
   618      1    -8.3318335220   0.000240730256       0.2694  TTTTTTTTTTTGC
   619      1    -6.3521773628   0.001742947972       1.9504  TTTTTTTTTTTGT
   620      1    -5.9696608646   0.002555107800       2.8592  TTTTTTTTTTTTA
   621      2    -5.0746548898   0.006253244126       6.9974  TTTTTTTTTTTTC
   622      1    -6.2493870373   0.001931637795       2.1615  TTTTTTTTTTTTG
   623    155    -3.0373955523   0.047959635339      53.6668  TTTTTTTTTTTTT

 2

     1    108    -3.2428095369   0.039054017116      43.7014  AAAAAAAAAAAAA
     2      2    -6.3815341098   0.001692524446       1.8939  AAAAAAAAAAAAC
     3      2    -5.3412961054   0.004789658783       5.3596  AAAAAAAAAAAAG
     4      1    -6.0046577300   0.002467233664       2.7608  AAAAAAAAAAAAT
     5      2    -5.4193777686   0.004429902215       4.9571  AAAAAAAAAAAGA
     6      1    -6.1103560124   0.002219760410       2.4839  AAAAAAAAAAATA
     7      2    -6.2940808127   0.001847206442       2.0670  AAAAAAAAAACAA
     8      1    -9.7458814823   0.000058535246       0.0655  AAAAAAAAAACCC
     9      1   -11.1151890475   0.000014884516       0.0167  AAAAAAAAAACGC
    10      3    -5.2609430853   0.005190407413       5.8081  AAAAAAAAAAGAA
    11      1    -7.1386521729   0.000793821310       0.8883  AAAAAAAAAAGAG
    12      2    -5.9172044329   0.002692717337       3.0132  AAAAAAAAAATAA
    13      1   -11.0309259056   0.000016193091       0.0181  AAAAAAAAAATCG
    14      1   -10.6428239018   0.000023871533       0.0267  AAAAAAAAAATCT
    15      1    -8.7494627533   0.000158546481       0.1774  AAAAAAAAAATTA
    16      1   -10.6935577462   0.000022690647       0.0254  AAAAAAAAAATTC
    17      1   -10.5590553119   0.000025957361       0.0290  AAAAAAAAAATTG
    18      1    -9.1201355014   0.000109439847       0.1225  AAAAAAAAAATTT
    19      1    -6.8859233720   0.001022071967       1.1437  AAAAAAAAAGAAA
    20      1   -14.7573503294   0.000000389910       0.0004  AAAAAAAAAGCGC
    21      1    -9.5603169484   0.000070470460       0.0789  AAAAAAAAAGTAA
    22      1    -7.1879359586   0.000755647199       0.8456  AAAAAAACAAAAA
    23      1    -6.0866594774   0.002272989218       2.5435  AAAAAAAGAAAAA
    24      1    -9.1379273561   0.000107509929       0.1203  AAAAAAAGAACAA
    25      1   -11.8507485959   0.000007133214       0.0080  AAAAAAAGAACAT
    26      1   -13.9215089072   0.000000899426       0.0010  AAAAAAAGAGTAG
    27      1   -12.1531176827   0.000005271911       0.0059  AAAAAAGAAACAT
    28      1    -7.0842816822   0.000838176648       0.9379  AAAAACAAAAAAA
    29      4    -5.9845964528   0.002517229334       2.8168  AAAAAGAAAAAAA
    30      1   -12.0928228429   0.000005599558       0.0063  AAAAAGAAAAACC
    31      1   -11.3936718355   0.000011266556       0.0126  AAAAAGAAAAATT
    32      1   -13.2815336972   0.000001705702       0.0019  AAAAAGAAAACTT
    33      1    -8.0024018666   0.000334657858       0.3745  AAAAAGAAAAGAA
    34      1   -10.0316171622   0.000043986967       0.0492  AAAAAGAAAAGGA
    35      2    -9.5497953069   0.000071215839       0.0797  AAAAAGAAAGAAA
    36      2    -9.4851515858   0.000075971553       0.0850  AAAAAGAGAGAAA
    37      1   -15.3065307945   0.000000225143       0.0003  AAAAAGAGAGTCA
    38      1   -12.5530812935   0.000003533996       0.0040  AAAACAAAAAGTA
    39      1   -12.7030856706   0.000003041725       0.0034  AAAACAAGAAAGA
    40      1   -22.1176839815   0.000000000248       0.0000  AAAACATAGACTT
    41      1    -6.5584554401   0.001418074320       1.5868  AAAAGAAAAAAAA
    42      1   -12.3211835175   0.000004456337       0.0050  AAAAGAAAAATAC
    43      1   -15.6465776499   0.000000160242       0.0002  AAAAGAAGAGAAC
    44      1   -11.6119222433   0.000009057456       0.0101  AAAAGAGAAAAGA
    45      1   -11.3149240851   0.000012189641       0.0136  AAAAGGAAAAGAA
    46      1    -7.9240934386   0.000361917802       0.4050  AAACACACACAAA
    47      1   -11.2397332889   0.000013141528       0.0147  AAACGCACACAAA
    48      1    -8.5818794544   0.000187472300       0.2098  AAAGAAAAAAAAG
    49      1   -10.4024263299   0.000030358733       0.0340  AAAGAAAAAAAGG
    50      1   -10.3790680915   0.000031076207       0.0348  AAAGAAAAAAGAG
    51      1    -9.0572740307   0.000116540229       0.1304  AAAGAAAGAAAAA
    52      1   -10.4960942374   0.000027644210       0.0309  AAAGAAAGAGGGG
    53      1    -8.8132401190   0.000148750505       0.1665  AAAGAGAAAGAAA
    54      1    -6.5818182370   0.001385328149       1.5502  AAAGAGAGAGAAA
    55      1    -9.7714561706   0.000057057207       0.0638  AAAGAGAGAGACA
    56      1   -13.5738318896   0.000001273385       0.0014  AAAGAGAGAGTCG
    57      1   -17.0588289315   0.000000039034       0.0000  AAAGGAGAAGGGA
    58      1   -21.8668084210   0.000000000319       0.0000  AAAGGGTGGGATT
    59      1   -12.8767238344   0.000002556877       0.0029  AAAGTGAAAGAAA
    60      1   -10.1945593465   0.000037373101       0.0418  AAATAAAAATAAG
    61      1   -13.5043004964   0.000001365076       0.0015  AAATAAAAATATT
    62      1   -17.0004034776   0.000000041383       0.0000  AAATAAAAGTTAG
    63      1   -10.4109902554   0.000030099853       0.0337  AAATAAAGATAAA
    64      1   -15.7162954986   0.000000149451       0.0002  AAATACACACTCT
    65      1   -12.4116151890   0.000004071027       0.0046  AAATATATATATC
    66      1   -17.4714056967   0.000000025838       0.0000  AAATGAATATCCC
    67      1    -6.7572202950   0.001162455972       1.3008  AAGAAAAAAAAAA
    68      1   -16.3174180479   0.000000081929       0.0001  AAGAAGAGGAAGG
    69      1   -12.2226501128   0.000004917796       0.0055  AAGAGAAAAAAGA
    70      1    -9.0843838505   0.000113423285       0.1269  AAGAGAGAGAAGA
    71      1   -24.2472910997   0.000000000029       0.0000  AAGCGACAGGTAC
    72      5    -6.4129146913   0.001640236744       1.8354  ACACACACACAAA
    73      2    -9.3691730594   0.000085313909       0.0955  ACACACACACAAC
    74      1    -8.0557233789   0.000317280798       0.3550  ACACACACACACA
    75      1    -8.3649357704   0.000232891991       0.2606  ACACACACACAGA
    76      1    -9.3754753312   0.000084777928       0.0949  ACACACACACAGG
    77      1    -9.4351306822   0.000079868368       0.0894  ACACACACACCAA
    78      1    -9.7628773208   0.000057548797       0.0644  ACACACACACCCA
    79      1    -7.1813364749   0.000760650572       0.8512  ACACACACACCCC
    80      1   -10.9176412646   0.000018135463       0.0203  ACACACACACTGA
    81      1   -12.9645553897   0.000002341883       0.0026  ACACACAGACGGG
    82      1   -11.7445307362   0.000007932592       0.0089  ACACACATACAAC
    83      1   -15.6534392091   0.000000159147       0.0002  ACACACATATCGC
    84      1   -12.5123672585   0.000003680849       0.0041  ACACACGCACGCC
    85      1   -15.5929328759   0.000000169073       0.0002  ACACAGACATATA
    86      1   -10.3238982187   0.000032838852       0.0367  ACACATACACACA
    87      1   -10.6756457375   0.000023100744       0.0258  ACACATACACGAA
    88      1   -15.2102342251   0.000000247902       0.0003  ACACATATAGAAA
    89      1   -12.9497729434   0.000002376759       0.0027  ACACGCACACTTC
    90      1   -15.3237489423   0.000000221299       0.0002  ACACGCATACTTC
    91      1   -17.2375546566   0.000000032646       0.0000  ACAGAGAAAGTGC
    92      1   -21.2453279396   0.000000000593       0.0000  ACAGTTAGATTTT
    93      1   -11.7597762119   0.000007812573       0.0087  ACATACACACGGG
    94      1   -15.9565395273   0.000000117534       0.0001  ACATAGACACACT
    95      1   -10.8278273775   0.000019839664       0.0222  ACATATACATAAA
    96      1    -8.3142750987   0.000244994426       0.2741  ACATATATATAAA
    97      1   -10.3745205216   0.000031217850       0.0349  ACATATATATAAG
    98      1   -11.8186151263   0.000007366152       0.0082  ACATATATATGAG
    99      1   -12.7545660310   0.000002889099       0.0032  ACATATATATGTC
   100      1   -13.2176631140   0.000001818201       0.0020  ACATGCACATAAA
   101      1   -20.2469855106   0.000000001610       0.0000  ACCTACTTCTAAT
   102      1   -18.3341907176   0.000000010903       0.0000  ACCTTTTTCTATA
   103      1   -14.3422379275   0.000000590534       0.0007  ACGTATACATAAA
   104      1   -23.3107309137   0.000000000075       0.0000  ACTCGCAGTCTGT
   105      1    -6.1244203959   0.002188759365       2.4492  AGAAAAAAAAAAA
   106      1    -8.1342921520   0.000293306579       0.3282  AGAAAAAAAAGAA
   107      1   -13.3216490599   0.000001638632       0.0018  AGAAAAAAAATGC
   108      2    -9.7393428690   0.000058919240       0.0659  AGAAAAAAAGAAA
   109      1   -14.9530374796   0.000000320611       0.0004  AGAAAAAAAGGTG
   110      1   -10.5196674462   0.000027000169       0.0302  AGAAAAAGAGAAA
   111      1    -9.2706762988   0.000094144822       0.1053  AGAAAAGAAAAAA
   112      1   -10.1713140427   0.000038252026       0.0428  AGAAAGAAAAGAA
   113      1   -13.8921511943   0.000000926223       0.0010  AGAAAGAAGAAGA
   114      1    -9.5634721418   0.000070248462       0.0786  AGAAAGAGAGAGG
   115      1   -14.0988686991   0.000000753250       0.0008  AGAAAGTGAGGAA
   116      1   -12.2773450363   0.000004656041       0.0052  AGAAATAAAAAAT
   117      1   -24.9510235058   0.000000000015       0.0000  AGAACATATGCCC
   118      1   -11.5157548248   0.000009971746       0.0112  AGAAGGAAAAAAA
   119      1   -13.8505994306   0.000000965520       0.0011  AGAAGGAAAGAAA
   120      1   -22.7169916228   0.000000000136       0.0000  AGACGGAGGTAAT
   121      1   -20.4799602491   0.000000001275       0.0000  AGACGGGAAGCGG
   122      1    -9.3526258057   0.000086737364       0.0971  AGAGAAAAAAAAA
   123      1   -10.7444587915   0.000021564572       0.0241  AGAGAAAGAGACA
   124      2    -8.4128092346   0.000222005315       0.2484  AGAGAAAGAGGGG
   125      1    -9.9749056255   0.000046553628       0.0521  AGAGAGAGAAAGG
   126      1    -5.3310851486   0.004838816328       5.4146  AGAGAGAGAGAAA
   127      1    -7.1790037221   0.000762427053       0.8532  AGAGAGAGAGAAG
   128      1    -8.3675018367   0.000232295141       0.2599  AGAGAGAGAGACA
   129      1    -6.5191522959   0.001474918867       1.6504  AGAGAGAGAGAGA
   130      1    -7.6721186036   0.000465630292       0.5210  AGAGAGAGAGGAG
   131      1    -5.9677626169   0.002559962634       2.8646  AGAGAGAGAGGGG
   132      1   -10.8526000528   0.000019354220       0.0217  AGAGAGAGAGTTG
   133      1    -9.5585538584   0.000070594815       0.0790  AGAGAGAGAGTTT
   134      1   -15.5230330060   0.000000181314       0.0002  AGAGAGGGGGGCG
   135      1   -15.2846296203   0.000000230128       0.0003  AGAGCGAGAGGTT
   136      1   -14.2285660514   0.000000661626       0.0007  AGAGGGAGAGTCA
   137      1   -15.9441951227   0.000000118994       0.0001  AGATAGAAAAAGT
   138      1   -12.7924410163   0.000002781720       0.0031  AGATATATATCGG
   139      1   -19.4478105960   0.000000003580       0.0000  AGATTGATAGTAA
   140      1   -10.3661546582   0.000031480109       0.0352  AGGAAAAAGAAAA
   141      1   -13.2115410271   0.000001829366       0.0020  AGGAAAAAGAATA
   142      1    -9.8367559943   0.000053450424       0.0598  AGGAGAGAGAAAA
   143      1   -16.9865959681   0.000000041958       0.0000  AGGAGGGAAAGAA
   144      1   -15.3885631426   0.000000207411       0.0002  AGGAGTGGGGAAA
   145      1   -16.7520250606   0.000000053050       0.0001  AGGGGCGGGGCCC
   146      1    -9.7310462748   0.000059410102       0.0665  AGGGGGAGGGGGG
   147      1   -18.1536195235   0.000000013061       0.0000  AGTGCGCGTGTTA
   148      1   -21.1121186948   0.000000000678       0.0000  AGTTACTCTTTCC
   149      1   -11.4027842090   0.000011164358       0.0125  ATAAAAAAAAATT
   150      1   -10.6309070624   0.000024157708       0.0270  ATACACACACATT
   151      1    -9.1607954727   0.000105079277       0.1176  ATATATACATTTT
   152      1   -12.2071956705   0.000004994388       0.0056  ATATATATACGTT
   153      1    -8.4008767183   0.000224670265       0.2514  ATATATATATACA
   154      1   -10.7274895153   0.000021933629       0.0245  ATATATATATTAC
   155      1    -8.9284018131   0.000132569727       0.1483  ATATATATATTTA
   156      1   -17.7403042491   0.000000019746       0.0000  ATCTTCTTTTATA
   157      1   -15.1367030583   0.000000266817       0.0003  ATGTACACATTTT
   158      1   -15.4625962496   0.000000192610       0.0002  ATTTACATATTAA
   159      1   -19.1351668707   0.000000004894       0.0000  ATTTACTCTTACC
   160      1   -25.6453388936   0.000000000007       0.0000  ATTTTCGATATAA
   161      1   -19.6946441915   0.000000002797       0.0000  ATTTTCTTATATC
   162      1    -7.6930168262   0.000456000421       0.5103  CAAAAAAAAAAAA
   163      1   -17.1193001578   0.000000036744       0.0000  CAAAAAAGAGGGG
   164      1   -19.2364235226   0.000000004423       0.0000  CAACAAGAACAAC
   165      1   -16.1776450736   0.000000094219       0.0001  CAAGAGAGAGCCA
   166      1   -19.3314097017   0.000000004022       0.0000  CACAAGCATATAA
   167      2    -6.8892793801   0.001018647634       1.1399  CACACACACAAAA
   168      1    -9.6672956833   0.000063320864       0.0709  CACACACACAAAC
   169      2    -9.5433703469   0.000071674871       0.0802  CACACACACAAAT
   170      1   -10.0166760645   0.000044649115       0.0500  CACACACACAACA
   171      1   -10.7356394422   0.000021755598       0.0243  CACACACACAACT
   172      1    -6.5920669891   0.001371202771       1.5344  CACACACACACCC
   173      1    -8.6646669296   0.000172577020       0.1931  CACACACACAGAA
   174      1    -8.7054621817   0.000165678370       0.1854  CACACACACATAA
   175      1   -15.9228674721   0.000000121559       0.0001  CACACACACCTTG
   176      1   -13.8383743034   0.000000977396       0.0011  CACACACGCAGTC
   177      1   -12.1329164394   0.000005379493       0.0060  CACACATACATAC
   178      1   -10.3235119179   0.000032851541       0.0368  CACACCCACACCC
   179      1   -13.6338784605   0.000001199173       0.0013  CACACGCACAGAT
   180      1   -14.6580524153   0.000000430615       0.0005  CACATCCACACTC
   181      1   -10.1298755194   0.000039870434       0.0446  CACGCACACAAAA
   182      1   -12.4201824431   0.000004036299       0.0045  CATATATATAACC
   183      1    -9.0750762526   0.000114483912       0.1281  CATATATATATTT
   184      1   -13.9265799826   0.000000894877       0.0010  CATATATGTACTC
   185      1   -11.7982267028   0.000007517878       0.0084  CATATGTATATTT
   186      1   -17.6066311249   0.000000022570       0.0000  CATCCTTTTTTTC
   187      1   -13.0766124206   0.000002093627       0.0023  CATGTATATGTTT
   188      1   -18.8588306429   0.000000006452       0.0000  CATTCGCTCTTTA
   189      1   -12.3847412421   0.000004181915       0.0047  CATTCTCTCTTTT
   190      1   -17.9809627758   0.000000015523       0.0000  CATTTATCTTGAA
   191      1   -22.2647521310   0.000000000214       0.0000  CCACGTGTACTAT
   192      1   -21.3086970077   0.000000000557       0.0000  CCACGTTTACTTT
   193      1   -14.4163906585   0.000000548329       0.0006  CCATATATATATA
   194      1   -15.1854841702   0.000000254114       0.0003  CCCACGCGCCCCC
   195      1    -9.7047510939   0.000060993022       0.0683  CCCCCCCCCCAAC
   196      2   -11.6271680378   0.000008920415       0.0100  CCCCCCCCCCAAG
   197      3    -6.7523870103   0.001168088052       1.3071  CCCCCCCCCCACC
   198      1   -10.0040664351   0.000045215689       0.0506  CCCCCCCCCCAGC
   199      1    -9.6098616028   0.000067064105       0.0750  CCCCCCCCCCCAA
   200      1    -8.5189530578   0.000199648336       0.2234  CCCCCCCCCCCAT
   201     84    -3.9700251676   0.018872958141      21.1188  CCCCCCCCCCCCC
   202      2    -7.1235457707   0.000805904128       0.9018  CCCCCCCCCCCCG
   203      2    -5.5787558917   0.003777261920       4.2268  CCCCCCCCCCCCT
   204      2    -7.2349429989   0.000720948394       0.8067  CCCCCCCCCCCGC
   205      1   -10.1280062062   0.000039945034       0.0447  CCCCCCCCCCCGG
   206      2    -7.0321131830   0.000883063732       0.9881  CCCCCCCCCCGCC
   207      1   -10.0476320597   0.000043288132       0.0484  CCCCCCCCCCGCG
   208      1   -10.2579617376   0.000035077111       0.0393  CCCCCCCCCCGGC
   209      2    -5.4950198396   0.004107174980       4.5959  CCCCCCCCCCTCC
   210      1    -7.1181055743   0.000810300352       0.9067  CCCCCCCCCCTTC
   211      2    -7.3464221498   0.000644895577       0.7216  CCCCCCCCCCTTT
   212      1    -6.3463102454   0.001753204110       1.9618  CCCCCCCTCCCCC
   213      1   -11.1152679714   0.000014883342       0.0167  CCCCCCTCCCATC
   214      1   -15.4827071685   0.000000188776       0.0002  CCCCCCTTTCCAC
   215      1    -7.8522657727   0.000388869879       0.4351  CCCCCGCCCCCCC
   216      1   -13.2771648609   0.000001713170       0.0019  CCCCCTCCCCAAT
   217      1   -11.2447755097   0.000013075432       0.0146  CCCCCTCTCTTCC
   218      1    -9.2028488878   0.000100751962       0.1127  CCCCTCCTCCCCC
   219      1   -23.8039604858   0.000000000046       0.0000  CCCCTTTCTATAG
   220      1   -14.3848641998   0.000000565891       0.0006  CCCGCCCCAGCCC
   221      1    -9.2696736018   0.000094239268       0.1055  CCCGCCCCCGCCC
   222      1    -8.5855252525   0.000186790059       0.2090  CCCGCGCGCGCCC
   223      1   -14.9408641738   0.000000324538       0.0004  CCCTCCCACCTAC
   224      1   -11.6555070587   0.000008671168       0.0097  CCCTCCTTCCCCC
   225      1   -14.2679744483   0.000000636059       0.0007  CCCTCGCTCCCTC
   226      1   -13.2599258542   0.000001742960       0.0020  CCCTCTCTCTATG
   227      1   -13.5285184634   0.000001332414       0.0015  CCCTCTCTCTTGA
   228      1   -12.3002606764   0.000004550558       0.0051  CCCTCTTTCTCAC
   229      1   -15.4124707685   0.000000202511       0.0002  CCCTCTTTTTTCT
   230      1   -14.4525584555   0.000000528851       0.0006  CCCTTCTTTTTTT
   231      1   -12.7860540924   0.000002799544       0.0031  CCCTTTTTCTTTT
   232      1   -14.4114673919   0.000000551035       0.0006  CCGCACCCCCTCC
   233      1   -18.8561345455   0.000000006470       0.0000  CCTACATACAAAC
   234      1   -20.3994576860   0.000000001382       0.0000  CCTCCACTCCGAA
   235      1   -12.7624374824   0.000002866446       0.0032  CCTCCCACTCTCC
   236      1    -8.6366203754   0.000177485725       0.1986  CCTCCCCCCCCCT
   237      1   -13.0662380514   0.000002115460       0.0024  CCTCCTTCTCTTT
   238      1   -19.4650426801   0.000000003519       0.0000  CCTCCTTGTTCTT
   239      1   -12.5621387341   0.000003502132       0.0039  CCTCTCTCCCCCT
   240      1    -9.5940833237   0.000068130653       0.0762  CCTCTCTCTCTTC
   241      1   -13.6943847780   0.000001128767       0.0013  CCTCTCTTTCTAC
   242      1   -15.0542268797   0.000000289756       0.0003  CCTTCTCCCCTCT
   243      1   -11.2551418491   0.000012940588       0.0145  CCTTCTCTCTTCC
   244      1   -16.9281863234   0.000000044482       0.0000  CCTTGTTTTTCAC
   245      1   -14.4221652739   0.000000545172       0.0006  CCTTTTTTTCTTC
   246      1   -15.6380337623   0.000000161617       0.0002  CCTTTTTTTGCTT
   247      1    -9.0445950630   0.000118027246       0.1321  CCTTTTTTTTTTT
   248      1   -16.1352229057   0.000000098302       0.0001  CGAAGAGAAAAAA
   249      1   -24.3535351261   0.000000000027       0.0000  CGAGAACGCAAAG
   250      1   -16.9905429265   0.000000041793       0.0000  CGAGCGAGAGGAT
   251      1   -18.2637011446   0.000000011700       0.0000  CGAGCGCACGAAC
   252      1   -18.5913614955   0.000000008431       0.0000  CGAGGGAAAGACA
   253      1   -15.3937397788   0.000000206340       0.0002  CGCACACTCAACC
   254      1   -17.0559427318   0.000000039147       0.0000  CGCACCACCACCC
   255      1   -16.3276833991   0.000000081092       0.0001  CGCCCCCGCACCC
   256      1   -24.4319210404   0.000000000025       0.0000  CGCCTGCTCAGAT
   257      1    -9.3996942689   0.000082749361       0.0926  CGCGCACGCGCCC
   258      1   -15.1201536803   0.000000271269       0.0003  CGCGCATGCGGCC
   259      1   -18.3870917920   0.000000010342       0.0000  CGCGCCGGCGGTG
   260      1    -6.9698574987   0.000939786817       1.0516  CGCGCGCGCGCCC
   261      2    -9.8789072083   0.000051244247       0.0573  CGCGCGCGCGCGA
   262      1    -9.7199218617   0.000060074694       0.0672  CGCGCGCGCGCGT
   263      1   -11.8185722122   0.000007366468       0.0082  CGCGCGCGCGGCA
   264      1    -9.6535051283   0.000064200142       0.0718  CGCGCGTGCGCCC
   265      1   -12.1428538463   0.000005326299       0.0060  CGCGTGCGCGGAG
   266      1   -13.4688066806   0.000001414398       0.0016  CGCGTGCGCGTAC
   267      1   -11.4694605331   0.000010444234       0.0117  CGCGTGCGCGTTT
   268      1   -24.5048719489   0.000000000023       0.0000  CGCGTGTCTAAAC
   269      1   -15.9595746914   0.000000117178       0.0001  CGCTCGCACTCAC
   270      1   -14.0653562434   0.000000778921       0.0009  CGCTCGTTCTCCC
   271      1   -20.9700642523   0.000000000781       0.0000  CGTACGCTAACCC
   272      1   -17.4849959502   0.000000025490       0.0000  CGTATGTATAACG
   273      1   -14.9103295957   0.000000334600       0.0004  CGTCTCTTTCTCC
   274      1   -23.5089141300   0.000000000062       0.0000  CGTGCAGTTGGGT
   275      1   -17.7805427838   0.000000018967       0.0000  CGTGTGCATGATT
   276      1   -13.3550139172   0.000001584861       0.0018  CTATACATATCTT
   277      1   -19.5149271934   0.000000003348       0.0000  CTATCCTCACTCT
   278      1   -13.8351624130   0.000000980540       0.0011  CTATTTTTTTTCC
   279      1    -6.3973902529   0.001665899181       1.8641  CTCCCCCCCCCCC
   280      1    -7.9923696877   0.000338032103       0.3783  CTCCCCCCCCCCT
   281      1   -17.1199994459   0.000000036718       0.0000  CTCCCCTACCATC
   282      1   -16.2348149882   0.000000088983       0.0001  CTCCCCTCCGTTT
   283      1   -16.2074761323   0.000000091450       0.0001  CTCCCTTTTTTTC
   284      1    -9.3238563024   0.000089268998       0.0999  CTCTCCCTCTCCT
   285      1    -9.6661564721   0.000063393041       0.0709  CTCTCCCTCTTTC
   286      1   -14.7565779322   0.000000390211       0.0004  CTCTCCTCCCTTC
   287      1   -19.8535589738   0.000000002386       0.0000  CTCTCCTCTCATT
   288      1   -10.9313579046   0.000017888403       0.0200  CTCTCGCTCTTTC
   289      1   -13.6302341423   0.000001203551       0.0013  CTCTCTCTCCCAA
   290      1    -8.0879124005   0.000307230462       0.3438  CTCTCTCTCTACC
   291      1    -5.3153014218   0.004915796804       5.5008  CTCTCTCTCTCCC
   292      3    -6.7686046653   0.001149297187       1.2861  CTCTCTCTCTCCT
   293      1    -8.3676385732   0.000232263380       0.2599  CTCTCTCTCTGCC
   294      1   -10.5856646429   0.000025275762       0.0283  CTCTCTCTCTTAA
   295      1    -6.7927678303   0.001121859357       1.2554  CTCTCTCTCTTCC
   296      1    -7.2805505567   0.000688806232       0.7708  CTCTCTCTCTTCT
   297      1    -5.5021132991   0.004078143987       4.5634  CTCTCTCTCTTTT
   298      1   -11.7514507501   0.000007877888       0.0088  CTCTCTTTCCTTT
   299      1    -8.9620386004   0.000128184670       0.1434  CTCTCTTTCTCTT
   300      1    -9.9616390110   0.000047175352       0.0528  CTCTCTTTCTTCT
   301      1   -21.6763560413   0.000000000386       0.0000  CTCTTCATTCTTC
   302      1   -14.4262884609   0.000000542928       0.0006  CTCTTCTTTTTCT
   303      1   -14.3380421598   0.000000593017       0.0007  CTCTTCTTTTTTC
   304      1   -12.8074657003   0.000002740238       0.0031  CTCTTTTTTTTCC
   305      1   -20.1235164655   0.000000001822       0.0000  CTGAGAGGGATAC
   306      1   -20.6782408890   0.000000001046       0.0000  CTGTCTGTATACG
   307      1   -12.6177030013   0.000003312846       0.0037  CTTATATATATCT
   308      1   -15.2937614551   0.000000228036       0.0003  CTTCTCCCTCATT
   309      2   -14.1542440418   0.000000712672       0.0008  CTTCTCCCTCTTC
   310      1   -21.2325014876   0.000000000601       0.0000  CTTCTCCTCCAAT
   311      1   -18.9223958708   0.000000006055       0.0000  CTTCTCCTCCATC
   312      1   -15.2605047384   0.000000235747       0.0003  CTTCTCTCTCATG
   313      1   -11.2550415329   0.000012941886       0.0145  CTTCTCTCTCTTC
   314      1   -16.6739124696   0.000000057360       0.0001  CTTTCCCCCCTAC
   315      1   -15.7811085973   0.000000140072       0.0002  CTTTCCCTTCCTC
   316      1    -9.2145518671   0.000099579736       0.1114  CTTTCTCTTTTTT
   317      1   -12.8939586335   0.000002513188       0.0028  CTTTCTTTCTTCT
   318      1   -10.3017224069   0.000033575215       0.0376  CTTTCTTTTTCTC
   319      1   -15.9717247698   0.000000115763       0.0001  CTTTTCTCTTACT
   320      1   -13.5024850879   0.000001367556       0.0015  CTTTTCTTTTATC
   321      1    -9.0238806005   0.000120497615       0.1348  CTTTTTTCTTTTT
   322      1    -9.4623647872   0.000077722576       0.0870  CTTTTTTTTTCCT
   323      2    -9.0814816852   0.000113752936       0.1273  CTTTTTTTTTCTC
   324      1    -9.6630340791   0.000063591288       0.0712  GAAAAAAAAAAAC
   325      1   -17.8119896261   0.000000018380       0.0000  GAAAAAGGAAATT
   326      1   -13.9330934432   0.000000889067       0.0010  GAAAAGAAAATGG
   327      1   -14.4963077652   0.000000506213       0.0006  GAAAAGAGAAGAG
   328      1   -20.0619639212   0.000000001937       0.0000  GAAAGAACGACCC
   329      1   -14.2617983816   0.000000640000       0.0007  GAAGGGGAGAGGG
   330      1   -21.6056642017   0.000000000414       0.0000  GAATACATGTTTC
   331      1   -12.0049862208   0.000006113652       0.0068  GACACACACAAGG
   332      1   -18.4536400704   0.000000009676       0.0000  GAGAAATTGATAA
   333      1    -8.3170157766   0.000244323894       0.2734  GAGAGAAAGAGGG
   334      1   -12.8043444395   0.000002748805       0.0031  GAGAGAAGGAAGG
   335      2    -5.7476355855   0.003190315113       3.5700  GAGAGAGAGAAAA
   336      1    -7.3686850484   0.000630696970       0.7057  GAGAGAGAGAAAG
   337      1    -8.4379676848   0.000216489679       0.2423  GAGAGAGAGAAAT
   338      1    -7.6385219451   0.000481539668       0.5388  GAGAGAGAGAAGA
   339      1    -9.8984147664   0.000050254284       0.0562  GAGAGAGAGAAGC
   340      1    -7.1174000995   0.000810872200       0.9074  GAGAGAGAGAAGG
   341      2    -7.0851661210   0.000837435660       0.9371  GAGAGAGAGAGGA
   342      4    -5.4633659813   0.004239262425       4.7437  GAGAGAGAGAGGG
   343      1    -8.1349187434   0.000293122853       0.3280  GAGAGAGAGATAA
   344      2    -8.2963962325   0.000249414040       0.2791  GAGAGAGGGAGGG
   345      1   -20.0825287364   0.000000001898       0.0000  GAGAGGAAATGAA
   346      1   -10.3402701012   0.000032305596       0.0361  GAGAGGGAGAAGA
   347      1   -11.4840604686   0.000010292856       0.0115  GAGCGAGAGAAGG
   348      1   -16.9036949785   0.000000045585       0.0001  GAGGAAGAGATTA
   349      1    -9.3678810446   0.000085424207       0.0956  GAGGGAGAGGGGG
   350      1    -8.4674690782   0.000210196221       0.2352  GAGGGAGGGGGGG
   351      1   -11.2032722232   0.000013629524       0.0153  GAGGGAGGGGGTG
   352      1   -13.7386151172   0.000001079929       0.0012  GAGGGGGAGGAGC
   353      1   -20.8956930040   0.000000000842       0.0000  GATAAACACAATC
   354      1   -13.6371536611   0.000001195252       0.0013  GCACACATACTTT
   355      1   -12.8100952365   0.000002733042       0.0031  GCATACATATAAA
   356      1   -17.6364226199   0.000000021908       0.0000  GCATGTATGTCCT
   357      1   -21.4746103883   0.000000000472       0.0000  GCGAAGAAAAAGC
   358      1   -20.0096742966   0.000000002041       0.0000  GCGAAGGAGATAC
   359      1   -11.5886200465   0.000009270993       0.0104  GCGAGAGAGAAGA
   360      1   -14.0846883017   0.000000764007       0.0009  GCGAGCGCGCAGA
   361      1   -13.7192730798   0.000001101021       0.0012  GCGAGCGCGCTCT
   362      1   -10.8735931039   0.000018952151       0.0212  GCGAGGGGGGGGG
   363      1   -19.4301950969   0.000000003644       0.0000  GCGCACATGCTAC
   364      1    -9.9057752625   0.000049885745       0.0558  GCGCGCGCGCAAG
   365      1    -7.5271929163   0.000538247043       0.6023  GCGCGCGCGCCCC
   366      2    -8.5573304450   0.000192131515       0.2150  GCGCGCGCGCGAG
   367      1   -16.5073434059   0.000000067757       0.0001  GCGCGGGTGCACA
   368      1   -11.2845401242   0.000012565694       0.0141  GCGGGGGGGAGGG
   369      1   -13.5451297456   0.000001310463       0.0015  GCGTGCGTGTCCA
   370      1   -22.0651490604   0.000000000261       0.0000  GCTTTTCGTTATC
   371      1   -18.6924747000   0.000000007620       0.0000  GGAAAGAAGAAAC
   372      1   -24.5372366838   0.000000000022       0.0000  GGAAATAGCGCGT
   373      1   -19.1998784374   0.000000004588       0.0000  GGAAGGAAGAGTC
   374      1   -15.0707439040   0.000000285009       0.0003  GGAAGGGAGAGAT
   375      1   -20.4237918981   0.000000001349       0.0000  GGAGAGAAGGCAT
   376      1   -10.0034001128   0.000045245827       0.0506  GGAGAGAGAGAAG
   377      1   -14.0289945569   0.000000807765       0.0009  GGAGGAAGAGAAG
   378      1    -8.1953577513   0.000275931544       0.3088  GGAGGGAGAGGGG
   379      1   -12.3084634020   0.000004513384       0.0051  GGAGGGGGAGTAG
   380      1   -16.8157973904   0.000000049773       0.0001  GGCACGCACACAG
   381      1   -19.2797209363   0.000000004236       0.0000  GGCAGGCACAGCC
   382      1    -8.4668387727   0.000210328751       0.2354  GGGAGAGAGAGAG
   383      2    -6.8327292215   0.001077912238       1.2062  GGGAGAGAGAGGG
   384      1   -12.0747578747   0.000005701633       0.0064  GGGAGGAAGGGGG
   385      1   -14.6596745371   0.000000429917       0.0005  GGGAGGGAAAAAG
   386      1   -18.1220912874   0.000000013480       0.0000  GGGAGGGGAGATC
   387      1   -11.2872624196   0.000012531533       0.0140  GGGAGGGGGAAAA
   388      1   -10.7975984789   0.000020448552       0.0229  GGGAGGGGGAGCG
   389      1   -10.2195321171   0.000036451348       0.0408  GGGAGGGGGATGG
   390      1    -6.8405869844   0.001069475450       1.1967  GGGAGGGGGGGGG
   391      1    -8.2439110308   0.000262854206       0.2941  GGGCGGGGGGGGG
   392      1   -13.8368245270   0.000000978912       0.0011  GGGGACGGGGGGC
   393      1    -6.9150933317   0.000992688805       1.1108  GGGGAGGGGGGGG
   394      1    -8.3178771864   0.000244113522       0.2732  GGGGCGGGGGGGG
   395      1   -15.0309017497   0.000000296594       0.0003  GGGGGAAAGGAAG
   396      2    -8.7682591881   0.000155594205       0.1741  GGGGGAGAGGGGG
   397      1   -10.2505906840   0.000035336622       0.0395  GGGGGAGCGGGGG
   398      1   -11.9230427719   0.000006635724       0.0074  GGGGGAGGAGAGG
   399      1    -9.6748248352   0.000062845902       0.0703  GGGGGAGGGGAGA
   400      1   -20.1440814179   0.000000001785       0.0000  GGGGGCGAGACCA
   401      1   -10.9609353872   0.000017367058       0.0194  GGGGGGGAGGATG
   402      1    -6.4361721658   0.001602529171       1.7932  GGGGGGGAGGGGG
   403      1   -10.8255988318   0.000019883927       0.0223  GGGGGGGCGGCGG
   404      1    -5.5898346934   0.003735645341       4.1802  GGGGGGGGGGAGG
   405      1    -9.8853564839   0.000050914822       0.0570  GGGGGGGGGGCGC
   406      1    -6.8987161524   0.001009080103       1.1292  GGGGGGGGGGCGG
   407      1    -7.1002769646   0.000824876430       0.9230  GGGGGGGGGGGCG
   408      3    -5.6729187597   0.003437816458       3.8469  GGGGGGGGGGGGA
   409     96    -3.8886707170   0.020472541761      22.9088  GGGGGGGGGGGGG
   410      1    -6.6118532885   0.001344338392       1.5043  GGGGGGGGGGGGT
   411      1    -9.7228011131   0.000059901973       0.0670  GGGGGGGGGGTCG
   412      1   -13.4918172235   0.000001382223       0.0015  GGGGGGGTGAGGT
   413      1   -10.1618588922   0.000038615420       0.0432  GGGGGGGTGGGGT
   414      1   -13.0245511553   0.000002205511       0.0025  GGGGGGTGGGTGT
   415      1   -15.0615972015   0.000000287628       0.0003  GGGTGCGTGTGCA
   416      1   -17.4387708438   0.000000026695       0.0000  GGGTGTCTGTGCT
   417      1   -14.7845966345   0.000000379430       0.0004  GGGTGTGAGTGCG
   418      1   -12.9461804093   0.000002385313       0.0027  GGGTGTGTGTTGT
   419      1   -25.6825488103   0.000000000007       0.0000  GGTACCCCTATGT
   420      1   -16.3461214040   0.000000079610       0.0001  GGTATGTGTATAG
   421      1   -16.8051232271   0.000000050307       0.0001  GTATATATGTGCT
   422      1   -16.2354501351   0.000000088927       0.0001  GTATATATGTTAT
   423      1   -20.5936712085   0.000000001138       0.0000  GTATATGAATTGC
   424      1   -15.7982322504   0.000000137694       0.0002  GTATATTTATATG
   425      1   -18.0972487222   0.000000013819       0.0000  GTGAGAGAGGTCA
   426      1   -20.3212875001   0.000000001495       0.0000  GTGAGTGATAACC
   427      1   -11.9296629343   0.000006591940       0.0074  GTGCGCGCGCGGC
   428      1    -7.5452086193   0.000528636970       0.5915  GTGGGGGGGGGGG
   429      1   -22.3393035096   0.000000000199       0.0000  GTGGGTTTGCCGA
   430      1   -18.4194605836   0.000000010012       0.0000  GTGTATACATTAT
   431      1   -18.7054210306   0.000000007522       0.0000  GTGTATACGTCAA
   432      1   -15.5178295894   0.000000182260       0.0002  GTGTGTCTGTTGC
   433      1   -10.5751177751   0.000025543753       0.0286  GTGTGTGTGTAAT
   434      1   -11.0076787314   0.000016573944       0.0185  GTGTGTGTGTAGC
   435      1   -10.3381177943   0.000032375202       0.0362  GTGTGTGTGTATC
   436      1   -10.4354105588   0.000029373708       0.0329  GTGTGTGTGTCTG
   437      1    -8.0315595303   0.000325040902       0.3637  GTGTGTGTGTGAG
   438      1    -8.1472475082   0.000289531196       0.3240  GTGTGTGTGTGGA
   439      1    -6.3944726241   0.001670766754       1.8696  GTGTGTGTGTGGG
   440      1    -9.0120570385   0.000121930782       0.1364  GTGTGTGTGTTGG
   441      1   -18.5320007297   0.000000008947       0.0000  GTTTTTTCTCATA
   442      1   -12.8144276465   0.000002721227       0.0030  GTTTTTTTTTTGC
   443      1   -17.0658917411   0.000000038759       0.0000  TAAAAAACAAATC
   444      1   -11.0738466127   0.000015512776       0.0174  TAAATATAAATTT
   445      1   -15.7384963482   0.000000146170       0.0002  TAAGTTTTTTTTT
   446      1   -18.9687853111   0.000000005780       0.0000  TACAAATATAACG
   447      1   -10.7060050339   0.000022409960       0.0251  TACACACACATAA
   448      1   -15.0557834581   0.000000289305       0.0003  TACATACATAATT
   449      1   -15.9276214684   0.000000120982       0.0001  TACATCTGTATTT
   450      1   -15.6133158713   0.000000165662       0.0002  TACATGTACATCC
   451      1   -15.0254709360   0.000000298209       0.0003  TACATTTTTATTT
   452      1   -20.0417847396   0.000000001977       0.0000  TACGCGTACGGCC
   453      1   -10.8922451496   0.000018601931       0.0208  TATATACATACTT
   454      1   -14.4734348867   0.000000517925       0.0006  TATATATACAACT
   455      1    -9.4429035991   0.000079249964       0.0887  TATATATATAAAC
   456      1    -7.8126616585   0.000404579760       0.4527  TATATATATACTT
   457      1    -9.6790108442   0.000062583378       0.0700  TATATATATAGGA
   458      1    -7.4122098631   0.000603834827       0.6757  TATATATATATAA
   459      2    -7.3827596892   0.000621882314       0.6959  TATATATATATAT
   460      1    -5.8697285344   0.002823639751       3.1597  TATATATATATTT
   461      1   -12.1676670557   0.000005195763       0.0058  TATATCTATACCC
   462      1   -14.7265831000   0.000000402093       0.0004  TATATTTATAAGC
   463      1   -11.1527699851   0.000014335523       0.0160  TATATTTATATCT
   464      1   -16.2716049809   0.000000085769       0.0001  TATATTTGTGTAA
   465      1   -20.5185298083   0.000000001227       0.0000  TATCGATTTGTTT
   466      1   -13.1385763717   0.000001967835       0.0022  TATCTATCTCTCC
   467      1   -13.9747681416   0.000000852777       0.0010  TATGTATATACCA
   468      1   -15.2548092838   0.000000237094       0.0003  TATGTATGTAAAC
   469      1   -22.8090903298   0.000000000124       0.0000  TATGTGAAAAGGG
   470      1   -16.3171967438   0.000000081947       0.0001  TATGTGTGTAACT
   471      1   -10.3973351450   0.000030513689       0.0341  TATGTGTGTGTAT
   472      1   -13.6390555669   0.000001192981       0.0013  TATTTATATACAC
   473      1    -9.4696147527   0.000077161128       0.0863  TATTTCTTTTTTT
   474      1   -23.6189610536   0.000000000055       0.0000  TATTTGCGCTCAC
   475      1   -14.7594230101   0.000000389103       0.0004  TCACACACATCTC
   476      1   -20.7591191787   0.000000000965       0.0000  TCATACCTATTCG
   477      1    -9.2853394957   0.000092774430       0.1038  TCCCTCTCCCTTT
   478      1    -9.2812026554   0.000093159018       0.1042  TCCCTCTCTCCCC
   479      1   -11.7317380379   0.000008034723       0.0090  TCCCTCTCTCTTG
   480      1   -15.0481087885   0.000000291534       0.0003  TCCTCTATCTCCT
   481      1    -9.4772912130   0.000076571071       0.0857  TCCTCTCTCTTTT
   482      1   -15.2016592406   0.000000250036       0.0003  TCCTCTTTCTGCC
   483      1   -12.7156398542   0.000003003778       0.0034  TCCTTTTTTTCTC
   484      1   -13.8529400230   0.000000963262       0.0011  TCGGTGTGTGTTT
   485      1   -16.3588879249   0.000000078600       0.0001  TCTACCCATATCC
   486      1   -20.4840757016   0.000000001270       0.0000  TCTACCCCCCATA
   487      1   -21.3027030018   0.000000000560       0.0000  TCTATACCTCAAT
   488      1   -10.6623366508   0.000023410249       0.0262  TCTATATATATTC
   489      1   -14.0380685642   0.000000800469       0.0009  TCTATGTATGTTT
   490      1   -15.0765432740   0.000000283361       0.0003  TCTCCATCTCACC
   491      1   -12.9732884912   0.000002321520       0.0026  TCTCCCTCTCCTG
   492      1   -15.1996500733   0.000000250539       0.0003  TCTCCCTTTTTTC
   493      1   -10.5572541994   0.000026004156       0.0291  TCTCCTTCTCTTT
   494      1   -20.9737979444   0.000000000778       0.0000  TCTCTCCTTGTGA
   495      1   -10.5432186208   0.000026371712       0.0295  TCTCTCTCTCAAT
   496      1   -11.5189255738   0.000009940179       0.0111  TCTCTCTCTCCAG
   497      1    -7.1392081658   0.000793380073       0.8878  TCTCTCTCTCCCT
   498      1    -7.3628606212   0.000634381137       0.7099  TCTCTCTCTCCTC
   499      1    -6.9710691453   0.000938648817       1.0503  TCTCTCTCTCCTT
   500      1    -8.2242465348   0.000268074258       0.3000  TCTCTCTCTCGTT
   501      1    -9.9779179419   0.000046413604       0.0519  TCTCTCTCTCTAA
   502      1    -6.2780913632   0.001876979650       2.1003  TCTCTCTCTCTCT
   503      1    -6.8794836031   0.001028675113       1.1511  TCTCTCTCTCTTC
   504      3    -5.1145519548   0.006008669387       6.7237  TCTCTCTCTCTTT
   505      1    -9.1023624694   0.000111402313       0.1247  TCTCTCTGTCTTT
   506      1   -13.3068369781   0.000001663084       0.0019  TCTCTCTTTCAGT
   507      1   -10.3168155898   0.000033072263       0.0370  TCTCTCTTTCTAT
   508      1   -13.8144131294   0.000001001098       0.0011  TCTCTGTCTGTTT
   509      1   -10.1410896345   0.000039425820       0.0441  TCTCTTTCTCATT
   510      1    -9.0935270282   0.000112390963       0.1258  TCTCTTTCTCTTC
   511      1   -13.1441566760   0.000001956885       0.0022  TCTCTTTCTTTAT
   512      1   -10.9726544831   0.000017164719       0.0192  TCTCTTTTTCTTC
   513      1   -10.4482945339   0.000028997686       0.0324  TCTGTGTGTGCCC
   514      1   -10.2742718581   0.000034509640       0.0386  TCTGTTTTTTTTT
   515      1   -13.9700445821   0.000000856814       0.0010  TCTTCCTCTCATT
   516      1   -18.9233065839   0.000000006049       0.0000  TCTTCTCTCCTTA
   517      1   -15.0863913689   0.000000280584       0.0003  TCTTCTTCTCCTT
   518      1    -9.0862250715   0.000113214640       0.1267  TCTTCTTTTTTTT
   519      1   -12.9933073187   0.000002275508       0.0025  TCTTTCCCTCCCT
   520      1   -10.8965689253   0.000018521674       0.0207  TCTTTCCTTTTTT
   521      1    -7.8952782612   0.000372498234       0.4168  TCTTTCTCTCTTT
   522      1   -13.8859105447   0.000000932021       0.0010  TCTTTCTCTTACA
   523      1   -11.9425155156   0.000006507758       0.0073  TCTTTCTTTTACT
   524      1   -14.0251966417   0.000000810839       0.0009  TCTTTCTTTTCAA
   525      1   -12.6605372862   0.000003173939       0.0036  TCTTTCTTTTCTG
   526      1   -14.8655872408   0.000000349911       0.0004  TCTTTTCCTCTTC
   527      1   -10.9224551357   0.000018048371       0.0202  TCTTTTCTTTTTC
   528      1    -9.3675295219   0.000085454241       0.0956  TCTTTTTTTCTTT
   529      1    -8.8193647681   0.000147842245       0.1654  TCTTTTTTTTTCC
   530      1    -5.8385651645   0.002913019332       3.2597  TCTTTTTTTTTTT
   531      1   -25.6383231123   0.000000000007       0.0000  TGCACATGGAACA
   532      1   -14.8038003531   0.000000372213       0.0004  TGCATGTATAAAA
   533      1   -14.0553642373   0.000000786743       0.0009  TGCGCGTGCGTTC
   534      1   -16.9504285209   0.000000043503       0.0000  TGGGTGAGGGGGT
   535      1   -13.2005955714   0.000001849499       0.0021  TGTATACATATAT
   536      1   -17.7702932511   0.000000019163       0.0000  TGTATACATGTTA
   537      1   -16.7660092678   0.000000052314       0.0001  TGTATATTTAACC
   538      1   -19.0884588319   0.000000005128       0.0000  TGTATGAATGAAG
   539      1   -24.3497834473   0.000000000027       0.0000  TGTATGCGCTACC
   540      1   -15.0948474270   0.000000278222       0.0003  TGTCTGTCTCTAC
   541      1   -16.6196475278   0.000000060559       0.0001  TGTCTGTGTTTAA
   542      1   -16.9292873178   0.000000044433       0.0000  TGTGAGTATGAGT
   543      1   -12.5047248549   0.000003709087       0.0042  TGTGCGTGTGTGA
   544      1   -11.9064876405   0.000006746494       0.0075  TGTGTATGTGGGT
   545      1    -8.6773577537   0.000170400714       0.1907  TGTGTATGTGTTT
   546      1   -10.0456558517   0.000043373762       0.0485  TGTGTCTGTGTTT
   547      1   -17.3617892195   0.000000028832       0.0000  TGTGTGCTTGATA
   548      1   -13.3762326761   0.000001551586       0.0017  TGTGTGTATGCAC
   549      1   -14.4906376388   0.000000509092       0.0006  TGTGTGTCTGAAT
   550      1   -13.3131035333   0.000001652695       0.0018  TGTGTGTGCGTTG
   551      1    -8.4208394312   0.000220229708       0.2464  TGTGTGTGTGAGG
   552      1    -9.3286674979   0.000088840538       0.0994  TGTGTGTGTGGTT
   553      1    -7.8777488930   0.000379085459       0.4242  TGTGTGTGTGTGT
   554      1    -8.2403845378   0.000263782795       0.2952  TGTGTGTGTGTTC
   555      2    -9.2237189878   0.000098671048       0.1104  TGTGTGTGTGTTG
   556      1    -6.2475159189   0.001935255502       2.1656  TGTGTGTGTGTTT
   557      1   -15.0101946261   0.000000302800       0.0003  TGTTCCTTTTTTC
   558      1   -18.3589719347   0.000000010637       0.0000  TTAATTTATATGA
   559      1   -17.1189521235   0.000000036756       0.0000  TTATTTTTGTAAA
   560      1   -23.3248820341   0.000000000074       0.0000  TTCCCGCTCGAAT
   561      1   -15.3346793581   0.000000218894       0.0002  TTCCTCTCCCTGC
   562      1   -12.0093516290   0.000006087022       0.0068  TTCTCCCCCCCCC
   563      1   -13.7058928158   0.000001115851       0.0012  TTCTCCTTCTTTC
   564      1   -14.6208915132   0.000000446918       0.0005  TTCTCTCCTTCCC
   565      1    -9.3616201382   0.000085960718       0.0962  TTCTCTCTCTTCC
   566      1   -13.3114377769   0.000001655450       0.0019  TTCTCTTTTTCTC
   567      1    -9.8837868601   0.000050994802       0.0571  TTCTTCTTCTTTT
   568      1    -7.5988406703   0.000501031958       0.5607  TTCTTTCTCTTTT
   569      1   -13.5809576226   0.000001264343       0.0014  TTCTTTTTCTGGT
   570      1    -6.4833067388   0.001528747145       1.7107  TTCTTTTTTTTTT
   571      1   -18.9857354224   0.000000005683       0.0000  TTGTCTTCTTGCT
   572      1   -12.5241447152   0.000003637752       0.0041  TTTATATATATGG
   573      1   -11.9027791406   0.000006771560       0.0076  TTTATCTTTTTTC
   574      1   -15.6898876245   0.000000153451       0.0002  TTTCCTCTTTCCT
   575      1   -14.8089396855   0.000000370305       0.0004  TTTCTATCTTATT
   576      1    -8.6993986280   0.000166686021       0.1865  TTTCTCTCTCTCC
   577      1    -6.3062397618   0.001824882346       2.0420  TTTCTCTCTCTTT
   578      1   -11.5594728890   0.000009545193       0.0107  TTTCTCTTTCCCT
   579      2   -10.3735723605   0.000031247463       0.0350  TTTCTCTTTCTTC
   580      1   -10.1489378540   0.000039117608       0.0438  TTTCTTTCTCTCC
   581      1    -9.9868415265   0.000046001271       0.0515  TTTCTTTCTCTTG
   582      1    -9.2443334154   0.000096657823       0.1082  TTTCTTTTTTTAT
   583      1    -8.3191956521   0.000243791879       0.2728  TTTCTTTTTTTCT
   584      1    -6.2093024645   0.002010639467       2.2499  TTTCTTTTTTTTT
   585      1   -18.2850169561   0.000000011453       0.0000  TTTGCCTGTGCAT
   586      1   -15.9418001247   0.000000119279       0.0001  TTTGTGTCTCTCT
   587      1    -9.2261091974   0.000098435485       0.1101  TTTTATTTTTCTT
   588      1    -9.9175287435   0.000049302846       0.0552  TTTTCATTTTTTT
   589      1   -11.6410745384   0.000008797222       0.0098  TTTTCTCTCTTTC
   590      1    -9.0798936689   0.000113933722       0.1275  TTTTCTCTTTTTT
   591      1   -12.8011628637   0.000002757564       0.0031  TTTTCTTCTTTCC
   592      1    -9.0633906740   0.000115829570       0.1296  TTTTCTTCTTTTT
   593      1   -12.2754658193   0.000004664799       0.0052  TTTTTATCTTATT
   594      1   -11.2434693772   0.000013092521       0.0147  TTTTTCTTTCTCT
   595      2    -8.5574426444   0.000192109959       0.2150  TTTTTCTTTTATT
   596      1    -9.6039430934   0.000067462202       0.0755  TTTTTCTTTTCCT
   597      1    -9.4465224405   0.000078963689       0.0884  TTTTTCTTTTCTC
   598      1    -9.7104666982   0.000060645404       0.0679  TTTTTGTCTTTTT
   599      1    -8.0752360904   0.000311149800       0.3482  TTTTTTCTTTCTT
   600      1   -11.1318380897   0.000014638755       0.0164  TTTTTTCTTTTAC
   601      1    -9.1524816498   0.000105956529       0.1186  TTTTTTCTTTTAT
   602      1    -7.3686966580   0.000630689648       0.7057  TTTTTTGTTTTTT
   603      1   -15.1665945830   0.000000258959       0.0003  TTTTTTTCTCGGT
   604      3    -9.5730493720   0.000069578888       0.0779  TTTTTTTCTTTCC
   605      1    -5.8156798510   0.002980453374       3.3351  TTTTTTTCTTTTT
   606      1    -8.5648036667   0.000190701026       0.2134  TTTTTTTTTCCTT
   607      1    -8.9951494155   0.000124009868       0.1388  TTTTTTTTTTAAA
   608      1    -7.9702069809   0.000345607444       0.3867  TTTTTTTTTTACT
   609      1   -10.9774067671   0.000017083341       0.0191  TTTTTTTTTTAGC
   610      1    -9.1756970920   0.000103525035       0.1158  TTTTTTTTTTAGT
   611      1    -8.6535267307   0.000174510311       0.1953  TTTTTTTTTTATA
   612      1    -5.8822254599   0.002788572508       3.1204  TTTTTTTTTTATT
   613      1    -7.8921252705   0.000373674571       0.4181  TTTTTTTTTTCTA
   614      1    -8.7147514335   0.000164146468       0.1837  TTTTTTTTTTTAA
   615      1    -9.1799052644   0.000103090299       0.1154  TTTTTTTTTTTAG
   616      2    -6.0724491808   0.002305519656       2.5799  TTTTTTTTTTTAT
   617      2    -5.1474328358   0.005814311877       6.5062  TTTTTTTTTTTCT
   618      1    -8.3318347975   0.000240729949       0.2694  TTTTTTTTTTTGC
   619      1    -6.3521753535   0.001742951474       1.9504  TTTTTTTTTTTGT
   620      1    -5.9696666010   0.002555093143       2.8591  TTTTTTTTTTTTA
   621      2    -5.0746599308   0.006253212603       6.9973  TTTTTTTTTTTTC
   622      1    -6.2493927736   0.001931626715       2.1615  TTTTTTTTTTTTG
   623    155    -3.0373971311   0.047959559620      53.6667  TTTTTTTTTTTTT