     2    831    502


 1

     1     79    -3.4586868150   0.031471062221      26.1525  AAAAAAAAAAAAA
     2      1    -6.5729057136   0.001397730102       1.1615  AAAAAAAAAAAAC
     3      2    -5.2509999486   0.005242273773       4.3563  AAAAAAAAAAAAG
     4      1    -6.2585615773   0.001913996954       1.5905  AAAAAAAAAAAAT
     5      3    -6.4308958740   0.001611006929       1.3387  AAAAAAAAAAACA
     6      1    -6.6003245537   0.001359926597       1.1301  AAAAAAAAAAAGG
     7      4    -6.3511860505   0.001744676634       1.4498  AAAAAAAAAACAA
     8      2    -9.1841354585   0.000102655128       0.0853  AAAAAAAAAACAC
     9      2    -5.0571447127   0.006363703800       5.2882  AAAAAAAAAAGAA
    10      1    -8.0050599896   0.000333769478       0.2774  AAAAAAAAAAGCA
    11      3    -6.0368419142   0.002389091970       1.9853  AAAAAAAAAATAA
    12      1    -9.0433722361   0.000118171661       0.0982  AAAAAAAAAATAC
    13      1   -12.4572343154   0.000003889483       0.0032  AAAAAAAAAGATT
    14      1    -6.4847590201   0.001526528585       1.2685  AAAAAAAGAAAAA
    15      1    -9.5697296616   0.000069810253       0.0580  AAAAAAAGAAGAG
    16      1    -9.2918513814   0.000092172256       0.0766  AAAAAACAAAAGA
    17      1    -6.2174563212   0.001994311659       1.6573  AAAAAAGAAAAAA
    18      1    -9.1896527943   0.000102090305       0.0848  AAAAAAGAAAACA
    19      1   -13.1056799728   0.000002033647       0.0017  AAAAAAGAAATCC
    20      1   -17.8043075149   0.000000018522       0.0000  AAAAAGACAATTC
    21      1   -12.7966147507   0.000002770134       0.0023  AAAAATAAAATAT
    22      2    -6.2393984543   0.001951028803       1.6213  AAAAGAAAAAAAA
    23      1    -7.8285603083   0.000398198351       0.3309  AAAAGAAAAAGAA
    24      1    -9.3335540667   0.000088407472       0.0735  AAAAGGAAAAAAA
    25      1    -8.4549955995   0.000212834519       0.1769  AAACACACACAAA
    26      1   -11.0280595471   0.000016239573       0.0135  AAACACACACTAA
    27      1    -6.8159897877   0.001096107745       0.9109  AAAGAGAGAGAAA
    28      1   -16.2786645531   0.000000085166       0.0001  AAAGCAAGAATAA
    29      1   -11.4183018173   0.000010992451       0.0091  AAAGGAAGAGGAA
    30      1   -12.7415069859   0.000002927075       0.0024  AAATAAGAATAGA
    31      1   -14.7587433318   0.000000389367       0.0003  AAATACATATTCT
    32      1   -14.3955744182   0.000000559863       0.0005  AAATAGAGAGAAC
    33      1    -8.4203809560   0.000220330701       0.1831  AACAAAAAAAAAA
    34      1   -10.8168843561   0.000020057962       0.0167  AACACACACACCC
    35      1   -10.0939705957   0.000041327989       0.0343  AAGAAAAAAAAAC
    36      2    -6.7635698447   0.001155098283       0.9599  AAGAAAGAGAAAA
    37      1    -9.8207191873   0.000054314508       0.0451  AAGAAAGAGAAGG
    38      1    -9.6503652157   0.000064402042       0.0535  AAGAAAGAGACAA
    39      1    -8.7786577863   0.000153984627       0.1280  AAGAGAAAGAAAA
    40      1    -6.6017222935   0.001358027101       1.1285  AAGAGAGAGAAAA
    41      1   -11.9943195239   0.000006179214       0.0051  AAGAGAGAGACAT
    42      1   -12.9662937533   0.000002337815       0.0019  AAGAGAGAGATGC
    43      1   -12.6310160701   0.000003269034       0.0027  AAGGGGGGGGAAT
    44      1   -15.6161927183   0.000000165186       0.0001  AATAGATATAATC
    45      1    -7.7970717043   0.000410936563       0.3415  ACAAAAAAAAAAA
    46      1   -19.8840181015   0.000000002315       0.0000  ACAAAAGAATGCA
    47      1   -19.0583420867   0.000000005285       0.0000  ACAAACAAAGCGT
    48      1   -18.6637074537   0.000000007843       0.0000  ACAAATACATTAA
    49      4    -6.7594710515   0.001159842509       0.9638  ACACACACACAAA
    50      1    -9.4255429843   0.000080637804       0.0670  ACACACACACAAC
    51      1    -9.4022920691   0.000082534673       0.0686  ACACACACACAAT
    52      2    -8.0932166595   0.000305605147       0.2540  ACACACACACACA
    53      1    -7.9056251156   0.000368663920       0.3064  ACACACACACACC
    54      1    -8.2081569017   0.000272422360       0.2264  ACACACACACAGA
    55      1    -9.5432914109   0.000071680529       0.0596  ACACACACACCAA
    56      1    -9.3105425242   0.000090465452       0.0752  ACACACACACGGA
    57      2    -9.9929765406   0.000045719917       0.0380  ACACACACACGTC
    58      1    -9.8520842097   0.000052637371       0.0437  ACACACACACTCA
    59      1    -9.0539453132   0.000116928805       0.0972  ACACACACACTTC
    60      1   -11.5378432548   0.000009753901       0.0081  ACACACATACATA
    61      1   -12.0769222622   0.000005689306       0.0047  ACACATACACACT
    62      1   -10.9924628005   0.000016828060       0.0140  ACACATACACTTT
    63      1   -16.5359001860   0.000000065849       0.0001  ACACCCATACGCA
    64      1   -19.7992282398   0.000000002519       0.0000  ACACGCAAATCGC
    65      1    -9.5398472372   0.000071927835       0.0598  ACACGCACACAAA
    66      1   -14.6512287224   0.000000433563       0.0004  ACACGCACGCTTT
    67      1   -15.6850390789   0.000000154196       0.0001  ACACGCGCGCGGT
    68      1   -18.4227402477   0.000000009979       0.0000  ACACGTATACTAC
    69      1   -13.8920092082   0.000000926354       0.0008  ACAGAGAGAGTAT
    70      1   -14.6449450955   0.000000436296       0.0004  ACATAAATATCTC
    71      1   -14.5322555255   0.000000488339       0.0004  ACATACATACGCC
    72      1    -9.0719099151   0.000114846981       0.0954  ACATATATATAAA
    73      1   -11.2074027418   0.000013573343       0.0113  ACATATATATCCT
    74      1   -19.2005578633   0.000000004585       0.0000  ACATGCTTATATC
    75      1   -19.9618672781   0.000000002141       0.0000  ACCATCCCCAAAC
    76      1    -9.6998812883   0.000061290771       0.0509  ACCCCCCCCCCCT
    77      1   -25.7961801381   0.000000000006       0.0000  ACCGGTGACATCT
    78      1   -12.1358516836   0.000005363726       0.0045  ACGCCCGCGCCCC
    79      1   -15.4932447247   0.000000186797       0.0002  ACGCGCACACATC
    80      1   -15.3317389255   0.000000219538       0.0002  ACGCGCACACGAG
    81      1   -10.7170237264   0.000022164387       0.0184  ACGCGCGCGCCCT
    82      1   -12.9236770606   0.000002439599       0.0020  ACGCGCGCGCTGC
    83      1   -20.1702701047   0.000000001738       0.0000  ACGTGGGCGTCAA
    84      1   -14.9274260579   0.000000328928       0.0003  ACGTGTGTGTAAC
    85      1   -11.2529056706   0.000012969558       0.0108  ACTCTCTCTCACC
    86      1    -6.3347059099   0.001773667380       1.4739  AGAAAAAAAAAAA
    87      1    -8.7894739017   0.000152328086       0.1266  AGAAAAAAAAAGG
    88      1   -10.6104213296   0.000024657700       0.0205  AGAAAAAAAATGG
    89      1   -19.7065680095   0.000000002764       0.0000  AGAAACGAAATCG
    90      1    -8.5630449520   0.000191036710       0.1588  AGAAAGAGAGAAA
    91      1    -9.8395546413   0.000053301044       0.0443  AGAAAGAGAGGAG
    92      1   -20.3569587183   0.000000001442       0.0000  AGAAAGAGGCTAG
    93      1   -17.9734820028   0.000000015639       0.0000  AGAAAGCAAACTT
    94      1   -16.2670826730   0.000000086158       0.0001  AGAAAGGAAAATC
    95      1   -16.8174124288   0.000000049692       0.0000  AGAAGAGAAGGAA
    96      1   -12.4717424105   0.000003833461       0.0032  AGAAGGAGAGGAG
    97      1   -12.0471579558   0.000005861190       0.0049  AGACACACACTTT
    98      1   -18.2107076209   0.000000012336       0.0000  AGACAGATGTAGG
    99      1   -12.2945669601   0.000004576542       0.0038  AGAGAACGAGAAA
   100      1   -13.6100423951   0.000001228100       0.0010  AGAGAAGGAGAAT
   101      1   -10.9089062857   0.000018294570       0.0152  AGAGAGAAAGAAT
   102      1    -8.9865334613   0.000125082947       0.1039  AGAGAGAAAGAGA
   103      1   -11.1586786785   0.000014251068       0.0118  AGAGAGAAAGAGT
   104      1   -12.9535214130   0.000002367866       0.0020  AGAGAGAAAGGTT
   105      1   -11.5417805775   0.000009715572       0.0081  AGAGAGAAAGTAG
   106      1   -15.1397774714   0.000000265998       0.0002  AGAGAGACAGGCC
   107      1    -5.4029991757   0.004503055216       3.7420  AGAGAGAGAGAAA
   108      1    -6.7229051765   0.001203038094       0.9997  AGAGAGAGAGAAG
   109      3    -6.1854339374   0.002059207791       1.7112  AGAGAGAGAGAGA
   110      3    -6.0615193424   0.002330856826       1.9369  AGAGAGAGAGAGG
   111      4    -7.8203530439   0.000401479918       0.3336  AGAGAGAGAGATA
   112      1    -8.4607115716   0.000211621433       0.1759  AGAGAGAGAGATG
   113      1    -6.6532211886   0.001289860522       1.0719  AGAGAGAGAGGGA
   114      4    -5.3584579312   0.004708160821       3.9125  AGAGAGAGAGGGG
   115      1    -8.7404899626   0.000159975487       0.1329  AGAGAGAGAGTAG
   116      1    -8.4380230448   0.000216477694       0.1799  AGAGAGAGAGTGA
   117      1   -14.6098277872   0.000000451890       0.0004  AGAGAGGAAGCAG
   118      1    -9.5603379596   0.000070468979       0.0586  AGAGAGGGAGGAA
   119      1   -20.9152529100   0.000000000825       0.0000  AGAGAGTACGGAT
   120      1   -12.2630353185   0.000004723147       0.0039  AGAGGGAAAGAAG
   121      1   -20.6179542534   0.000000001111       0.0000  AGAGGGAGGACTT
   122      1   -15.3400882808   0.000000217713       0.0002  AGAGGGAGGGCAG
   123      1   -23.7727499941   0.000000000047       0.0000  AGCAGAATCATAC
   124      1   -11.3809674138   0.000011410605       0.0095  AGCGCGCGCGAAG
   125      1   -12.7445442645   0.000002918198       0.0024  AGGAAAAAAACAA
   126      1   -17.8728156615   0.000000017296       0.0000  AGGCAGCGGGAGA
   127      1   -13.0943500073   0.000002056819       0.0017  AGGGAAAGGGAAG
   128      1   -13.6118801939   0.000001225845       0.0010  AGGGAGAGAGTTA
   129      1   -12.7930216093   0.000002780106       0.0023  AGGGAGGAGGGAA
   130      1   -11.1166329235   0.000014863041       0.0124  AGGGAGGGAGGGG
   131      1   -13.5613780765   0.000001289343       0.0011  AGGGAGGGGAGAA
   132      1   -11.3864090195   0.000011348681       0.0094  AGGGAGGGGGAAT
   133      1    -7.8565386018   0.000387211849       0.3218  AGGGGGGGGGAGG
   134      1   -18.9579950965   0.000000005843       0.0000  AGGGTGGAGGTTC
   135      1   -21.4173349431   0.000000000500       0.0000  AGTAAAGGGAACG
   136      1   -15.7573727323   0.000000143437       0.0001  AGTAAATATATAT
   137      1   -22.0145184923   0.000000000275       0.0000  AGTCAGGCGCGAC
   138      1   -14.2906426189   0.000000621803       0.0005  AGTGAAAGTGAAG
   139      1   -16.3695134498   0.000000077770       0.0001  AGTGTGCATGGAG
   140      1   -18.9500078415   0.000000005890       0.0000  AGTTCCTTTTAAA
   141      1   -14.6913982063   0.000000416492       0.0003  ATAAAAATAAAAC
   142      1   -18.3205116068   0.000000011054       0.0000  ATACGCACATAAC
   143      1   -16.7917193371   0.000000050986       0.0000  ATATACGCATACC
   144      1    -6.3606758031   0.001728198395       1.4361  ATATATATATAAA
   145      1    -9.3178345184   0.000089808178       0.0746  ATATATATATAAC
   146      1    -8.7832708591   0.000153275920       0.1274  ATATATATATAAT
   147      1    -7.5509440922   0.000525613665       0.4368  ATATATATATATA
   148      2    -8.9178452684   0.000133976618       0.1113  ATATATATATATC
   149      1    -7.3338332718   0.000653065406       0.5427  ATATATATATATT
   150      1    -8.0530434385   0.000318132232       0.2644  ATATATATATGTT
   151      1    -6.0310179315   0.002403046596       1.9969  ATATATATATTTT
   152      1   -14.0618657998   0.000000781645       0.0006  ATATGTGTATATC
   153      1   -17.9798638762   0.000000015540       0.0000  ATCGCGTGCGTTC
   154      1   -17.2732853401   0.000000031500       0.0000  ATCTGTATCTGTC
   155      1   -19.5553502370   0.000000003215       0.0000  ATGCTCACGCTCA
   156      1   -17.9871256799   0.000000015427       0.0000  ATGTGCGTATTAT
   157      1   -11.7879482081   0.000007595548       0.0063  ATGTGCGTGTTTT
   158      1   -23.1480636542   0.000000000088       0.0000  ATTAGGAGTGTTC
   159      1   -21.0691300589   0.000000000708       0.0000  ATTGACTCTGAAT
   160      1    -9.8733958699   0.000051527451       0.0428  ATTTTTTTTTTAT
   161      1   -10.5534166393   0.000026104140       0.0217  CAAACAAAAAAAA
   162      1   -16.9069400101   0.000000045437       0.0000  CAAAGAAAAGAGG
   163      1   -14.2239436713   0.000000664691       0.0006  CACAAAAACAAGA
   164      4    -6.4878576706   0.001521805728       1.2646  CACACACACAAAA
   165      1    -9.2856543151   0.000092745227       0.0771  CACACACACAAAC
   166      2    -8.2097038745   0.000272001256       0.2260  CACACACACAAAG
   167      1    -9.1153225337   0.000109967847       0.0914  CACACACACAATA
   168      1   -13.3070607231   0.000001662712       0.0014  CACACGCACAATT
   169      1   -11.0394667260   0.000016055377       0.0133  CACACGCACACAA
   170      1   -12.5652846504   0.000003491132       0.0029  CACGCGCGCGACA
   171      1   -18.5996430417   0.000000008361       0.0000  CACTCCCTTTTAT
   172      1   -17.9688018111   0.000000015713       0.0000  CCATCAATATCGC
   173      1   -19.7471168840   0.000000002654       0.0000  CCATCCGCATTTG
   174      1   -14.2617048718   0.000000640059       0.0005  CCCAACCCCACTC
   175      1   -12.5173605260   0.000003662515       0.0030  CCCACACACAAAG
   176      1   -10.7430298280   0.000021595409       0.0179  CCCCACCCCCCGC
   177      1   -10.5033339087   0.000027444798       0.0228  CCCCCCCCCCAAT
   178      4    -6.6647036235   0.001275134490       1.0596  CCCCCCCCCCACC
   179      1   -10.8961317006   0.000018529774       0.0154  CCCCCCCCCCAGG
   180      1    -9.2742873623   0.000093805472       0.0780  CCCCCCCCCCCAA
   181      2    -6.7465021650   0.001174982336       0.9764  CCCCCCCCCCCAC
   182     32    -4.2175487368   0.014734718947      12.2446  CCCCCCCCCCCCC
   183      1    -5.8522984040   0.002873287587       2.3877  CCCCCCCCCCCCT
   184      1    -9.5664881859   0.000070036909       0.0582  CCCCCCCCCCCGA
   185      3    -6.9608233927   0.000948315417       0.7881  CCCCCCCCCCCGC
   186      1   -10.9323153526   0.000017871284       0.0149  CCCCCCCCCCGAG
   187      1    -6.8790248511   0.001029147128       0.8552  CCCCCCCCCCGCC
   188      1   -11.0716150414   0.000015547433       0.0129  CCCCCCCCCCGGA
   189      1    -8.3671643577   0.000232373549       0.1931  CCCCCCCCCCGTC
   190      2    -5.6476006900   0.003525966521       2.9301  CCCCCCCCCCTCC
   191      1    -7.0762863611   0.000844905002       0.7021  CCCCCCCCCCTCT
   192      4    -7.3152735865   0.000665299271       0.5529  CCCCCCCCCCTTT
   193      1    -9.3851560503   0.000083961177       0.0698  CCCCCCCCCTCTC
   194      1   -12.0604764237   0.000005783645       0.0048  CCCCCCCTCCATT
   195      1    -8.2694654172   0.000256222227       0.2129  CCCCCCTCCCTCC
   196      2    -8.5435774255   0.000194792158       0.1619  CCCCCGCCCCCCC
   197      1    -8.8177122970   0.000148086752       0.1231  CCCCCTCCCCCCT
   198      1    -8.6842839520   0.000169224563       0.1406  CCCCCTCCCCCTC
   199      1   -12.6528887297   0.000003198308       0.0027  CCCCCTTCCCTTC
   200      1   -10.9218153757   0.000018059921       0.0150  CCCCTCCCCCTCA
   201      1    -9.7169138300   0.000060255673       0.0501  CCCCTCCCCCTTC
   202      1   -11.7410266099   0.000007960437       0.0066  CCCTCCCTCTCTA
   203      1   -10.4534941223   0.000028847301       0.0240  CCCTCCCTCTTTT
   204      1   -11.2205309387   0.000013396314       0.0111  CCCTCTCTCTACT
   205      1   -12.6734161080   0.000003133324       0.0026  CCCTCTCTCTGGC
   206      1   -11.0473866573   0.000015928722       0.0132  CCCTCTTTCTTTT
   207      1   -14.7551867303   0.000000390754       0.0003  CCCTCTTTTTTCC
   208      1   -12.5674266485   0.000003483662       0.0029  CCCTTCTCCCCCC
   209      1   -19.2366661579   0.000000004422       0.0000  CCGTCCTTGTATT
   210      1   -21.4952556124   0.000000000462       0.0000  CCGTCTCTCCAAT
   211      1   -16.9302579358   0.000000044390       0.0000  CCTATTTTTAGTT
   212      1   -17.9544456327   0.000000015940       0.0000  CCTCCATCTCAGT
   213      1   -10.8950545622   0.000018549744       0.0154  CCTCTCCCTCTCC
   214      2    -7.1826191812   0.000759675506       0.6313  CCTCTCTCTCCCC
   215      1    -8.6686674301   0.000171888004       0.1428  CCTCTCTCTCCTC
   216      2    -8.5439306309   0.000194723368       0.1618  CCTCTCTCTCTTT
   217      1   -14.9260075899   0.000000329395       0.0003  CCTTCCTCTTTCA
   218      1   -18.6421950464   0.000000008013       0.0000  CCTTCTCCCCATT
   219      1   -21.9780390740   0.000000000285       0.0000  CCTTTTCACCTTT
   220      1   -14.7162938239   0.000000406251       0.0003  CCTTTTCTCTCTC
   221      1   -15.3494702189   0.000000215680       0.0002  CGAGCGGGAGAGA
   222      1   -11.9810567218   0.000006261713       0.0052  CGCACATACAAAA
   223      1   -16.7365622074   0.000000053877       0.0000  CGCCCACCCCAAT
   224      1    -8.0882552754   0.000307125139       0.2552  CGCGCGCGCGAGG
   225      1    -8.5111778878   0.000201206686       0.1672  CGCGCGCGCGCGC
   226      1    -9.2336826548   0.000097692804       0.0812  CGCGCGCGCGGAA
   227      5    -6.9518203966   0.000956891645       0.7952  CGCGCGCGCGGGG
   228      1    -9.5783102011   0.000069213806       0.0575  CGCGTGCGCGGGG
   229      1   -15.7592410642   0.000000143169       0.0001  CGCGTGTGCGATC
   230      1   -17.8461299910   0.000000017763       0.0000  CGGAGGAAGGAGG
   231      1   -11.0242302988   0.000016301877       0.0135  CGGGGGGGGGCGG
   232      1   -13.8336286860   0.000000982045       0.0008  CGTATGTATAGAG
   233      1   -19.8396337194   0.000000002420       0.0000  CGTGCAAGCGCCG
   234      1   -16.1227711318   0.000000099534       0.0001  CGTGCGCGGGGAG
   235      1   -16.0667389029   0.000000105270       0.0001  CGTGCGTGTATGT
   236      1   -20.3341397432   0.000000001476       0.0000  CGTGCTTGCGAGT
   237      1   -18.6221547127   0.000000008175       0.0000  CGTTCCTTTTGAG
   238      1   -21.6484329029   0.000000000396       0.0000  CGTTTACGTATTT
   239      1   -16.1471323514   0.000000097138       0.0001  CTAGGGAGAGAGG
   240      1   -19.2909663234   0.000000004188       0.0000  CTCAAGCACACGT
   241      1    -6.3624447830   0.001725143949       1.4336  CTCTCTCTCTCTT
   242      1   -10.5098499887   0.000027266547       0.0227  CTCTCTGTCTCTC
   243      1    -8.9826858206   0.000125565149       0.1043  CTCTCTTTCTCTT
   244      1   -13.4330638582   0.000001465867       0.0012  CTCTTTTTCTCTA
   245      1   -17.7149385482   0.000000020253       0.0000  CTTACACACAACG
   246      1   -14.9428113173   0.000000323906       0.0003  CTTCTCTCTCAGC
   247      1   -13.7350269946   0.000001083811       0.0009  CTTTCCCTCTTCT
   248      1   -13.2133885153   0.000001825990       0.0015  CTTTCCTTTTTCT
   249      1    -8.2031645650   0.000273785785       0.2275  CTTTCTTTTTTTT
   250      1   -16.2253003709   0.000000089834       0.0001  CTTTTCTTTTGCA
   251      1   -14.8397463092   0.000000359071       0.0003  CTTTTTTATTCGT
   252      1   -14.4604078360   0.000000524716       0.0004  CTTTTTTTCCTTT
   253      1    -8.0716256771   0.000312275210       0.2595  CTTTTTTTTTCTT
   254      1    -6.2303585269   0.001968745922       1.6360  GAAAAAAAAAAAA
   255      1    -8.8848136156   0.000138475988       0.1151  GAAAAAAAAAATA
   256      1   -10.3534328528   0.000031883152       0.0265  GAAAAAAAAATGA
   257      1   -11.9250818928   0.000006622207       0.0055  GAAACAAAAAAGA
   258      1    -9.2410389487   0.000096976784       0.0806  GAAAGAAAAAGAG
   259      1   -10.9239022657   0.000018022271       0.0150  GAAAGAAGAAAAA
   260      1   -24.6361160669   0.000000000020       0.0000  GAATAGCAATTTC
   261      1    -9.9338830187   0.000048503092       0.0403  GACAGACACAAAA
   262      1    -9.3546814628   0.000086559245       0.0719  GAGAAAAAGAAAA
   263      1   -11.3255344496   0.000012060988       0.0100  GAGAGAAAGATGA
   264      1    -5.1795898631   0.005630315141       4.6788  GAGAGAGAGAAAA
   265      1    -6.6387158686   0.001308706717       1.0875  GAGAGAGAGAAAG
   266      1    -7.9165670252   0.000364652021       0.3030  GAGAGAGAGAAAT
   267      1    -6.7079747649   0.001221134707       1.0148  GAGAGAGAGAAGA
   268      1    -8.3846866712   0.000228337292       0.1897  GAGAGAGAGAGAT
   269      1    -6.8008058210   0.001112878006       0.9248  GAGAGAGAGAGGA
   270      1    -8.4836270953   0.000206827159       0.1719  GAGAGAGAGAGTA
   271      1   -10.2304997959   0.000036053746       0.0300  GAGAGAGAGATGT
   272      1   -11.6957490342   0.000008329151       0.0069  GAGAGAGAGGAAT
   273      1    -9.2676992252   0.000094425516       0.0785  GAGAGAGGGAGAG
   274      1   -11.7780686132   0.000007670961       0.0064  GAGAGGGAGGGGG
   275      1   -12.3349196406   0.000004395542       0.0037  GAGGGGGGGGCGC
   276      1   -17.3856069540   0.000000028153       0.0000  GAGTCAGTGTTAG
   277      1   -18.5763679500   0.000000008558       0.0000  GAGTGGGGGCCAG
   278      1   -12.9173071040   0.000002455188       0.0020  GCACACACACCAT
   279      1   -15.6180717396   0.000000164876       0.0001  GCACACGCACCGT
   280      1   -20.2674114510   0.000000001578       0.0000  GCACAGATACCAG
   281      1   -13.9039336153   0.000000915374       0.0008  GCGAGAGAGACCG
   282      1   -17.4484133750   0.000000026439       0.0000  GCGAGGGGGGATC
   283      1   -14.0494704579   0.000000791394       0.0007  GCGCACACACTTT
   284      1   -11.6481611550   0.000008735100       0.0073  GCGCACACGCCCC
   285      1    -6.9558220816   0.000953070117       0.7920  GCGCGCGCGCCCC
   286      1    -9.6552056651   0.000064091061       0.0533  GCGCGCGCGCCCG
   287      1    -8.3194360148   0.000243733287       0.2025  GCGCGCGCGCGCC
   288      1    -7.2437049112   0.000714659101       0.5939  GCGCGCGCGCGGG
   289      1   -18.1994101050   0.000000012477       0.0000  GCGCGCGTATAAA
   290      1   -18.3451728946   0.000000010784       0.0000  GCGCGGAGGGAAG
   291      1   -11.2158349437   0.000013459371       0.0112  GCGGGGGGGGCGG
   292      1   -16.9075705072   0.000000045408       0.0000  GCGTATATATGAG
   293      1   -11.1974022416   0.000013709765       0.0114  GCTCTCTCTCCTT
   294      1   -15.1474566317   0.000000263963       0.0002  GCTCTCTTTCCCG
   295      1   -16.1558271717   0.000000096297       0.0001  GGAAAGGAAAATA
   296      1   -13.0400615880   0.000002171567       0.0018  GGAAAGGGGGGGG
   297      1   -10.1437216854   0.000039322185       0.0327  GGAAGAAAAAGGG
   298      1   -14.8584114593   0.000000352431       0.0003  GGAAGGAAAATAA
   299      1   -12.4073967904   0.000004088237       0.0034  GGAAGGGGAAGGA
   300      1   -19.6662206456   0.000000002878       0.0000  GGAAGTGAAATCT
   301      1   -12.2372684133   0.000004846429       0.0040  GGAGAGAGAGATT
   302      1   -12.1149123651   0.000005477223       0.0046  GGAGAGAGGGGGA
   303      1   -11.2184682661   0.000013423975       0.0112  GGAGAGGGAGAGA
   304      1   -13.2863170471   0.000001697563       0.0014  GGAGAGGGAGCAG
   305      1    -9.1477101669   0.000106463307       0.0885  GGAGAGGGAGGGG
   306      1   -12.5435300062   0.000003567912       0.0030  GGAGGAAGAGAAG
   307      1   -19.6583803625   0.000000002901       0.0000  GGAGGACGAGTAT
   308      1   -12.2695489042   0.000004692482       0.0039  GGAGGGGGAGATA
   309      2    -7.4108363728   0.000604664758       0.5025  GGAGGGGGAGGGG
   310      1   -15.2257312977   0.000000244089       0.0002  GGCGCGCGTGGAA
   311      1   -11.9256502497   0.000006618444       0.0055  GGCGGGGGGGGCG
   312      1    -8.7385397756   0.000160287773       0.1332  GGGAGAGAGAGAA
   313      1   -18.5933422174   0.000000008414       0.0000  GGGAGAGGTAAGT
   314      1   -11.3669558152   0.000011571611       0.0096  GGGAGGAGGAAGG
   315      2   -10.3378956969   0.000032382393       0.0269  GGGAGGGGGAAAA
   316      1   -12.6416780293   0.000003234365       0.0027  GGGAGGGGGGCTG
   317      1   -10.8112891864   0.000020170505       0.0168  GGGGAAGGGGAGG
   318      1   -11.1927766911   0.000013773327       0.0114  GGGGAGAGGGAAA
   319      1    -6.5980690597   0.001362997365       1.1327  GGGGAGGGGGGGG
   320      1    -9.8431671089   0.000053108843       0.0441  GGGGGAGGGGGCG
   321      1   -13.2933172656   0.000001685721       0.0014  GGGGGGAGGGACC
   322      1    -9.2337640606   0.000097684852       0.0812  GGGGGGAGGGAGA
   323      1    -7.9172243849   0.000364412393       0.3028  GGGGGGAGGGAGG
   324      1    -9.4200570394   0.000081081394       0.0674  GGGGGGAGGGCGG
   325      1    -8.1199522149   0.000297542878       0.2473  GGGGGGAGGGGGA
   326      1   -16.7713126038   0.000000052037       0.0000  GGGGGGCGGAAAT
   327      1    -8.2621160932   0.000258112223       0.2145  GGGGGGGAGGGAG
   328      1    -9.1603469981   0.000105126413       0.0874  GGGGGGGGAGGAG
   329      1    -8.9527628204   0.000129379214       0.1075  GGGGGGGGGAAGG
   330      1    -6.9062958713   0.001001460473       0.8322  GGGGGGGGGGAAA
   331      3    -5.3847254782   0.004586099134       3.8110  GGGGGGGGGGAGG
   332      1    -8.0960741479   0.000304733130       0.2532  GGGGGGGGGGAGT
   333      2    -8.2851218082   0.000252241951       0.2096  GGGGGGGGGGCAG
   334      1    -6.8873792966   0.001020584990       0.8481  GGGGGGGGGGCGG
   335      1   -10.7533303696   0.000021374106       0.0178  GGGGGGGGGGCTA
   336      1    -8.4829822603   0.000206960571       0.1720  GGGGGGGGGGGAC
   337      1    -5.4589108620   0.004258190978       3.5386  GGGGGGGGGGGAG
   338      1    -5.5872874140   0.003745173203       3.1122  GGGGGGGGGGGGA
   339      1    -7.1164776912   0.000811620500       0.6745  GGGGGGGGGGGGC
   340     69    -4.0397943219   0.017601092203      14.6265  GGGGGGGGGGGGG
   341      1    -6.6554148452   0.001287034113       1.0695  GGGGGGGGGGGTG
   342      1   -13.0915299120   0.000002062627       0.0017  GGGGTGGGGGACA
   343      1   -14.0485378950   0.000000792132       0.0007  GGGGTGGGGGATT
   344      1   -14.4210190015   0.000000545797       0.0005  GGGTGGGGGGCCC
   345      1   -23.0028636318   0.000000000102       0.0000  GGTAAATCTAATC
   346      1   -16.7558434818   0.000000052848       0.0000  GGTGCGCGTGTTC
   347      1   -19.1249807703   0.000000004945       0.0000  GTAAAAACAATCT
   348      1   -20.2146145656   0.000000001663       0.0000  GTAAAAGAGGGGA
   349      1   -14.9680617673   0.000000315830       0.0003  GTATATATACTTA
   350      1    -8.0448705259   0.000320742953       0.2665  GTGTGTGTGTAAA
   351      1    -8.1620981233   0.000285263249       0.2371  GTGTGTGTGTAGG
   352      1    -8.3134808298   0.000245189095       0.2038  GTGTGTGTGTGGA
   353      1    -6.8449071255   0.001064865131       0.8849  GTGTGTGTGTGGG
   354      2    -6.3212575452   0.001797681419       1.4939  GTGTGTGTGTTTT
   355      1   -17.2883543269   0.000000031029       0.0000  GTTTATGTATTTC
   356      1   -12.2507185655   0.000004781680       0.0040  TAATAAAAATAAA
   357      1   -12.4098963384   0.000004078031       0.0034  TACATATACAAAT
   358      1   -12.7316438338   0.000002956088       0.0025  TACATATATAACA
   359      1   -15.8157373830   0.000000135305       0.0001  TACGCGCACGAGA
   360      1   -19.1121400527   0.000000005008       0.0000  TACGTCTGCGTTA
   361      1   -17.3356808809   0.000000029594       0.0000  TAGAGAGTGATAC
   362      1   -17.6085685102   0.000000022527       0.0000  TAGATAGGGACGT
   363      1    -9.0228893284   0.000120617120       0.1002  TATACATATAAAA
   364      1   -16.4787339409   0.000000069723       0.0001  TATACCTATAACA
   365      1   -17.3592865200   0.000000028904       0.0000  TATACTTATACCA
   366      1   -12.7773972188   0.000002823884       0.0023  TATATATACAATA
   367      4    -6.0764054576   0.002296416401       1.9083  TATATATATAAAA
   368      1    -7.7189611032   0.000444321969       0.3692  TATATATATAAGA
   369      1    -8.7431370061   0.000159552585       0.1326  TATATATATAAGG
   370      1    -9.7714526645   0.000057057407       0.0474  TATATATATACGA
   371      1    -8.7320807411   0.000161326428       0.1341  TATATATATAGGA
   372      1    -8.3502808934   0.000236330126       0.1964  TATATATATATGT
   373      1   -12.1653063730   0.000005208043       0.0043  TATATGTATATTG
   374      1   -13.7425131182   0.000001075728       0.0009  TATATGTGTGGGA
   375      1   -22.2217946504   0.000000000223       0.0000  TATGCGAGCGTCG
   376      1   -12.6762774052   0.000003124372       0.0026  TATGTATATACAC
   377      1   -15.4584110204   0.000000193418       0.0002  TATGTGTTTGTAG
   378      1    -9.8842551897   0.000050970925       0.0424  TATTTTTTTTTAT
   379      1   -17.5270264411   0.000000024440       0.0000  TCAAACAAAAAAT
   380      1   -16.1794744726   0.000000094047       0.0001  TCAATAAAAAAAG
   381      1   -19.9522428002   0.000000002162       0.0000  TCACACCTATTTT
   382      1   -19.0456896253   0.000000005353       0.0000  TCACGCCCACGCA
   383      1   -19.5583646652   0.000000003206       0.0000  TCACGCCCCCTTG
   384      1    -8.9165792973   0.000134146336       0.1115  TCCCCCCCCCTTT
   385      1   -12.0132044567   0.000006063615       0.0050  TCCCCCCCTCTCC
   386      1   -14.1984177776   0.000000681876       0.0006  TCCCCCCTCCTGT
   387      1   -14.4114088380   0.000000551067       0.0005  TCCCCCTCCCAAA
   388      1   -15.8493699503   0.000000130830       0.0001  TCCCCTCTCCATT
   389      1   -10.4906963889   0.000027793833       0.0231  TCCCTCCCCCTTC
   390      1    -9.1127282815   0.000110253502       0.0916  TCCCTCCCCCTTT
   391      1   -10.7852369716   0.000020702896       0.0172  TCCCTCTCCCCTC
   392      1   -10.8844540451   0.000018747427       0.0156  TCCCTCTCCCTTC
   393      1   -20.1871125056   0.000000001709       0.0000  TCCCTGTGTCGTT
   394      1   -13.7879947421   0.000001027898       0.0009  TCCCTTTTTTTTT
   395      1   -12.1678448913   0.000005194839       0.0043  TCCTCCCCCCTTT
   396      1   -14.2065034665   0.000000676385       0.0006  TCCTCCTCCCCTC
   397      1   -17.1737542379   0.000000034796       0.0000  TCCTCCTCTTTTC
   398      1   -15.6915430685   0.000000153197       0.0001  TCCTCTCCCCCTT
   399      1   -13.7942824151   0.000001021455       0.0008  TCCTCTTTCTTCT
   400      1   -16.4272906166   0.000000073404       0.0001  TCCTTCTCCTCAT
   401      1   -18.5874853243   0.000000008464       0.0000  TCCTTTCCTTCCT
   402      1   -11.7451793817   0.000007927448       0.0066  TCGCGCGCGCGCC
   403      1   -13.1264319571   0.000001991879       0.0017  TCGCGCGTGCTTT
   404      1   -19.1881760878   0.000000004642       0.0000  TCGTACACATATT
   405      1   -18.7890388290   0.000000006919       0.0000  TCGTTCTCGCGTA
   406      1   -22.5570949820   0.000000000160       0.0000  TCTATCCTCAAAA
   407      1   -12.4194587551   0.000004039221       0.0034  TCTCCCCCTCCTT
   408      1   -10.1202586955   0.000040255710       0.0335  TCTCCCTCTCCTT
   409      1   -18.2772725625   0.000000011542       0.0000  TCTCGCCTTCTTG
   410      1   -21.7106662329   0.000000000373       0.0000  TCTCTATACAAAT
   411      1   -12.9297193615   0.000002424902       0.0020  TCTCTCCTTCTTC
   412      1    -8.1152657670   0.000298940570       0.2484  TCTCTCTCTCCAC
   413      2    -9.1085526779   0.000110714839       0.0920  TCTCTCTCTCCAT
   414      1    -5.6032929765   0.003685706765       3.0628  TCTCTCTCTCCCC
   415      1    -7.0272059990   0.000887407738       0.7374  TCTCTCTCTCCTC
   416      1    -8.8877121475   0.000138075193       0.1147  TCTCTCTCTCTGC
   417      1    -7.0897824054   0.000833578728       0.6927  TCTCTCTCTCTTC
   418      1    -8.4518117934   0.000213513223       0.1774  TCTCTCTCTCTTG
   419      1    -5.5966516145   0.003710266342       3.0832  TCTCTCTCTCTTT
   420      1   -10.8532741434   0.000019341178       0.0161  TCTCTCTCTTCTT
   421      1   -14.1853028997   0.000000690878       0.0006  TCTCTCTTCCCTT
   422      1   -13.0657091395   0.000002116580       0.0018  TCTCTCTTTCAAT
   423      1    -8.4966258756   0.000204156056       0.1697  TCTCTCTTTCCCC
   424      1   -12.8558427947   0.000002610829       0.0022  TCTGTCTCTCTTA
   425      1   -19.5144132606   0.000000003350       0.0000  TCTTACTCCTCAC
   426      1   -20.0935809231   0.000000001877       0.0000  TCTTCCACTCATA
   427      1   -11.8211882935   0.000007347222       0.0061  TCTTCCTCTCTTT
   428      1   -11.9835513531   0.000006246112       0.0052  TCTTCTTTTTATT
   429      1   -16.4432646561   0.000000072241       0.0001  TCTTTATCTTATC
   430      1   -19.2836188253   0.000000004219       0.0000  TCTTTCCTCCCTT
   431      1   -13.3416868099   0.000001606124       0.0013  TCTTTCCTTTCTC
   432      1   -10.3411291658   0.000032277855       0.0268  TCTTTCTCTCTTC
   433      1    -8.8479018513   0.000143682888       0.1194  TCTTTCTCTCTTT
   434      1   -10.5725952590   0.000025608269       0.0213  TCTTTCTCTTCTC
   435      1   -16.0316489154   0.000000109029       0.0001  TCTTTCTTTCAAT
   436      1   -12.6782462832   0.000003118226       0.0026  TCTTTCTTTTAAA
   437      1    -9.7479954333   0.000058411636       0.0485  TCTTTCTTTTTCC
   438      1    -9.7594614148   0.000057745715       0.0480  TCTTTCTTTTTCT
   439      1   -11.3393097325   0.000011895984       0.0099  TCTTTCTTTTTTA
   440      1    -8.6749544054   0.000170810739       0.1419  TCTTTCTTTTTTT
   441      1   -14.0388727040   0.000000799825       0.0007  TCTTTTTCTCATT
   442      1    -9.6451525111   0.000064738627       0.0538  TCTTTTTCTTTTT
   443      1   -12.3993102819   0.000004121430       0.0034  TCTTTTTTTCTTC
   444      1   -13.0268309637   0.000002200489       0.0018  TCTTTTTTTTAGC
   445      1    -8.2857044981   0.000252095015       0.2095  TCTTTTTTTTCTT
   446      1    -9.2333378626   0.000097726494       0.0812  TCTTTTTTTTTCC
   447      1    -8.4470932559   0.000214523074       0.1783  TCTTTTTTTTTTC
   448      1   -12.8180358461   0.000002711426       0.0023  TGAGAGAGAGTTC
   449      1   -15.7742190066   0.000000141040       0.0001  TGCGCGCGTGCGT
   450      1   -17.0301720166   0.000000040169       0.0000  TGCTCGCGCGAGT
   451      1   -15.1280984737   0.000000269123       0.0002  TGGGCGGGGGTCT
   452      1   -16.2520059903   0.000000087467       0.0001  TGGGGGGAGGGCT
   453      1   -10.7759359099   0.000020896353       0.0174  TGGGGGGGGGCGG
   454      1    -7.9709956074   0.000345334997       0.2870  TGGGGGGGGGGGG
   455      1   -14.4361950548   0.000000537576       0.0004  TGTATACATAATA
   456      1   -12.5504012050   0.000003543480       0.0029  TGTATATATGTTT
   457      1   -15.9432638769   0.000000119105       0.0001  TGTATGAATATGA
   458      1   -12.9482070765   0.000002380483       0.0020  TGTATGTATAAGT
   459      1   -12.4098854270   0.000004078075       0.0034  TGTATGTATATTA
   460      1   -13.0538223566   0.000002141889       0.0018  TGTATTTATAAAA
   461      1   -12.7430133893   0.000002922669       0.0024  TGTCTGTGTGGAG
   462      1   -19.0402180996   0.000000005382       0.0000  TGTGGGCGGGAGA
   463      1   -11.2389444855   0.000013151898       0.0109  TGTGTATGTGTAT
   464      1   -11.4481707181   0.000010668973       0.0089  TGTGTGCGTGTTC
   465      1   -15.6564628126   0.000000158666       0.0001  TGTGTGTACGAAG
   466      1    -9.3901303823   0.000083544563       0.0694  TGTGTGTATGTTT
   467      1   -12.6272133093   0.000003281489       0.0027  TGTGTGTGTAATT
   468      1    -8.7496168683   0.000158522048       0.1317  TGTGTGTGTGAAG
   469      1   -10.0261015556   0.000044230253       0.0368  TGTGTGTGTGCAT
   470      1    -7.9024198659   0.000369847475       0.3073  TGTGTGTGTGTGT
   471      1   -21.2708399287   0.000000000578       0.0000  TGTTGGTGTAAAT
   472      1   -17.4658067981   0.000000025983       0.0000  TGTTTGTTTGGTT
   473      1    -9.5748547875   0.000069453382       0.0577  TGTTTTTTTTTTC
   474      1   -22.7822285846   0.000000000128       0.0000  TTACACTTTCATA
   475      1    -6.8173127702   0.001094658573       0.9097  TTCTCTCTCTTTT
   476      1   -10.0821498081   0.000041819417       0.0348  TTCTCTTTTTTTT
   477      1    -8.8171565383   0.000148169075       0.1231  TTCTTTCTCTTCT
   478      1   -13.6040128724   0.000001235527       0.0010  TTCTTTTCTCTTT
   479      1    -9.1056047159   0.000111041704       0.0923  TTCTTTTTCTTCT
   480      1   -19.0620412755   0.000000005266       0.0000  TTTCCCCTTCGCT
   481      1    -8.8677048601   0.000140865523       0.1171  TTTCTCTCTCTTC
   482      1   -11.4287964433   0.000010877692       0.0090  TTTCTCTTTCTTC
   483      1    -7.3289221511   0.000656280577       0.5454  TTTCTTTTTCTTT
   484      1   -14.2526023676   0.000000645912       0.0005  TTTGTATATGTGT
   485      1   -12.4131711252   0.000004064698       0.0034  TTTTCCTTTTGTT
   486      1   -17.0794238377   0.000000038238       0.0000  TTTTCTATTTACG
   487      1    -8.3942776346   0.000226157786       0.1879  TTTTCTTTTTTTC
   488      1   -15.7073521660   0.000000150794       0.0001  TTTTTCCCTCCTC
   489      1   -11.8561280084   0.000007094945       0.0059  TTTTTTCTTTGGT
   490      1    -6.3845325272   0.001687457152       1.4023  TTTTTTCTTTTTT
   491      1    -7.7817931209   0.000417263300       0.3467  TTTTTTTTTTACT
   492      1    -7.8676089493   0.000382948919       0.3182  TTTTTTTTTTATC
   493      3    -5.9378761870   0.002637625530       2.1919  TTTTTTTTTTATT
   494      1    -7.1268392964   0.000803254228       0.6675  TTTTTTTTTTCCC
   495      1    -9.2280634973   0.000098243301       0.0816  TTTTTTTTTTCGC
   496      3    -5.2278602132   0.005364992970       4.4583  TTTTTTTTTTCTT
   497      1    -6.1521974147   0.002128798773       1.7690  TTTTTTTTTTGTT
   498      1    -6.0163438560   0.002438569076       2.0265  TTTTTTTTTTTAT
   499      1    -6.9517933708   0.000956917506       0.7952  TTTTTTTTTTTCC
   500      1    -6.1569359937   0.002118735154       1.7607  TTTTTTTTTTTTA
   501      2    -6.3712572213   0.001710008015       1.4210  TTTTTTTTTTTTG
   502     89    -3.4331490318   0.032285113678      26.8289  TTTTTTTTTTTTT

 2

     1     79    -3.4586865346   0.031471071046      26.1525  AAAAAAAAAAAAA
     2      1    -6.5729021658   0.001397735061       1.1615  AAAAAAAAAAAAC
     3      2    -5.2509977985   0.005242285045       4.3563  AAAAAAAAAAAAG
     4      1    -6.2585580295   0.001914003745       1.5905  AAAAAAAAAAAAT
     5      3    -6.4308963692   0.001611006131       1.3387  AAAAAAAAAAACA
     6      1    -6.6003253529   0.001359925510       1.1301  AAAAAAAAAAAGG
     7      4    -6.3511883627   0.001744672600       1.4498  AAAAAAAAAACAA
     8      2    -9.1841334684   0.000102655332       0.0853  AAAAAAAAAACAC
     9      2    -5.0571473320   0.006363687131       5.2882  AAAAAAAAAAGAA
    10      1    -8.0050633096   0.000333768370       0.2774  AAAAAAAAAAGCA
    11      3    -6.0368442264   0.002389086446       1.9853  AAAAAAAAAATAA
    12      1    -9.0433709461   0.000118171813       0.0982  AAAAAAAAAATAC
    13      1   -12.4572374639   0.000003889471       0.0032  AAAAAAAAAGATT
    14      1    -6.4847598786   0.001526527275       1.2685  AAAAAAAGAAAAA
    15      1    -9.5697310688   0.000069810155       0.0580  AAAAAAAGAAGAG
    16      1    -9.2918509049   0.000092172300       0.0766  AAAAAACAAAAGA
    17      1    -6.2174554942   0.001994313308       1.6573  AAAAAAGAAAAAA
    18      1    -9.1896527429   0.000102090310       0.0848  AAAAAAGAAAACA
    19      1   -13.1056823890   0.000002033642       0.0017  AAAAAAGAAATCC
    20      1   -17.8043077455   0.000000018522       0.0000  AAAAAGACAATTC
    21      1   -12.7966112810   0.000002770144       0.0023  AAAAATAAAATAT
    22      2    -6.2393968274   0.001951031977       1.6213  AAAAGAAAAAAAA
    23      1    -7.8285615986   0.000398197837       0.3309  AAAAGAAAAAGAA
    24      1    -9.3335518496   0.000088407668       0.0735  AAAAGGAAAAAAA
    25      1    -8.4549974505   0.000212834125       0.1769  AAACACACACAAA
    26      1   -11.0280639559   0.000016239501       0.0135  AAACACACACTAA
    27      1    -6.8159919856   0.001096105336       0.9109  AAAGAGAGAGAAA
    28      1   -16.2786660928   0.000000085166       0.0001  AAAGCAAGAATAA
    29      1   -11.4182989047   0.000010992483       0.0091  AAAGGAAGAGGAA
    30      1   -12.7415121132   0.000002927060       0.0024  AAATAAGAATAGA
    31      1   -14.7587402731   0.000000389368       0.0003  AAATACATATTCT
    32      1   -14.3955736124   0.000000559863       0.0005  AAATAGAGAGAAC
    33      1    -8.4203767982   0.000220331617       0.1831  AACAAAAAAAAAA
    34      1   -10.8168854946   0.000020057940       0.0167  AACACACACACCC
    35      1   -10.0939642012   0.000041328253       0.0343  AAGAAAAAAAAAC
    36      2    -6.7635721005   0.001155095678       0.9599  AAGAAAGAGAAAA
    37      1    -9.8207225964   0.000054314323       0.0451  AAGAAAGAGAAGG
    38      1    -9.6503700392   0.000064401731       0.0535  AAGAAAGAGACAA
    39      1    -8.7786555997   0.000153984964       0.1280  AAGAGAAAGAAAA
    40      1    -6.6017209878   0.001358028874       1.1285  AAGAGAGAGAAAA
    41      1   -11.9943172005   0.000006179228       0.0051  AAGAGAGAGACAT
    42      1   -12.9662940326   0.000002337815       0.0019  AAGAGAGAGATGC
    43      1   -12.6310142545   0.000003269040       0.0027  AAGGGGGGGGAAT
    44      1   -15.6161906528   0.000000165187       0.0001  AATAGATATAATC
    45      1    -7.7970693633   0.000410937525       0.3415  ACAAAAAAAAAAA
    46      1   -19.8840221583   0.000000002315       0.0000  ACAAAAGAATGCA
    47      1   -19.0583404643   0.000000005285       0.0000  ACAAACAAAGCGT
    48      1   -18.6637140272   0.000000007842       0.0000  ACAAATACATTAA
    49      4    -6.7594723475   0.001159841005       0.9638  ACACACACACAAA
    50      1    -9.4255423889   0.000080637852       0.0670  ACACACACACAAC
    51      1    -9.4022905789   0.000082534796       0.0686  ACACACACACAAT
    52      2    -8.0932110267   0.000305606868       0.2540  ACACACACACACA
    53      1    -7.9056256857   0.000368663710       0.3064  ACACACACACACC
    54      1    -8.2081582200   0.000272422001       0.2264  ACACACACACAGA
    55      1    -9.5432946294   0.000071680298       0.0596  ACACACACACCAA
    56      1    -9.3105449235   0.000090465235       0.0752  ACACACACACGGA
    57      2    -9.9929796811   0.000045719773       0.0380  ACACACACACGTC
    58      1    -9.8520817392   0.000052637501       0.0437  ACACACACACTCA
    59      1    -9.0539479947   0.000116928491       0.0972  ACACACACACTTC
    60      1   -11.5378424173   0.000009753909       0.0081  ACACACATACATA
    61      1   -12.0769192013   0.000005689324       0.0047  ACACATACACACT
    62      1   -10.9924631481   0.000016828055       0.0140  ACACATACACTTT
    63      1   -16.5358957233   0.000000065849       0.0001  ACACCCATACGCA
    64      1   -19.7992321484   0.000000002519       0.0000  ACACGCAAATCGC
    65      1    -9.5398471889   0.000071927838       0.0598  ACACGCACACAAA
    66      1   -14.6512241130   0.000000433565       0.0004  ACACGCACGCTTT
    67      1   -15.6850351756   0.000000154197       0.0001  ACACGCGCGCGGT
    68      1   -18.4227435460   0.000000009979       0.0000  ACACGTATACTAC
    69      1   -13.8920088803   0.000000926354       0.0008  ACAGAGAGAGTAT
    70      1   -14.6449432370   0.000000436297       0.0004  ACATAAATATCTC
    71      1   -14.5322593550   0.000000488337       0.0004  ACATACATACGCC
    72      1    -9.0719114842   0.000114846801       0.0954  ACATATATATAAA
    73      1   -11.2074036235   0.000013573331       0.0113  ACATATATATCCT
    74      1   -19.2005524361   0.000000004585       0.0000  ACATGCTTATATC
    75      1   -19.9618723547   0.000000002141       0.0000  ACCATCCCCAAAC
    76      1    -9.6998786342   0.000061290933       0.0509  ACCCCCCCCCCCT
    77      1   -25.7961736538   0.000000000006       0.0000  ACCGGTGACATCT
    78      1   -12.1358516209   0.000005363726       0.0045  ACGCCCGCGCCCC
    79      1   -15.4932422089   0.000000186797       0.0002  ACGCGCACACATC
    80      1   -15.3317368257   0.000000219539       0.0002  ACGCGCACACGAG
    81      1   -10.7170210253   0.000022164447       0.0184  ACGCGCGCGCCCT
    82      1   -12.9236794846   0.000002439593       0.0020  ACGCGCGCGCTGC
    83      1   -20.1702747368   0.000000001738       0.0000  ACGTGGGCGTCAA
    84      1   -14.9274252525   0.000000328929       0.0003  ACGTGTGTGTAAC
    85      1   -11.2529064982   0.000012969547       0.0108  ACTCTCTCTCACC
    86      1    -6.3347049830   0.001773669024       1.4739  AGAAAAAAAAAAA
    87      1    -8.7894762714   0.000152327725       0.1266  AGAAAAAAAAAGG
    88      1   -10.6104260384   0.000024657584       0.0205  AGAAAAAAAATGG
    89      1   -19.7065664089   0.000000002764       0.0000  AGAAACGAAATCG
    90      1    -8.5630479838   0.000191036130       0.1588  AGAAAGAGAGAAA
    91      1    -9.8395578895   0.000053300871       0.0443  AGAAAGAGAGGAG
    92      1   -20.3569630449   0.000000001442       0.0000  AGAAAGAGGCTAG
    93      1   -17.9734795186   0.000000015639       0.0000  AGAAAGCAAACTT
    94      1   -16.2670773788   0.000000086158       0.0001  AGAAAGGAAAATC
    95      1   -16.8174170489   0.000000049692       0.0000  AGAAGAGAAGGAA
    96      1   -12.4717448698   0.000003833452       0.0032  AGAAGGAGAGGAG
    97      1   -12.0471581849   0.000005861188       0.0049  AGACACACACTTT
    98      1   -18.2106991824   0.000000012337       0.0000  AGACAGATGTAGG
    99      1   -12.2945654942   0.000004576548       0.0038  AGAGAACGAGAAA
   100      1   -13.6100389737   0.000001228104       0.0010  AGAGAAGGAGAAT
   101      1   -10.9089061135   0.000018294573       0.0152  AGAGAGAAAGAAT
   102      1    -8.9865330305   0.000125083001       0.1039  AGAGAGAAAGAGA
   103      1   -11.1586768914   0.000014251094       0.0118  AGAGAGAAAGAGT
   104      1   -12.9535227661   0.000002367863       0.0020  AGAGAGAAAGGTT
   105      1   -11.5417854281   0.000009715525       0.0081  AGAGAGAAAGTAG
   106      1   -15.1397781623   0.000000265998       0.0002  AGAGAGACAGGCC
   107      1    -5.4030009109   0.004503047402       3.7420  AGAGAGAGAGAAA
   108      1    -6.7229065898   0.001203036394       0.9997  AGAGAGAGAGAAG
   109      3    -6.1854323427   0.002059211075       1.7112  AGAGAGAGAGAGA
   110      3    -6.0615209498   0.002330853080       1.9369  AGAGAGAGAGAGG
   111      4    -7.8203540377   0.000401479519       0.3336  AGAGAGAGAGATA
   112      1    -8.4607135527   0.000211621014       0.1759  AGAGAGAGAGATG
   113      1    -6.6532201481   0.001289861865       1.0719  AGAGAGAGAGGGA
   114      4    -5.3584582961   0.004708159103       3.9125  AGAGAGAGAGGGG
   115      1    -8.7404936641   0.000159974895       0.1329  AGAGAGAGAGTAG
   116      1    -8.4380236590   0.000216477561       0.1799  AGAGAGAGAGTGA
   117      1   -14.6098320837   0.000000451888       0.0004  AGAGAGGAAGCAG
   118      1    -9.5603410848   0.000070468759       0.0586  AGAGAGGGAGGAA
   119      1   -20.9152457521   0.000000000825       0.0000  AGAGAGTACGGAT
   120      1   -12.2630368396   0.000004723139       0.0039  AGAGGGAAAGAAG
   121      1   -20.6179556481   0.000000001111       0.0000  AGAGGGAGGACTT
   122      1   -15.3400862999   0.000000217713       0.0002  AGAGGGAGGGCAG
   123      1   -23.7727452205   0.000000000047       0.0000  AGCAGAATCATAC
   124      1   -11.3809664444   0.000011410616       0.0095  AGCGCGCGCGAAG
   125      1   -12.7445430927   0.000002918201       0.0024  AGGAAAAAAACAA
   126      1   -17.8728138521   0.000000017296       0.0000  AGGCAGCGGGAGA
   127      1   -13.0943491805   0.000002056821       0.0017  AGGGAAAGGGAAG
   128      1   -13.6118797519   0.000001225845       0.0010  AGGGAGAGAGTTA
   129      1   -12.7930281764   0.000002780087       0.0023  AGGGAGGAGGGAA
   130      1   -11.1166293824   0.000014863093       0.0124  AGGGAGGGAGGGG
   131      1   -13.5613882655   0.000001289329       0.0011  AGGGAGGGGAGAA
   132      1   -11.3864101993   0.000011348668       0.0094  AGGGAGGGGGAAT
   133      1    -7.8565413153   0.000387210798       0.3218  AGGGGGGGGGAGG
   134      1   -18.9579962739   0.000000005843       0.0000  AGGGTGGAGGTTC
   135      1   -21.4173356586   0.000000000500       0.0000  AGTAAAGGGAACG
   136      1   -15.7573717453   0.000000143437       0.0001  AGTAAATATATAT
   137      1   -22.0145094920   0.000000000275       0.0000  AGTCAGGCGCGAC
   138      1   -14.2906405267   0.000000621804       0.0005  AGTGAAAGTGAAG
   139      1   -16.3695132145   0.000000077770       0.0001  AGTGTGCATGGAG
   140      1   -18.9500046633   0.000000005890       0.0000  AGTTCCTTTTAAA
   141      1   -14.6913930508   0.000000416494       0.0003  ATAAAAATAAAAC
   142      1   -18.3205141283   0.000000011054       0.0000  ATACGCACATAAC
   143      1   -16.7917235067   0.000000050986       0.0000  ATATACGCATACC
   144      1    -6.3606771589   0.001728196052       1.4361  ATATATATATAAA
   145      1    -9.3178330885   0.000089808306       0.0746  ATATATATATAAC
   146      1    -8.7832701294   0.000153276032       0.1274  ATATATATATAAT
   147      1    -7.5509390110   0.000525616336       0.4368  ATATATATATATA
   148      2    -8.9178431832   0.000133976897       0.1113  ATATATATATATC
   149      1    -7.3338338438   0.000653065032       0.5427  ATATATATATATT
   150      1    -8.0530453805   0.000318131614       0.2644  ATATATATATGTT
   151      1    -6.0310177669   0.002403046992       1.9969  ATATATATATTTT
   152      1   -14.0618620931   0.000000781647       0.0006  ATATGTGTATATC
   153      1   -17.9798641670   0.000000015540       0.0000  ATCGCGTGCGTTC
   154      1   -17.2732816785   0.000000031500       0.0000  ATCTGTATCTGTC
   155      1   -19.5553451375   0.000000003215       0.0000  ATGCTCACGCTCA
   156      1   -17.9871196115   0.000000015427       0.0000  ATGTGCGTATTAT
   157      1   -11.7879471411   0.000007595557       0.0063  ATGTGCGTGTTTT
   158      1   -23.1480618300   0.000000000088       0.0000  ATTAGGAGTGTTC
   159      1   -21.0691357135   0.000000000708       0.0000  ATTGACTCTGAAT
   160      1    -9.8733962411   0.000051527432       0.0428  ATTTTTTTTTTAT
   161      1   -10.5534172984   0.000026104123       0.0217  CAAACAAAAAAAA
   162      1   -16.9069466856   0.000000045437       0.0000  CAAAGAAAAGAGG
   163      1   -14.2239420920   0.000000664692       0.0006  CACAAAAACAAGA
   164      4    -6.4878574832   0.001521806013       1.2646  CACACACACAAAA
   165      1    -9.2856511476   0.000092745521       0.0771  CACACACACAAAC
   166      2    -8.2097020243   0.000272001759       0.2260  CACACACACAAAG
   167      1    -9.1153231560   0.000109967779       0.0914  CACACACACAATA
   168      1   -13.3070631059   0.000001662708       0.0014  CACACGCACAATT
   169      1   -11.0394663440   0.000016055384       0.0133  CACACGCACACAA
   170      1   -12.5652868532   0.000003491124       0.0029  CACGCGCGCGACA
   171      1   -18.5996348944   0.000000008361       0.0000  CACTCCCTTTTAT
   172      1   -17.9688019823   0.000000015713       0.0000  CCATCAATATCGC
   173      1   -19.7471231228   0.000000002654       0.0000  CCATCCGCATTTG
   174      1   -14.2617081236   0.000000640057       0.0005  CCCAACCCCACTC
   175      1   -12.5173568577   0.000003662528       0.0030  CCCACACACAAAG
   176      1   -10.7430277575   0.000021595453       0.0179  CCCCACCCCCCGC
   177      1   -10.5033352245   0.000027444762       0.0228  CCCCCCCCCCAAT
   178      4    -6.6647059882   0.001275131475       1.0596  CCCCCCCCCCACC
   179      1   -10.8961342905   0.000018529726       0.0154  CCCCCCCCCCAGG
   180      1    -9.2742851830   0.000093805677       0.0780  CCCCCCCCCCCAA
   181      2    -6.7465026289   0.001174981791       0.9764  CCCCCCCCCCCAC
   182     32    -4.2175483402   0.014734724790      12.2446  CCCCCCCCCCCCC
   183      1    -5.8522959530   0.002873294630       2.3877  CCCCCCCCCCCCT
   184      1    -9.5664855976   0.000070037090       0.0582  CCCCCCCCCCCGA
   185      3    -6.9608238565   0.000948314977       0.7880  CCCCCCCCCCCGC
   186      1   -10.9323163913   0.000017871266       0.0149  CCCCCCCCCCGAG
   187      1    -6.8790272158   0.001029144694       0.8552  CCCCCCCCCCGCC
   188      1   -11.0716153818   0.000015547427       0.0129  CCCCCCCCCCGGA
   189      1    -8.3671682253   0.000232372650       0.1931  CCCCCCCCCCGTC
   190      2    -5.6476034444   0.003525956809       2.9301  CCCCCCCCCCTCC
   191      1    -7.0762866076   0.000844904793       0.7021  CCCCCCCCCCTCT
   192      4    -7.3152763099   0.000665297459       0.5529  CCCCCCCCCCTTT
   193      1    -9.3851619635   0.000083960680       0.0698  CCCCCCCCCTCTC
   194      1   -12.0604810078   0.000005783619       0.0048  CCCCCCCTCCATT
   195      1    -8.2694676034   0.000256221666       0.2129  CCCCCCTCCCTCC
   196      2    -8.5435754283   0.000194792547       0.1619  CCCCCGCCCCCCC
   197      1    -8.8177092595   0.000148087201       0.1231  CCCCCTCCCCCCT
   198      1    -8.6842844452   0.000169224479       0.1406  CCCCCTCCCCCTC
   199      1   -12.6528914375   0.000003198299       0.0027  CCCCCTTCCCTTC
   200      1   -10.9218131860   0.000018059961       0.0150  CCCCTCCCCCTCA
   201      1    -9.7169164716   0.000060255514       0.0501  CCCCTCCCCCTTC
   202      1   -11.7410203689   0.000007960487       0.0066  CCCTCCCTCTCTA
   203      1   -10.4534927672   0.000028847340       0.0240  CCCTCCCTCTTTT
   204      1   -11.2205340632   0.000013396272       0.0111  CCCTCTCTCTACT
   205      1   -12.6734210285   0.000003133309       0.0026  CCCTCTCTCTGGC
   206      1   -11.0473863116   0.000015928728       0.0132  CCCTCTTTCTTTT
   207      1   -14.7551880835   0.000000390754       0.0003  CCCTCTTTTTTCC
   208      1   -12.5674254228   0.000003483666       0.0029  CCCTTCTCCCCCC
   209      1   -19.2366645803   0.000000004422       0.0000  CCGTCCTTGTATT
   210      1   -21.4952589504   0.000000000462       0.0000  CCGTCTCTCCAAT
   211      1   -16.9302647000   0.000000044389       0.0000  CCTATTTTTAGTT
   212      1   -17.9544480331   0.000000015940       0.0000  CCTCCATCTCAGT
   213      1   -10.8950549669   0.000018549737       0.0154  CCTCTCCCTCTCC
   214      2    -7.1826173698   0.000759676882       0.6313  CCTCTCTCTCCCC
   215      1    -8.6686672217   0.000171888040       0.1428  CCTCTCTCTCCTC
   216      2    -8.5439330573   0.000194722896       0.1618  CCTCTCTCTCTTT
   217      1   -14.9260144824   0.000000329393       0.0003  CCTTCCTCTTTCA
   218      1   -18.6421962282   0.000000008013       0.0000  CCTTCTCCCCATT
   219      1   -21.9780394924   0.000000000285       0.0000  CCTTTTCACCTTT
   220      1   -14.7162912838   0.000000406252       0.0003  CCTTTTCTCTCTC
   221      1   -15.3494691542   0.000000215680       0.0002  CGAGCGGGAGAGA
   222      1   -11.9810553413   0.000006261722       0.0052  CGCACATACAAAA
   223      1   -16.7365541999   0.000000053877       0.0000  CGCCCACCCCAAT
   224      1    -8.0882574283   0.000307124478       0.2552  CGCGCGCGCGAGG
   225      1    -8.5111724352   0.000201207783       0.1672  CGCGCGCGCGCGC
   226      1    -9.2336844554   0.000097692628       0.0812  CGCGCGCGCGGAA
   227      5    -6.9518199794   0.000956892044       0.7952  CGCGCGCGCGGGG
   228      1    -9.5783084816   0.000069213925       0.0575  CGCGTGCGCGGGG
   229      1   -15.7592424495   0.000000143169       0.0001  CGCGTGTGCGATC
   230      1   -17.8461335974   0.000000017763       0.0000  CGGAGGAAGGAGG
   231      1   -11.0242317394   0.000016301854       0.0135  CGGGGGGGGGCGG
   232      1   -13.8336252305   0.000000982048       0.0008  CGTATGTATAGAG
   233      1   -19.8396273124   0.000000002420       0.0000  CGTGCAAGCGCCG
   234      1   -16.1227638238   0.000000099534       0.0001  CGTGCGCGGGGAG
   235      1   -16.0667412175   0.000000105270       0.0001  CGTGCGTGTATGT
   236      1   -20.3341325434   0.000000001476       0.0000  CGTGCTTGCGAGT
   237      1   -18.6221569861   0.000000008175       0.0000  CGTTCCTTTTGAG
   238      1   -21.6484370889   0.000000000396       0.0000  CGTTTACGTATTT
   239      1   -16.1471330332   0.000000097138       0.0001  CTAGGGAGAGAGG
   240      1   -19.2909606233   0.000000004188       0.0000  CTCAAGCACACGT
   241      1    -6.3624462843   0.001725141360       1.4336  CTCTCTCTCTCTT
   242      1   -10.5098469158   0.000027266631       0.0227  CTCTCTGTCTCTC
   243      1    -8.9826867546   0.000125565031       0.1043  CTCTCTTTCTCTT
   244      1   -13.4330598356   0.000001465873       0.0012  CTCTTTTTCTCTA
   245      1   -17.7149354664   0.000000020254       0.0000  CTTACACACAACG
   246      1   -14.9428125805   0.000000323906       0.0003  CTTCTCTCTCAGC
   247      1   -13.7350255826   0.000001083813       0.0009  CTTTCCCTCTTCT
   248      1   -13.2133915993   0.000001825984       0.0015  CTTTCCTTTTTCT
   249      1    -8.2031668738   0.000273785153       0.2275  CTTTCTTTTTTTT
   250      1   -16.2252993145   0.000000089834       0.0001  CTTTTCTTTTGCA
   251      1   -14.8397495552   0.000000359070       0.0003  CTTTTTTATTCGT
   252      1   -14.4604073277   0.000000524717       0.0004  CTTTTTTTCCTTT
   253      1    -8.0716283310   0.000312274381       0.2595  CTTTTTTTTTCTT
   254      1    -6.2303588307   0.001968745324       1.6360  GAAAAAAAAAAAA
   255      1    -8.8848146936   0.000138475839       0.1151  GAAAAAAAAAATA
   256      1   -10.3534367250   0.000031883028       0.0265  GAAAAAAAAATGA
   257      1   -11.9250815414   0.000006622209       0.0055  GAAACAAAAAAGA
   258      1    -9.2410400815   0.000096976674       0.0806  GAAAGAAAAAGAG
   259      1   -10.9239054599   0.000018022214       0.0150  GAAAGAAGAAAAA
   260      1   -24.6361172883   0.000000000020       0.0000  GAATAGCAATTTC
   261      1    -9.9338856693   0.000048502963       0.0403  GACAGACACAAAA
   262      1    -9.3546805860   0.000086559321       0.0719  GAGAAAAAGAAAA
   263      1   -11.3255375360   0.000012060951       0.0100  GAGAGAAAGATGA
   264      1    -5.1795905313   0.005630311379       4.6788  GAGAGAGAGAAAA
   265      1    -6.6387154556   0.001308707257       1.0875  GAGAGAGAGAAAG
   266      1    -7.9165644883   0.000364652946       0.3030  GAGAGAGAGAAAT
   267      1    -6.7079769511   0.001221132037       1.0148  GAGAGAGAGAAGA
   268      1    -8.3846838248   0.000228337942       0.1897  GAGAGAGAGAGAT
   269      1    -6.8008068383   0.001112876874       0.9248  GAGAGAGAGAGGA
   270      1    -8.4836288248   0.000206826801       0.1719  GAGAGAGAGAGTA
   271      1   -10.2304998820   0.000036053743       0.0300  GAGAGAGAGATGT
   272      1   -11.6957512640   0.000008329132       0.0069  GAGAGAGAGGAAT
   273      1    -9.2676990750   0.000094425530       0.0785  GAGAGAGGGAGAG
   274      1   -11.7780717971   0.000007670937       0.0064  GAGAGGGAGGGGG
   275      1   -12.3349171399   0.000004395553       0.0037  GAGGGGGGGGCGC
   276      1   -17.3855996307   0.000000028153       0.0000  GAGTCAGTGTTAG
   277      1   -18.5763774370   0.000000008558       0.0000  GAGTGGGGGCCAG
   278      1   -12.9173063435   0.000002455190       0.0020  GCACACACACCAT
   279      1   -15.6180698792   0.000000164876       0.0001  GCACACGCACCGT
   280      1   -20.2674119545   0.000000001578       0.0000  GCACAGATACCAG
   281      1   -13.9039329459   0.000000915374       0.0008  GCGAGAGAGACCG
   282      1   -17.4484168026   0.000000026439       0.0000  GCGAGGGGGGATC
   283      1   -14.0494689333   0.000000791395       0.0007  GCGCACACACTTT
   284      1   -11.6481589718   0.000008735119       0.0073  GCGCACACGCCCC
   285      1    -6.9558216840   0.000953070496       0.7920  GCGCGCGCGCCCC
   286      1    -9.6552019925   0.000064091296       0.0533  GCGCGCGCGCCCG
   287      1    -8.3194364710   0.000243733176       0.2025  GCGCGCGCGCGCC
   288      1    -7.2437061582   0.000714658210       0.5939  GCGCGCGCGCGGG
   289      1   -18.1994088101   0.000000012477       0.0000  GCGCGCGTATAAA
   290      1   -18.3451741955   0.000000010784       0.0000  GCGCGGAGGGAAG
   291      1   -11.2158351113   0.000013459369       0.0112  GCGGGGGGGGCGG
   292      1   -16.9075680714   0.000000045408       0.0000  GCGTATATATGAG
   293      1   -11.1974053907   0.000013709721       0.0114  GCTCTCTCTCCTT
   294      1   -15.1474537510   0.000000263964       0.0002  GCTCTCTTTCCCG
   295      1   -16.1558240511   0.000000096297       0.0001  GGAAAGGAAAATA
   296      1   -13.0400580811   0.000002171574       0.0018  GGAAAGGGGGGGG
   297      1   -10.1437263131   0.000039322003       0.0327  GGAAGAAAAAGGG
   298      1   -14.8584131495   0.000000352430       0.0003  GGAAGGAAAATAA
   299      1   -12.4073984777   0.000004088230       0.0034  GGAAGGGGAAGGA
   300      1   -19.6662155215   0.000000002878       0.0000  GGAAGTGAAATCT
   301      1   -12.2372688104   0.000004846427       0.0040  GGAGAGAGAGATT
   302      1   -12.1149035228   0.000005477271       0.0046  GGAGAGAGGGGGA
   303      1   -11.2184663573   0.000013424001       0.0112  GGAGAGGGAGAGA
   304      1   -13.2863187048   0.000001697560       0.0014  GGAGAGGGAGCAG
   305      1    -9.1477074932   0.000106463592       0.0885  GGAGAGGGAGGGG
   306      1   -12.5435350765   0.000003567894       0.0030  GGAGGAAGAGAAG
   307      1   -19.6583786413   0.000000002901       0.0000  GGAGGACGAGTAT
   308      1   -12.2695495082   0.000004692479       0.0039  GGAGGGGGAGATA
   309      2    -7.4108348297   0.000604665691       0.5025  GGAGGGGGAGGGG
   310      1   -15.2257231418   0.000000244091       0.0002  GGCGCGCGTGGAA
   311      1   -11.9256467315   0.000006618467       0.0055  GGCGGGGGGGGCG
   312      1    -8.7385407997   0.000160287609       0.1332  GGGAGAGAGAGAA
   313      1   -18.5933381115   0.000000008414       0.0000  GGGAGAGGTAAGT
   314      1   -11.3669630667   0.000011571527       0.0096  GGGAGGAGGAAGG
   315      2   -10.3379033283   0.000032382146       0.0269  GGGAGGGGGAAAA
   316      1   -12.6416823852   0.000003234351       0.0027  GGGAGGGGGGCTG
   317      1   -10.8112898084   0.000020170492       0.0168  GGGGAAGGGGAGG
   318      1   -11.1927776949   0.000013773313       0.0114  GGGGAGAGGGAAA
   319      1    -6.5980671886   0.001362999915       1.1327  GGGGAGGGGGGGG
   320      1    -9.8431668772   0.000053108855       0.0441  GGGGGAGGGGGCG
   321      1   -13.2933181267   0.000001685719       0.0014  GGGGGGAGGGACC
   322      1    -9.2337636772   0.000097684889       0.0812  GGGGGGAGGGAGA
   323      1    -7.9172264190   0.000364411651       0.3028  GGGGGGAGGGAGG
   324      1    -9.4200587464   0.000081081256       0.0674  GGGGGGAGGGCGG
   325      1    -8.1199491840   0.000297543780       0.2473  GGGGGGAGGGGGA
   326      1   -16.7713160045   0.000000052037       0.0000  GGGGGGCGGAAAT
   327      1    -8.2621182511   0.000258111666       0.2145  GGGGGGGAGGGAG
   328      1    -9.1603421938   0.000105126918       0.0874  GGGGGGGGAGGAG
   329      1    -8.9527702011   0.000129378259       0.1075  GGGGGGGGGAAGG
   330      1    -6.9062984273   0.001001457913       0.8322  GGGGGGGGGGAAA
   331      3    -5.3847280732   0.004586087233       3.8110  GGGGGGGGGGAGG
   332      1    -8.0960732105   0.000304733416       0.2532  GGGGGGGGGGAGT
   333      2    -8.2851255293   0.000252241012       0.2096  GGGGGGGGGGCAG
   334      1    -6.8873815637   0.001020582676       0.8481  GGGGGGGGGGCGG
   335      1   -10.7533319580   0.000021374072       0.0178  GGGGGGGGGGCTA
   336      1    -8.4829801156   0.000206961015       0.1720  GGGGGGGGGGGAC
   337      1    -5.4589118693   0.004258186688       3.5386  GGGGGGGGGGGAG
   338      1    -5.5872849427   0.003745182458       3.1122  GGGGGGGGGGGGA
   339      1    -7.1164738597   0.000811623610       0.6745  GGGGGGGGGGGGC
   340     69    -4.0397938401   0.017601100683      14.6265  GGGGGGGGGGGGG
   341      1    -6.6554152180   0.001287033633       1.0695  GGGGGGGGGGGTG
   342      1   -13.0915290859   0.000002062629       0.0017  GGGGTGGGGGACA
   343      1   -14.0485367488   0.000000792133       0.0007  GGGGTGGGGGATT
   344      1   -14.4210204799   0.000000545796       0.0005  GGGTGGGGGGCCC
   345      1   -23.0028638282   0.000000000102       0.0000  GGTAAATCTAATC
   346      1   -16.7558437446   0.000000052848       0.0000  GGTGCGCGTGTTC
   347      1   -19.1249835748   0.000000004945       0.0000  GTAAAAACAATCT
   348      1   -20.2146141205   0.000000001663       0.0000  GTAAAAGAGGGGA
   349      1   -14.9680629297   0.000000315830       0.0003  GTATATATACTTA
   350      1    -8.0448728417   0.000320742210       0.2665  GTGTGTGTGTAAA
   351      1    -8.1621023951   0.000285262030       0.2371  GTGTGTGTGTAGG
   352      1    -8.3134805183   0.000245189171       0.2038  GTGTGTGTGTGGA
   353      1    -6.8449084323   0.001064863739       0.8849  GTGTGTGTGTGGG
   354      2    -6.3212574464   0.001797681596       1.4939  GTGTGTGTGTTTT
   355      1   -17.2883461463   0.000000031029       0.0000  GTTTATGTATTTC
   356      1   -12.2507225851   0.000004781661       0.0040  TAATAAAAATAAA
   357      1   -12.4098921683   0.000004078048       0.0034  TACATATACAAAT
   358      1   -12.7316415323   0.000002956095       0.0025  TACATATATAACA
   359      1   -15.8157399091   0.000000135304       0.0001  TACGCGCACGAGA
   360      1   -19.1121339571   0.000000005008       0.0000  TACGTCTGCGTTA
   361      1   -17.3356754960   0.000000029595       0.0000  TAGAGAGTGATAC
   362      1   -17.6085720733   0.000000022527       0.0000  TAGATAGGGACGT
   363      1    -9.0228878272   0.000120617301       0.1002  TATACATATAAAA
   364      1   -16.4787315839   0.000000069723       0.0001  TATACCTATAACA
   365      1   -17.3592842858   0.000000028904       0.0000  TATACTTATACCA
   366      1   -12.7773919859   0.000002823899       0.0023  TATATATACAATA
   367      4    -6.0764051859   0.002296417025       1.9083  TATATATATAAAA
   368      1    -7.7189622705   0.000444321450       0.3692  TATATATATAAGA
   369      1    -8.7431392167   0.000159552232       0.1326  TATATATATAAGG
   370      1    -9.7714555726   0.000057057241       0.0474  TATATATATACGA
   371      1    -8.7320829526   0.000161326071       0.1341  TATATATATAGGA
   372      1    -8.3502789817   0.000236330577       0.1964  TATATATATATGT
   373      1   -12.1653041361   0.000005208055       0.0043  TATATGTATATTG
   374      1   -13.7425123753   0.000001075729       0.0009  TATATGTGTGGGA
   375      1   -22.2217891722   0.000000000223       0.0000  TATGCGAGCGTCG
   376      1   -12.6762747964   0.000003124380       0.0026  TATGTATATACAC
   377      1   -15.4584117209   0.000000193418       0.0002  TATGTGTTTGTAG
   378      1    -9.8842534851   0.000050971012       0.0424  TATTTTTTTTTAT
   379      1   -17.5270190167   0.000000024441       0.0000  TCAAACAAAAAAT
   380      1   -16.1794712861   0.000000094047       0.0001  TCAATAAAAAAAG
   381      1   -19.9522417020   0.000000002162       0.0000  TCACACCTATTTT
   382      1   -19.0456834529   0.000000005353       0.0000  TCACGCCCACGCA
   383      1   -19.5583580484   0.000000003206       0.0000  TCACGCCCCCTTG
   384      1    -8.9165802232   0.000134146211       0.1115  TCCCCCCCCCTTT
   385      1   -12.0132015766   0.000006063632       0.0050  TCCCCCCCTCTCC
   386      1   -14.1984194138   0.000000681875       0.0006  TCCCCCCTCCTGT
   387      1   -14.4114089543   0.000000551067       0.0005  TCCCCCTCCCAAA
   388      1   -15.8493751513   0.000000130829       0.0001  TCCCCTCTCCATT
   389      1   -10.4907005364   0.000027793718       0.0231  TCCCTCCCCCTTC
   390      1    -9.1127327884   0.000110253005       0.0916  TCCCTCCCCCTTT
   391      1   -10.7852380824   0.000020702873       0.0172  TCCCTCTCCCCTC
   392      1   -10.8844547885   0.000018747413       0.0156  TCCCTCTCCCTTC
   393      1   -20.1871144852   0.000000001709       0.0000  TCCCTGTGTCGTT
   394      1   -13.7879924133   0.000001027900       0.0009  TCCCTTTTTTTTT
   395      1   -12.1678470919   0.000005194828       0.0043  TCCTCCCCCCTTT
   396      1   -14.2065058717   0.000000676383       0.0006  TCCTCCTCCCCTC
   397      1   -17.1737570834   0.000000034796       0.0000  TCCTCCTCTTTTC
   398      1   -15.6915449655   0.000000153196       0.0001  TCCTCTCCCCCTT
   399      1   -13.7942813714   0.000001021456       0.0008  TCCTCTTTCTTCT
   400      1   -16.4272965377   0.000000073403       0.0001  TCCTTCTCCTCAT
   401      1   -18.5874851550   0.000000008464       0.0000  TCCTTTCCTTCCT
   402      1   -11.7451793954   0.000007927448       0.0066  TCGCGCGCGCGCC
   403      1   -13.1264319983   0.000001991879       0.0017  TCGCGCGTGCTTT
   404      1   -19.1881795491   0.000000004642       0.0000  TCGTACACATATT
   405      1   -18.7890387963   0.000000006919       0.0000  TCGTTCTCGCGTA
   406      1   -22.5570949018   0.000000000160       0.0000  TCTATCCTCAAAA
   407      1   -12.4194596793   0.000004039217       0.0034  TCTCCCCCTCCTT
   408      1   -10.1202612184   0.000040255609       0.0335  TCTCCCTCTCCTT
   409      1   -18.2772694525   0.000000011542       0.0000  TCTCGCCTTCTTG
   410      1   -21.7106569342   0.000000000373       0.0000  TCTCTATACAAAT
   411      1   -12.9297215458   0.000002424897       0.0020  TCTCTCCTTCTTC
   412      1    -8.1152670838   0.000298940176       0.2484  TCTCTCTCTCCAC
   413      2    -9.1085542836   0.000110714661       0.0920  TCTCTCTCTCCAT
   414      1    -5.6032934032   0.003685705193       3.0628  TCTCTCTCTCCCC
   415      1    -7.0272080398   0.000887405927       0.7374  TCTCTCTCTCCTC
   416      1    -8.8877143144   0.000138074893       0.1147  TCTCTCTCTCTGC
   417      1    -7.0897839873   0.000833577409       0.6927  TCTCTCTCTCTTC
   418      1    -8.4518105968   0.000213513478       0.1774  TCTCTCTCTCTTG
   419      1    -5.5966535097   0.003710259311       3.0832  TCTCTCTCTCTTT
   420      1   -10.8532827764   0.000019341011       0.0161  TCTCTCTCTTCTT
   421      1   -14.1853021398   0.000000690878       0.0006  TCTCTCTTCCCTT
   422      1   -13.0657129262   0.000002116572       0.0018  TCTCTCTTTCAAT
   423      1    -8.4966274553   0.000204155734       0.1697  TCTCTCTTTCCCC
   424      1   -12.8558418294   0.000002610831       0.0022  TCTGTCTCTCTTA
   425      1   -19.5144117299   0.000000003350       0.0000  TCTTACTCCTCAC
   426      1   -20.0935794851   0.000000001877       0.0000  TCTTCCACTCATA
   427      1   -11.8211901136   0.000007347208       0.0061  TCTTCCTCTCTTT
   428      1   -11.9835517432   0.000006246110       0.0052  TCTTCTTTTTATT
   429      1   -16.4432708822   0.000000072240       0.0001  TCTTTATCTTATC
   430      1   -19.2836212574   0.000000004219       0.0000  TCTTTCCTCCCTT
   431      1   -13.3416841055   0.000001606128       0.0013  TCTTTCCTTTCTC
   432      1   -10.3411320221   0.000032277763       0.0268  TCTTTCTCTCTTC
   433      1    -8.8479050212   0.000143682433       0.1194  TCTTTCTCTCTTT
   434      1   -10.5726025922   0.000025608081       0.0213  TCTTTCTCTTCTC
   435      1   -16.0316535332   0.000000109029       0.0001  TCTTTCTTTCAAT
   436      1   -12.6782435282   0.000003118235       0.0026  TCTTTCTTTTAAA
   437      1    -9.7479930252   0.000058411777       0.0485  TCTTTCTTTTTCC
   438      1    -9.7594560666   0.000057746024       0.0480  TCTTTCTTTTTCT
   439      1   -11.3393043874   0.000011896047       0.0099  TCTTTCTTTTTTA
   440      1    -8.6749522079   0.000170811114       0.1419  TCTTTCTTTTTTT
   441      1   -14.0388771948   0.000000799822       0.0007  TCTTTTTCTCATT
   442      1    -9.6451533488   0.000064738573       0.0538  TCTTTTTCTTTTT
   443      1   -12.3993128186   0.000004121420       0.0034  TCTTTTTTTCTTC
   444      1   -13.0268340933   0.000002200482       0.0018  TCTTTTTTTTAGC
   445      1    -8.2857066026   0.000252094484       0.2095  TCTTTTTTTTCTT
   446      1    -9.2333406467   0.000097726222       0.0812  TCTTTTTTTTTCC
   447      1    -8.4470910150   0.000214523554       0.1783  TCTTTTTTTTTTC
   448      1   -12.8180328905   0.000002711434       0.0023  TGAGAGAGAGTTC
   449      1   -15.7742084885   0.000000141042       0.0001  TGCGCGCGTGCGT
   450      1   -17.0301694466   0.000000040169       0.0000  TGCTCGCGCGAGT
   451      1   -15.1280999855   0.000000269122       0.0002  TGGGCGGGGGTCT
   452      1   -16.2520047334   0.000000087467       0.0001  TGGGGGGAGGGCT
   453      1   -10.7759377852   0.000020896314       0.0174  TGGGGGGGGGCGG
   454      1    -7.9709949056   0.000345335239       0.2870  TGGGGGGGGGGGG
   455      1   -14.4361944946   0.000000537577       0.0004  TGTATACATAATA
   456      1   -12.5504074145   0.000003543458       0.0029  TGTATATATGTTT
   457      1   -15.9432561125   0.000000119106       0.0001  TGTATGAATATGA
   458      1   -12.9482007553   0.000002380498       0.0020  TGTATGTATAAGT
   459      1   -12.4098800637   0.000004078097       0.0034  TGTATGTATATTA
   460      1   -13.0538196993   0.000002141895       0.0018  TGTATTTATAAAA
   461      1   -12.7430146536   0.000002922665       0.0024  TGTCTGTGTGGAG
   462      1   -19.0402109403   0.000000005382       0.0000  TGTGGGCGGGAGA
   463      1   -11.2389414986   0.000013151937       0.0109  TGTGTATGTGTAT
   464      1   -11.4481699997   0.000010668981       0.0089  TGTGTGCGTGTTC
   465      1   -15.6564606625   0.000000158667       0.0001  TGTGTGTACGAAG
   466      1    -9.3901329015   0.000083544352       0.0694  TGTGTGTATGTTT
   467      1   -12.6272218710   0.000003281461       0.0027  TGTGTGTGTAATT
   468      1    -8.7496193405   0.000158521656       0.1317  TGTGTGTGTGAAG
   469      1   -10.0261019399   0.000044230236       0.0368  TGTGTGTGTGCAT
   470      1    -7.9024145368   0.000369849446       0.3073  TGTGTGTGTGTGT
   471      1   -21.2708426038   0.000000000578       0.0000  TGTTGGTGTAAAT
   472      1   -17.4658099832   0.000000025983       0.0000  TGTTTGTTTGGTT
   473      1    -9.5748507062   0.000069453666       0.0577  TGTTTTTTTTTTC
   474      1   -22.7822242904   0.000000000128       0.0000  TTACACTTTCATA
   475      1    -6.8173115231   0.001094659938       0.9097  TTCTCTCTCTTTT
   476      1   -10.0821453371   0.000041819604       0.0348  TTCTCTTTTTTTT
   477      1    -8.8171604380   0.000148168497       0.1231  TTCTTTCTCTTCT
   478      1   -13.6040108571   0.000001235530       0.0010  TTCTTTTCTCTTT
   479      1    -9.1056051264   0.000111041658       0.0923  TTCTTTTTCTTCT
   480      1   -19.0620435696   0.000000005266       0.0000  TTTCCCCTTCGCT
   481      1    -8.8677056911   0.000140865406       0.1171  TTTCTCTCTCTTC
   482      1   -11.4287987063   0.000010877668       0.0090  TTTCTCTTTCTTC
   483      1    -7.3289270675   0.000656277351       0.5454  TTTCTTTTTCTTT
   484      1   -14.2526080891   0.000000645908       0.0005  TTTGTATATGTGT
   485      1   -12.4131716074   0.000004064696       0.0034  TTTTCCTTTTGTT
   486      1   -17.0794214732   0.000000038239       0.0000  TTTTCTATTTACG
   487      1    -8.3942742596   0.000226158549       0.1879  TTTTCTTTTTTTC
   488      1   -15.7073544567   0.000000150794       0.0001  TTTTTCCCTCCTC
   489      1   -11.8561304322   0.000007094928       0.0059  TTTTTTCTTTGGT
   490      1    -6.3845318414   0.001687458309       1.4023  TTTTTTCTTTTTT
   491      1    -7.7817969204   0.000417261714       0.3467  TTTTTTTTTTACT
   492      1    -7.8676094534   0.000382948726       0.3182  TTTTTTTTTTATC
   493      3    -5.9378786110   0.002637619136       2.1919  TTTTTTTTTTATT
   494      1    -7.1268419888   0.000803252065       0.6675  TTTTTTTTTTCCC
   495      1    -9.2280652808   0.000098243125       0.0816  TTTTTTTTTTCGC
   496      3    -5.2278630014   0.005364978012       4.4583  TTTTTTTTTTCTT
   497      1    -6.1521998386   0.002128793613       1.7690  TTTTTTTTTTGTT
   498      1    -6.0163444777   0.002438567560       2.0264  TTTTTTTTTTTAT
   499      1    -6.9517943478   0.000956916571       0.7952  TTTTTTTTTTTCC
   500      1    -6.1569325880   0.002118742370       1.7607  TTTTTTTTTTTTA
   501      2    -6.3712538157   0.001710013839       1.4210  TTTTTTTTTTTTG
   502     89    -3.4331488960   0.032285118062      26.8289  TTTTTTTTTTTTT