

TREE #  1

  0  0.0000   7632.478492  x:  0.10339   0.03478   0.14708   0.02504   0.02322   0.05202   0.04553   0.05201   0.08858   0.10585   0.09650   0.24392   0.00000   0.15066   0.00939   0.02088   0.04318   0.05632   0.05477   0.05751   0.07927   0.09170   0.22445   0.10007   2.23092  
  1 99.0000   7557.039858  x:  0.11888   0.06618   0.17418   0.04801   0.05592   0.04767   0.04334   0.03477   0.09319   0.10704   0.10158   0.25492   0.07684   0.17519   0.06210   0.05114   0.04069   0.05245   0.03952   0.07159   0.08123   0.09939   0.23949   0.11556   2.23482  
  2 1886.9885   7542.725562  x:  0.12748   0.07713   0.20872   0.05121   0.05213   0.03473   0.04838   0.02392   0.09837   0.09936   0.09520   0.26993   0.08285   0.19380   0.04383   0.03683   0.03136   0.05274   0.02967   0.07890   0.06699   0.08330   0.25406   0.12416   2.24428  
  3 448.6388   7537.846951  x:  0.13109   0.07996   0.23342   0.05233   0.05191   0.03642   0.04973   0.03697   0.10261   0.09514   0.08995   0.28082   0.08053   0.20704   0.03791   0.03903   0.03821   0.05551   0.03904   0.08194   0.06564   0.07778   0.26492   0.12777   2.25409  
  4 421.1425   7533.017176  x:  0.13071   0.07303   0.26682   0.05140   0.05218   0.04363   0.04091   0.03006   0.10500   0.09326   0.08240   0.29543   0.06124   0.22374   0.04227   0.04767   0.04030   0.05359   0.03761   0.07721   0.07465   0.08254   0.27974   0.12739   2.27495  
  5 307.6593   7531.423562  x:  0.12919   0.06639   0.27840   0.05389   0.05577   0.04151   0.04837   0.03368   0.10186   0.09637   0.08358   0.30028   0.05347   0.22945   0.04830   0.04616   0.03675   0.05266   0.03486   0.07428   0.07567   0.08681   0.28518   0.12587   2.28948  
  6 230.2864   7530.372790  x:  0.12768   0.05853   0.28341   0.05576   0.05863   0.03798   0.04668   0.03072   0.09729   0.10014   0.08724   0.30225   0.05215   0.23187   0.05138   0.04259   0.03893   0.05482   0.04006   0.07609   0.07274   0.08744   0.28805   0.12436   2.30953  
  7 152.3390   7527.483658  x:  0.12519   0.03672   0.28876   0.05158   0.05825   0.04305   0.04029   0.03566   0.09214   0.10468   0.09383   0.30481   0.06003   0.23378   0.05095   0.04243   0.03939   0.05229   0.03274   0.08253   0.06786   0.08125   0.29224   0.12187   2.38700  
  8 212.6069   7523.140840  x:  0.12522   0.01761   0.29211   0.03992   0.05064   0.04648   0.05070   0.02978   0.09379   0.10383   0.09746   0.30896   0.07322   0.23261   0.04941   0.04766   0.03417   0.05484   0.03913   0.08078   0.07209   0.07662   0.29399   0.12189   2.51881  
  9 569.7898   7512.717132  x:  0.13260   0.02781   0.29238   0.03524   0.04811   0.03360   0.04540   0.03356   0.10513   0.09761   0.10543   0.32222   0.08076   0.21875   0.04538   0.03738   0.04635   0.05295   0.03500   0.06007   0.08196   0.08834   0.28510   0.12928   2.85448  
 10 737.6917   7504.976277  x:  0.13645   0.05332   0.28746   0.04729   0.06114   0.04432   0.04690   0.03143   0.10974   0.09765   0.10598   0.32999   0.06702   0.20560   0.03750   0.04054   0.03654   0.05433   0.03802   0.07749   0.08122   0.09625   0.27495   0.13312   3.12493  
 11 1240.5125   7502.848470  x:  0.13518   0.06456   0.28164   0.04688   0.05578   0.03903   0.04806   0.03197   0.10099   0.09631   0.09335   0.32699   0.05975   0.20773   0.04414   0.04856   0.03778   0.05437   0.03673   0.08295   0.07268   0.09386   0.27564   0.13185   3.19640  
 12 409.3365   7501.993964  x:  0.13327   0.07074   0.27600   0.05122   0.05564   0.04389   0.04712   0.03203   0.09848   0.09830   0.08543   0.32069   0.05798   0.21473   0.04798   0.04585   0.03576   0.05437   0.03850   0.07687   0.06972   0.08697   0.28016   0.12995   3.22564  
 13 176.5949   7501.661374  x:  0.13167   0.07267   0.27207   0.05522   0.05591   0.04281   0.04873   0.03108   0.09949   0.09926   0.08386   0.31468   0.05628   0.22052   0.04744   0.04575   0.03853   0.05427   0.03722   0.07769   0.07389   0.08283   0.28434   0.12835   3.23749  
 14 99.9146   7501.556204  x:  0.13128   0.07322   0.27051   0.05531   0.05561   0.04120   0.04736   0.03200   0.10102   0.09840   0.08413   0.31095   0.05572   0.22374   0.04742   0.04553   0.03653   0.05461   0.03772   0.07869   0.07502   0.08361   0.28684   0.12795   3.24124  
 15 51.1142   7501.503613  x:  0.13143   0.07374   0.26984   0.05413   0.05593   0.04186   0.04790   0.03166   0.10209   0.09756   0.08502   0.30768   0.05527   0.22597   0.04703   0.04521   0.03725   0.05439   0.03759   0.07904   0.07364   0.08565   0.28877   0.12811   3.24318  
 16 31.5468   7501.490930  x:  0.13183   0.07422   0.27013   0.05373   0.05623   0.04183   0.04786   0.03164   0.10122   0.09783   0.08588   0.30622   0.05514   0.22633   0.04617   0.04597   0.03714   0.05449   0.03757   0.07846   0.07352   0.08591   0.28935   0.12851   3.24367  
 17 13.0359   7501.486662  x:  0.13214   0.07456   0.27078   0.05337   0.05594   0.04204   0.04787   0.03166   0.10080   0.09809   0.08607   0.30518   0.05510   0.22601   0.04638   0.04559   0.03715   0.05432   0.03764   0.07870   0.07392   0.08587   0.28947   0.12881   3.24388  
 18  5.6763   7501.483775  x:  0.13216   0.07460   0.27150   0.05332   0.05600   0.04200   0.04785   0.03168   0.10113   0.09814   0.08608   0.30416   0.05497   0.22539   0.04666   0.04564   0.03717   0.05470   0.03752   0.07865   0.07382   0.08556   0.28944   0.12884   3.24406  
 19  4.4973   7501.482236  x:  0.13207   0.07456   0.27188   0.05344   0.05608   0.04189   0.04785   0.03166   0.10129   0.09804   0.08603   0.30366   0.05496   0.22506   0.04669   0.04574   0.03715   0.05434   0.03764   0.07859   0.07371   0.08544   0.28942   0.12875   3.24418  
 20  4.8095   7501.478165  x:  0.13158   0.07445   0.27250   0.05395   0.05602   0.04196   0.04786   0.03167   0.10092   0.09756   0.08550   0.30305   0.05541   0.22465   0.04628   0.04564   0.03718   0.05447   0.03759   0.07855   0.07381   0.08597   0.28941   0.12826   3.24458  
 21  1.9755   7501.459685  x:  0.13090   0.07461   0.27322   0.05356   0.05603   0.04167   0.04782   0.03171   0.10143   0.09945   0.08444   0.30289   0.05604   0.22452   0.04547   0.04563   0.03719   0.05441   0.03758   0.07861   0.07377   0.08681   0.28954   0.12758   3.24656  
 22  1.9686   7501.215735  x:  0.12866   0.07547   0.27740   0.05526   0.05071   0.04217   0.04770   0.03156   0.10266   0.10160   0.08853   0.30530   0.05624   0.22543   0.04522   0.04600   0.03712   0.05436   0.03734   0.07830   0.07220   0.08718   0.29121   0.12534   3.27268  
 23  9.5708   7499.898504  x:  0.12420   0.07287   0.29500   0.04545   0.05592   0.04016   0.04689   0.03105   0.10106   0.09732   0.09439   0.31770   0.05488   0.22986   0.04393   0.04101   0.03712   0.05434   0.03541   0.07869   0.07263   0.08152   0.30008   0.12090   3.41497  
 24 150.1816   7499.266394  x:  0.13503   0.06191   0.30086   0.05120   0.05512   0.03881   0.04626   0.03086   0.10168   0.09790   0.08883   0.32077   0.05317   0.23189   0.04189   0.03997   0.03736   0.05423   0.03438   0.07861   0.07122   0.08359   0.30383   0.13173   3.48424  
 25 137.1082   7499.255240  x:  0.13514   0.06150   0.30172   0.05121   0.05514   0.03880   0.04623   0.03087   0.10168   0.09789   0.08881   0.32005   0.05311   0.23431   0.04186   0.03995   0.03738   0.05423   0.03436   0.07859   0.07122   0.08354   0.30011   0.13184   3.48550  
 26  4.9322   7499.153100  x:  0.13503   0.06048   0.30150   0.05004   0.05394   0.03951   0.04724   0.03088   0.10189   0.09807   0.08912   0.32036   0.05267   0.23363   0.04210   0.04160   0.03729   0.05444   0.03575   0.07777   0.07194   0.08363   0.30020   0.13176   3.53724  
 27  0.0386   7499.146971  x:  0.13469   0.05987   0.30039   0.04989   0.05406   0.03961   0.04713   0.03109   0.10175   0.09822   0.08946   0.32022   0.05272   0.23331   0.04213   0.04108   0.03741   0.05447   0.03553   0.07787   0.07208   0.08374   0.30014   0.13142   3.54422  
 28  0.0056   7499.146156  x:  0.13472   0.05981   0.29980   0.04980   0.05402   0.03954   0.04712   0.03100   0.10168   0.09822   0.08950   0.32009   0.05245   0.23322   0.04198   0.04118   0.03736   0.05445   0.03551   0.07787   0.07199   0.08374   0.29999   0.13144   3.54234  
 29  0.0012   7499.146013  x:  0.13474   0.05980   0.29986   0.04979   0.05396   0.03958   0.04714   0.03101   0.10171   0.09822   0.08949   0.32010   0.05229   0.23321   0.04195   0.04111   0.03736   0.05446   0.03555   0.07783   0.07203   0.08375   0.30001   0.13147   3.54121  
 30  0.0008   7499.146006  x:  0.13474   0.05980   0.29990   0.04979   0.05397   0.03957   0.04713   0.03103   0.10171   0.09822   0.08949   0.32012   0.05227   0.23322   0.04194   0.04112   0.03737   0.05446   0.03554   0.07784   0.07202   0.08376   0.30002   0.13146   3.54127  
 31  0.0001   7499.146006  x:  0.13474   0.05980   0.29990   0.04979   0.05397   0.03957   0.04713   0.03102   0.10171   0.09822   0.08949   0.32012   0.05227   0.23322   0.04194   0.04112   0.03737   0.05446   0.03554   0.07784   0.07202   0.08376   0.30002   0.13146   3.54130  
 32  0.0000   7499.146006  x:  0.13474   0.05980   0.29990   0.04979   0.05397   0.03957   0.04713   0.03102   0.10171   0.09822   0.08949   0.32012   0.05227   0.23322   0.04194   0.04112   0.03737   0.05446   0.03554   0.07784   0.07202   0.08376   0.30002   0.13146   3.54130  

TREE #  2

  0  0.0000   7582.453731  x:  0.12662   0.03736   0.15938   0.02088   0.02581   0.04204   0.05231   0.03572   0.09317   0.11788   0.10824   0.26684   0.00000   0.15667   0.00827   0.02216   0.04772   0.04721   0.05936   0.07304   0.09148   0.11037   0.23925   0.11364   3.54130  
  1 99.0000   7521.995255  x:  0.13677   0.06616   0.18523   0.04544   0.05491   0.04517   0.04678   0.02956   0.09665   0.11519   0.11093   0.27619   0.07806   0.18023   0.05701   0.04539   0.04094   0.05134   0.04120   0.07499   0.08728   0.11120   0.25307   0.12380   3.54075  
  2 1660.5533   7508.815695  x:  0.14071   0.07650   0.21884   0.04774   0.05228   0.03726   0.04712   0.03340   0.10017   0.10266   0.10080   0.28869   0.08393   0.19816   0.03981   0.03561   0.03105   0.05558   0.02671   0.07739   0.06887   0.08912   0.26684   0.12774   3.54020  
  3 420.4986   7504.458630  x:  0.14158   0.07939   0.24216   0.04875   0.05200   0.03720   0.04661   0.03095   0.10275   0.09596   0.09362   0.29742   0.08122   0.21034   0.03558   0.04018   0.03915   0.05771   0.04050   0.08018   0.06515   0.07958   0.27669   0.12861   3.53980  
  4 413.9625   7500.609461  x:  0.13905   0.07446   0.27489   0.04996   0.05358   0.04233   0.04795   0.03052   0.10464   0.09293   0.08516   0.30948   0.06208   0.22597   0.04470   0.04772   0.03954   0.05055   0.03544   0.07864   0.07420   0.08093   0.29049   0.12608   3.53925  
  5 262.8266   7499.804107  x:  0.13801   0.07038   0.28409   0.05337   0.05636   0.04033   0.04663   0.03020   0.10262   0.09698   0.08706   0.31274   0.05708   0.23018   0.04840   0.04321   0.03708   0.05494   0.03779   0.07666   0.07448   0.08381   0.29458   0.12504   3.53909  
  6 145.5669   7499.688404  x:  0.13792   0.06736   0.28617   0.05345   0.05636   0.03990   0.04713   0.03096   0.10132   0.09936   0.08880   0.31343   0.05788   0.23096   0.04794   0.04250   0.03950   0.05401   0.03697   0.07754   0.07375   0.08441   0.29573   0.12494   3.53905  
  7 45.5096   7499.619879  x:  0.13798   0.06359   0.28781   0.05192   0.05546   0.04051   0.04676   0.02971   0.10063   0.10079   0.09005   0.31402   0.05966   0.23127   0.04685   0.04308   0.03857   0.05361   0.03708   0.07786   0.07368   0.08482   0.29666   0.12501   3.53903  
  8 36.4726   7499.600064  x:  0.13807   0.06206   0.28841   0.05109   0.05522   0.04078   0.04702   0.03068   0.10070   0.10077   0.09041   0.31433   0.06047   0.23120   0.04665   0.04334   0.03817   0.05393   0.03736   0.07770   0.07383   0.08508   0.29691   0.12510   3.53902  
  9 31.7977   7499.591588  x:  0.13821   0.06101   0.28882   0.05054   0.05538   0.04049   0.04688   0.03052   0.10114   0.09997   0.09063   0.31472   0.06088   0.23075   0.04673   0.04307   0.03858   0.05423   0.03715   0.07734   0.07398   0.08534   0.29680   0.12524   3.53902  
 10 12.1482   7499.589060  x:  0.13833   0.06064   0.28906   0.05072   0.05569   0.04046   0.04700   0.03050   0.10132   0.09966   0.09091   0.31510   0.06094   0.23026   0.04667   0.04299   0.03845   0.05393   0.03728   0.07740   0.07399   0.08530   0.29656   0.12536   3.53902  
 11  6.3133   7499.587560  x:  0.13846   0.06051   0.28934   0.05085   0.05563   0.04046   0.04690   0.03053   0.10121   0.09967   0.09093   0.31565   0.06092   0.22964   0.04671   0.04319   0.03844   0.05410   0.03720   0.07759   0.07396   0.08525   0.29619   0.12549   3.53902  
 12  3.9621   7499.586855  x:  0.13852   0.06054   0.28949   0.05078   0.05553   0.04053   0.04699   0.03050   0.10113   0.09980   0.09077   0.31603   0.06099   0.22932   0.04681   0.04308   0.03846   0.05404   0.03724   0.07748   0.07389   0.08527   0.29596   0.12555   3.53903  
 13  3.6144   7499.586625  x:  0.13846   0.06057   0.28950   0.05076   0.05558   0.04048   0.04689   0.03054   0.10117   0.09989   0.09072   0.31619   0.06104   0.22929   0.04674   0.04307   0.03847   0.05400   0.03724   0.07742   0.07398   0.08524   0.29591   0.12549   3.53903  
 14  1.0628   7499.586100  x:  0.13827   0.06059   0.28942   0.05079   0.05560   0.04045   0.04705   0.03048   0.10126   0.09994   0.09071   0.31653   0.06111   0.22934   0.04663   0.04309   0.03847   0.05409   0.03721   0.07744   0.07407   0.08527   0.29584   0.12529   3.53905  
 15  1.2098   7499.584884  x:  0.13794   0.06058   0.28919   0.05084   0.05545   0.04052   0.04691   0.03053   0.10130   0.09978   0.09075   0.31715   0.06118   0.22956   0.04664   0.04302   0.03845   0.05402   0.03724   0.07756   0.07390   0.08544   0.29578   0.12497   3.53911  
 16  2.2461   7499.580770  x:  0.13804   0.06036   0.28857   0.05073   0.05569   0.04030   0.04702   0.03051   0.10069   0.09950   0.09076   0.31819   0.06098   0.23015   0.04668   0.04329   0.03839   0.05397   0.03721   0.07728   0.07365   0.08525   0.29587   0.12507   3.53933  
 17  1.6897   7499.571726  x:  0.13876   0.06004   0.28773   0.05071   0.05598   0.04101   0.04690   0.03051   0.10075   0.09955   0.09081   0.31965   0.06061   0.23112   0.04667   0.04297   0.03848   0.05422   0.03703   0.07735   0.07375   0.08471   0.29616   0.12579   3.53980  
 18  5.9453   7499.556944  x:  0.13979   0.05981   0.28723   0.05077   0.05522   0.04019   0.04698   0.03054   0.10141   0.09977   0.09078   0.32099   0.06026   0.23216   0.04694   0.04270   0.03828   0.05407   0.03708   0.07786   0.07419   0.08449   0.29656   0.12682   3.54057  
 19  9.0068   7499.477034  x:  0.14061   0.05958   0.28985   0.05161   0.05493   0.03983   0.04697   0.03064   0.10396   0.10051   0.09019   0.32150   0.05883   0.23317   0.04560   0.04384   0.03807   0.05408   0.03648   0.07644   0.07151   0.08538   0.29738   0.12766   3.54485  
 20  4.7938   7499.233154  x:  0.14018   0.06017   0.30033   0.05144   0.05548   0.03944   0.04705   0.03093   0.10174   0.09810   0.08719   0.32044   0.05719   0.23459   0.04207   0.04156   0.03706   0.05453   0.03522   0.07852   0.07167   0.08571   0.29946   0.12728   3.55781  
 21 27.2877   7499.206110  x:  0.13958   0.06037   0.30165   0.05159   0.05431   0.03960   0.04706   0.03097   0.10158   0.09783   0.08854   0.32023   0.05696   0.23451   0.04261   0.04131   0.03714   0.05455   0.03504   0.07755   0.07205   0.08369   0.29970   0.12668   3.55918  
 22 16.6391   7499.200812  x:  0.13928   0.06049   0.30189   0.05077   0.05459   0.03945   0.04706   0.03098   0.10186   0.09805   0.08891   0.32020   0.05669   0.23436   0.04319   0.04130   0.03704   0.05458   0.03500   0.07791   0.07172   0.08295   0.29980   0.12638   3.55937  
 23  7.8177   7499.200392  x:  0.13932   0.06078   0.30195   0.05055   0.05459   0.03947   0.04706   0.03098   0.10184   0.09804   0.08923   0.32030   0.05664   0.23426   0.04311   0.04132   0.03704   0.05457   0.03500   0.07790   0.07175   0.08310   0.29999   0.12643   3.55921  
 24  1.4269   7499.200047  x:  0.13927   0.06081   0.30182   0.05061   0.05459   0.03946   0.04706   0.03098   0.10185   0.09803   0.08915   0.32038   0.05665   0.23387   0.04312   0.04131   0.03704   0.05457   0.03500   0.07790   0.07174   0.08308   0.30063   0.12638   3.55838  
 25  0.6242   7499.195786  x:  0.13925   0.06070   0.30186   0.05061   0.05456   0.03945   0.04706   0.03098   0.10184   0.09799   0.08910   0.32015   0.05654   0.23411   0.04307   0.04130   0.03702   0.05457   0.03499   0.07789   0.07170   0.08305   0.30008   0.12635   3.54070  
 26  0.8509   7499.149273  x:  0.13949   0.05966   0.30176   0.04991   0.05399   0.03961   0.04716   0.03106   0.10176   0.09817   0.08925   0.32029   0.05234   0.23345   0.04217   0.04132   0.03751   0.05439   0.03576   0.07787   0.07203   0.08368   0.30044   0.12661   3.54178  
 27  0.0025   7499.146037  x:  0.13954   0.05976   0.29994   0.04978   0.05399   0.03957   0.04713   0.03100   0.10172   0.09821   0.08950   0.32021   0.05227   0.23332   0.04189   0.04112   0.03739   0.05447   0.03556   0.07784   0.07203   0.08375   0.29999   0.12666   3.54147  
 28  0.0015   7499.146006  x:  0.13954   0.05980   0.29989   0.04979   0.05397   0.03957   0.04713   0.03102   0.10171   0.09822   0.08949   0.32012   0.05227   0.23322   0.04194   0.04112   0.03737   0.05446   0.03555   0.07784   0.07202   0.08376   0.30002   0.12665   3.54129  
 29  0.0002   7499.146006  x:  0.13954   0.05980   0.29990   0.04979   0.05397   0.03957   0.04713   0.03102   0.10171   0.09822   0.08949   0.32012   0.05227   0.23322   0.04194   0.04112   0.03737   0.05446   0.03554   0.07784   0.07202   0.08376   0.30002   0.12665   3.54129  
 30  0.0000   7499.146006  x:  0.13954   0.05980   0.29990   0.04979   0.05397   0.03957   0.04713   0.03102   0.10171   0.09822   0.08949   0.32012   0.05227   0.23322   0.04194   0.04112   0.03737   0.05446   0.03554   0.07784   0.07202   0.08376   0.30002   0.12665   3.54129  