     2    477     93


 1

     1    130    -1.5647971562   0.209130429678      99.7552  AAAAAAAAAAAAA
     2      2    -4.9991765935   0.006743497353       3.2166  AAAAAAAAAAAAG
     3      1    -7.3111734487   0.000668032690       0.3187  AAAAAAAAAAAAT
     4      2   -13.1862737378   0.000001876178       0.0009  AAAAAAAAAACCC
     5      1    -8.1292458584   0.000294790431       0.1406  AAAAAAAAAAGGG
     6      1   -10.5263877629   0.000026819327       0.0128  AAAAAAAAGAAAG
     7      1    -5.3211369324   0.004887194156       2.3312  AAAAAAAGAAAAA
     8      3    -5.2720360662   0.005133148496       2.4485  AAAAAGAAAAAAA
     9      1    -5.4188246167   0.004432353301       2.1142  AAAAGAAAAAAAA
    10      1   -13.1823138397   0.000001883622       0.0009  AAGAAAAAGAGGG
    11      1   -19.2593442790   0.000000004323       0.0000  AAGAGGGGGGAGG
    12      1   -17.4412157606   0.000000026630       0.0000  AGAGAAAAAGGGT
    13      1   -13.4201511505   0.000001484918       0.0007  CCCCCCCCCCAAC
    14     70    -2.0071581147   0.134369996689      64.0945  CCCCCCCCCCCCC
    15      1    -5.2274586538   0.005367147766       2.5601  CCCCCCCCCCCCT
    16      2    -5.0759791548   0.006244968654       2.9789  CCCCCCCCCCCTC
    17      1   -13.9510720649   0.000000873225       0.0004  CCCCCCCCCCGGG
    18      1    -8.6281720297   0.000178991538       0.0854  CCCCCCCCCCTTC
    19      1    -6.8962549919   0.001011566670       0.4825  CCCCCCCCCTCCC
    20      2    -5.5528592051   0.003876358081       1.8490  CCCCCCCTCCCCC
    21      1    -8.7731596503   0.000154833587       0.0739  CCCCCCCTCCCCT
    22      1   -14.6975394524   0.000000413942       0.0002  CCCCCTCCCCACT
    23      1    -8.5734197485   0.000189064988       0.0902  CCCCCTCCCCCTC
    24      1    -5.6512014689   0.003513293126       1.6758  CCCCTCCCCCCCC
    25      1    -8.8714982354   0.000140332179       0.0669  CCCCTCCCCCCCT
    26      1   -22.6302150303   0.000000000149       0.0000  CCCCTCTTTTCTC
    27      1   -16.7530067368   0.000000052998       0.0000  CCCCTTTCCCTCC
    28      1   -10.2791667960   0.000034341130       0.0164  CCCTCCCCCTCTC
    29      1   -25.2997603109   0.000000000010       0.0000  CCTCAATTTCTTT
    30      1   -16.3304647995   0.000000080867       0.0000  CCTCTCCCCCCTT
    31      1   -14.8931767137   0.000000340389       0.0002  CCTTCCTTCTCCC
    32      1   -12.7745447317   0.000002831951       0.0014  CTCACTCTCATTT
    33      1    -7.1867359444   0.000756554531       0.3609  CTCCCCCCCCCCC
    34      1   -20.1161586237   0.000000001835       0.0000  CTCCCCTTCCTTC
    35      1   -12.9559253717   0.000002362181       0.0011  CTCCCTCCCCTCT
    36      1   -12.2452774665   0.000004807769       0.0023  CTCTCTCCCTTTC
    37      1    -5.1014126009   0.006088140376       2.9040  CTCTCTCTCTTTT
    38      1   -11.1116202213   0.000014937732       0.0071  CTCTTTCTCTCTC
    39      1   -13.3917718874   0.000001527662       0.0007  CTTTTTCTTTCCC
    40      1    -9.6121674939   0.000066909641       0.0319  CTTTTTTTTTTCT
    41      1    -6.3158009601   0.001807517431       0.8622  CTTTTTTTTTTTT
    42      1   -13.4079426987   0.000001503157       0.0007  GAAAAGAAAAGGG
    43      1    -9.1646906770   0.000104670768       0.0499  GCCCCCCCCCCCC
    44      1   -15.4177947660   0.000000201436       0.0001  GGAGAGAAGGGGG
    45      1    -6.7653753441   0.001153014636       0.5500  GGAGGGGGAGGGG
    46      1    -6.3988865306   0.001663408397       0.7934  GGAGGGGGGGGGG
    47      1    -6.2493563667   0.001931697041       0.9214  GGGAGGGAGAGGG
    48      1    -5.5467563150   0.003900087403       1.8603  GGGGAGGGGGGGG
    49      2    -5.3998906178   0.004517075003       2.1546  GGGGGAGGGGGGG
    50      1    -6.7930196698   0.001121576864       0.5350  GGGGGGGGGAGGG
    51      2    -8.3805367503   0.000229286843       0.1094  GGGGGGGGGGAAG
    52      1    -4.9701867467   0.006941851546       3.3113  GGGGGGGGGGGAG
    53      1    -5.1221120187   0.005963414742       2.8445  GGGGGGGGGGGGA
    54     88    -2.0471460465   0.129102831788      61.5821  GGGGGGGGGGGGG
    55      1   -14.6419457358   0.000000437606       0.0002  GGGGTGGGGGAAA
    56      1    -7.4111234582   0.000604491192       0.2883  TATATATATATTT
    57      1    -6.3980695316   0.001664767955       0.7941  TCCCCCCCCCCCC
    58      1   -14.2756841813   0.000000631174       0.0003  TCTCCTTCTCTCC
    59      1   -13.1491725616   0.000001947094       0.0009  TCTCTCTCTCACT
    60      1   -11.2490746139   0.000013019340       0.0062  TCTCTCTCTCATT
    61      1    -8.9858985347   0.000125162391       0.0597  TCTCTCTCTCCTT
    62      1   -10.4695713774   0.000028387224       0.0135  TCTCTCTTTCTCC
    63      1   -14.2462277185   0.000000650043       0.0003  TCTCTTTTTTCCC
    64      1   -13.1172250379   0.000002010303       0.0010  TCTTTCTTTTCTT
    65      1   -14.4596089470   0.000000525136       0.0003  TCTTTTTCTTTCC
    66      1    -9.3061579995   0.000090862971       0.0433  TCTTTTTTTTCCC
    67      1   -12.2331404491   0.000004866476       0.0023  TCTTTTTTTTCTC
    68      1    -7.6782252381   0.000462795522       0.2208  TGTGTGTGTGGGG
    69      1   -16.9663581159   0.000000042816       0.0000  TTCCGCCCCCTTT
    70      1   -14.8508349084   0.000000355111       0.0002  TTCCTCCCCCTTC
    71      1   -11.4077168357   0.000011109424       0.0053  TTCCTCCCCCTTT
    72      1   -13.8665991684   0.000000950194       0.0005  TTCTTTTCCTTCT
    73      1    -6.4244733369   0.001621386978       0.7734  TTCTTTTTTTTTT
    74      1   -22.4233858056   0.000000000183       0.0000  TTTCTTCCCCCCT
    75      1   -13.9868447677   0.000000842540       0.0004  TTTCTTCCTCTCT
    76      1   -12.3124978717   0.000004495211       0.0021  TTTCTTTTTTTTA
    77      1    -6.7088393267   0.001220079417       0.5820  TTTCTTTTTTTTT
    78      1    -5.5765169219   0.003785728570       1.8058  TTTTCTTTTTTTT
    79      1   -14.2969015435   0.000000617923       0.0003  TTTTTATTTTCCC
    80      1    -5.4300269543   0.004382977661       2.0907  TTTTTCTTTTTTT
    81      1    -9.8689320710   0.000051757973       0.0247  TTTTTTCCTTTTT
    82      1   -12.7930985815   0.000002779892       0.0013  TTTTTTCTTTCCC
    83      1    -6.0985180460   0.002246194010       1.0714  TTTTTTCTTTTTT
    84      1    -8.9261141869   0.000132873344       0.0634  TTTTTTTCTTTTC
    85      1    -6.8170811438   0.001094912154       0.5223  TTTTTTTTTCTTT
    86      1   -13.1344584616   0.000001975956       0.0009  TTTTTTTTTTAAT
    87      1    -8.4071713435   0.000223260492       0.1065  TTTTTTTTTTCCC
    88      1   -13.4724496221   0.000001409255       0.0007  TTTTTTTTTTGGG
    89      1    -8.2975290506   0.000249131659       0.1188  TTTTTTTTTTTCC
    90      3    -5.0052818475   0.006702452013       3.1971  TTTTTTTTTTTCT
    91      1    -7.3119070529   0.000667542798       0.3184  TTTTTTTTTTTTA
    92      1    -5.1557004365   0.005766439636       2.7506  TTTTTTTTTTTTC
    93     90    -1.7082485067   0.181182855429      86.4242  TTTTTTTTTTTTT

 2

     1    130    -1.5648699137   0.209115214435      99.7480  AAAAAAAAAAAAA
     2      2    -4.9988489907   0.006745706904       3.2177  AAAAAAAAAAAAG
     3      1    -7.3108945907   0.000668219002       0.3187  AAAAAAAAAAAAT
     4      2   -13.1862688127   0.000001876187       0.0009  AAAAAAAAAACCC
     5      1    -8.1291053575   0.000294831852       0.1406  AAAAAAAAAAGGG
     6      1   -10.5252293995   0.000026850412       0.0128  AAAAAAAAGAAAG
     7      1    -5.3211976656   0.004886897350       2.3311  AAAAAAAGAAAAA
     8      3    -5.2718317658   0.005134197307       2.4490  AAAAAGAAAAAAA
     9      1    -5.4193379795   0.004430078480       2.1131  AAAAGAAAAAAAA
    10      1   -13.1817595280   0.000001884667       0.0009  AAGAAAAAGAGGG
    11      1   -19.2579401364   0.000000004329       0.0000  AAGAGGGGGGAGG
    12      1   -17.4405435683   0.000000026648       0.0000  AGAGAAAAAGGGT
    13      1   -13.4196787125   0.000001485619       0.0007  CCCCCCCCCCAAC
    14     70    -2.0072469698   0.134358057764      64.0888  CCCCCCCCCCCCC
    15      1    -5.2271432394   0.005368840909       2.5609  CCCCCCCCCCCCT
    16      2    -5.0757751628   0.006246242708       2.9795  CCCCCCCCCCCTC
    17      1   -13.9510781189   0.000000873220       0.0004  CCCCCCCCCCGGG
    18      1    -8.6275923943   0.000179095317       0.0854  CCCCCCCCCCTTC
    19      1    -6.8958431241   0.001011983387       0.4827  CCCCCCCCCTCCC
    20      2    -5.5529368037   0.003876057292       1.8489  CCCCCCCTCCCCC
    21      1    -8.7728329792   0.000154884175       0.0739  CCCCCCCTCCCCT
    22      1   -14.6966176000   0.000000414324       0.0002  CCCCCTCCCCACT
    23      1    -8.5729354655   0.000189156571       0.0902  CCCCCTCCCCCTC
    24      1    -5.6517348627   0.003511419656       1.6749  CCCCTCCCCCCCC
    25      1    -8.8716273510   0.000140314062       0.0669  CCCCTCCCCCCCT
    26      1   -22.6290211862   0.000000000149       0.0000  CCCCTCTTTTCTC
    27      1   -16.7525849331   0.000000053021       0.0000  CCCCTTTCCCTCC
    28      1   -10.2780956650   0.000034377934       0.0164  CCCTCCCCCTCTC
    29      1   -25.2999266800   0.000000000010       0.0000  CCTCAATTTCTTT
    30      1   -16.3301429956   0.000000080893       0.0000  CCTCTCCCCCCTT
    31      1   -14.8926529210   0.000000340567       0.0002  CCTTCCTTCTCCC
    32      1   -12.7736803273   0.000002834400       0.0014  CTCACTCTCATTT
    33      1    -7.1861442648   0.000757002301       0.3611  CTCCCCCCCCCCC
    34      1   -20.1152455278   0.000000001837       0.0000  CTCCCCTTCCTTC
    35      1   -12.9554200924   0.000002363374       0.0011  CTCCCTCCCCTCT
    36      1   -12.2447459276   0.000004810325       0.0023  CTCTCTCCCTTTC
    37      1    -5.1013887311   0.006088285700       2.9041  CTCTCTCTCTTTT
    38      1   -11.1107219059   0.000014951156       0.0071  CTCTTTCTCTCTC
    39      1   -13.3915881659   0.000001527943       0.0007  CTTTTTCTTTCCC
    40      1    -9.6119206389   0.000066926160       0.0319  CTTTTTTTTTTCT
    41      1    -6.3158455896   0.001807436764       0.8621  CTTTTTTTTTTTT
    42      1   -13.4073130653   0.000001504104       0.0007  GAAAAGAAAAGGG
    43      1    -9.1648238715   0.000104656827       0.0499  GCCCCCCCCCCCC
    44      1   -15.4169470773   0.000000201607       0.0001  GGAGAGAAGGGGG
    45      1    -6.7650374705   0.001153404275       0.5502  GGAGGGGGAGGGG
    46      1    -6.3988163888   0.001663525075       0.7935  GGAGGGGGGGGGG
    47      1    -6.2492810706   0.001931842495       0.9215  GGGAGGGAGAGGG
    48      1    -5.5473019869   0.003897959816       1.8593  GGGGAGGGGGGGG
    49      2    -5.3997103602   0.004517889314       2.1550  GGGGGAGGGGGGG
    50      1    -6.7926190068   0.001122026328       0.5352  GGGGGGGGGAGGG
    51      2    -8.3799666968   0.000229417586       0.1094  GGGGGGGGGGAAG
    52      1    -4.9699933375   0.006943194293       3.3119  GGGGGGGGGGGAG
    53      1    -5.1218070534   0.005965233654       2.8454  GGGGGGGGGGGGA
    54     88    -2.0472464332   0.129089872233      61.5759  GGGGGGGGGGGGG
    55      1   -14.6422920288   0.000000437455       0.0002  GGGGTGGGGGAAA
    56      1    -7.4111455889   0.000604477815       0.2883  TATATATATATTT
    57      1    -6.3981321232   0.001664663758       0.7940  TCCCCCCCCCCCC
    58      1   -14.2754736212   0.000000631307       0.0003  TCTCCTTCTCTCC
    59      1   -13.1477417953   0.000001949882       0.0009  TCTCTCTCTCACT
    60      1   -11.2487128030   0.000013024051       0.0062  TCTCTCTCTCATT
    61      1    -8.9854582557   0.000125217510       0.0597  TCTCTCTCTCCTT
    62      1   -10.4691981919   0.000028397820       0.0135  TCTCTCTTTCTCC
    63      1   -14.2460364477   0.000000650167       0.0003  TCTCTTTTTTCCC
    64      1   -13.1164675572   0.000002011826       0.0010  TCTTTCTTTTCTT
    65      1   -14.4590275712   0.000000525441       0.0003  TCTTTTTCTTTCC
    66      1    -9.3064125548   0.000090839844       0.0433  TCTTTTTTTTCCC
    67      1   -12.2329072714   0.000004867611       0.0023  TCTTTTTTTTCTC
    68      1    -7.6782872823   0.000462766809       0.2207  TGTGTGTGTGGGG
    69      1   -16.9668985045   0.000000042793       0.0000  TTCCGCCCCCTTT
    70      1   -14.8504412403   0.000000355251       0.0002  TTCCTCCCCCTTC
    71      1   -11.4077294894   0.000011109283       0.0053  TTCCTCCCCCTTT
    72      1   -13.8659362895   0.000000950825       0.0005  TTCTTTTCCTTCT
    73      1    -6.4243753842   0.001621545805       0.7735  TTCTTTTTTTTTT
    74      1   -22.4219431092   0.000000000183       0.0000  TTTCTTCCCCCCT
    75      1   -13.9862941648   0.000000843004       0.0004  TTTCTTCCTCTCT
    76      1   -12.3118110005   0.000004498300       0.0021  TTTCTTTTTTTTA
    77      1    -6.7085041093   0.001220488477       0.5822  TTTCTTTTTTTTT
    78      1    -5.5770314560   0.003783781184       1.8049  TTTTCTTTTTTTT
    79      1   -14.2965266882   0.000000618155       0.0003  TTTTTATTTTCCC
    80      1    -5.4298216667   0.004383877524       2.0911  TTTTTCTTTTTTT
    81      1    -9.8688276056   0.000051763380       0.0247  TTTTTTCCTTTTT
    82      1   -12.7927853365   0.000002780763       0.0013  TTTTTTCTTTCCC
    83      1    -6.0984252501   0.002246402458       1.0715  TTTTTTCTTTTTT
    84      1    -8.9257738937   0.000132918567       0.0634  TTTTTTTCTTTTC
    85      1    -6.8166529931   0.001095381042       0.5225  TTTTTTTTTCTTT
    86      1   -13.1339746362   0.000001976912       0.0009  TTTTTTTTTTAAT
    87      1    -8.4070224258   0.000223293742       0.1065  TTTTTTTTTTCCC
    88      1   -13.4724507122   0.000001409253       0.0007  TTTTTTTTTTGGG
    89      1    -8.2969338372   0.000249279990       0.1189  TTTTTTTTTTTCC
    90      3    -5.0050636579   0.006703914577       3.1978  TTTTTTTTTTTCT
    91      1    -7.3116281231   0.000667729022       0.3185  TTTTTTTTTTTTA
    92      1    -5.1553718135   0.005768334932       2.7515  TTTTTTTTTTTTC
    93     90    -1.7083212306   0.181169679575      86.4179  TTTTTTTTTTTTT