

TREE #  1

  0  0.0000   1192.048380  x:  0.00523   0.04019   0.00258   0.01295   0.00000   0.02701   0.02433   0.03781   0.03555   0.02554   0.04818   0.05879   2.15054  
  1 99.0000   1187.871798  x:  0.00492   0.04062   0.01394   0.01299   0.00389   0.02718   0.02367   0.03795   0.03514   0.02580   0.04763   0.05848   2.15074  
  2 1258.5227   1187.384287  x:  0.00372   0.04120   0.01529   0.01222   0.00095   0.02754   0.02130   0.03761   0.03332   0.02544   0.04630   0.05728   2.15135  
  3 165.0292   1187.057387  x:  0.00167   0.04237   0.01480   0.01170   0.00223   0.02842   0.01775   0.03749   0.03026   0.02439   0.04390   0.05523   2.15267  
  4 156.4278   1186.980955  x:  0.00106   0.04313   0.01479   0.01387   0.00209   0.02898   0.01844   0.03733   0.02888   0.02433   0.04233   0.05462   2.15446  
  5 50.7615   1186.877666  x:  0.00222   0.04489   0.01473   0.01251   0.00215   0.02958   0.01988   0.03663   0.02772   0.02443   0.04001   0.05578   2.16285  
  6 30.3557   1186.204937  x:  0.00526   0.05024   0.01446   0.01455   0.00199   0.02671   0.01623   0.03664   0.03175   0.02527   0.03504   0.05882   2.22949  
  7 111.3496   1179.901466  x:  0.00000   0.05905   0.01456   0.01230   0.00115   0.02876   0.01973   0.03962   0.03726   0.02337   0.03879   0.05353   2.64966  
  8 735.5473   1174.089265  x:  0.00867   0.04308   0.01499   0.01697   0.00157   0.02408   0.01565   0.03714   0.01981   0.01909   0.04629   0.06217   3.21715  
  9 2953.9104   1173.109112  x:  0.00870   0.03312   0.01468   0.01669   0.00223   0.02830   0.01428   0.03400   0.02102   0.02546   0.04169   0.06219   3.31579  
 10 988.1522   1173.094805  x:  0.00836   0.03259   0.01469   0.01645   0.00227   0.02729   0.01467   0.03380   0.02117   0.02519   0.04109   0.06185   3.31727  
 11 26.2435   1173.087960  x:  0.00835   0.03253   0.01467   0.01632   0.00225   0.02706   0.01476   0.03474   0.02096   0.02564   0.04093   0.06184   3.31836  
 12  1.5939   1172.722592  x:  0.00893   0.03123   0.01497   0.01622   0.00162   0.02948   0.01511   0.03852   0.02308   0.02115   0.03878   0.06235   3.37664  
 13 11.6295   1161.930432  x:  0.00228   0.05127   0.01488   0.01206   0.00000   0.02709   0.02199   0.04000   0.03772   0.02726   0.03951   0.05374   5.01229  
 14 756.6062   1155.333498  x:  0.00600   0.04570   0.01537   0.01494   0.00111   0.03576   0.01760   0.03464   0.02764   0.01659   0.05271   0.05087   8.56105  
 15  1.0229   1153.695981  x:  0.00782   0.04619   0.01563   0.01264   0.00000   0.02954   0.01834   0.04036   0.03042   0.02823   0.04304   0.04912   9.83762  
 16  0.7178   1153.005455  x:  0.01125   0.04776   0.01583   0.01385   0.00032   0.02758   0.02045   0.03956   0.03004   0.02161   0.04121   0.04941  11.78181  
 17  0.6730   1152.858162  x:  0.01019   0.04676   0.01609   0.01330   0.00000   0.02933   0.01898   0.03865   0.02997   0.02248   0.04373   0.04701  12.65721  
 18  0.4869   1152.834837  x:  0.01114   0.04709   0.01603   0.01337   0.00002   0.02927   0.01930   0.03944   0.03068   0.02295   0.04355   0.04752  13.11926  
 19  0.3377   1152.833081  x:  0.01096   0.04719   0.01601   0.01333   0.00002   0.02915   0.01929   0.03933   0.03057   0.02281   0.04320   0.04736  13.23223  
 20  0.1084   1152.832533  x:  0.01073   0.04717   0.01591   0.01341   0.00005   0.02919   0.01929   0.03920   0.03042   0.02283   0.04336   0.04767  13.28068  
 21  0.0167   1152.832450  x:  0.01070   0.04718   0.01592   0.01337   0.00005   0.02917   0.01929   0.03925   0.03047   0.02285   0.04329   0.04768  13.25906  
 22  0.0247   1152.832268  x:  0.01020   0.04716   0.01585   0.01332   0.00006   0.02913   0.01928   0.03930   0.03051   0.02291   0.04319   0.04816  13.22711  
 23  0.0097   1152.832261  x:  0.01025   0.04716   0.01585   0.01333   0.00006   0.02914   0.01928   0.03929   0.03050   0.02290   0.04321   0.04811  13.23378  
 24  0.0191   1152.832261  x:  0.01025   0.04716   0.01585   0.01333   0.00006   0.02914   0.01928   0.03929   0.03050   0.02290   0.04321   0.04811  13.23378  
 25  0.0135   1152.832261  x:  0.01016   0.04716   0.01586   0.01333   0.00006   0.02914   0.01928   0.03928   0.03050   0.02290   0.04322   0.04820  13.23538  
 26  0.1666   1152.832261  x:  0.01016   0.04716   0.01586   0.01333   0.00006   0.02914   0.01928   0.03928   0.03050   0.02290   0.04322   0.04820  13.23538  
 27  0.0126   1152.832261  x:  0.01016   0.04716   0.01586   0.01333   0.00006   0.02914   0.01928   0.03928   0.03050   0.02290   0.04322   0.04820  13.23538  
 28  5.9047   1152.831508  x:  0.01016   0.04716   0.01585   0.01333   0.00019   0.02915   0.01928   0.03928   0.03049   0.02290   0.04322   0.04820  13.23538  
 29 10.8915   1152.831298  x:  0.01016   0.04709   0.01583   0.01330   0.00023   0.02911   0.01924   0.03914   0.03039   0.02299   0.04324   0.04821  13.23538  
 30  1.9219   1152.831273  x:  0.01017   0.04706   0.01583   0.01334   0.00023   0.02913   0.01925   0.03911   0.03039   0.02301   0.04324   0.04821  13.23538  
 31  0.8846   1152.831270  x:  0.01017   0.04705   0.01583   0.01334   0.00023   0.02914   0.01925   0.03911   0.03039   0.02300   0.04325   0.04821  13.23538  
 32  0.2545   1152.831269  x:  0.01017   0.04704   0.01583   0.01334   0.00023   0.02914   0.01925   0.03911   0.03039   0.02300   0.04325   0.04821  13.23538  
 33  0.0536   1152.831269  x:  0.01017   0.04704   0.01583   0.01334   0.00023   0.02914   0.01925   0.03911   0.03039   0.02300   0.04325   0.04821  13.23538  
 34  0.0235   1152.831269  x:  0.01017   0.04704   0.01583   0.01334   0.00023   0.02914   0.01925   0.03911   0.03039   0.02300   0.04325   0.04821  13.23538  
 35  0.0025   1152.831269  x:  0.01017   0.04704   0.01583   0.01334   0.00023   0.02914   0.01925   0.03911   0.03039   0.02300   0.04325   0.04821  13.23538  
check convergence!


TREE #  2

  0  0.0000   1157.265830  x:  0.02158   0.04021   0.00252   0.01298   0.00000   0.02702   0.02435   0.03777   0.03547   0.02546   0.04814   0.04235  13.23538  
  1 99.0000   1153.406274  x:  0.02136   0.04097   0.01572   0.01316   0.00086   0.02725   0.02362   0.03802   0.03509   0.02590   0.04759   0.04213  13.23538  
  2 1093.1957   1153.073991  x:  0.02039   0.04241   0.01586   0.01244   0.00000   0.02797   0.02122   0.03833   0.03336   0.02495   0.04644   0.04116  13.23538  
  3 109.9828   1152.977581  x:  0.01983   0.04362   0.01574   0.01320   0.00136   0.02848   0.02054   0.03887   0.03256   0.02413   0.04558   0.04060  13.23538  
  4 91.4602   1152.944465  x:  0.01956   0.04470   0.01574   0.01458   0.00073   0.02859   0.02112   0.03904   0.03202   0.02383   0.04476   0.04033  13.23538  
  5 38.6187   1152.940017  x:  0.01971   0.04532   0.01574   0.01421   0.00075   0.02846   0.02157   0.03899   0.03191   0.02377   0.04440   0.04048  13.23538  
  6 10.1447   1152.939650  x:  0.01977   0.04545   0.01573   0.01422   0.00073   0.02834   0.02148   0.03902   0.03206   0.02378   0.04433   0.04054  13.23538  
  7  2.8129   1152.939594  x:  0.01976   0.04546   0.01573   0.01421   0.00072   0.02840   0.02149   0.03905   0.03213   0.02376   0.04432   0.04053  13.23538  
  8  0.5494   1152.938826  x:  0.01961   0.04546   0.01574   0.01413   0.00068   0.02821   0.02156   0.03930   0.03216   0.02363   0.04439   0.04038  13.23539  
  9  0.1356   1152.916420  x:  0.01998   0.04650   0.01579   0.01405   0.00034   0.02865   0.02100   0.04015   0.03141   0.02321   0.04562   0.04077  13.23556  
 10  0.6394   1152.839960  x:  0.01854   0.04751   0.01585   0.01345   0.00019   0.02900   0.01943   0.03851   0.03075   0.02301   0.04435   0.03940  13.23614  
 11  7.0759   1152.832170  x:  0.01882   0.04695   0.01586   0.01337   0.00012   0.02906   0.01924   0.03903   0.03041   0.02292   0.04340   0.03969  13.23621  
 12 10.4178   1152.832013  x:  0.01880   0.04696   0.01585   0.01337   0.00013   0.02908   0.01924   0.03910   0.03039   0.02306   0.04338   0.03966  13.23621  
 13  1.3576   1152.831851  x:  0.01874   0.04706   0.01585   0.01335   0.00011   0.02912   0.01926   0.03918   0.03044   0.02296   0.04329   0.03967  13.23667  
 14  0.0008   1152.831851  x:  0.01874   0.04706   0.01585   0.01335   0.00011   0.02912   0.01926   0.03918   0.03044   0.02296   0.04329   0.03967  13.23667  
 15  0.0011   1152.831851  x:  0.01874   0.04706   0.01585   0.01335   0.00011   0.02912   0.01926   0.03918   0.03044   0.02296   0.04329   0.03967  13.23667  
check convergence!
