     2    864    250


 1

     1    168    -1.9954958188   0.135946232759     117.4575  AAAAAAA
     2      9    -5.2965620230   0.005008784425       4.3276  AAAAAAC
     3     13    -3.7513507668   0.023486000312      20.2919  AAAAAAG
     4      1    -5.2070454255   0.005477834472       4.7328  AAAAAAT
     5      9    -4.9285473759   0.007237008302       6.2528  AAAAAGA
     6      2    -6.3878118118   0.001681932563       1.4532  AAAAAGG
     7      1    -6.4547221952   0.001573076229       1.3591  AAAAATA
     8      1    -8.6225514746   0.000180000402       0.1555  AAAAGAC
     9      5    -4.9311601526   0.007218124296       6.2365  AAAGAAA
    10      1    -6.6852509543   0.001249201222       1.0793  AAAGAAG
    11      1    -8.1423921036   0.000290940406       0.2514  AAAGAAT
    12     10    -5.1884526471   0.005580635350       4.8217  AACAAAA
    13      2    -6.4769931929   0.001538429493       1.3292  AACAAAG
    14      1    -6.6836011590   0.001251263849       1.0811  AACAAAT
    15      1    -8.0683950685   0.000313285680       0.2707  AACAAGA
    16      1   -11.1879034508   0.000013840611       0.0120  AACCAAT
    17     14    -3.6765987960   0.025308909376      21.8669  AAGAAAA
    18      2    -6.5201352459   0.001473469808       1.2731  AAGAAAC
    19      2    -4.0315000825   0.017747686980      15.3340  AAGAAAG
    20      2    -6.4306186484   0.001611453603       1.3923  AAGAAAT
    21      1    -6.3595015522   0.001730228926       1.4949  AAGAAGA
    22      1    -7.0024754559   0.000909627434       0.7859  AAGAGAA
    23      1    -8.9817189466   0.000125686613       0.1086  AAGGAGA
    24      1    -8.1778260435   0.000280811750       0.2426  AAGGAGG
    25      5    -5.0989360496   0.006103236654       5.2732  AATAAAA
    26      1    -6.6836011590   0.001251263849       1.0811  AATAAAC
    27      1    -5.4507516240   0.004293076698       3.7092  AATAAAT
    28      1   -11.6022745506   0.000009145263       0.0079  AATACAC
    29      1   -11.2898474624   0.000012499181       0.0108  AATAGGA
    30      1   -11.5127641008   0.000010001614       0.0086  AATATAC
    31      1    -8.3851029208   0.000228242266       0.1972  AATGAAT
    32      1   -14.3748156404   0.000000571606       0.0005  ACCATCT
    33      1   -10.4304320883   0.000029520309       0.0255  ACTAATT
    34      1    -9.6715027428   0.000063055029       0.0545  ACTCCCT
    35      1   -14.3048337276   0.000000613041       0.0005  ACTGAGA
    36      2    -5.0841241592   0.006194309945       5.3519  AGAAAAA
    37      1    -8.3803275482   0.000229334815       0.1981  AGAAAAC
    38      1    -8.2908109507   0.000250810985       0.2167  AGAAAAT
    39      1    -7.1564960498   0.000779782089       0.6737  AGAAAGA
    40      1   -10.8931135430   0.000018585785       0.0161  AGAGAAT
    41      2    -7.4534203032   0.000579456303       0.5007  AGAGAGA
    42      1   -10.1149689814   0.000040469216       0.0350  AGAGAGC
    43      1    -7.5352347005   0.000533935934       0.4613  AGAGGGG
    44      1    -8.6364881834   0.000177509189       0.1534  AGCAAAC
    45      1    -9.5514568241   0.000071097611       0.0614  AGCAAGC
    46      1   -12.6570671733   0.000003184972       0.0028  AGCAGAG
    47      1   -10.0709184466   0.000042291753       0.0365  AGCGAGA
    48      1   -10.7509207155   0.000021425672       0.0185  AGCGGGT
    49      1    -6.9801280526   0.000930184083       0.8037  AGGAAAG
    50      1    -9.9956639891   0.000045597212       0.0394  AGGAGAA
    51      1   -11.7967037571   0.000007529336       0.0065  AGGATAG
    52      2    -7.6208760412   0.000490112284       0.4235  AGGGGGA
    53      1    -8.1833434680   0.000279266658       0.2413  AGTAAAA
    54      1    -9.4053332978   0.000082284048       0.0711  AGTAAAG
    55      1    -9.2902249382   0.000092322291       0.0798  AGTAAGG
    56      1   -11.7766018025   0.000007682221       0.0066  AGTAGAT
    57      1   -12.2478069148   0.000004795623       0.0041  AGTAGGA
    58      1   -15.6741454979   0.000000155885       0.0001  AGTCACA
    59      1   -12.2402683484   0.000004831912       0.0042  ATCTACT
    60      1   -11.5877961535   0.000009278635       0.0080  ATCTATA
    61      1    -8.2571187490   0.000259405327       0.2241  ATGAAAA
    62      1   -10.6411659792   0.000023911143       0.0207  ATTTTTG
    63      1   -11.8837642727   0.000006901552       0.0060  CAAACCA
    64      1   -11.0826800641   0.000015376348       0.0133  CACACAC
    65      1   -10.5820156455   0.000025368162       0.0219  CCAACCG
    66      1   -10.5298025070   0.000026727902       0.0231  CCAACCT
    67      1   -12.6546883275   0.000003192557       0.0028  CCAATCC
    68      1   -10.0258078805   0.000044243244       0.0382  CCACCAT
    69      3    -5.5055979796   0.004063957691       3.5113  CCACCCA
    70      7    -5.2642338572   0.005173355039       4.4698  CCACCCC
    71      2    -6.6275014098   0.001323465757       1.1435  CCACCCG
    72      1    -6.5750599493   0.001394722303       1.2050  CCACCCT
    73      1    -8.3075971116   0.000246635971       0.2131  CCACCTA
    74      1   -10.0175631448   0.000044609526       0.0385  CCACTCT
    75      1   -12.2838149067   0.000004626014       0.0040  CCACTTT
    76      1    -9.7986929440   0.000055524125       0.0480  CCAGCCA
    77      1   -10.8682497971   0.000019053690       0.0165  CCAGCCT
    78      1    -9.6181713546   0.000066509128       0.0575  CCATCCT
    79      1   -11.8524841240   0.000007120845       0.0062  CCATTCA
    80      2    -8.4525106574   0.000213364058       0.1843  CCCACCT
    81      1    -6.6209423958   0.001332174918       1.1510  CCCCCAC
    82      3    -5.3805075910   0.004605483634       3.9791  CCCCCCA
    83     64    -2.6150745263   0.073162335972      63.2123  CCCCCCC
    84      1    -5.7189150000   0.003283271320       2.8367  CCCCCCG
    85      1    -4.4976151757   0.011135521159       9.6211  CCCCCCT
    86      1    -8.4040193139   0.000223965326       0.1935  CCCCCTA
    87      1    -5.6848016865   0.003397206895       2.9352  CCCCCTC
    88      1    -7.3148331655   0.000665592348       0.5751  CCCCCTT
    89      1    -8.8231277648   0.000147286960       0.1273  CCCCTCA
    90      1    -8.4255754627   0.000219189159       0.1894  CCCTCCA
    91      2    -7.5422620751   0.000530196919       0.4581  CCCTCCT
    92      1   -10.8446453241   0.000019508792       0.0169  CCCTTCT
    93      1   -10.8682497971   0.000019053690       0.0165  CCGACCT
    94      3    -6.6275014098   0.001323465757       1.1435  CCGCCCA
    95      2    -5.6026412661   0.003688109562       3.1865  CCGCCCC
    96      1    -8.3626117197   0.000233433873       0.2017  CCTACCC
    97      1   -10.3890038174   0.000030768971       0.0266  CCTACTT
    98      1    -6.6168337035   0.001337659675       1.1557  CCTCCCA
    99     10    -4.4077114527   0.012183027886      10.5261  CCTCCCC
   100      2    -6.9552411124   0.000953623983       0.8239  CCTCCCG
   101      9    -4.6166911735   0.009885451249       8.5410  CCTCCCT
   102      1    -8.7326280335   0.000161238160       0.1393  CCTCCGC
   103      1    -7.2668474379   0.000698309993       0.6033  CCTCCTC
   104      1    -6.4664553396   0.001554726956       1.3433  CCTCCTT
   105      1   -10.0593456904   0.000042784029       0.0370  CCTCTCA
   106      1    -7.8503119961   0.000389630386       0.3366  CCTCTCC
   107      1   -12.3659799463   0.000004261114       0.0037  CCTCTTA
   108      1    -9.6600919780   0.000063778655       0.0551  CCTTCCA
   109      1    -7.4524508357   0.000580018339       0.5011  CCTTCCC
   110      1    -9.9984993870   0.000045468109       0.0393  CCTTCCG
   111      2    -7.6576699535   0.000472406859       0.4082  CCTTCCT
   112      1    -9.0028999604   0.000123052439       0.1063  CCTTCTT
   113      1   -10.7571638150   0.000021292326       0.0184  CCTTTCC
   114      1   -10.8719306493   0.000018983685       0.0164  CCTTTCT
   115      1   -11.5460377768   0.000009674299       0.0084  CGAACGA
   116      1    -7.0746976520   0.000846248377       0.7312  CGCCCCC
   117      1   -13.6544604850   0.000001174744       0.0010  CGCTCGC
   118      1   -11.6923275886   0.000008357697       0.0072  CTACCGA
   119      1    -5.8185142372   0.002972017579       2.5678  CTCCCCC
   120      1    -7.6883256407   0.000458144629       0.3958  CTCCCCT
   121      2    -8.2531116434   0.000260446877       0.2250  CTCCCTC
   122      1   -11.1401912938   0.000014516984       0.0125  CTCCTTC
   123      1   -11.9090432505   0.000006729274       0.0058  CTGCCAA
   124      1   -13.4257553286   0.000001476619       0.0013  CTGCTCT
   125      1   -15.1508245755   0.000000263076       0.0002  CTTCAGT
   126      3    -7.6007515369   0.000500075467       0.4321  CTTCCCC
   127      2    -7.7189658319   0.000444319868       0.3839  CTTCCCT
   128      1    -8.6337369872   0.000177998224       0.1538  CTTTTTC
   129      1    -5.9534239266   0.002596933569       2.2438  GAAAAAA
   130      1    -5.8857845508   0.002778665366       2.4008  GAAAGAA
   131      1    -7.6296412129   0.000485835138       0.4198  GAAAGAG
   132      1    -8.9375408889   0.000131363681       0.1135  GAAAGGG
   133      1    -8.3141214949   0.000245032061       0.2117  GAAGAAA
   134      1    -6.0863507304   0.002273691106       1.9645  GAAGGAA
   135      1    -6.6344147774   0.001314347706       1.1356  GAAGGGG
   136      1    -9.2295627030   0.000098096124       0.0848  GAAGGGT
   137      1   -10.1423904414   0.000039374568       0.0340  GACGGAG
   138      2    -7.8568625879   0.000387086418       0.3344  GAGAGAG
   139      1    -7.7992319050   0.000410049815       0.3543  GAGAGGG
   140      1   -10.9076591098   0.000018317400       0.0158  GAGAGGT
   141      1    -9.9356279993   0.000048418528       0.0418  GAGGAAG
   142      1    -8.5958806087   0.000184865762       0.1597  GAGGGGC
   143      2    -5.3524183120   0.004736682362       4.0925  GAGGGGG
   144      1   -14.9826277547   0.000000311263       0.0003  GATGATA
   145      1    -8.6218891282   0.000180119664       0.1556  GCAGGGA
   146      2    -6.5487517544   0.001431901848       1.2372  GGAAGGA
   147      1    -6.4863352077   0.001524124385       1.3168  GGAAGGG
   148      2    -8.6681807557   0.000171971678       0.1486  GGAGGAC
   149      1    -8.5786641582   0.000188076050       0.1625  GGAGGAT
   150     11    -3.9743532618   0.018791450714      16.2358  GGAGGGA
   151      1    -6.6226266510   0.001329933084       1.1491  GGAGGGC
   152     15    -3.9085214837   0.020070153184      17.3406  GGAGGGG
   153      2    -6.5331100534   0.001454475312       1.2567  GGAGGGT
   154      1   -10.9139753916   0.000018202067       0.0157  GGCGCGC
   155      1    -9.4590306566   0.000077982146       0.0674  GGCGGAT
   156      3    -6.0086934580   0.002457296645       2.1231  GGCGGGC
   157      3    -5.7459815377   0.003195596413       2.7610  GGCGGGG
   158      3    -7.1242757894   0.000805316017       0.6958  GGCGGGT
   159      1   -10.4516188153   0.000028901449       0.0250  GGGAAAA
   160      1   -10.1647576073   0.000038503646       0.0333  GGGAAAG
   161      1    -8.7999536541   0.000150740061       0.1302  GGGAGAA
   162      1    -6.5718935391   0.001399145565       1.2089  GGGAGGA
   163      2    -5.1941743300   0.005548795898       4.7942  GGGAGGG
   164      1    -7.1010441553   0.000824243835       0.7121  GGGCGGG
   165      1    -9.3423364923   0.000087634439       0.0757  GGGGAAA
   166      1    -6.9713184632   0.000938414824       0.8108  GGGGAGA
   167      2    -5.2080839862   0.005472148362       4.7279  GGGGGAG
   168      1    -8.4977684387   0.000203922928       0.1762  GGGGGCA
   169      4    -3.9941946828   0.018422276215      15.9168  GGGGGGA
   170      3    -5.8625254558   0.002844052078       2.4573  GGGGGGC
   171    108    -2.6158372532   0.073106554366      63.1641  GGGGGGG
   172      3    -5.7730088583   0.003110384714       2.6874  GGGGGGT
   173      1    -8.4082518412   0.000223019390       0.1927  GGGGGTA
   174      1    -8.8099975367   0.000149233624       0.1289  GGGGTGA
   175      1   -12.6976911363   0.000003058178       0.0026  GGGTGAT
   176      1    -8.2346659394   0.000265295585       0.2292  GGTAGGG
   177      1   -12.4228479157   0.000004025554       0.0035  GGTGAAC
   178      1    -8.8686150698   0.000140737364       0.1216  GGTGAGT
   179      1    -9.4590306566   0.000077982146       0.0674  GGTGGAC
   180      3    -6.4900318362   0.001518500664       1.3120  GGTGGGA
   181      1    -7.1242757894   0.000805316017       0.6958  GGTGGGC
   182      2    -5.6564649402   0.003494849589       3.0196  GGTGGGG
   183      3    -5.8915013584   0.002762825590       2.3871  GGTGGGT
   184      1   -13.0070113556   0.000002244537       0.0019  GTTGATC
   185      1   -13.0620965618   0.000002124240       0.0018  TACTCCC
   186      1   -13.6683285747   0.000001158565       0.0010  TATTCAT
   187      1    -9.2732147473   0.000093906144       0.0811  TCACTCC
   188      1   -11.9855707439   0.000006233511       0.0054  TCATCCC
   189      1    -8.5933127756   0.000185341076       0.1601  TCCCCCT
   190      1    -9.7727858733   0.000056981388       0.0492  TCCCCTC
   191      1    -9.4717608226   0.000076995712       0.0665  TCCCTTC
   192      1   -17.8079151303   0.000000018455       0.0000  TCCGCGA
   193      1   -11.1879569102   0.000013839871       0.0120  TCCTCCT
   194      1    -7.8068868505   0.000406922890       0.3516  TCCTTTC
   195      1   -10.1772072285   0.000038027262       0.0329  TCCTTTG
   196      1   -13.7222196620   0.000001097781       0.0009  TCGATTA
   197      1    -9.6984362812   0.000061379400       0.0530  TCGCCCC
   198      1   -10.9084655048   0.000018302635       0.0158  TCGCTCT
   199      1   -14.4483515673   0.000000531081       0.0005  TCGTGCC
   200      2    -9.1574149867   0.000105435097       0.0911  TCGTTTG
   201      1    -8.5034299210   0.000202771684       0.1752  TCTCCCC
   202      1   -11.0506252581   0.000015877219       0.0137  TCTCCCG
   203      1    -8.7115598780   0.000164671187       0.1423  TCTCCCT
   204      1    -8.4142683426   0.000221681622       0.1915  TCTCTCC
   205      2    -8.5967146755   0.000184711636       0.1596  TCTCTCT
   206      1   -10.3760162272   0.000031171192       0.0269  TCTCTTC
   207      1   -11.7846081511   0.000007620960       0.0066  TCTCTTG
   208      5    -8.2099940393   0.000271922342       0.2349  TCTTTCT
   209      1    -8.8789634070   0.000139288476       0.1203  TCTTTTG
   210      1    -5.7678177633   0.003126572997       2.7014  TCTTTTT
   211      1   -15.4261578890   0.000000199758       0.0002  TGGGTCT
   212      1   -13.5462759490   0.000001308962       0.0011  TGGTTAC
   213      1    -7.4734826556   0.000567946885       0.4907  TTATTAA
   214      1    -8.9089363263   0.000135175540       0.1168  TTATTCC
   215      1    -9.4060711961   0.000082223353       0.0710  TTATTGT
   216      5    -5.3967619643   0.004531229496       3.9150  TTATTTA
   217      1    -6.5556852135   0.001422008154       1.2286  TTATTTC
   218      2    -6.5186772790   0.001475619645       1.2749  TTATTTG
   219      1    -5.1327218956   0.005900478111       5.0980  TTATTTT
   220      1    -7.7630296949   0.000425166503       0.3673  TTCCTTC
   221      1    -7.5002159512   0.000552964944       0.4778  TTCCTTT
   222      1    -8.7348289256   0.000160883682       0.1390  TTCTATT
   223      1    -9.9943024852   0.000045659335       0.0394  TTCTCCC
   224      1   -10.8036636951   0.000020324903       0.0176  TTCTCCT
   225      1   -10.1314320380   0.000039808423       0.0344  TTCTCTA
   226      1    -7.8965784369   0.000372014236       0.3214  TTCTCTT
   227      1    -8.9922686273   0.000124367629       0.1075  TTCTTCA
   228      3    -6.5107933495   0.001487299307       1.2850  TTCTTCC
   229      4    -4.6301228091   0.009753561202       8.4271  TTCTTTC
   230      1    -6.9358788542   0.000972268211       0.8400  TTCTTTG
   231      4    -4.3624995582   0.012746487211      11.0130  TTCTTTT
   232      1    -9.0134199009   0.000121764720       0.1052  TTGCTTG
   233      1    -9.4098248346   0.000081915295       0.0708  TTGTCTG
   234      1    -9.2473437353   0.000096367289       0.0833  TTGTTCC
   235      1    -5.8757487667   0.002806691850       2.4250  TTGTTTG
   236      2    -5.4711293046   0.004206479078       3.6344  TTGTTTT
   237      2   -13.6011192000   0.000001239107       0.0011  TTTCCCA
   238      1    -7.5875748171   0.000506708426       0.4378  TTTCTTC
   239      2    -5.6104064292   0.003659581695       3.1619  TTTCTTT
   240      1    -7.9840526465   0.000340855254       0.2945  TTTTCTC
   241      1    -6.0062541175   0.002463298145       2.1283  TTTTCTT
   242      2    -8.3588159236   0.000234321624       0.2025  TTTTTCA
   243      1    -7.3280612244   0.000656845830       0.5675  TTTTTCC
   244      1    -8.6972233326   0.000167049007       0.1443  TTTTTCG
   245      2    -5.6317955781   0.003582137542       3.0950  TTTTTCT
   246      1    -9.6910344939   0.000061835403       0.0534  TTTTTGG
   247      5    -5.2472500278   0.005261968789       4.5463  TTTTTTA
   248      3    -4.4499817643   0.011678779939      10.0905  TTTTTTC
   249      2    -5.5856574367   0.003751282728       3.2411  TTTTTTG
   250     93    -2.4721395610   0.084404077998      72.9251  TTTTTTT

 2

     1    168    -1.9954945938   0.135946399292     117.4577  AAAAAAA
     2      9    -5.2965616677   0.005008786205       4.3276  AAAAAAC
     3     13    -3.7513508079   0.023485999346      20.2919  AAAAAAG
     4      1    -5.2070450702   0.005477836418       4.7329  AAAAAAT
     5      9    -4.9285471648   0.007237009830       6.2528  AAAAAGA
     6      2    -6.3878119324   0.001681932360       1.4532  AAAAAGG
     7      1    -6.4547218755   0.001573076732       1.3591  AAAAATA
     8      1    -8.6225510158   0.000180000484       0.1555  AAAAGAC
     9      5    -4.9311617245   0.007218112950       6.2364  AAAGAAA
    10      1    -6.6852537847   0.001249197686       1.0793  AAAGAAG
    11      1    -8.1423945444   0.000290939695       0.2514  AAAGAAT
    12     10    -5.1884530965   0.005580632842       4.8217  AACAAAA
    13      2    -6.4769958700   0.001538425374       1.3292  AACAAAG
    14      1    -6.6836053706   0.001251258580       1.0811  AACAAAT
    15      1    -8.0683963729   0.000313285271       0.2707  AACAAGA
    16      1   -11.1879105208   0.000013840513       0.0120  AACCAAT
    17     14    -3.6765993100   0.025308896366      21.8669  AAGAAAA
    18      2    -6.5201375283   0.001473466445       1.2731  AAGAAAC
    19      2    -4.0315028827   0.017747637284      15.3340  AAGAAAG
    20      2    -6.4306209308   0.001611449925       1.3923  AAGAAAT
    21      1    -6.3595019540   0.001730228231       1.4949  AAGAAGA
    22      1    -7.0024758670   0.000909627060       0.7859  AAGAGAA
    23      1    -8.9817206638   0.000125686397       0.1086  AAGGAGA
    24      1    -8.1778251320   0.000280812006       0.2426  AAGGAGG
    25      5    -5.0989364990   0.006103233911       5.2732  AATAAAA
    26      1    -6.6836053706   0.001251258580       1.0811  AATAAAC
    27      1    -5.4507554333   0.004293060345       3.7092  AATAAAT
    28      1   -11.6022784966   0.000009145227       0.0079  AATACAC
    29      1   -11.2898487920   0.000012499164       0.0108  AATAGGA
    30      1   -11.5127680467   0.000010001574       0.0086  AATATAC
    31      1    -8.3851095201   0.000228240760       0.1972  AATGAAT
    32      1   -14.3748130112   0.000000571608       0.0005  ACCATCT
    33      1   -10.4304275367   0.000029520443       0.0255  ACTAATT
    34      1    -9.6715100473   0.000063054568       0.0545  ACTCCCT
    35      1   -14.3048352795   0.000000613040       0.0005  ACTGAGA
    36      2    -5.0841228243   0.006194318214       5.3519  AGAAAAA
    37      1    -8.3803270787   0.000229334923       0.1981  AGAAAAC
    38      1    -8.2908104812   0.000250811103       0.2167  AGAAAAT
    39      1    -7.1564957529   0.000779782321       0.6737  AGAAAGA
    40      1   -10.8931149108   0.000018585759       0.0161  AGAGAAT
    41      2    -7.4534213356   0.000579455704       0.5006  AGAGAGA
    42      1   -10.1149695143   0.000040469194       0.0350  AGAGAGC
    43      1    -7.5352389780   0.000533933650       0.4613  AGAGGGG
    44      1    -8.6364918035   0.000177508546       0.1534  AGCAAAC
    45      1    -9.5514580354   0.000071097525       0.0614  AGCAAGC
    46      1   -12.6570702342   0.000003184962       0.0028  AGCAGAG
    47      1   -10.0709193832   0.000042291714       0.0365  AGCGAGA
    48      1   -10.7509289883   0.000021425495       0.0185  AGCGGGT
    49      1    -6.9801298680   0.000930182394       0.8037  AGGAAAG
    50      1    -9.9956647112   0.000045597179       0.0394  AGGAGAA
    51      1   -11.7967053637   0.000007529323       0.0065  AGGATAG
    52      2    -7.6208797475   0.000490110468       0.4235  AGGGGGA
    53      1    -8.1833437989   0.000279266566       0.2413  AGTAAAA
    54      1    -9.4053355244   0.000082283865       0.0711  AGTAAAG
    55      1    -9.2902223255   0.000092322532       0.0798  AGTAAGG
    56      1   -11.7766058374   0.000007682190       0.0066  AGTAGAT
    57      1   -12.2478129481   0.000004795594       0.0041  AGTAGGA
    58      1   -15.6741466166   0.000000155885       0.0001  AGTCACA
    59      1   -12.2402667113   0.000004831920       0.0042  ATCTACT
    60      1   -11.5877963647   0.000009278633       0.0080  ATCTATA
    61      1    -8.2571190318   0.000259405254       0.2241  ATGAAAA
    62      1   -10.6411696257   0.000023911056       0.0207  ATTTTTG
    63      1   -11.8837634011   0.000006901558       0.0060  CAAACCA
    64      1   -11.0826816837   0.000015376323       0.0133  CACACAC
    65      1   -10.5820226765   0.000025367983       0.0219  CCAACCG
    66      1   -10.5298081557   0.000026727751       0.0231  CCAACCT
    67      1   -12.6546913368   0.000003192548       0.0028  CCAATCC
    68      1   -10.0258089267   0.000044243198       0.0382  CCACCAT
    69      3    -5.5056017425   0.004063942398       3.5112  CCACCCA
    70      7    -5.2642340880   0.005173353845       4.4698  CCACCCC
    71      2    -6.6275055489   0.001323460279       1.1435  CCACCCG
    72      1    -6.5750627039   0.001394718461       1.2050  CCACCCT
    73      1    -8.3076009655   0.000246635020       0.2131  CCACCTA
    74      1   -10.0175657794   0.000044609408       0.0385  CCACTCT
    75      1   -12.2838156755   0.000004626011       0.0040  CCACTTT
    76      1    -9.7986996007   0.000055523756       0.0480  CCAGCCA
    77      1   -10.8682554463   0.000019053582       0.0165  CCAGCCT
    78      1    -9.6181769642   0.000066508755       0.0575  CCATCCT
    79      1   -11.8524904503   0.000007120800       0.0062  CCATTCA
    80      2    -8.4525132456   0.000213363506       0.1843  CCCACCT
    81      1    -6.6209419022   0.001332175575       1.1510  CCCCCAC
    82      3    -5.3805069242   0.004605486705       3.9791  CCCCCCA
    83     64    -2.6150731392   0.073162437458      63.2123  CCCCCCC
    84      1    -5.7189143332   0.003283273509       2.8367  CCCCCCG
    85      1    -4.4976148688   0.011135524576       9.6211  CCCCCCT
    86      1    -8.4040196098   0.000223965259       0.1935  CCCCCTA
    87      1    -5.6848013151   0.003397208157       2.9352  CCCCCTC
    88      1    -7.3148332395   0.000665592298       0.5751  CCCCCTT
    89      1    -8.8231269774   0.000147287076       0.1273  CCCCTCA
    90      1    -8.4255776642   0.000219188676       0.1894  CCCTCCA
    91      2    -7.5422646348   0.000530195562       0.4581  CCCTCCT
    92      1   -10.8446475941   0.000019508748       0.0169  CCCTTCT
    93      1   -10.8682554463   0.000019053582       0.0165  CCGACCT
    94      3    -6.6275055489   0.001323460279       1.1435  CCGCCCA
    95      2    -5.6026414970   0.003688108710       3.1865  CCGCCCC
    96      1    -8.3626149355   0.000233433122       0.2017  CCTACCC
    97      1   -10.3890053780   0.000030768923       0.0266  CCTACTT
    98      1    -6.6168360683   0.001337656511       1.1557  CCTCCCA
    99     10    -4.4077117733   0.012183023980      10.5261  CCTCCCC
   100      2    -6.9552434773   0.000953621727       0.8239  CCTCCCG
   101      9    -4.6166942390   0.009885420945       8.5410  CCTCCCT
   102      1    -8.7326292089   0.000161237970       0.1393  CCTCCGC
   103      1    -7.2668479411   0.000698309641       0.6033  CCTCCTC
   104      1    -6.4664540915   0.001554728897       1.3433  CCTCCTT
   105      1   -10.0593479351   0.000042783932       0.0370  CCTCTCA
   106      1    -7.8503121962   0.000389630308       0.3366  CCTCTCC
   107      1   -12.3659801457   0.000004261113       0.0037  CCTCTTA
   108      1    -9.6600971978   0.000063778323       0.0551  CCTTCCA
   109      1    -7.4524540227   0.000580016491       0.5011  CCTTCCC
   110      1    -9.9985046068   0.000045467871       0.0393  CCTTCCG
   111      2    -7.6576758523   0.000472404073       0.4082  CCTTCCT
   112      1    -9.0028996086   0.000123052482       0.1063  CCTTCTT
   113      1   -10.7571666896   0.000021292265       0.0184  CCTTTCC
   114      1   -10.8719360533   0.000018983582       0.0164  CCTTTCT
   115      1   -11.5460392210   0.000009674285       0.0084  CGAACGA
   116      1    -7.0746960412   0.000846249740       0.7312  CGCCCCC
   117      1   -13.6544626653   0.000001174741       0.0010  CGCTCGC
   118      1   -11.6923281108   0.000008357693       0.0072  CTACCGA
   119      1    -5.8185127481   0.002972022005       2.5678  CTCCCCC
   120      1    -7.6883252064   0.000458144828       0.3958  CTCCCCT
   121      2    -8.2531113142   0.000260446963       0.2250  CTCCCTC
   122      1   -11.1401954397   0.000014516924       0.0125  CTCCTTC
   123      1   -11.9090419118   0.000006729283       0.0058  CTGCCAA
   124      1   -13.4257581108   0.000001476615       0.0013  CTGCTCT
   125      1   -15.1508230204   0.000000263076       0.0002  CTTCAGT
   126      3    -7.6007517188   0.000500075376       0.4321  CTTCCCC
   127      2    -7.7189681482   0.000444318839       0.3839  CTTCCCT
   128      1    -8.6337409119   0.000177997525       0.1538  CTTTTTC
   129      1    -5.9534266985   0.002596926370       2.2437  GAAAAAA
   130      1    -5.8857815202   0.002778673787       2.4008  GAAAGAA
   131      1    -7.6296395080   0.000485835967       0.4198  GAAAGAG
   132      1    -8.9375426662   0.000131363448       0.1135  GAAAGGG
   133      1    -8.3141226460   0.000245031779       0.2117  GAAGAAA
   134      1    -6.0863466113   0.002273700471       1.9645  GAAGGAA
   135      1    -6.6344147937   0.001314347685       1.1356  GAAGGGG
   136      1    -9.2295646165   0.000098095936       0.0848  GAAGGGT
   137      1   -10.1423904826   0.000039374566       0.0340  GACGGAG
   138      2    -7.8568636373   0.000387086012       0.3344  GAGAGAG
   139      1    -7.7992325079   0.000410049568       0.3543  GAGAGGG
   140      1   -10.9076605315   0.000018317374       0.0158  GAGAGGT
   141      1    -9.9356310197   0.000048418382       0.0418  GAGGAAG
   142      1    -8.5958797315   0.000184865924       0.1597  GAGGGGC
   143      2    -5.3524165532   0.004736690693       4.0925  GAGGGGG
   144      1   -14.9826289522   0.000000311263       0.0003  GATGATA
   145      1    -8.6218915908   0.000180119220       0.1556  GCAGGGA
   146      2    -6.5487573256   0.001431893871       1.2372  GGAAGGA
   147      1    -6.4863382413   0.001524119761       1.3168  GGAAGGG
   148      2    -8.6681814173   0.000171971565       0.1486  GGAGGAC
   149      1    -8.5786648198   0.000188075925       0.1625  GGAGGAT
   150     11    -3.9743559881   0.018791399484      16.2358  GGAGGGA
   151      1    -6.6226288775   0.001329930123       1.1491  GGAGGGC
   152     15    -3.9085216429   0.020070149988      17.3406  GGAGGGG
   153      2    -6.5331122800   0.001454472074       1.2567  GGAGGGT
   154      1   -10.9139788634   0.000018202004       0.0157  GGCGCGC
   155      1    -9.4590349175   0.000077981814       0.0674  GGCGGAT
   156      3    -6.0086971998   0.002457287451       2.1231  GGCGGGC
   157      3    -5.7459816484   0.003195596060       2.7610  GGCGGGG
   158      3    -7.1242799441   0.000805312672       0.6958  GGCGGGT
   159      1   -10.4516228124   0.000028901334       0.0250  GGGAAAA
   160      1   -10.1647614564   0.000038503498       0.0333  GGGAAAG
   161      1    -8.7999559584   0.000150739714       0.1302  GGGAGAA
   162      1    -6.5718960018   0.001399142120       1.2089  GGGAGGA
   163      2    -5.1941755538   0.005548789108       4.7942  GGGAGGG
   164      1    -7.1010454422   0.000824242774       0.7121  GGGCGGG
   165      1    -9.3423365390   0.000087634435       0.0757  GGGGAAA
   166      1    -6.9713179357   0.000938415319       0.8108  GGGGAGA
   167      2    -5.2080833694   0.005472151737       4.7279  GGGGGAG
   168      1    -8.4977689264   0.000203922829       0.1762  GGGGGCA
   169      4    -3.9941942707   0.018422283806      15.9169  GGGGGGA
   170      3    -5.8625246854   0.002844054269       2.4573  GGGGGGC
   171    108    -2.6158355999   0.073106675234      63.1642  GGGGGGG
   172      3    -5.7730080879   0.003110387110       2.6874  GGGGGGT
   173      1    -8.4082523289   0.000223019281       0.1927  GGGGGTA
   174      1    -8.8099968546   0.000149233725       0.1289  GGGGTGA
   175      1   -12.6976942622   0.000003058169       0.0026  GGGTGAT
   176      1    -8.2346689268   0.000265294792       0.2292  GGTAGGG
   177      1   -12.4228521561   0.000004025537       0.0035  GGTGAAC
   178      1    -8.8686187075   0.000140736852       0.1216  GGTGAGT
   179      1    -9.4590349175   0.000077981814       0.0674  GGTGGAC
   180      3    -6.4900344573   0.001518496684       1.3120  GGTGGGA
   181      1    -7.1242799441   0.000805312672       0.6958  GGTGGGC
   182      2    -5.6564650509   0.003494849202       3.0195  GGTGGGG
   183      3    -5.8915051114   0.002762815221       2.3871  GGTGGGT
   184      1   -13.0070076977   0.000002244545       0.0019  GTTGATC
   185      1   -13.0620971555   0.000002124239       0.0018  TACTCCC
   186      1   -13.6683282590   0.000001158565       0.0010  TATTCAT
   187      1    -9.2732131261   0.000093906296       0.0811  TCACTCC
   188      1   -11.9855744296   0.000006233489       0.0054  TCATCCC
   189      1    -8.5933166251   0.000185340363       0.1601  TCCCCCT
   190      1    -9.7727896739   0.000056981171       0.0492  TCCCCTC
   191      1    -9.4717602218   0.000076995759       0.0665  TCCCTTC
   192      1   -17.8079213776   0.000000018455       0.0000  TCCGCGA
   193      1   -11.1879599797   0.000013839829       0.0120  TCCTCCT
   194      1    -7.8068890708   0.000406921986       0.3516  TCCTTTC
   195      1   -10.1772092112   0.000038027187       0.0329  TCCTTTG
   196      1   -13.7222264028   0.000001097774       0.0009  TCGATTA
   197      1    -9.6984406684   0.000061379131       0.0530  TCGCCCC
   198      1   -10.9084664466   0.000018302618       0.0158  TCGCTCT
   199      1   -14.4483490565   0.000000531082       0.0005  TCGTGCC
   200      2    -9.1574185568   0.000105434721       0.0911  TCGTTTG
   201      1    -8.5034343978   0.000202770776       0.1752  TCTCCCC
   202      1   -11.0506317778   0.000015877115       0.0137  TCTCCCG
   203      1    -8.7115670952   0.000164669999       0.1423  TCTCCCT
   204      1    -8.4142668206   0.000221681959       0.1915  TCTCTCC
   205      2    -8.5967159182   0.000184711406       0.1596  TCTCTCT
   206      1   -10.3760172243   0.000031171161       0.0269  TCTCTTC
   207      1   -11.7846095147   0.000007620950       0.0066  TCTCTTG
   208      5    -8.2099937743   0.000271922414       0.2349  TCTTTCT
   209      1    -8.8789627210   0.000139288572       0.1203  TCTTTTG
   210      1    -5.7678163551   0.003126577400       2.7014  TCTTTTT
   211      1   -15.4261568436   0.000000199758       0.0002  TGGGTCT
   212      1   -13.5462741872   0.000001308965       0.0011  TGGTTAC
   213      1    -7.4734804820   0.000567948120       0.4907  TTATTAA
   214      1    -8.9089368961   0.000135175463       0.1168  TTATTCC
   215      1    -9.4060722594   0.000082223266       0.0710  TTATTGT
   216      5    -5.3967657380   0.004531212397       3.9150  TTATTTA
   217      1    -6.5556879787   0.001422004222       1.2286  TTATTTC
   218      2    -6.5186814288   0.001475613522       1.2749  TTATTTG
   219      1    -5.1327221948   0.005900476346       5.0980  TTATTTT
   220      1    -7.7630355858   0.000425163998       0.3673  TTCCTTC
   221      1    -7.5002191974   0.000552963149       0.4778  TTCCTTT
   222      1    -8.7348290513   0.000160883662       0.1390  TTCTATT
   223      1    -9.9943013081   0.000045659389       0.0394  TTCTCCC
   224      1   -10.8036641468   0.000020324893       0.0176  TTCTCCT
   225      1   -10.1314342957   0.000039808333       0.0344  TTCTCTA
   226      1    -7.8965787145   0.000372014132       0.3214  TTCTCTT
   227      1    -8.9922686296   0.000124367629       0.1075  TTCTTCA
   228      3    -6.5107919290   0.001487301419       1.2850  TTCTTCC
   229      4    -4.6301258922   0.009753531132       8.4271  TTCTTTC
   230      1    -6.9358812296   0.000972265902       0.8400  TTCTTTG
   231      4    -4.3624999540   0.012746482166      11.0130  TTCTTTT
   232      1    -9.0134264682   0.000121763920       0.1052  TTGCTTG
   233      1    -9.4098284332   0.000081915000       0.0708  TTGTCTG
   234      1    -9.2473443050   0.000096367235       0.0833  TTGTTCC
   235      1    -5.8757524836   0.002806681418       2.4250  TTGTTTG
   236      2    -5.4711296038   0.004206477820       3.6344  TTGTTTT
   237      2   -13.6011246554   0.000001239101       0.0011  TTTCCCA
   238      1    -7.5875774596   0.000506707087       0.4378  TTTCTTC
   239      2    -5.6104079774   0.003659576029       3.1619  TTTCTTT
   240      1    -7.9840523202   0.000340855365       0.2945  TTTTCTC
   241      1    -6.0062526939   0.002463301652       2.1283  TTTTCTT
   242      2    -8.3588162943   0.000234321537       0.2025  TTTTTCA
   243      1    -7.3280612956   0.000656845783       0.5675  TTTTTCC
   244      1    -8.6972237033   0.000167048945       0.1443  TTTTTCG
   245      2    -5.6317952866   0.003582138586       3.0950  TTTTTCT
   246      1    -9.6910342904   0.000061835416       0.0534  TTTTTGG
   247      5    -5.2472494460   0.005261971850       4.5463  TTTTTTA
   248      3    -4.4499815561   0.011678782370      10.0905  TTTTTTC
   249      2    -5.5856568549   0.003751284910       3.2411  TTTTTTG
   250     93    -2.4721382560   0.084404188152      72.9252  TTTTTTT