

TREE #  1

  0  0.0000   4156.873051  x:  0.12616   0.14876   0.00000   0.00273   0.02616   0.04849   0.04372   0.08590   0.09346   0.10682   0.23526   0.07094   1.80462  
  1 99.0000   4145.414114  x:  0.12720   0.15093   0.01718   0.02052   0.02803   0.04875   0.04028   0.08591   0.09178   0.10657   0.23596   0.07198   1.80579  
  2 1470.8943   4139.806698  x:  0.13145   0.15799   0.02318   0.01750   0.02725   0.05225   0.02211   0.08235   0.07846   0.09369   0.23868   0.07623   1.81167  
  3 353.1016   4137.123747  x:  0.13589   0.16639   0.02352   0.01940   0.02978   0.05734   0.02828   0.07849   0.06540   0.07670   0.24189   0.08066   1.82116  
  4 288.2176   4136.245387  x:  0.13703   0.17291   0.02086   0.02225   0.02711   0.05128   0.02807   0.07872   0.06847   0.06941   0.24393   0.08181   1.83444  
  5 119.7803   4134.223274  x:  0.13738   0.19160   0.02765   0.01471   0.03128   0.04737   0.03086   0.08120   0.07675   0.06655   0.24898   0.08216   1.88506  
  6 190.2267   4128.399865  x:  0.13062   0.23284   0.01924   0.01947   0.02411   0.06596   0.02895   0.08563   0.08316   0.07803   0.25863   0.07539   2.06213  
  7 481.5706   4122.189577  x:  0.12107   0.24926   0.00835   0.02555   0.03841   0.05469   0.02590   0.08060   0.06812   0.09282   0.26006   0.06585   2.25562  
  8 880.3361   4117.138641  x:  0.11807   0.24503   0.01355   0.02236   0.02592   0.04532   0.03084   0.07362   0.05661   0.09902   0.25679   0.06285   2.40576  
  9 1197.0586   4096.768598  x:  0.13360   0.15694   0.02370   0.01904   0.02911   0.05475   0.02807   0.07623   0.07091   0.07076   0.22913   0.07838   3.03548  
 10 1213.9684   4095.935069  x:  0.14420   0.15251   0.02217   0.01942   0.02866   0.05275   0.02860   0.08294   0.06823   0.07631   0.23489   0.08898   3.06320  
 11 161.5422   4095.837168  x:  0.14584   0.15124   0.02182   0.01962   0.02899   0.05294   0.02849   0.07910   0.06941   0.07746   0.23885   0.09063   3.06641  
 12 38.2472   4095.794123  x:  0.14454   0.14923   0.02208   0.01951   0.02892   0.05294   0.02850   0.07986   0.06921   0.07691   0.24465   0.08932   3.06796  
 13 16.1137   4089.687311  x:  0.14117   0.20722   0.02125   0.02031   0.02970   0.05642   0.02657   0.08254   0.06958   0.07695   0.26507   0.08656   3.65765  
 14  0.3761   4088.102460  x:  0.14276   0.18716   0.02302   0.02189   0.02842   0.05290   0.02836   0.08018   0.07049   0.07684   0.25556   0.08826   4.03863  
 15  0.2296   4088.046586  x:  0.14319   0.18789   0.02358   0.02215   0.02920   0.05429   0.02749   0.08075   0.06877   0.07632   0.25826   0.08868   4.08939  
 16  0.0428   4088.041312  x:  0.14306   0.18851   0.02385   0.02238   0.02897   0.05422   0.02768   0.08093   0.06908   0.07660   0.25897   0.08852   4.10528  
 17  0.0109   4088.039592  x:  0.14319   0.18853   0.02417   0.02265   0.02902   0.05414   0.02758   0.08072   0.06895   0.07619   0.25862   0.08858   4.10256  
 18  0.0012   4088.039387  x:  0.14317   0.18853   0.02422   0.02267   0.02901   0.05419   0.02761   0.08080   0.06891   0.07623   0.25861   0.08852   4.09787  
 19  0.0036   4088.039385  x:  0.14318   0.18849   0.02422   0.02267   0.02901   0.05419   0.02761   0.08079   0.06891   0.07624   0.25864   0.08850   4.09777  
 20  0.0001   4088.039385  x:  0.14320   0.18849   0.02422   0.02267   0.02901   0.05419   0.02761   0.08079   0.06891   0.07624   0.25864   0.08849   4.09777  

TREE #  2

  0  0.0000   4109.768966  x:  0.11033   0.13581   0.00000   0.01651   0.01755   0.05867   0.04583   0.09209   0.08660   0.10244   0.22377   0.07232   4.09777  
  1 99.0000   4098.476564  x:  0.11550   0.14321   0.02988   0.01965   0.02822   0.05558   0.03747   0.09042   0.08382   0.10256   0.22732   0.07749   4.09773  
  2 1022.3498   4092.450763  x:  0.12553   0.15606   0.02859   0.01561   0.02979   0.05158   0.02110   0.08502   0.07492   0.09104   0.23486   0.08752   4.09761  
  3 395.4522   4088.658123  x:  0.13811   0.17415   0.02706   0.02358   0.03216   0.05368   0.02900   0.07839   0.06605   0.07538   0.24597   0.10010   4.09744  
  4 364.5102   4088.388265  x:  0.13822   0.17848   0.02802   0.02419   0.02782   0.05486   0.02873   0.07989   0.06831   0.07489   0.24897   0.10021   4.09741  
  5 77.6047   4088.217183  x:  0.13652   0.18406   0.02707   0.02306   0.02968   0.05533   0.02887   0.08266   0.07105   0.07525   0.25320   0.09852   4.09737  
  6 58.8605   4088.153764  x:  0.13442   0.18686   0.02696   0.02255   0.02937   0.05385   0.02951   0.08171   0.06984   0.07653   0.25579   0.09641   4.09735  
  7 34.4945   4088.142163  x:  0.13367   0.18725   0.02678   0.02344   0.02950   0.05424   0.02902   0.08131   0.06951   0.07667   0.25646   0.09566   4.09735  
  8 18.6801   4088.140641  x:  0.13348   0.18720   0.02687   0.02327   0.02950   0.05459   0.02901   0.08119   0.06938   0.07649   0.25666   0.09548   4.09735  
  9  6.3404   4088.139999  x:  0.13335   0.18696   0.02694   0.02328   0.02948   0.05447   0.02902   0.08119   0.06944   0.07615   0.25695   0.09535   4.09735  
 10  2.6959   4088.139629  x:  0.13344   0.18663   0.02694   0.02328   0.02948   0.05448   0.02901   0.08126   0.06939   0.07625   0.25746   0.09543   4.09733  
 11  1.3123   4088.139579  x:  0.13346   0.18660   0.02693   0.02327   0.02949   0.05449   0.02901   0.08118   0.06946   0.07628   0.25752   0.09545   4.09733  
 12  0.5790   4088.053320  x:  0.13509   0.18935   0.02554   0.02290   0.02924   0.05417   0.02748   0.08086   0.06838   0.07536   0.25861   0.09719   4.08100  
 13  0.0288   4088.050178  x:  0.13526   0.18943   0.02538   0.02286   0.02922   0.05417   0.02745   0.08085   0.06844   0.07546   0.25882   0.09722   4.10748  
 14  0.1584   4088.040210  x:  0.13570   0.18863   0.02436   0.02254   0.02907   0.05416   0.02751   0.08069   0.06914   0.07634   0.25885   0.09613   4.09789  
 15  0.0071   4088.039396  x:  0.13531   0.18845   0.02423   0.02266   0.02900   0.05417   0.02760   0.08079   0.06891   0.07624   0.25862   0.09633   4.09773  
 16  0.0006   4088.039385  x:  0.13534   0.18848   0.02423   0.02267   0.02901   0.05419   0.02761   0.08079   0.06891   0.07624   0.25864   0.09635   4.09777  
 17  0.0001   4088.039385  x:  0.13535   0.18849   0.02422   0.02267   0.02901   0.05419   0.02761   0.08079   0.06891   0.07624   0.25864   0.09634   4.09777  
 18  0.0000   4088.039385  x:  0.13535   0.18849   0.02422   0.02267   0.02901   0.05419   0.02761   0.08079   0.06891   0.07624   0.25864   0.09634   4.09777  
 19  0.0000   4088.039385  x:  0.13535   0.18849   0.02422   0.02267   0.02901   0.05419   0.02761   0.08079   0.06891   0.07624   0.25864   0.09634   4.09777  