

TREE #  1

  0  0.0000  12455.113251  x:  0.09172   0.00848   0.08794   0.00242   0.01368   0.02100   0.03101   0.03286   0.04564   0.06932   0.07279   0.15592   0.03679   0.13594   0.01207   0.01540   0.02638   0.06687   0.04943   0.09936   0.09650   0.09602   0.19050   0.10481   1.86643  
  1 99.0000  12393.496664  x:  0.09443   0.03297   0.09813   0.03078   0.03763   0.01920   0.03147   0.03032   0.05036   0.06793   0.07165   0.15789   0.05414   0.14538   0.02773   0.03923   0.03842   0.06740   0.04788   0.09847   0.09458   0.09394   0.19224   0.10753   1.87093  
  2 2897.8865  12370.775953  x:  0.09571   0.04684   0.11052   0.01595   0.03138   0.01564   0.03354   0.02716   0.05251   0.05714   0.05139   0.15771   0.07639   0.16273   0.03374   0.04402   0.04199   0.06736   0.04401   0.09304   0.08400   0.07988   0.19393   0.10880   1.88379  
  3 940.2436  12364.470074  x:  0.09339   0.04288   0.11707   0.02268   0.02983   0.02397   0.03217   0.03193   0.05307   0.05772   0.04713   0.15555   0.08366   0.17450   0.03268   0.03938   0.03858   0.06746   0.04480   0.08907   0.07619   0.06697   0.19301   0.10649   1.89952  
  4 562.6402  12359.207690  x:  0.09011   0.03344   0.12181   0.02660   0.03041   0.01502   0.03028   0.02989   0.05115   0.06060   0.04740   0.15193   0.08680   0.18618   0.03549   0.03779   0.03732   0.06747   0.04673   0.08735   0.07319   0.05798   0.19040   0.10320   1.92231  
  5 621.5635  12351.999129  x:  0.08656   0.01889   0.12692   0.02194   0.03331   0.02008   0.03426   0.02671   0.05170   0.06421   0.04906   0.14566   0.08751   0.20368   0.04551   0.04283   0.04053   0.06687   0.04827   0.08886   0.07757   0.05540   0.18389   0.09965   1.97157  
  6 750.7554  12331.397005  x:  0.09445   0.02576   0.13501   0.01845   0.02574   0.01658   0.03069   0.04657   0.05116   0.06258   0.06453   0.13554   0.08040   0.24371   0.04802   0.04002   0.03832   0.06433   0.04291   0.09609   0.09366   0.06560   0.16047   0.10755   2.16517  
  7 950.5891  12307.179739  x:  0.10339   0.03832   0.13356   0.01616   0.03547   0.02117   0.02575   0.02536   0.05373   0.06079   0.06735   0.13300   0.06832   0.26564   0.02905   0.03135   0.03620   0.06753   0.04642   0.09902   0.09689   0.07051   0.14447   0.11648   2.37768  
  8 2503.7538  12287.895351  x:  0.10569   0.04044   0.12312   0.02206   0.03537   0.01707   0.04986   0.02557   0.05068   0.06039   0.05621   0.13920   0.05792   0.26218   0.01380   0.03871   0.03990   0.07099   0.05075   0.09578   0.08661   0.07447   0.14790   0.11878   2.58184  
  9 2541.0176  12252.940381  x:  0.10281   0.03785   0.10045   0.02870   0.02949   0.01811   0.03579   0.02658   0.04685   0.06123   0.03305   0.15846   0.05060   0.22831   0.03158   0.04637   0.03852   0.07152   0.04836   0.08469   0.06334   0.08714   0.17711   0.11590   2.93031  
 10 3523.8353  12228.923190  x:  0.09427   0.03602   0.09920   0.01852   0.03338   0.01775   0.03244   0.03079   0.05834   0.05840   0.05450   0.17691   0.07241   0.18079   0.03127   0.04675   0.04472   0.06747   0.04276   0.08327   0.06641   0.06943   0.21569   0.10736   3.18754  
 11 2497.5390  12225.268292  x:  0.09303   0.03856   0.10564   0.02120   0.02972   0.01894   0.03562   0.02787   0.05181   0.06004   0.05218   0.17777   0.07820   0.16916   0.03504   0.04272   0.04066   0.06880   0.04708   0.08773   0.07654   0.06621   0.22132   0.10612   3.22568  
 12 731.9649  12224.840091  x:  0.09276   0.03811   0.10801   0.02063   0.03250   0.01842   0.03508   0.02960   0.05159   0.06072   0.04912   0.17575   0.07862   0.16618   0.03436   0.04184   0.04045   0.06876   0.04657   0.08955   0.07783   0.06603   0.22102   0.10585   3.23023  
 13 174.9916  12224.625882  x:  0.09260   0.03738   0.11073   0.02176   0.03128   0.01830   0.03470   0.02901   0.05291   0.06016   0.04813   0.17212   0.07903   0.16326   0.03358   0.04219   0.04128   0.06848   0.04518   0.09068   0.07734   0.06679   0.21991   0.10569   3.23258  
 14 93.4689  12224.548541  x:  0.09271   0.03759   0.11184   0.02135   0.03152   0.01835   0.03490   0.02911   0.05262   0.06004   0.04884   0.16936   0.07970   0.16164   0.03382   0.04226   0.04087   0.06889   0.04608   0.08982   0.07600   0.06759   0.21914   0.10580   3.23347  
 15 52.8433  12224.541015  x:  0.09272   0.03773   0.11152   0.02131   0.03149   0.01842   0.03485   0.02906   0.05226   0.06030   0.04886   0.16875   0.07986   0.16146   0.03372   0.04245   0.04088   0.06869   0.04581   0.08946   0.07613   0.06740   0.21902   0.10581   3.23358  
 16 14.5221  12224.536840  x:  0.09269   0.03784   0.11103   0.02138   0.03145   0.01838   0.03486   0.02911   0.05252   0.06023   0.04874   0.16830   0.07997   0.16140   0.03383   0.04233   0.04099   0.06871   0.04598   0.08935   0.07635   0.06721   0.21895   0.10578   3.23366  
 17  7.4492  12224.526074  x:  0.09252   0.03792   0.11050   0.02144   0.03161   0.01840   0.03508   0.02904   0.05234   0.05984   0.04885   0.16796   0.08015   0.16147   0.03402   0.04214   0.04071   0.06877   0.04563   0.08995   0.07613   0.06714   0.21892   0.10561   3.23395  
 18  2.8408  12224.465268  x:  0.09200   0.03829   0.10984   0.02122   0.03124   0.01855   0.03447   0.02924   0.05187   0.06025   0.04901   0.16753   0.08064   0.16179   0.03358   0.04276   0.04106   0.06926   0.04630   0.09161   0.07559   0.06702   0.21880   0.10509   3.23569  
 19  8.8697  12223.630741  x:  0.08874   0.04065   0.10989   0.02060   0.03042   0.01799   0.03535   0.02877   0.05529   0.06572   0.04883   0.16666   0.08321   0.16501   0.03308   0.04250   0.03775   0.06805   0.04593   0.09296   0.07498   0.06983   0.21703   0.10181   3.25989  
 20 34.9219  12217.049663  x:  0.07755   0.04150   0.11732   0.02139   0.03121   0.01819   0.03241   0.02966   0.05017   0.05874   0.04883   0.16212   0.08921   0.18419   0.03080   0.03696   0.04418   0.06610   0.04565   0.08658   0.08040   0.07767   0.20149   0.09051   3.44759  
 21 394.4718  12207.145057  x:  0.09358   0.03392   0.12773   0.01930   0.03017   0.01769   0.02889   0.03116   0.05347   0.05626   0.05075   0.15231   0.08790   0.20710   0.03827   0.04494   0.03565   0.07209   0.04416   0.08932   0.08422   0.06322   0.17991   0.10637   3.73679  
 22 1351.0089  12205.781251  x:  0.09815   0.03414   0.12956   0.01883   0.02998   0.01776   0.03037   0.03096   0.05265   0.06022   0.05176   0.15011   0.08692   0.21058   0.04204   0.03987   0.04114   0.06878   0.04383   0.09188   0.08144   0.06108   0.17883   0.11092   3.77643  
 23 701.0121  12205.691762  x:  0.09841   0.03435   0.13017   0.01881   0.03012   0.01778   0.03024   0.03090   0.05263   0.05958   0.05175   0.14852   0.08573   0.21179   0.04171   0.04022   0.04067   0.06667   0.04476   0.09230   0.08153   0.06123   0.18164   0.11117   3.77897  
 24 45.9778  12205.651566  x:  0.09838   0.03474   0.13074   0.01875   0.03013   0.01779   0.03024   0.03086   0.05265   0.05979   0.05183   0.14718   0.08462   0.21279   0.04156   0.04005   0.04082   0.06784   0.04428   0.09217   0.08176   0.06142   0.18418   0.11114   3.78012  
 25 34.3405  12205.650418  x:  0.09823   0.03493   0.13082   0.01869   0.03011   0.01780   0.03026   0.03087   0.05268   0.05978   0.05186   0.14718   0.08429   0.21273   0.04168   0.04008   0.04082   0.06782   0.04428   0.09216   0.08172   0.06120   0.18411   0.11099   3.78019  
 26  2.2036  12201.949072  x:  0.09734   0.03726   0.12272   0.02038   0.03256   0.01800   0.03287   0.02829   0.05274   0.06132   0.05256   0.16422   0.07961   0.20803   0.03975   0.04124   0.03983   0.06899   0.04633   0.09266   0.08202   0.06295   0.19673   0.10971   4.12876  
 27  0.4584  12201.629137  x:  0.09729   0.03748   0.12308   0.02096   0.03193   0.01812   0.03275   0.02966   0.05261   0.06069   0.05139   0.15814   0.08042   0.20623   0.03863   0.04186   0.04086   0.06871   0.04559   0.09200   0.08087   0.06405   0.19395   0.10963   4.19923  
 28  0.0588  12201.621760  x:  0.09750   0.03746   0.12338   0.02073   0.03190   0.01805   0.03254   0.02943   0.05263   0.06070   0.05125   0.15826   0.08028   0.20591   0.03854   0.04164   0.04086   0.06876   0.04557   0.09201   0.08076   0.06393   0.19432   0.10985   4.20875  
 29  0.0083  12201.621098  x:  0.09753   0.03737   0.12340   0.02066   0.03182   0.01805   0.03261   0.02949   0.05263   0.06071   0.05133   0.15836   0.08016   0.20584   0.03848   0.04161   0.04078   0.06877   0.04557   0.09203   0.08081   0.06398   0.19438   0.10990   4.20971  
 30  0.0007  12201.621020  x:  0.09751   0.03734   0.12335   0.02064   0.03182   0.01805   0.03259   0.02947   0.05263   0.06072   0.05135   0.15832   0.08014   0.20583   0.03846   0.04159   0.04079   0.06877   0.04558   0.09203   0.08082   0.06401   0.19432   0.10990   4.20907  
 31  0.0005  12201.621019  x:  0.09750   0.03733   0.12335   0.02064   0.03182   0.01805   0.03259   0.02947   0.05263   0.06072   0.05135   0.15832   0.08014   0.20584   0.03845   0.04158   0.04079   0.06877   0.04558   0.09203   0.08082   0.06400   0.19432   0.10991   4.20898  
 32  0.0001  12201.621018  x:  0.09748   0.03733   0.12335   0.02064   0.03182   0.01805   0.03259   0.02947   0.05263   0.06072   0.05135   0.15832   0.08014   0.20584   0.03845   0.04159   0.04079   0.06877   0.04558   0.09203   0.08082   0.06400   0.19432   0.10992   4.20899  

TREE #  2

  0  0.0000  12296.086282  x:  0.07607   0.00848   0.08794   0.00242   0.01368   0.02100   0.03101   0.03286   0.04564   0.06932   0.07279   0.15592   0.03679   0.13594   0.01207   0.01540   0.02638   0.06687   0.04943   0.09936   0.09650   0.09602   0.19050   0.12047   4.20899  
  1 99.0000  12229.327273  x:  0.08001   0.03879   0.09933   0.03007   0.03868   0.01948   0.03175   0.03036   0.05081   0.06820   0.07219   0.15909   0.05530   0.14742   0.02924   0.03976   0.03992   0.06814   0.04796   0.09905   0.09520   0.09427   0.19337   0.12442   4.20890  
  2 2944.8685  12208.725393  x:  0.08291   0.05041   0.11194   0.01472   0.03142   0.01582   0.03379   0.02761   0.05262   0.05846   0.05353   0.16134   0.07539   0.16713   0.03439   0.04373   0.04298   0.06901   0.04420   0.09479   0.08606   0.08091   0.19747   0.12731   4.20879  
  3 895.1847  12204.542187  x:  0.08220   0.04621   0.11799   0.02046   0.03042   0.02265   0.03259   0.03116   0.05336   0.05907   0.05062   0.16155   0.08099   0.17937   0.03350   0.04008   0.04017   0.06924   0.04454   0.09194   0.08002   0.07007   0.19888   0.12660   4.20875  
  4 480.7533  12202.780169  x:  0.08100   0.04018   0.12089   0.02321   0.03122   0.01714   0.03145   0.02997   0.05224   0.06079   0.05081   0.16089   0.08225   0.18779   0.03525   0.03944   0.03945   0.06918   0.04567   0.09110   0.07835   0.06459   0.19909   0.12540   4.20871  
  5 383.2106  12202.046520  x:  0.08008   0.03507   0.12220   0.02175   0.03260   0.01863   0.03296   0.02928   0.05249   0.06197   0.05105   0.15986   0.08148   0.19440   0.03892   0.04153   0.04066   0.06882   0.04632   0.09168   0.07988   0.06351   0.19842   0.12448   4.20869  
  6 219.4081  12201.858808  x:  0.08062   0.03549   0.12251   0.02170   0.03154   0.01850   0.03194   0.03055   0.05254   0.06116   0.05249   0.15910   0.07993   0.19893   0.03910   0.04164   0.04063   0.06843   0.04542   0.09232   0.08156   0.06435   0.19694   0.12503   4.20866  
  7 75.3071  12201.762616  x:  0.08124   0.03650   0.12242   0.02148   0.03213   0.01867   0.03238   0.02942   0.05268   0.06110   0.05291   0.15849   0.07836   0.20208   0.03785   0.04093   0.04039   0.06859   0.04562   0.09259   0.08204   0.06478   0.19548   0.12564   4.20864  
  8 76.3085  12201.749126  x:  0.08134   0.03668   0.12225   0.02143   0.03230   0.01852   0.03262   0.02988   0.05253   0.06131   0.05258   0.15835   0.07792   0.20259   0.03761   0.04102   0.04049   0.06872   0.04587   0.09253   0.08178   0.06495   0.19506   0.12574   4.20864  
  9 30.9732  12201.744842  x:  0.08136   0.03670   0.12210   0.02151   0.03219   0.01858   0.03239   0.02978   0.05247   0.06142   0.05230   0.15827   0.07766   0.20275   0.03762   0.04121   0.04055   0.06874   0.04589   0.09242   0.08149   0.06509   0.19477   0.12576   4.20864  
 10 16.3742  12201.744161  x:  0.08135   0.03669   0.12205   0.02157   0.03214   0.01856   0.03249   0.02975   0.05251   0.06138   0.05229   0.15826   0.07762   0.20276   0.03768   0.04124   0.04052   0.06871   0.04581   0.09236   0.08139   0.06511   0.19464   0.12575   4.20864  
 11  6.2515  12201.743945  x:  0.08135   0.03668   0.12200   0.02154   0.03219   0.01856   0.03246   0.02977   0.05254   0.06133   0.05231   0.15826   0.07764   0.20274   0.03772   0.04122   0.04052   0.06869   0.04580   0.09233   0.08135   0.06506   0.19450   0.12575   4.20863  
 12  2.5658  12201.743805  x:  0.08135   0.03669   0.12197   0.02154   0.03216   0.01857   0.03247   0.02977   0.05251   0.06133   0.05234   0.15828   0.07769   0.20272   0.03774   0.04122   0.04054   0.06871   0.04584   0.09233   0.08137   0.06501   0.19435   0.12575   4.20863  
 13  2.2736  12201.743750  x:  0.08135   0.03668   0.12197   0.02154   0.03216   0.01857   0.03247   0.02977   0.05251   0.06137   0.05232   0.15830   0.07773   0.20271   0.03774   0.04122   0.04052   0.06870   0.04581   0.09234   0.08139   0.06501   0.19428   0.12575   4.20862  
 14  1.2401  12201.743693  x:  0.08135   0.03665   0.12199   0.02156   0.03216   0.01856   0.03246   0.02977   0.05254   0.06135   0.05230   0.15831   0.07778   0.20271   0.03771   0.04121   0.04053   0.06871   0.04582   0.09236   0.08140   0.06505   0.19424   0.12575   4.20860  
 15  0.6091  12201.743504  x:  0.08135   0.03662   0.12206   0.02154   0.03218   0.01857   0.03247   0.02976   0.05247   0.06134   0.05235   0.15832   0.07783   0.20272   0.03768   0.04122   0.04052   0.06871   0.04581   0.09234   0.08135   0.06513   0.19420   0.12575   4.20852  
 16  0.4589  12201.742062  x:  0.08137   0.03662   0.12229   0.02143   0.03213   0.01854   0.03246   0.02977   0.05266   0.06149   0.05251   0.15826   0.07788   0.20270   0.03758   0.04134   0.04054   0.06870   0.04583   0.09224   0.08125   0.06515   0.19414   0.12576   4.20790  
 17  1.2527  12201.715002  x:  0.08148   0.03689   0.12413   0.02126   0.03202   0.01844   0.03249   0.02970   0.05249   0.06122   0.05194   0.15700   0.07771   0.20264   0.03805   0.04115   0.04054   0.06849   0.04588   0.09184   0.08144   0.06466   0.19369   0.12578   4.19617  
 18  9.7116  12201.677498  x:  0.08162   0.03685   0.12355   0.02090   0.03194   0.01831   0.03254   0.02961   0.05243   0.06094   0.05182   0.15657   0.07872   0.20362   0.03790   0.04153   0.04076   0.06912   0.04522   0.09263   0.08087   0.06404   0.19398   0.12579   4.18002  
 19 58.9683  12201.658603  x:  0.08167   0.03705   0.12289   0.02070   0.03178   0.01822   0.03254   0.02958   0.05258   0.06102   0.05177   0.15714   0.07945   0.20443   0.03833   0.04134   0.04037   0.06886   0.04571   0.09234   0.08072   0.06430   0.19431   0.12577   4.17195  
 20 87.4934  12201.653661  x:  0.08160   0.03704   0.12276   0.02067   0.03179   0.01821   0.03255   0.02956   0.05250   0.06099   0.05169   0.15778   0.07945   0.20466   0.03814   0.04138   0.04067   0.06854   0.04562   0.09196   0.08087   0.06421   0.19437   0.12568   4.16992  
 21 26.0977  12201.652677  x:  0.08157   0.03705   0.12283   0.02065   0.03179   0.01820   0.03255   0.02955   0.05252   0.06094   0.05168   0.15812   0.07933   0.20469   0.03817   0.04143   0.04060   0.06875   0.04560   0.09192   0.08091   0.06417   0.19435   0.12564   4.16962  
 22  5.7119  12201.652439  x:  0.08158   0.03707   0.12289   0.02064   0.03179   0.01820   0.03255   0.02955   0.05252   0.06097   0.05168   0.15823   0.07927   0.20469   0.03822   0.04138   0.04063   0.06871   0.04559   0.09202   0.08084   0.06416   0.19435   0.12565   4.16968  
 23  1.8065  12201.651911  x:  0.08165   0.03703   0.12291   0.02064   0.03180   0.01820   0.03256   0.02955   0.05251   0.06090   0.05167   0.15829   0.07925   0.20469   0.03818   0.04150   0.04053   0.06861   0.04565   0.09210   0.08083   0.06411   0.19435   0.12572   4.17034  
 24  1.4402  12201.641601  x:  0.08250   0.03673   0.12298   0.02059   0.03178   0.01815   0.03257   0.02953   0.05254   0.06091   0.05158   0.15841   0.07944   0.20493   0.03839   0.04143   0.04071   0.06878   0.04556   0.09183   0.08085   0.06398   0.19448   0.12657   4.18474  
 25 11.0867  12201.624621  x:  0.08171   0.03719   0.12319   0.02035   0.03167   0.01808   0.03259   0.02949   0.05254   0.06083   0.05149   0.15829   0.07978   0.20556   0.03836   0.04145   0.04067   0.06874   0.04554   0.09194   0.08075   0.06392   0.19455   0.12578   4.20863  
 26 70.9527  12201.621611  x:  0.08027   0.03716   0.12335   0.02059   0.03176   0.01805   0.03261   0.02948   0.05264   0.06066   0.05131   0.15834   0.08013   0.20581   0.03835   0.04150   0.04079   0.06877   0.04560   0.09209   0.08088   0.06410   0.19428   0.12714   4.20886  
 27  0.0018  12201.621049  x:  0.08093   0.03731   0.12334   0.02064   0.03181   0.01804   0.03258   0.02946   0.05263   0.06071   0.05135   0.15833   0.08014   0.20584   0.03845   0.04158   0.04078   0.06876   0.04557   0.09204   0.08081   0.06401   0.19429   0.12648   4.20900  
 28  0.0007  12201.621019  x:  0.08102   0.03733   0.12335   0.02064   0.03182   0.01805   0.03259   0.02947   0.05263   0.06072   0.05135   0.15832   0.08014   0.20584   0.03845   0.04158   0.04079   0.06877   0.04557   0.09203   0.08082   0.06400   0.19432   0.12639   4.20898  
 29  0.0001  12201.621018  x:  0.08101   0.03733   0.12335   0.02064   0.03182   0.01805   0.03259   0.02947   0.05263   0.06072   0.05135   0.15832   0.08014   0.20584   0.03845   0.04158   0.04079   0.06877   0.04558   0.09203   0.08082   0.06400   0.19432   0.12639   4.20899  