

TREE #  1

  0  0.0000   8295.945537  x:  0.12161   0.31339   0.01527   0.02834   0.03071   0.05261   0.05576   0.08859   0.09882   0.12334   0.25449   0.18202   1.66553  
  1 99.0000   8284.387125  x:  0.12063   0.31903   0.03209   0.04977   0.04416   0.05790   0.04864   0.08861   0.09757   0.12348   0.25437   0.18104   1.67218  
  2 808.3899   8276.923156  x:  0.11591   0.33977   0.04712   0.04910   0.03715   0.06198   0.03763   0.07766   0.08068   0.10268   0.25387   0.17632   1.70129  
  3 320.8491   8270.291786  x:  0.11001   0.36619   0.05853   0.04693   0.04235   0.06268   0.05287   0.07720   0.07315   0.07722   0.25326   0.17042   1.74411  
  4 643.8163   8261.412494  x:  0.10296   0.40466   0.06873   0.04323   0.03930   0.04838   0.04889   0.08764   0.09425   0.05901   0.25305   0.16338   1.82233  
  5 615.4827   8250.764802  x:  0.09914   0.45011   0.06992   0.03484   0.03236   0.07156   0.05022   0.09398   0.11146   0.07219   0.25470   0.15956   1.94761  
  6 772.0252   8222.089950  x:  0.10338   0.53916   0.01136   0.04169   0.05653   0.06024   0.04068   0.08583   0.09310   0.12138   0.26151   0.16379   2.31148  
  7 1196.0006   8214.373619  x:  0.10724   0.54584   0.01253   0.05293   0.04212   0.04769   0.05225   0.08069   0.08639   0.13865   0.26139   0.16765   2.41116  
  8 1126.7973   8185.689366  x:  0.13342   0.41846   0.01902   0.06498   0.02788   0.06021   0.04830   0.10585   0.08052   0.10480   0.23853   0.19383   2.83028  
  9 537.4714   8174.898359  x:  0.14018   0.36299   0.04093   0.04618   0.04036   0.05667   0.04684   0.09590   0.08318   0.10312   0.23097   0.20059   2.99406  
 10 1989.0131   8173.672229  x:  0.13637   0.35461   0.03872   0.04883   0.04073   0.05810   0.04803   0.08517   0.08955   0.09985   0.23438   0.19678   3.01272  
 11 241.0208   8172.818506  x:  0.12320   0.34522   0.03895   0.04905   0.04039   0.05790   0.04774   0.08753   0.08755   0.10117   0.25031   0.18360   3.02626  
 12 85.6285   8172.728397  x:  0.12500   0.34464   0.03960   0.04878   0.04044   0.05800   0.04774   0.08744   0.08788   0.10027   0.25783   0.18541   3.02781  
 13 26.0845   8159.164649  x:  0.10757   0.46494   0.04114   0.04421   0.04397   0.05899   0.04742   0.07903   0.09366   0.11036   0.26849   0.16737   3.53792  
 14  0.3773   8154.972904  x:  0.12140   0.45523   0.04679   0.04982   0.04019   0.06089   0.04623   0.09166   0.09216   0.09515   0.26902   0.18113   3.91752  
 15  0.2563   8154.443510  x:  0.12036   0.45007   0.04500   0.04830   0.04142   0.05927   0.04713   0.08595   0.09072   0.09854   0.26835   0.18008   4.05010  
 16  0.1025   8154.424455  x:  0.11952   0.45117   0.04445   0.04841   0.04144   0.05976   0.04716   0.08675   0.09152   0.09928   0.26830   0.17925   4.07248  
 17  0.0183   8154.423573  x:  0.11978   0.45128   0.04415   0.04831   0.04142   0.05978   0.04709   0.08673   0.09157   0.09958   0.26854   0.17955   4.07596  
 18  0.0026   8154.423516  x:  0.11973   0.45130   0.04408   0.04830   0.04139   0.05980   0.04708   0.08674   0.09156   0.09960   0.26849   0.17953   4.07517  
 19  0.0005   8154.423515  x:  0.11971   0.45129   0.04408   0.04829   0.04139   0.05980   0.04709   0.08674   0.09156   0.09960   0.26849   0.17954   4.07514  
 20  0.0000   8154.423515  x:  0.11970   0.45129   0.04408   0.04829   0.04139   0.05980   0.04709   0.08674   0.09156   0.09960   0.26849   0.17956   4.07513  
 21  0.0000   8154.423515  x:  0.11969   0.45129   0.04408   0.04829   0.04139   0.05980   0.04709   0.08674   0.09156   0.09960   0.26849   0.17956   4.07513  
 22  0.0000   8154.423515  x:  0.11969   0.45129   0.04408   0.04829   0.04139   0.05980   0.04709   0.08674   0.09156   0.09960   0.26849   0.17956   4.07513  

TREE #  2

  0  0.0000   8180.159497  x:  0.13899   0.31339   0.01527   0.02834   0.03071   0.05261   0.05576   0.08859   0.09882   0.12334   0.25449   0.16464   4.07513  
  1 99.0000   8168.204302  x:  0.14018   0.32364   0.03169   0.05047   0.04508   0.05887   0.04926   0.09009   0.09915   0.12507   0.25698   0.16582   4.07491  
  2 807.5029   8161.436028  x:  0.14330   0.36183   0.04431   0.05016   0.03715   0.06283   0.03831   0.08217   0.08556   0.10904   0.26610   0.16894   4.07413  
  3 302.2632   8157.444376  x:  0.14452   0.39563   0.04944   0.04804   0.04132   0.06308   0.05105   0.08311   0.08139   0.09404   0.27303   0.17017   4.07340  
  4 516.9615   8155.763700  x:  0.14262   0.41485   0.04889   0.04683   0.04208   0.05542   0.04887   0.08775   0.09123   0.09001   0.27483   0.16826   4.07298  
  5 252.4018   8155.160354  x:  0.13931   0.42517   0.04709   0.04575   0.04002   0.06055   0.04919   0.08883   0.09675   0.09401   0.27359   0.16495   4.07275  
  6 132.8022   8154.718111  x:  0.13443   0.43532   0.04129   0.04583   0.04264   0.05959   0.04843   0.08776   0.09354   0.10180   0.27001   0.16007   4.07253  
  7 88.6292   8154.685889  x:  0.13447   0.43625   0.04059   0.04712   0.04153   0.05900   0.04906   0.08762   0.09327   0.10268   0.26947   0.16011   4.07249  
  8 34.2426   8154.672789  x:  0.13595   0.43701   0.03952   0.04728   0.04165   0.05924   0.04886   0.08801   0.09320   0.10333   0.26846   0.16160   4.07241  
  9 10.7123   8154.669263  x:  0.13644   0.43726   0.03975   0.04706   0.04168   0.05908   0.04896   0.08782   0.09329   0.10379   0.26786   0.16208   4.07237  
 10 11.0383   8154.667370  x:  0.13653   0.43736   0.03979   0.04710   0.04174   0.05910   0.04896   0.08755   0.09340   0.10345   0.26679   0.16218   4.07231  
 11  4.1814   8154.666808  x:  0.13653   0.43739   0.03992   0.04707   0.04167   0.05910   0.04895   0.08777   0.09331   0.10338   0.26638   0.16217   4.07227  
 12  3.8529   8154.587069  x:  0.13629   0.43995   0.04121   0.04734   0.04149   0.05927   0.04829   0.08735   0.09264   0.10199   0.26652   0.16187   3.99876  
 13  0.1898   8154.427162  x:  0.13694   0.45113   0.04372   0.04800   0.04111   0.05970   0.04687   0.08667   0.09147   0.09958   0.26863   0.16238   4.07745  
 14  0.4480   8154.423556  x:  0.13691   0.45130   0.04403   0.04825   0.04138   0.05981   0.04712   0.08674   0.09157   0.09965   0.26847   0.16235   4.07462  
 15  0.0022   8154.423515  x:  0.13690   0.45130   0.04408   0.04829   0.04139   0.05980   0.04709   0.08674   0.09156   0.09959   0.26850   0.16236   4.07513  
 16  0.0005   8154.423515  x:  0.13690   0.45129   0.04408   0.04829   0.04139   0.05980   0.04709   0.08674   0.09156   0.09960   0.26849   0.16236   4.07513  
 17  0.0000   8154.423515  x:  0.13689   0.45129   0.04408   0.04829   0.04139   0.05980   0.04709   0.08674   0.09156   0.09960   0.26849   0.16237   4.07513  
 18  0.0000   8154.423515  x:  0.13689   0.45129   0.04408   0.04829   0.04139   0.05980   0.04709   0.08674   0.09156   0.09960   0.26849   0.16237   4.07513  