

TREE #  1

  0  0.0000   1509.111082  x:  0.07939   0.00000   0.04590   0.01709   0.03952   0.03470   0.03994   0.04208   0.04152   0.05407   0.03140   0.12810   0.03751   0.03016   0.02214   0.01928   0.01822   0.03979   0.04057   0.04407   0.02118   0.02409   0.08912   0.06239   1.86517  
  1 99.0000   1478.035257  x:  0.07778   0.00090   0.04149   0.00708   0.02988   0.02828   0.02995   0.03331   0.03261   0.04568   0.02644   0.12795   0.02425   0.03056   0.01220   0.00378   0.00000   0.03140   0.02725   0.03472   0.01418   0.00838   0.09496   0.06077   1.86700  
  2 753.7207   1474.234703  x:  0.07763   0.00084   0.04051   0.00830   0.02869   0.02815   0.02859   0.03221   0.03130   0.04446   0.02651   0.12808   0.02094   0.03048   0.01325   0.00000   0.00000   0.03049   0.02490   0.03400   0.01668   0.00444   0.09615   0.06062   1.86750  
  3 917.3214   1472.705745  x:  0.07771   0.00000   0.03984   0.00845   0.02844   0.02835   0.02832   0.03196   0.03097   0.04396   0.02664   0.12821   0.01874   0.03037   0.01442   0.00000   0.00000   0.03028   0.02423   0.03437   0.01676   0.00125   0.09691   0.06070   1.86787  
  4 1133.7935   1472.705745  x:  0.07771   0.00000   0.03984   0.00845   0.02844   0.02835   0.02832   0.03196   0.03097   0.04396   0.02664   0.12821   0.01874   0.03037   0.01442   0.00000   0.00000   0.03028   0.02423   0.03437   0.01676   0.00125   0.09691   0.06070   1.86787  
  5 11044.3449   1471.701059  x:  0.07766   0.00009   0.03955   0.00816   0.02796   0.02810   0.02781   0.03152   0.03051   0.04351   0.02646   0.12823   0.01780   0.03036   0.01420   0.00000   0.00000   0.02988   0.02350   0.03398   0.01668   0.00000   0.09730   0.06065   1.86801  
  6 459.9690   1471.629056  x:  0.07765   0.00000   0.03950   0.00816   0.02792   0.02808   0.02777   0.03148   0.03046   0.04346   0.02645   0.12824   0.01767   0.03035   0.01422   0.00000   0.00000   0.02984   0.02342   0.03394   0.01668   0.00000   0.09735   0.06065   1.86803  
  7 1118.7092   1468.626886  x:  0.07848   0.00392   0.03507   0.01500   0.02580   0.02853   0.02531   0.02900   0.02739   0.03921   0.02665   0.12928   0.00291   0.02833   0.02472   0.00000   0.00000   0.02822   0.01914   0.03159   0.01790   0.00000   0.10441   0.06147   1.87111  
  8 444.0069   1464.747663  x:  0.09108   0.00598   0.00000   0.01421   0.02656   0.03097   0.02823   0.02719   0.02843   0.02069   0.02306   0.14086   0.01072   0.01284   0.02856   0.00000   0.00000   0.03096   0.02155   0.02949   0.01399   0.00000   0.15157   0.07407   1.89759  
  9 93.7741   1464.108646  x:  0.09529   0.00657   0.00000   0.01387   0.02673   0.03146   0.02894   0.02674   0.02873   0.01685   0.02219   0.14515   0.01263   0.00497   0.02907   0.00000   0.00000   0.03160   0.02212   0.02898   0.01349   0.00000   0.16667   0.07828   1.90645  
 10 1688.0294   1463.604716  x:  0.09820   0.00680   0.00000   0.01366   0.02635   0.03130   0.02891   0.02601   0.02866   0.02208   0.02193   0.14829   0.01381   0.00542   0.02929   0.00000   0.00000   0.03162   0.02170   0.02829   0.01327   0.00000   0.18258   0.08119   1.91713  
 11 138.6740   1463.289389  x:  0.09743   0.00634   0.00000   0.01253   0.02701   0.03127   0.02876   0.02834   0.02862   0.02180   0.02468   0.14917   0.01211   0.00661   0.02719   0.00000   0.00000   0.03129   0.02236   0.03059   0.01719   0.00000   0.18871   0.08042   1.92741  
 12 68.4418   1462.566457  x:  0.09356   0.00503   0.00000   0.01319   0.02842   0.03144   0.02846   0.03193   0.02852   0.02192   0.02662   0.14978   0.00831   0.00651   0.02339   0.00000   0.00000   0.03072   0.02355   0.03420   0.01240   0.00000   0.19491   0.07655   1.95227  
 13 129.8973   1460.268977  x:  0.08173   0.00119   0.00000   0.01733   0.02763   0.03078   0.02601   0.03085   0.02669   0.02170   0.02007   0.14938   0.01101   0.00450   0.02238   0.00000   0.00000   0.02873   0.02119   0.03339   0.01498   0.00000   0.20217   0.06472   2.03186  
 14 258.2067   1459.452496  x:  0.08168   0.00000   0.00000   0.01377   0.02626   0.02954   0.02576   0.02879   0.02715   0.02182   0.02447   0.14900   0.01159   0.00417   0.02529   0.00000   0.00000   0.02859   0.01995   0.03140   0.01408   0.00000   0.20134   0.06467   2.06260  
 15 300.4553   1459.452496  x:  0.08168   0.00000   0.00000   0.01377   0.02626   0.02954   0.02576   0.02879   0.02715   0.02182   0.02447   0.14900   0.01159   0.00417   0.02529   0.00000   0.00000   0.02859   0.01995   0.03140   0.01408   0.00000   0.20134   0.06467   2.06260  
 16 139.3793   1457.586086  x:  0.08200   0.00920   0.00000   0.01268   0.02549   0.02893   0.02498   0.02814   0.02655   0.02284   0.02421   0.14923   0.01113   0.00329   0.02380   0.00000   0.00000   0.02793   0.01885   0.03082   0.01445   0.00000   0.20079   0.06499   2.06284  
 17 1038.9499   1455.348477  x:  0.08240   0.00956   0.00000   0.01091   0.02421   0.02796   0.02370   0.02707   0.02554   0.02443   0.02377   0.14963   0.00910   0.00000   0.02130   0.00000   0.00000   0.02684   0.01705   0.02987   0.01497   0.00000   0.19986   0.06540   2.06325  
 18 441.6412   1454.650872  x:  0.08337   0.00923   0.00000   0.01051   0.02210   0.02786   0.02181   0.02531   0.02237   0.02403   0.02337   0.15172   0.01510   0.00000   0.01521   0.00000   0.00000   0.02502   0.01639   0.02804   0.01261   0.00000   0.19527   0.06636   2.06571  
 19 136.5784   1454.308613  x:  0.08475   0.00904   0.00000   0.01087   0.02178   0.02873   0.02172   0.02479   0.02121   0.02385   0.02368   0.15558   0.01700   0.00000   0.01495   0.00000   0.00000   0.02453   0.01734   0.02729   0.01742   0.00000   0.18617   0.06774   2.07106  
 20 76.3976   1453.463275  x:  0.08790   0.00897   0.00000   0.01005   0.02246   0.03005   0.02251   0.02494   0.02196   0.02473   0.02412   0.16597   0.01610   0.00000   0.01819   0.00000   0.00000   0.02484   0.01776   0.02723   0.01426   0.00000   0.16016   0.07089   2.08764  
 21 169.8773   1453.288955  x:  0.08667   0.00902   0.00000   0.01195   0.02310   0.02901   0.02266   0.02631   0.02305   0.02277   0.02347   0.16690   0.01476   0.00000   0.01554   0.00000   0.00000   0.02600   0.01709   0.02899   0.01433   0.00000   0.15577   0.06966   2.09520  
 22 60.3575   1452.698866  x:  0.07833   0.00835   0.00000   0.01094   0.02201   0.02370   0.02176   0.02608   0.02372   0.02452   0.02344   0.16455   0.01665   0.00000   0.01673   0.00000   0.00000   0.02546   0.01831   0.02966   0.01484   0.00000   0.14976   0.06133   2.13590  
 23 64.9464   1451.259457  x:  0.07021   0.00693   0.00000   0.01149   0.02262   0.03376   0.02322   0.02332   0.02072   0.02189   0.02516   0.15684   0.01476   0.00000   0.01735   0.00000   0.00000   0.02336   0.01510   0.02459   0.01437   0.00000   0.14513   0.05321   2.25069  
 24 241.8642   1446.868390  x:  0.07563   0.00175   0.00000   0.00743   0.02363   0.04271   0.02257   0.02731   0.02195   0.03045   0.02230   0.13882   0.01636   0.00000   0.01199   0.00000   0.00000   0.02812   0.02353   0.02991   0.01435   0.00000   0.14537   0.05863   2.59552  
 25 734.6858   1444.237661  x:  0.08136   0.00000   0.00000   0.01103   0.02163   0.03624   0.02046   0.02673   0.02090   0.02586   0.02283   0.13574   0.01718   0.00000   0.01645   0.00000   0.00000   0.02637   0.01958   0.03029   0.01432   0.00000   0.14857   0.06436   2.76016  
 26 1408.0421   1440.175344  x:  0.08812   0.00111   0.00000   0.00462   0.02623   0.02620   0.02874   0.02479   0.02638   0.01834   0.02653   0.14002   0.01888   0.00000   0.01573   0.00000   0.00000   0.02465   0.01577   0.02547   0.01532   0.00000   0.15737   0.07112   3.08697  
 27 1239.1592   1436.915812  x:  0.09315   0.00352   0.00000   0.01732   0.02805   0.01980   0.03278   0.02211   0.02774   0.02593   0.02819   0.14920   0.01787   0.00000   0.01533   0.00000   0.00000   0.02259   0.01358   0.02088   0.01447   0.00000   0.16796   0.07615   3.43407  
 28 3559.1718   1433.597786  x:  0.09378   0.00659   0.00000   0.01828   0.01879   0.02418   0.02051   0.02389   0.02035   0.02249   0.02269   0.16315   0.01401   0.00000   0.02010   0.00000   0.00000   0.02283   0.01663   0.03037   0.01343   0.00000   0.17824   0.07678   3.70703  
 29 1632.5337   1433.485321  x:  0.09346   0.00651   0.00000   0.01791   0.01978   0.02483   0.01810   0.02506   0.02133   0.02303   0.02296   0.16535   0.01486   0.00000   0.02037   0.00000   0.00000   0.02397   0.01503   0.02980   0.01372   0.00000   0.17928   0.07646   3.71635  
 30 116.1196   1433.374610  x:  0.09217   0.00612   0.00000   0.01733   0.01937   0.02503   0.01961   0.02652   0.02101   0.02342   0.02295   0.17382   0.01471   0.00000   0.01985   0.00000   0.00000   0.02471   0.01532   0.02870   0.01362   0.00000   0.18291   0.07518   3.72573  
 31 35.3692   1433.349863  x:  0.09186   0.00602   0.00000   0.01730   0.02023   0.02517   0.01938   0.02536   0.02151   0.02337   0.02306   0.17603   0.01456   0.00000   0.01958   0.00000   0.00000   0.02410   0.01581   0.02919   0.01356   0.00000   0.18386   0.07486   3.72780  
 32 33.6039   1433.348299  x:  0.09184   0.00601   0.00000   0.01727   0.02012   0.02525   0.01953   0.02514   0.02159   0.02345   0.02308   0.17614   0.01467   0.00000   0.01959   0.00000   0.00000   0.02422   0.01558   0.02945   0.01360   0.00000   0.18390   0.07484   3.72796  
 33  4.0601   1433.288183  x:  0.09183   0.00605   0.00000   0.01706   0.02088   0.02480   0.01933   0.02445   0.01990   0.02357   0.02463   0.17614   0.01417   0.00000   0.01936   0.00000   0.00000   0.02585   0.01577   0.02969   0.01349   0.00000   0.18374   0.07483   3.73584  
 34  1.0287   1429.363048  x:  0.09193   0.00704   0.00000   0.01282   0.01597   0.02675   0.01703   0.02093   0.02209   0.02752   0.02455   0.17556   0.00353   0.00000   0.01310   0.00000   0.00000   0.02636   0.01540   0.02478   0.01398   0.00000   0.17428   0.07501   4.15766  
 35 97.0991   1428.711087  x:  0.09180   0.00714   0.00000   0.01108   0.01996   0.02689   0.01838   0.02295   0.01814   0.02977   0.02164   0.17547   0.00254   0.00000   0.01264   0.00000   0.00000   0.02302   0.01247   0.02681   0.01436   0.00000   0.17238   0.07490   4.24208  
 36 1116.5043   1428.709138  x:  0.09180   0.00715   0.00000   0.01107   0.01988   0.02694   0.01838   0.02315   0.01818   0.02982   0.02203   0.17547   0.00253   0.00000   0.01258   0.00000   0.00000   0.02278   0.01245   0.02697   0.01436   0.00000   0.17237   0.07490   4.24237  
 37  6.1845   1427.173349  x:  0.09196   0.00658   0.00000   0.00621   0.02038   0.02667   0.01847   0.02330   0.01703   0.03427   0.02052   0.17428   0.00771   0.00000   0.01012   0.00000   0.00000   0.02018   0.01009   0.02630   0.01591   0.00000   0.16567   0.07513   4.57408  
 38  1.2657   1426.038839  x:  0.09140   0.00724   0.00000   0.00469   0.01970   0.02439   0.01912   0.02305   0.02255   0.03534   0.02242   0.16624   0.00724   0.00000   0.01307   0.00000   0.00000   0.02335   0.01399   0.02470   0.01708   0.00000   0.16139   0.07472   5.09670  
 39  0.5292   1425.572740  x:  0.09053   0.00790   0.00000   0.00887   0.01874   0.02311   0.01851   0.02222   0.02334   0.03216   0.02255   0.16722   0.00690   0.00000   0.01282   0.00000   0.00000   0.02282   0.01285   0.02533   0.01685   0.00000   0.16648   0.07391   5.48363  
 40  0.3449   1425.306729  x:  0.08967   0.00774   0.00000   0.00694   0.01865   0.02596   0.01846   0.02209   0.02072   0.03162   0.02248   0.17210   0.00624   0.00000   0.01200   0.00000   0.00000   0.02231   0.01204   0.02506   0.01600   0.00000   0.16959   0.07309   5.82679  
 41  0.2764   1425.258061  x:  0.09035   0.00745   0.00000   0.00663   0.01987   0.02523   0.01921   0.02306   0.02025   0.03154   0.02226   0.17048   0.00642   0.00000   0.01249   0.00000   0.00000   0.02217   0.01249   0.02551   0.01590   0.00000   0.16721   0.07376   5.91404  
 42  0.0736   1425.238214  x:  0.09075   0.00686   0.00000   0.00657   0.01957   0.02452   0.01895   0.02261   0.02087   0.03122   0.02229   0.16971   0.00645   0.00000   0.01222   0.00000   0.00000   0.02252   0.01238   0.02533   0.01606   0.00000   0.16627   0.07414   5.97133  
 43  0.0276   1425.223358  x:  0.09087   0.00628   0.00000   0.00681   0.01931   0.02528   0.01875   0.02263   0.02077   0.03137   0.02229   0.16941   0.00666   0.00000   0.01266   0.00000   0.00000   0.02238   0.01252   0.02543   0.01614   0.00000   0.16692   0.07423   5.98609  
 44  0.0104   1425.220566  x:  0.09066   0.00609   0.00000   0.00678   0.01940   0.02517   0.01882   0.02280   0.02055   0.03148   0.02228   0.16985   0.00669   0.00000   0.01247   0.00000   0.00000   0.02235   0.01248   0.02550   0.01604   0.00000   0.16744   0.07400   5.96686  
 45  0.0168   1425.220356  x:  0.09064   0.00610   0.00000   0.00679   0.01942   0.02516   0.01882   0.02277   0.02053   0.03153   0.02227   0.16973   0.00667   0.00000   0.01250   0.00000   0.00000   0.02233   0.01242   0.02549   0.01601   0.00000   0.16720   0.07397   5.95729  
 46  0.0092   1425.220338  x:  0.09064   0.00610   0.00000   0.00680   0.01942   0.02517   0.01882   0.02277   0.02053   0.03155   0.02227   0.16969   0.00666   0.00000   0.01249   0.00000   0.00000   0.02233   0.01244   0.02549   0.01602   0.00000   0.16717   0.07396   5.95597  
 47  0.0014   1425.220333  x:  0.09064   0.00610   0.00000   0.00679   0.01942   0.02516   0.01881   0.02277   0.02053   0.03154   0.02227   0.16970   0.00665   0.00000   0.01250   0.00000   0.00000   0.02234   0.01244   0.02549   0.01603   0.00000   0.16718   0.07394   5.95621  
 48  0.0002   1425.220333  x:  0.09064   0.00610   0.00000   0.00679   0.01942   0.02516   0.01882   0.02277   0.02053   0.03154   0.02227   0.16970   0.00665   0.00000   0.01250   0.00000   0.00000   0.02234   0.01244   0.02549   0.01603   0.00000   0.16718   0.07394   5.95622  
 49  0.0000   1425.220333  x:  0.09064   0.00610   0.00000   0.00679   0.01942   0.02516   0.01882   0.02277   0.02053   0.03154   0.02227   0.16970   0.00665   0.00000   0.01250   0.00000   0.00000   0.02234   0.01244   0.02549   0.01603   0.00000   0.16718   0.07394   5.95622  
 50  0.0000   1425.220333  x:  0.09064   0.00610   0.00000   0.00679   0.01942   0.02516   0.01882   0.02277   0.02053   0.03154   0.02227   0.16970   0.00665   0.00000   0.01250   0.00000   0.00000   0.02234   0.01244   0.02549   0.01603   0.00000   0.16718   0.07394   5.95622  

TREE #  2

  0  0.0000   1448.108199  x:  0.07868   0.00000   0.01791   0.01262   0.01569   0.02239   0.01894   0.03409   0.03033   0.04099   0.04334   0.13221   0.01328   0.03204   0.00640   0.01471   0.00352   0.02109   0.02009   0.02967   0.02180   0.01870   0.10935   0.05519   5.95622  
  1 99.0000   1443.872107  x:  0.07889   0.00243   0.01913   0.01132   0.01633   0.02249   0.01888   0.03294   0.02947   0.04008   0.04178   0.13251   0.01179   0.03117   0.00796   0.01185   0.00000   0.02134   0.01865   0.02889   0.02078   0.01574   0.11011   0.05540   5.95622  
  2 630.0834   1434.841494  x:  0.07947   0.00000   0.02161   0.00701   0.01813   0.02290   0.01871   0.02894   0.02645   0.03686   0.03608   0.13347   0.00509   0.02819   0.00954   0.00100   0.00000   0.02222   0.01384   0.02647   0.01757   0.00446   0.11286   0.05599   5.95623  
  3 1750.9271   1434.102681  x:  0.07956   0.00001   0.02153   0.00720   0.01807   0.02297   0.01871   0.02875   0.02627   0.03669   0.03565   0.13358   0.00486   0.02808   0.00952   0.00000   0.00000   0.02218   0.01397   0.02660   0.01766   0.00289   0.11318   0.05608   5.95623  
  4 951.9033   1434.042028  x:  0.07958   0.00000   0.02152   0.00722   0.01806   0.02298   0.01871   0.02873   0.02625   0.03668   0.03560   0.13359   0.00484   0.02807   0.00953   0.00000   0.00000   0.02217   0.01399   0.02661   0.01767   0.00271   0.11322   0.05609   5.95623  
  5 47429.7353   1434.042028  x:  0.07958   0.00000   0.02152   0.00722   0.01806   0.02298   0.01871   0.02873   0.02625   0.03668   0.03560   0.13359   0.00484   0.02807   0.00953   0.00000   0.00000   0.02217   0.01399   0.02661   0.01767   0.00271   0.11322   0.05609   5.95623  
  6 3555.2236   1432.833572  x:  0.07976   0.00141   0.02193   0.00693   0.01825   0.02308   0.01870   0.02813   0.02579   0.03619   0.03462   0.13382   0.00421   0.02766   0.01035   0.00000   0.00000   0.02219   0.01364   0.02650   0.01739   0.00000   0.11382   0.05627   5.95623  
  7 373.9142   1431.806955  x:  0.08071   0.00035   0.02300   0.00584   0.01910   0.02359   0.01864   0.02524   0.02348   0.03379   0.02968   0.13490   0.00045   0.02555   0.01357   0.00000   0.00000   0.02229   0.01221   0.02592   0.01615   0.00000   0.11701   0.05722   5.95624  
  8 412.5727   1431.406888  x:  0.08126   0.00000   0.02328   0.00598   0.01939   0.02385   0.01864   0.02404   0.02249   0.03275   0.02734   0.13552   0.00164   0.02480   0.01379   0.00000   0.00000   0.02233   0.01200   0.02569   0.01582   0.00000   0.11884   0.05777   5.95624  
  9 250.0306   1430.985440  x:  0.08281   0.00047   0.02221   0.00779   0.01933   0.02434   0.01882   0.02282   0.02132   0.03125   0.02342   0.13754   0.00063   0.02268   0.01036   0.00000   0.00000   0.02232   0.01335   0.02548   0.01638   0.00000   0.12394   0.05933   5.95626  
 10 173.2724   1428.142391  x:  0.09493   0.00242   0.00000   0.00413   0.01576   0.02496   0.02037   0.02650   0.02367   0.02923   0.01764   0.15475   0.00171   0.00674   0.01146   0.00000   0.00000   0.02195   0.01610   0.02682   0.02140   0.00000   0.16207   0.07144   5.95637  
 11 125.0112   1428.142391  x:  0.09493   0.00242   0.00000   0.00413   0.01576   0.02496   0.02037   0.02650   0.02367   0.02923   0.01764   0.15475   0.00171   0.00674   0.01146   0.00000   0.00000   0.02195   0.01610   0.02682   0.02140   0.00000   0.16207   0.07144   5.95637  
 12 840.4213   1426.812402  x:  0.09495   0.00511   0.00088   0.00627   0.01664   0.02502   0.02003   0.02599   0.02319   0.02960   0.01867   0.15505   0.00722   0.00547   0.01180   0.00000   0.00000   0.02201   0.01519   0.02663   0.02041   0.00000   0.16216   0.07146   5.95637  
 13 551.7790   1426.318068  x:  0.09495   0.00509   0.00000   0.00678   0.01710   0.02503   0.01985   0.02566   0.02290   0.02979   0.01924   0.15526   0.00756   0.00411   0.01197   0.00000   0.00000   0.02205   0.01467   0.02652   0.01981   0.00000   0.16220   0.07146   5.95637  
 14 298.0971   1425.765323  x:  0.09490   0.00640   0.00000   0.00515   0.01734   0.02495   0.01963   0.02491   0.02237   0.03003   0.01961   0.15607   0.00842   0.00000   0.01189   0.00000   0.00000   0.02212   0.01412   0.02627   0.01869   0.00000   0.16244   0.07141   5.95637  
 15 300.1214   1425.497693  x:  0.09464   0.00741   0.00000   0.00554   0.01797   0.02502   0.01917   0.02355   0.02122   0.03076   0.02040   0.15794   0.00532   0.00000   0.01197   0.00000   0.00000   0.02224   0.01319   0.02581   0.01672   0.00000   0.16312   0.07115   5.95636  
 16 42.2624   1425.437683  x:  0.09450   0.00577   0.00000   0.00585   0.01815   0.02509   0.01916   0.02339   0.02107   0.03094   0.02058   0.15896   0.00537   0.00000   0.01214   0.00000   0.00000   0.02225   0.01328   0.02575   0.01683   0.00000   0.16350   0.07101   5.95636  
 17 42.1367   1425.259781  x:  0.09351   0.00606   0.00000   0.00650   0.01906   0.02544   0.01889   0.02178   0.01967   0.03222   0.02156   0.16595   0.00692   0.00000   0.01254   0.00000   0.00000   0.02235   0.01314   0.02516   0.01599   0.00000   0.16612   0.07002   5.95635  
 18 72.0417   1425.230801  x:  0.09349   0.00605   0.00000   0.00656   0.01944   0.02533   0.01887   0.02265   0.02044   0.03191   0.02223   0.16731   0.00699   0.00000   0.01245   0.00000   0.00000   0.02232   0.01213   0.02540   0.01617   0.00000   0.16659   0.07001   5.95634  
 19 32.1601   1425.227080  x:  0.09364   0.00607   0.00000   0.00657   0.01953   0.02517   0.01878   0.02286   0.02061   0.03162   0.02245   0.16774   0.00698   0.00000   0.01251   0.00000   0.00000   0.02234   0.01247   0.02551   0.01592   0.00000   0.16669   0.07016   5.95634  
 20 11.0361   1425.224340  x:  0.09408   0.00607   0.00000   0.00661   0.01937   0.02498   0.01877   0.02276   0.02050   0.03124   0.02228   0.16861   0.00695   0.00000   0.01245   0.00000   0.00000   0.02234   0.01240   0.02552   0.01600   0.00000   0.16684   0.07059   5.95634  
 21  5.9455   1425.223239  x:  0.09428   0.00610   0.00000   0.00657   0.01942   0.02514   0.01887   0.02278   0.02059   0.03142   0.02222   0.16913   0.00691   0.00000   0.01252   0.00000   0.00000   0.02232   0.01246   0.02549   0.01610   0.00000   0.16691   0.07079   5.95634  
 22  4.9672   1425.223084  x:  0.09428   0.00609   0.00000   0.00656   0.01938   0.02516   0.01884   0.02282   0.02060   0.03149   0.02221   0.16923   0.00691   0.00000   0.01244   0.00000   0.00000   0.02232   0.01247   0.02550   0.01608   0.00000   0.16693   0.07079   5.95634  
 23  2.5387   1425.223023  x:  0.09423   0.00609   0.00000   0.00656   0.01934   0.02515   0.01882   0.02285   0.02058   0.03151   0.02219   0.16930   0.00691   0.00000   0.01248   0.00000   0.00000   0.02233   0.01247   0.02552   0.01608   0.00000   0.16694   0.07074   5.95634  
 24  1.1826   1425.222967  x:  0.09414   0.00610   0.00000   0.00655   0.01935   0.02513   0.01884   0.02284   0.02058   0.03149   0.02219   0.16939   0.00690   0.00000   0.01246   0.00000   0.00000   0.02233   0.01248   0.02552   0.01610   0.00000   0.16695   0.07065   5.95634  
 25  0.9914   1425.222964  x:  0.09413   0.00610   0.00000   0.00655   0.01935   0.02514   0.01884   0.02284   0.02059   0.03148   0.02218   0.16940   0.00690   0.00000   0.01246   0.00000   0.00000   0.02233   0.01248   0.02552   0.01609   0.00000   0.16695   0.07064   5.95634  
 26  0.2713   1425.222963  x:  0.09413   0.00610   0.00000   0.00655   0.01935   0.02515   0.01884   0.02284   0.02059   0.03148   0.02219   0.16940   0.00690   0.00000   0.01246   0.00000   0.00000   0.02233   0.01248   0.02552   0.01610   0.00000   0.16695   0.07064   5.95634  
 27  0.0511   1425.222941  x:  0.09413   0.00610   0.00000   0.00655   0.01935   0.02517   0.01885   0.02286   0.02056   0.03147   0.02219   0.16941   0.00690   0.00000   0.01246   0.00000   0.00000   0.02231   0.01248   0.02552   0.01609   0.00000   0.16690   0.07064   5.95634  
 28  0.0288   1425.222757  x:  0.09412   0.00610   0.00000   0.00658   0.01937   0.02515   0.01883   0.02282   0.02059   0.03149   0.02219   0.16953   0.00688   0.00000   0.01247   0.00000   0.00000   0.02234   0.01247   0.02553   0.01609   0.00000   0.16649   0.07063   5.95632  
 29  0.5936   1425.222509  x:  0.09411   0.00610   0.00000   0.00660   0.01929   0.02511   0.01887   0.02283   0.02059   0.03151   0.02228   0.16957   0.00685   0.00000   0.01247   0.00000   0.00000   0.02230   0.01247   0.02540   0.01608   0.00000   0.16650   0.07062   5.95631  
 30  0.2563   1425.220588  x:  0.09406   0.00611   0.00000   0.00674   0.01948   0.02513   0.01876   0.02279   0.02052   0.03156   0.02222   0.16976   0.00667   0.00000   0.01250   0.00000   0.00000   0.02232   0.01242   0.02537   0.01598   0.00000   0.16710   0.07057   5.95617  
 31  1.0335   1425.220403  x:  0.09406   0.00611   0.00000   0.00675   0.01943   0.02516   0.01880   0.02274   0.02051   0.03157   0.02230   0.16977   0.00665   0.00000   0.01250   0.00000   0.00000   0.02234   0.01242   0.02548   0.01599   0.00000   0.16717   0.07057   5.95616  
 32  2.0966   1425.220403  x:  0.09406   0.00611   0.00000   0.00675   0.01943   0.02516   0.01880   0.02274   0.02051   0.03157   0.02230   0.16977   0.00665   0.00000   0.01250   0.00000   0.00000   0.02234   0.01242   0.02548   0.01599   0.00000   0.16717   0.07056   5.95616  
 33  0.0592   1425.220382  x:  0.09405   0.00611   0.00000   0.00676   0.01943   0.02516   0.01880   0.02273   0.02053   0.03156   0.02228   0.16976   0.00665   0.00000   0.01250   0.00000   0.00000   0.02230   0.01243   0.02549   0.01599   0.00000   0.16717   0.07056   5.95621  
 34  0.0002   1425.220338  x:  0.09395   0.00609   0.00000   0.00678   0.01941   0.02516   0.01881   0.02276   0.02052   0.03154   0.02226   0.16970   0.00664   0.00000   0.01249   0.00000   0.00000   0.02233   0.01243   0.02548   0.01602   0.00000   0.16718   0.07062   5.95622  
 35  0.0010   1425.220337  x:  0.09388   0.00609   0.00000   0.00678   0.01941   0.02516   0.01881   0.02276   0.02053   0.03154   0.02226   0.16969   0.00664   0.00000   0.01249   0.00000   0.00000   0.02233   0.01243   0.02548   0.01602   0.00000   0.16718   0.07070   5.95616  
 36  0.0002   1425.220337  x:  0.09371   0.00609   0.00000   0.00678   0.01941   0.02516   0.01881   0.02276   0.02053   0.03154   0.02226   0.16969   0.00664   0.00000   0.01248   0.00000   0.00000   0.02233   0.01243   0.02548   0.01602   0.00000   0.16717   0.07087   5.95614  
 37  0.0002   1425.220337  x:  0.09311   0.00609   0.00000   0.00678   0.01941   0.02516   0.01881   0.02276   0.02053   0.03154   0.02226   0.16969   0.00664   0.00000   0.01248   0.00000   0.00000   0.02233   0.01243   0.02549   0.01602   0.00000   0.16717   0.07148   5.95610  
 38  0.0007   1425.220337  x:  0.09133   0.00610   0.00000   0.00679   0.01941   0.02516   0.01881   0.02277   0.02053   0.03154   0.02226   0.16968   0.00664   0.00000   0.01248   0.00000   0.00000   0.02233   0.01243   0.02549   0.01601   0.00000   0.16717   0.07326   5.95606  
 39  0.0023   1425.220336  x:  0.08741   0.00610   0.00000   0.00679   0.01941   0.02516   0.01881   0.02277   0.02053   0.03154   0.02226   0.16967   0.00664   0.00000   0.01249   0.00000   0.00000   0.02233   0.01243   0.02549   0.01602   0.00000   0.16717   0.07719   5.95602  
 40  0.0058   1425.220335  x:  0.08190   0.00610   0.00000   0.00679   0.01941   0.02516   0.01881   0.02277   0.02053   0.03154   0.02226   0.16967   0.00664   0.00000   0.01249   0.00000   0.00000   0.02233   0.01243   0.02549   0.01602   0.00000   0.16717   0.08270   5.95603  
 41  0.0105   1425.220334  x:  0.07737   0.00611   0.00000   0.00679   0.01941   0.02516   0.01881   0.02277   0.02053   0.03154   0.02226   0.16968   0.00664   0.00000   0.01249   0.00000   0.00000   0.02233   0.01244   0.02549   0.01602   0.00000   0.16717   0.08723   5.95609  
 42  0.0114   1425.220334  x:  0.07492   0.00611   0.00000   0.00680   0.01941   0.02516   0.01881   0.02277   0.02053   0.03154   0.02227   0.16969   0.00665   0.00000   0.01249   0.00000   0.00000   0.02233   0.01244   0.02549   0.01602   0.00000   0.16718   0.08968   5.95615  
 43  0.0072   1425.220333  x:  0.07385   0.00610   0.00000   0.00680   0.01942   0.02516   0.01882   0.02277   0.02053   0.03154   0.02227   0.16969   0.00665   0.00000   0.01249   0.00000   0.00000   0.02233   0.01244   0.02549   0.01602   0.00000   0.16718   0.09074   5.95619  
 44  0.0033   1425.220333  x:  0.07340   0.00610   0.00000   0.00680   0.01942   0.02516   0.01882   0.02277   0.02053   0.03154   0.02227   0.16970   0.00665   0.00000   0.01249   0.00000   0.00000   0.02234   0.01244   0.02549   0.01602   0.00000   0.16718   0.09118   5.95622  
 45  0.0013   1425.220333  x:  0.07321   0.00610   0.00000   0.00680   0.01942   0.02516   0.01882   0.02277   0.02053   0.03154   0.02227   0.16970   0.00665   0.00000   0.01249   0.00000   0.00000   0.02234   0.01244   0.02549   0.01602   0.00000   0.16718   0.09137   5.95624  
 46  0.0005   1425.220333  x:  0.07312   0.00610   0.00000   0.00679   0.01942   0.02516   0.01882   0.02277   0.02053   0.03154   0.02227   0.16970   0.00665   0.00000   0.01249   0.00000   0.00000   0.02234   0.01244   0.02549   0.01602   0.00000   0.16718   0.09146   5.95625  
 47  0.0002   1425.220333  x:  0.07306   0.00610   0.00000   0.00679   0.01942   0.02516   0.01882   0.02277   0.02053   0.03154   0.02227   0.16970   0.00665   0.00000   0.01249   0.00000   0.00000   0.02234   0.01244   0.02549   0.01603   0.00000   0.16718   0.09152   5.95626  
 48  0.0000   1425.220333  x:  0.07307   0.00610   0.00000   0.00679   0.01942   0.02516   0.01882   0.02277   0.02053   0.03154   0.02227   0.16970   0.00665   0.00000   0.01249   0.00000   0.00000   0.02234   0.01244   0.02549   0.01603   0.00000   0.16718   0.09151   5.95626  
 49  0.0001   1425.220333  x:  0.07307   0.00610   0.00000   0.00679   0.01942   0.02516   0.01882   0.02277   0.02053   0.03154   0.02227   0.16970   0.00665   0.00000   0.01249   0.00000   0.00000   0.02234   0.01244   0.02549   0.01602   0.00000   0.16718   0.09151   5.95626  
 50  0.0000   1425.220333  x:  0.07307   0.00610   0.00000   0.00679   0.01942   0.02516   0.01882   0.02277   0.02053   0.03154   0.02227   0.16970   0.00665   0.00000   0.01249   0.00000   0.00000   0.02234   0.01244   0.02549   0.01602   0.00000   0.16718   0.09151   5.95626  