

TREE # 1

  0  0.0000   1880.669080  x:  1.15727   1.05720   1.35480  
  1 99.0000   1876.701144  x:  1.47189   1.05326   1.44620  
  2 27.0154   1873.910443  x:  1.64341   1.34454   1.71214  
  3 21.1074   1873.738914  x:  1.63815   1.32373   1.77651  
  4  5.7958   1873.677870  x:  1.69206   1.33023   1.79844  
  5  0.0330   1873.677783  x:  1.69297   1.33159   1.80072  
  6  0.0020   1873.677782  x:  1.69306   1.33173   1.80068  
  7  0.0002   1873.677782  x:  1.69306   1.33173   1.80068  
  8  0.0000   1873.677782  x:  1.69306   1.33173   1.80068  

TREE # 2

  0  0.0000   1874.465474  x:  1.65829   1.20497   1.63153  
  1 99.0000   1873.871280  x:  1.59959   1.28083   1.69641  
  2 10.3940   1873.750654  x:  1.63888   1.28418   1.77031  
  3  3.1938   1873.679155  x:  1.69434   1.32736   1.79513  
  4  3.5157   1873.677783  x:  1.69293   1.33161   1.80064  
  5  0.0062   1873.677782  x:  1.69306   1.33173   1.80068  
  6  0.0002   1873.677782  x:  1.69306   1.33173   1.80068  
  7  0.0000   1873.677782  x:  1.69306   1.33173   1.80068  
  8  0.0000   1873.677782  x:  1.69306   1.33173   1.80068  
  9  0.0000   1873.677782  x:  1.69306   1.33173   1.80068  
check convergence!
