

TREE # 1

  0  0.0000   1366.646807  x:  1.03997   0.83486   1.18858  
  1 99.0000   1363.341464  x:  1.38469   0.89790   1.32766  
  2 20.2971   1361.684452  x:  1.46084   1.10069   1.53914  
  3 19.0082   1361.576636  x:  1.45744   1.07868   1.58718  
  4  4.6198   1361.553171  x:  1.49428   1.08825   1.60527  
  5  0.0245   1361.553056  x:  1.49504   1.08981   1.60776  
  6  0.0022   1361.553056  x:  1.49507   1.08986   1.60772  
  7  0.0001   1361.553056  x:  1.49507   1.08986   1.60772  

TREE # 2

  0  0.0000   1362.014661  x:  1.46764   0.99643   1.47172  
  1 99.0000   1361.673865  x:  1.42301   1.05397   1.52075  
  2  7.8666   1361.605239  x:  1.44462   1.05144   1.57509  
  3  2.6198   1361.553655  x:  1.49602   1.08717   1.60397  
  4  2.5967   1361.553056  x:  1.49503   1.08983   1.60771  
  5  0.0042   1361.553056  x:  1.49507   1.08986   1.60772  
  6  0.0001   1361.553056  x:  1.49507   1.08986   1.60772  