1.999999999999999556e+00
2.000000000000000000e+00
1.999999999999999778e+00
1.999999999999999778e+00
1.999999999999999778e+00
2.000000000000000000e+00
2.000000000000000000e+00
1.999999999999999778e+00
2.000000000000000000e+00
1.999999999999999778e+00
1.999999999999999778e+00
1.999999999999999778e+00
1.999999999999999556e+00
1.999999999999999778e+00
2.000000000000000000e+00
2.000000000000000444e+00
2.000000000000000000e+00
2.000000000000000000e+00
2.000000000000000000e+00
2.000000000000000000e+00
1.999999999999999556e+00
2.000000000000000000e+00
1.999999999999999778e+00
2.000000000000000888e+00
2.000000000000000000e+00
2.000000000000000000e+00
2.000000000000000444e+00
2.000000000000000000e+00
2.000000000000000000e+00
2.000000000000000888e+00
2.000000000000000444e+00
2.000000000000000888e+00
2.000000000000000444e+00
2.000000000000000444e+00
1.999999999999999556e+00
2.000000000000000444e+00
2.000000000000000888e+00
2.000000000000000888e+00
2.000000000000000444e+00
2.000000000000000444e+00
2.000000000000000444e+00
2.000000000000000000e+00
2.000000000000000444e+00
1.999999999999999778e+00
2.000000000000000888e+00
2.000000000000001776e+00
2.000000000000001332e+00
2.000000000000000888e+00
2.000000000000000000e+00
2.000000000000001332e+00
2.000000000000000888e+00
2.000000000000000000e+00
2.000000000000000444e+00
2.000000000000000888e+00
2.000000000000001332e+00
2.000000000000000444e+00
2.000000000000000888e+00
2.000000000000000888e+00
2.000000000000001776e+00
2.000000000000001776e+00
2.000000000000000888e+00
2.000000000000000444e+00
2.000000000000001332e+00
2.000000000000000000e+00
2.000000000000001332e+00
2.000000000000000888e+00
2.000000000000001776e+00
2.000000000000000888e+00
2.000000000000000888e+00
2.000000000000002665e+00
2.000000000000001332e+00
2.000000000000001776e+00
2.000000000000001776e+00
2.000000000000001776e+00
2.000000000000000888e+00
2.000000000000000000e+00
2.000000000000001332e+00
1.999999999999999556e+00
2.000000000000001776e+00
2.000000000000000888e+00
2.000000000000000888e+00
2.000000000000000888e+00
2.000000000000000888e+00
2.000000000000000888e+00
2.000000000000001776e+00
2.000000000000000000e+00
2.000000000000001332e+00
2.000000000000001776e+00
2.000000000000001776e+00
2.000000000000002665e+00
2.000000000000003553e+00
2.000000000000002665e+00
2.000000000000003109e+00
2.000000000000002665e+00
2.000000000000002665e+00
2.000000000000001776e+00
2.000000000000001776e+00
2.000000000000002665e+00
2.000000000000002665e+00
2.000000000000002665e+00
0.000000000000000000e+00
8.309619368381054860e-02
1.554091926656171740e-01
2.183887691122710917e-01
2.732842616698521465e-01
3.211729006636745432e-01
3.629840603658079368e-01
3.995200321297331381e-01
4.314738246536036215e-01
4.594444231174422133e-01
4.839498754938731384e-01
5.054385202994320370e-01
5.242986240264734255e-01
5.408666572784996962e-01
5.554344052084037031e-01
5.682550793663434519e-01
5.795485737679596516e-01
5.895059872706491788e-01
5.982935166652353365e-01
6.060558098016025630e-01
6.129188551860588197e-01
6.189924734889264979e-01
6.243724670054617842e-01
6.291424750852129266e-01
6.333755766831747902e-01
6.371356753191728117e-01
6.404786967139171061e-01
6.434536250767595167e-01
6.461034003454251273e-01
6.484656955316114857e-01
6.505735906313319106e-01
6.524561572496417883e-01
6.541389661098905295e-01
6.556445279201433829e-01
6.569926766131531926e-01
6.582009027264060785e-01
6.592846436156183376e-01
6.602575362732397979e-01
6.611316377313047887e-01
6.619176173468656055e-01
6.626249246823614492e-01
6.632619361890743637e-01
6.638360834677076161e-01
6.643539655061572180e-01
6.648214469722442121e-01
6.652437443612320145e-01
6.656255015581787893e-01
6.659708561681676464e-01
6.662834977886821219e-01
6.665667192438911037e-01
6.668234616670151160e-01
6.670563542013687730e-01
6.672677489906090331e-01
6.674597520420701979e-01
6.676342504719255944e-01
6.677929365757999669e-01
6.679373291119017342e-01
6.680687921346748492e-01
6.681885516743052422e-01
6.682977105203482537e-01
6.683972613354625114e-01
6.684880982971708185e-01
6.685710274410738840e-01
6.686467758576321030e-01
6.687159998760184854e-01
6.687792923522839494e-01
6.688371891649149692e-01
6.688901750084275122e-01
6.689386885648200831e-01
6.689831271231800880e-01
6.690238507094331544e-01
6.690611857809332097e-01
6.690954285341685903e-01
6.691268478682610432e-01
6.691556880419955444e-01
6.691821710577622317e-01
6.692064988019938987e-01
6.692288549682995358e-01
6.692494067865564222e-01
6.692683065785747232e-01
6.692856931586876890e-01
6.693016930955406618e-01
6.693164218495845086e-01
6.693299847991747153e-01
6.693424781667665080e-01
6.693539898554597967e-01
6.693646002050317456e-01
6.693743826756197723e-01
6.693834044663490301e-01
6.693917270754208282e-01
6.693994068074928805e-01
6.694064952335743168e-01
6.694130396081164891e-01
6.694190832474802288e-01
6.694246658735530930e-01
6.694298239258860139e-01
6.694345908453821492e-01
6.694389973322625309e-01
6.694430715807609955e-01
6.694468394927539645e-01
