1.999999999999999556e+00
1.999999999999999334e+00
2.000000000000000000e+00
1.999999999999999778e+00
1.999999999999999778e+00
1.999999999999999778e+00
2.000000000000000444e+00
2.000000000000000000e+00
1.999999999999999556e+00
2.000000000000000444e+00
2.000000000000000000e+00
2.000000000000000444e+00
2.000000000000000444e+00
1.999999999999999556e+00
2.000000000000000444e+00
1.999999999999999334e+00
2.000000000000000444e+00
2.000000000000000000e+00
2.000000000000001776e+00
2.000000000000001332e+00
2.000000000000000888e+00
2.000000000000000444e+00
2.000000000000000444e+00
2.000000000000000888e+00
2.000000000000000888e+00
2.000000000000001332e+00
2.000000000000000888e+00
2.000000000000000888e+00
2.000000000000001332e+00
2.000000000000001776e+00
2.000000000000000000e+00
2.000000000000002665e+00
2.000000000000000888e+00
2.000000000000000888e+00
2.000000000000000888e+00
2.000000000000002665e+00
2.000000000000003553e+00
2.000000000000001776e+00
2.000000000000001776e+00
2.000000000000000888e+00
2.000000000000001776e+00
2.000000000000001776e+00
2.000000000000001332e+00
2.000000000000002220e+00
2.000000000000001776e+00
2.000000000000003109e+00
2.000000000000000888e+00
2.000000000000001776e+00
2.000000000000002665e+00
2.000000000000003109e+00
2.000000000000003109e+00
2.000000000000003553e+00
2.000000000000002220e+00
2.000000000000003553e+00
2.000000000000001776e+00
2.000000000000002665e+00
2.000000000000003553e+00
2.000000000000002665e+00
2.000000000000003553e+00
2.000000000000002665e+00
2.000000000000002220e+00
2.000000000000002220e+00
2.000000000000004885e+00
2.000000000000002665e+00
2.000000000000002220e+00
2.000000000000000888e+00
2.000000000000003109e+00
2.000000000000004441e+00
2.000000000000001776e+00
2.000000000000004441e+00
2.000000000000006661e+00
2.000000000000003553e+00
2.000000000000006661e+00
2.000000000000004441e+00
2.000000000000003553e+00
2.000000000000004885e+00
2.000000000000003109e+00
2.000000000000003553e+00
2.000000000000002665e+00
2.000000000000004885e+00
2.000000000000004441e+00
2.000000000000003997e+00
2.000000000000003553e+00
2.000000000000005773e+00
2.000000000000003553e+00
2.000000000000000000e+00
2.000000000000005329e+00
2.000000000000005329e+00
2.000000000000003553e+00
2.000000000000006217e+00
2.000000000000006217e+00
2.000000000000007105e+00
2.000000000000003553e+00
2.000000000000006661e+00
2.000000000000003997e+00
2.000000000000003553e+00
2.000000000000005329e+00
2.000000000000005329e+00
2.000000000000006661e+00
2.000000000000006661e+00
0.000000000000000000e+00
1.879832307851556084e-01
3.211729006636745432e-01
4.160302236910455864e-01
4.839498754938731384e-01
5.328499417011418604e-01
5.682550793663434519e-01
5.940364778927322842e-01
6.129188551860588197e-01
6.268289214946105581e-01
6.371356753191728117e-01
6.448166872066734001e-01
6.505735906313319106e-01
6.549126046714008886e-01
6.582009027264060785e-01
6.607062386219511030e-01
6.626249246823614492e-01
6.641016749543874331e-01
6.652437443612320145e-01
6.661310515575756819e-01
6.668234616670151160e-01
6.673660517051165364e-01
6.677929365757999669e-01
6.681300631884024011e-01
6.683972613354625114e-01
6.686097566507459566e-01
6.687792923522839494e-01
6.689149650724459661e-01
6.690238507094331544e-01
6.691114753141200744e-01
6.691821710577622317e-01
6.692393465685422260e-01
6.692856931586876890e-01
6.693233428316591738e-01
6.693539898554597967e-01
6.693789846849040881e-01
6.693994068074928805e-01
6.694161214566356488e-01
6.694298239258860139e-01
6.694410743160830179e-01
6.694503248723057132e-01
6.694579415601003003e-01
6.694642211473831317e-01
6.694694047680358473e-01
6.694736887221892641e-01
6.694772330993407072e-01
6.694801686808895536e-01
6.694826024789992669e-01
6.694846221916124218e-01
6.694862997937476301e-01
6.694876944387178064e-01
6.694888548066619816e-01
6.694898210093715996e-01
6.694906261381288193e-01
6.694912975236729791e-01
6.694918577635913248e-01
6.694923255614002588e-01
6.694927164129013120e-01
6.694930431684353866e-01
6.694933164941100356e-01
6.694935452506801665e-01
6.694937368051636639e-01
6.694938972874578953e-01
6.694940318019073633e-01
6.694941446019346820e-01
6.694942392343188331e-01
6.694943186585388117e-01
6.694943853455697091e-01
6.694944413597629929e-01
6.694944884267568508e-01
6.694945279898427692e-01
6.694945612568066196e-01
6.694945892388758368e-01
6.694946127831093996e-01
6.694946325993951231e-01
6.694946492829241258e-01
6.694946633329378338e-01
6.694946751683747976e-01
6.694946851409220301e-01
6.694946935459316073e-01
6.694947006315279392e-01
6.694947066062413299e-01
6.694947116453827674e-01
6.694947158963850953e-01
6.694947194832725490e-01
6.694947225104175281e-01
6.694947250656750892e-01
6.694947272230133972e-01
6.694947290447341715e-01
6.694947305833243156e-01
6.694947318830097860e-01
6.694947329810686520e-01
6.694947339089285521e-01
6.694947346930938403e-01
6.694947353559145276e-01
6.694947359162516376e-01
6.694947363900165538e-01
6.694947367906385338e-01
6.694947371294550642e-01
6.694947374160366005e-01
