"YLR406C_YDL075W" "YER131W_YGL189C" "YDR502C_YLR180W" "YML026C_YDR450W" "YNL301C_YOL120C" "YHR106W_YDR353W" "YIL057C_YER067W" "YPL087W_YBR183W" "YNL069C_YIL133C" "YDR518W_YCL043C" "YGR043C_YLR354C" "YPR157W_YGR141W" "YDR099W_YER177W" "YBR024W_YBR037C" "YPL037C_YDR252W" "YMR143W_YDL083C" "YPR159W_YGR143W" "YJL177W_YKL180W" "YGL133W_YPL216W" "YJR048W_YEL039C" "YBR191W_YPL079W" "YER074W_YIL069C" "YDR418W_YEL054C" "YNL049C_YIL109C" "YBR117C_YPR074C" "YPL232W_YMR183C" "YLR284C_YOR180C" "YBL087C_YER117W" "YGL062W_YBR218C" "YIR033W_YKL020C" "YMR243C_YOR316C" "YLR333C_YGR027C" "YMR142C_YDL082W" "YER102W_YBL072C" "YAL056W_YOR371C" "YDR438W_YML018C"
"length" 336 354 1143 420 555 954 465 918 591 1494 993 1209 744 831 426 402 2007 549 2862 324 477 399 489 2502 2037 864 804 408 3387 2511 1119 321 591 594 1965 993
"ll" -1319.55910798523 -1375.13412542764 -6890.25339376436 -1604.2754425029 -2404.25815141303 -6811.06668765856 -3771.1529917065 -8125.66881005352 -2539.56187030511 -13668.8510974947 -7543.31653645889 -10653.279769373 -4271.84912348559 -7531.53939607166 -3203.98662836156 -1430.03743169709 -16161.5789889367 -2055.25750572024 -30093.026435529 -2216.59979970999 -1685.99546511315 -1478.331914152 -1975.73850528205 -21211.1593469276 -15179.4189810481 -6719.93143419663 -8051.19846085245 -1592.07268597461 -22991.3663060505 -23850.7482103104 -9722.11411540999 -1454.13060926825 -2337.65843860417 -2356.05630113244 -19983.948740109 -9243.83328268735
"pi_a" 0.29288270277425 0.300523052508682 0.236045971455246 0.270907458963331 0.258701254789863 0.265083901541789 0.319189115685084 0.260897420699312 0.268185878409598 0.282928789395306 0.288077902893896 0.267271007623268 0.259635594772071 0.286702383149264 0.320818636226102 0.272750720765908 0.282332068836779 0.285926112614047 0.338806513198165 0.299486123695237 0.281564315864681 0.291953273217624 0.282233982267061 0.297144464962017 0.261690013324874 0.31620744767238 0.291517168983067 0.227137169807135 0.252523345747025 0.313088790329291 0.266137396837228 0.284508741292301 0.288766124470606 0.2667537267322 0.316227429778041 0.266436762004878
"pi_c" 0.20445725950177 0.277552254272909 0.249559651277546 0.24066728849856 0.241192263429239 0.243212424802606 0.23481087034462 0.189036613514997 0.229885772797948 0.247393894168751 0.230075276258829 0.222672956942912 0.256758354972905 0.215129558936266 0.248099074223476 0.228831406921678 0.236371174817953 0.264626400722888 0.190118440545516 0.223363084339162 0.244598842683503 0.235787112672713 0.243702777120791 0.224520084988029 0.247535442864127 0.226929878301931 0.20174926045662 0.225418783307889 0.245934300441166 0.215853481315746 0.234617976764014 0.238316988980274 0.260981729423211 0.249365780837774 0.203562077262745 0.206571668616095
"pi_g" 0.196466481780134 0.167872306908363 0.193874782527737 0.181580583278862 0.200133027635775 0.215683849611447 0.184841393387352 0.205814928294014 0.195361538505831 0.191362240077427 0.192586532414226 0.219014823867708 0.177003935080861 0.209918816862161 0.182648813112608 0.170063451828981 0.190048487730305 0.170609612319262 0.192435170185745 0.201647059633594 0.171883396358228 0.181696937950481 0.169190995599093 0.181746101420174 0.200017918776267 0.200927153666498 0.217124286935268 0.212418117744632 0.202907774500267 0.183111558321791 0.19774333553898 0.187257915428836 0.185079231226453 0.194802624857326 0.199459755616713 0.198777407396122
"pi_t" 0.306193555943846 0.254052386310045 0.320519594739471 0.306844669259247 0.299973454145123 0.276019824044158 0.261158620582944 0.344251037491678 0.306566810286623 0.278315076358516 0.28926028843305 0.291041211566112 0.306602115174163 0.288249241052308 0.248433476437813 0.328354420483433 0.291248268614962 0.278837874343803 0.278639876070574 0.275503732332007 0.301953445093587 0.290562676159182 0.304872245013056 0.29658934862978 0.290756625034732 0.255935520359191 0.289609283625045 0.335025929140344 0.298634579311542 0.287946170033173 0.301501290859777 0.289916354298588 0.26517291487973 0.2890778675727 0.2807507373425 0.328214161982905
"kappa" 11.0513162466759 12.0863298639983 6.99082535447859 10.4140506124639 7.46643511221469 5.01987710246749 4.16422413278718 3.38308154690579 7.05206420139924 3.59483404414926 4.55568088777025 3.28903351255815 9.64011680023224 3.57424015960133 4.24162579292026 20.3602988800537 3.57152330139825 10.3482537661688 3.4645081055359 4.62384550197178 13.3675444641741 13.3306214761094 13.0432853536438 3.69220055540414 4.07230443959061 4.79287236140447 3.48125544527405 13.2812086089894 5.25140025606627 3.53667001078347 3.38055332641895 6.36983105339487 9.35125334932113 8.79482805089678 3.03043131820284 3.53083075508354
"tau" 0 0 0 0 0 0 0 0 0 0 0 0 0 0 0 0 0 0 0 0 0 0 0 0 0 0 0 0 0 0 0 0 0 0 0 0
"(N0,N1)" 0.00659551199790183 0.00390491010300672 0.0182586280407246 0.00288524706135402 0.00131227344977984 0.0142936372236972 0.02358839767333 0.0261005803817435 0.010846048783822 0.00569925257762597 0.0484796782343946 0.0117796981703266 0.0105898532112365 0.0241796768817423 0.00553088816303556 3.05902320501826e-07 0.0169405405724523 0.000402860530071094 0.0896577605247662 0.00230733199803716 0.00172413735447541 2.77031773570424e-08 0.00493590832535816 0.0384167982838066 0.00323155125667793 0.0244527968626338 0.018697473945034 0.0029791528898655 0.00425228352639861 0.0413844283312629 0.0333594951971621 3.05902320501826e-07 3.05902320501826e-07 0.00235476830612941 0.0309561519581093 0.0885822043827454
"(N0,kluyveri)" 0.0867021925026334 0.0673504797219452 0.148068519478069 0.0732153410059135 0.0687355585047973 0.193773166829634 0.339104072223618 0.395142719387964 0.0912509723513558 0.424134384531421 0.255856525515042 0.345924769601476 0.146713056226938 0.38263818304111 0.244767825041021 0.0560235151957532 0.308406181719863 0.0731975843181842 0.528654815813835 0.185099869725819 0.0593890728950517 0.0737491090878834 0.0786822183680988 0.333431120242551 0.239232448413901 0.284827393177121 0.492044238230857 0.0697938621117219 0.204464508173676 0.49371330044715 0.31515711186621 0.123185615371308 0.0723105985706591 0.0761717677351965 0.582998215780585 0.452996810166228
"(N1,N2)" 0.0221413665899805 0.0280901791001269 0.0476382938324033 0.0279290559399604 0.0210699376306584 0.0778740021145024 0.15453953661463 0.261603352048935 0.0447280258710507 0.30422284769486 0.114365751294407 0.217768060445155 0.0652258254362095 0.233468975321683 0.158695577807111 0.0252913050236165 0.142204542746239 0.040527547360634 0.270960492329843 0.100795981457407 0.0302587982911809 0.0334999169822218 0.0407000825889871 0.188135637984482 0.147662534593664 0.162582290905483 0.332451575593365 0.0285538197194006 0.0553398881773474 0.329141768808775 0.160746059770241 0.0643619495290952 0.03115075572671 0.0262858436942611 0.334467239964752 0.240922555321591
"(N1,castellii)" 0.0563222322410406 0.0634455696189384 0.129809891437345 0.05965747194122 0.0668629582250323 0.179479529605937 0.260005581232283 0.36904213900622 0.0804049235675338 0.418435131953795 0.207376847280647 0.334145071431149 0.136123203015702 0.358458506159367 0.239236936877985 0.0560235151957532 0.250894625182969 0.067894738798074 0.438997055289069 0.182792537727782 0.0576649355405763 0.0599794336285548 0.0737463100427406 0.295014321958745 0.236000897157223 0.260374596314487 0.473346764285823 0.0653490561135356 0.156192365803211 0.452328872115887 0.281797616669048 0.0981425555317023 0.0648215913811291 0.0676357759856771 0.476308861307116 0.364414605783482
"(N2,N3)" 0.00646507360016304 0.00917032780609947 0.0143784770378925 0.00494720305988448 0.00643465752272247 0.0175301554662445 0.0156507159877704 0.0182519926684286 0.00882878046807807 0.0180879968697379 0.0141974975091392 0.0177033249167923 0.0140766807781734 0.02031836570503 0.00914418810113744 0.00688699467932977 0.0228799507285431 0.00626547501547011 0.0222974503201572 0.0158800499303184 0.00466058001844806 2.01636332469797e-10 0.00361227106433615 0.0114427609580298 0.0149766421952014 0.0173356460337273 0.014192066036743 0.00989257431405042 0.016237427843362 0.0203669199489148 0.0233525851628501 0.00500626607771316 1.82232609620836e-11 0.0101814027750602 0.0245277296852849 0.0247230390963502
"(N2,bayanus)" 0.0341808656510601 0.0353553905188116 0.0821715976049414 0.0317284160012596 0.0457930205943739 0.101605527491435 0.105466044617653 0.107438786957285 0.0356768976964831 0.114212284258935 0.0930110959862401 0.116377010985994 0.0708973775794922 0.124989530837684 0.080541359070875 0.0307322101721366 0.10869008243673 0.0273671914374399 0.168036562959226 0.0819965562703749 0.0274061372493954 0.0264795166463331 0.0330462274537536 0.106878683974262 0.0883383625635589 0.0977923054090036 0.140895188692458 0.036795236394135 0.100852477625864 0.123187103307112 0.121051556898807 0.0337806060026071 0.0336708356544191 0.0413499322914161 0.141841621342364 0.123492050461892
"(N3,N4)" 0.00490320549092398 0.00622826563322994 0.0161340521590638 3.05902320501826e-07 0.00459772962859837 0.022470439292301 0.0212322054450011 0.0161388098780402 0.00320162639861239 0.0245443924506321 0.0153295457225818 0.0234580011310498 0.0101932055956821 0.0295086844642918 0.00811575849295296 0.00393340231180001 0.0185502116228986 0.00478223025292083 0.033511551716549 0.00951274788408665 0.00682780501087251 3.05902320501826e-07 0.00694026909718111 0.0265515405771067 0.0165088697774599 0.0168956055895862 0.0296560242116241 0.00512433143497538 0.0210136210478014 0.0210877148620674 0.0170974511022829 0.00606073701296871 0.00629800257296613 0.0107232595877002 0.0227622317642776 0.0239058297870733
"(N3,kudriavzevii)" 0.0277157920508971 0.0261850627127121 0.0677931205670489 0.0267812129413751 0.0393583630716514 0.0840753720251901 0.0898153286298823 0.0891867942888566 0.0268481172284051 0.0961242873891972 0.0788135984771008 0.0986736860692017 0.0568206968013188 0.104671165132654 0.0713971709697375 0.0238452154928069 0.0858101317081874 0.0211017164219698 0.145739112639068 0.0661165063400565 0.0227455572309473 0.0264795164446967 0.0294339563894174 0.0954359230162325 0.0733617203683574 0.0804566593752763 0.126703122655715 0.0269026620800846 0.0846150497825016 0.102820183358198 0.0976989717359568 0.028774339924894 0.0336708356361958 0.0311685295163559 0.11731389165708 0.0987690113655415
"(N4,N5)" 0.00484418125254783 0.00371743481414977 0.0213902291359162 0.00870813300772144 0.00463468125849489 0.0256316689611063 0.0263930586416777 0.0299476009889799 0.0113291515934299 0.0280468170269923 0.0236201561882107 0.0271027266028706 0.0162202276685245 0.0358284539471801 0.0260500491788472 0.00359087063934125 0.0254779737850668 0.00385712118372766 0.038397480997767 0.0172393479433216 0.00722408150377849 0.00755275323648442 0.0078916562965896 0.0263530628159804 0.0193998737279243 0.0229834479739953 0.0375312945461715 0.00328114627409228 0.0234301397488605 0.0331177881123036 0.0291704617990336 0.007097762034959 0.0137215574276771 0.0122486525999309 0.0251880332167907 0.026622479011565
"(N4,mikatae)" 0.0228125865599731 0.0199567970794822 0.051659068407985 0.0267812129413751 0.0347606334430531 0.0616049327328891 0.0685831231848811 0.0730479844108164 0.0236464908297927 0.0715798949385651 0.0634840527545191 0.0752156849381519 0.0466274912056367 0.0751624806683626 0.0632814124767845 0.0199118131810068 0.0672599200852887 0.016319486169049 0.112227560922519 0.0566037584559699 0.0159177522200748 0.0264795164446967 0.0224936872922363 0.0688843824391258 0.0568528505908975 0.0635610537856901 0.0970470984440913 0.0217783306451092 0.0636014287347001 0.0817324684961301 0.0806015206336738 0.0227136029119252 0.0273728330632297 0.0204452699286557 0.0945516598928019 0.0748631815784682
"(N5,cerevisiae)" 0.0179684053074253 0.0162393622653324 0.0302688392720688 0.0180730799336536 0.0301259521845582 0.0359732637717828 0.0421900645432035 0.0431003834218365 0.0123173392363627 0.0435330779115728 0.0398638965663084 0.0481129583352814 0.0304072635371122 0.0393340267211824 0.0372313632979373 0.0163209425416656 0.0417819463002219 0.0124623649853213 0.0738300799247524 0.0393644105126483 0.00869367071629632 0.0189267632082123 0.0146020309956467 0.0425313196231454 0.0374529768629732 0.0405776058116948 0.0595158038979197 0.018497184371017 0.0401712889858397 0.0486146803838265 0.0514310588346403 0.0156158408769663 0.0136512756355526 0.00819661732872486 0.0693636266760112 0.0482407025669032
"(N5,paradoxus)" 0.0179684053074253 0.0162393622653324 0.0302688392720688 0.0180730799336536 0.0301259521845582 0.0359732637717828 0.0421900645432035 0.0431003834218365 0.0123173392363627 0.0435330779115728 0.0398638965663084 0.0481129583352814 0.0304072635371122 0.0393340267211824 0.0372313632979373 0.0163209425416656 0.0417819463002219 0.0124623649853213 0.0738300799247524 0.0393644105126483 0.00869367071629632 0.0189267632082123 0.0146020309956467 0.0425313196231454 0.0374529768629732 0.0405776058116948 0.0595158038979197 0.018497184371017 0.0401712889858397 0.0486146803838265 0.0514310588346403 0.0156158408769663 0.0136512756355526 0.00819661732872486 0.0693636266760112 0.0482407025669032
"(N0,N1,tau)" 0 0 0 0 0 0 0 0 0 0 0 0 0 0 0 0 0 0 0 0 0 0 0 0 0 0 0 0 0 0 0 0 0 0 0 0
"(N0,kluyveri,tau)" 0 0 0 0 0 0 0 0 0 0 0 0 0 0 0 0 0 0 0 0 0 0 0 0 0 0 0 0 0 0 0 0 0 0 0 0
"(N1,N2,tau)" 0 0 0 0 0 0 0 0 0 0 0 0 0 0 0 0 0 0 0 0 0 0 0 0 0 0 0 0 0 0 0 0 0 0 0 0
"(N1,castellii,tau)" 0 0 0 0 0 0 0 0 0 0 0 0 0 0 0 0 0 0 0 0 0 0 0 0 0 0 0 0 0 0 0 0 0 0 0 0
"(N2,N3,tau)" 0 0 0 0 0 0 0 0 0 0 0 0 0 0 0 0 0 0 0 0 0 0 0 0 0 0 0 0 0 0 0 0 0 0 0 0
"(N2,bayanus,tau)" 0 0 0 0 0 0 0 0 0 0 0 0 0 0 0 0 0 0 0 0 0 0 0 0 0 0 0 0 0 0 0 0 0 0 0 0
"(N3,N4,tau)" 0 0 0 0 0 0 0 0 0 0 0 0 0 0 0 0 0 0 0 0 0 0 0 0 0 0 0 0 0 0 0 0 0 0 0 0
"(N3,kudriavzevii,tau)" 0 0 0 0 0 0 0 0 0 0 0 0 0 0 0 0 0 0 0 0 0 0 0 0 0 0 0 0 0 0 0 0 0 0 0 0
"(N4,N5,tau)" 0 0 0 0 0 0 0 0 0 0 0 0 0 0 0 0 0 0 0 0 0 0 0 0 0 0 0 0 0 0 0 0 0 0 0 0
"(N4,mikatae,tau)" 0 0 0 0 0 0 0 0 0 0 0 0 0 0 0 0 0 0 0 0 0 0 0 0 0 0 0 0 0 0 0 0 0 0 0 0
"(N5,cerevisiae,tau)" 0 0 0 0 0 0 0 0 0 0 0 0 0 0 0 0 0 0 0 0 0 0 0 0 0 0 0 0 0 0 0 0 0 0 0 0
"(N5,paradoxus,tau)" 0 0 0 0 0 0 0 0 0 0 0 0 0 0 0 0 0 0 0 0 0 0 0 0 0 0 0 0 0 0 0 0 0 0 0 0
"(N0,N1,1->2)" 0 0 0 0 0 0 0 0 0 0 0 0 0 0 0 0 0 0 0 0 0 0 0 0 0 0 0 0 0 0 0 0 0 0 0 0
"(N0,kluyveri,1->2)" 0 0 0 0 0 0 0 0 0 0 0 0 0 0 0 0 0 0 0 0 0 0 0 0 0 0 0 0 0 0 0 0 0 0 0 0
"(N1,N2,1->2)" 0 0 0 0 0 0 0 0 0 0 0 0 0 0 0 0 0 0 0 0 0 0 0 0 0 0 0 0 0 0 0 0 0 0 0 0
"(N1,castellii,1->2)" 0 0 0 0 0 0 0 0 0 0 0 0 0 0 0 0 0 0 0 0 0 0 0 0 0 0 0 0 0 0 0 0 0 0 0 0
"(N2,N3,1->2)" 0 0 0 0 0 0 0 0 0 0 0 0 0 0 0 0 0 0 0 0 0 0 0 0 0 0 0 0 0 0 0 0 0 0 0 0
"(N2,bayanus,1->2)" 0 0 0 0 0 0 0 0 0 0 0 0 0 0 0 0 0 0 0 0 0 0 0 0 0 0 0 0 0 0 0 0 0 0 0 0
"(N3,N4,1->2)" 0 0 0 0 0 0 0 0 0 0 0 0 0 0 0 0 0 0 0 0 0 0 0 0 0 0 0 0 0 0 0 0 0 0 0 0
"(N3,kudriavzevii,1->2)" 0 0 0 0 0 0 0 0 0 0 0 0 0 0 0 0 0 0 0 0 0 0 0 0 0 0 0 0 0 0 0 0 0 0 0 0
"(N4,N5,1->2)" 0 0 0 0 0 0 0 0 0 0 0 0 0 0 0 0 0 0 0 0 0 0 0 0 0 0 0 0 0 0 0 0 0 0 0 0
"(N4,mikatae,1->2)" 0 0 0 0 0 0 0 0 0 0 0 0 0 0 0 0 0 0 0 0 0 0 0 0 0 0 0 0 0 0 0 0 0 0 0 0
"(N5,cerevisiae,1->2)" 0 0 0 0 0 0 0 0 0 0 0 0 0 0 0 0 0 0 0 0 0 0 0 0 0 0 0 0 0 0 0 0 0 0 0 0
"(N5,paradoxus,1->2)" 0 0 0 0 0 0 0 0 0 0 0 0 0 0 0 0 0 0 0 0 0 0 0 0 0 0 0 0 0 0 0 0 0 0 0 0
"(N0,N1,2->1)" 0 0 0 0 0 0 0 0 0 0 0 0 0 0 0 0 0 0 0 0 0 0 0 0 0 0 0 0 0 0 0 0 0 0 0 0
"(N0,kluyveri,2->1)" 0 0 0 0 0 0 0 0 0 0 0 0 0 0 0 0 0 0 0 0 0 0 0 0 0 0 0 0 0 0 0 0 0 0 0 0
"(N1,N2,2->1)" 0 0 0 0 0 0 0 0 0 0 0 0 0 0 0 0 0 0 0 0 0 0 0 0 0 0 0 0 0 0 0 0 0 0 0 0
"(N1,castellii,2->1)" 0 0 0 0 0 0 0 0 0 0 0 0 0 0 0 0 0 0 0 0 0 0 0 0 0 0 0 0 0 0 0 0 0 0 0 0
"(N2,N3,2->1)" 0 0 0 0 0 0 0 0 0 0 0 0 0 0 0 0 0 0 0 0 0 0 0 0 0 0 0 0 0 0 0 0 0 0 0 0
"(N2,bayanus,2->1)" 0 0 0 0 0 0 0 0 0 0 0 0 0 0 0 0 0 0 0 0 0 0 0 0 0 0 0 0 0 0 0 0 0 0 0 0
"(N3,N4,2->1)" 0 0 0 0 0 0 0 0 0 0 0 0 0 0 0 0 0 0 0 0 0 0 0 0 0 0 0 0 0 0 0 0 0 0 0 0
"(N3,kudriavzevii,2->1)" 0 0 0 0 0 0 0 0 0 0 0 0 0 0 0 0 0 0 0 0 0 0 0 0 0 0 0 0 0 0 0 0 0 0 0 0
"(N4,N5,2->1)" 0 0 0 0 0 0 0 0 0 0 0 0 0 0 0 0 0 0 0 0 0 0 0 0 0 0 0 0 0 0 0 0 0 0 0 0
"(N4,mikatae,2->1)" 0 0 0 0 0 0 0 0 0 0 0 0 0 0 0 0 0 0 0 0 0 0 0 0 0 0 0 0 0 0 0 0 0 0 0 0
"(N5,cerevisiae,2->1)" 0 0 0 0 0 0 0 0 0 0 0 0 0 0 0 0 0 0 0 0 0 0 0 0 0 0 0 0 0 0 0 0 0 0 0 0
"(N5,paradoxus,2->1)" 0 0 0 0 0 0 0 0 0 0 0 0 0 0 0 0 0 0 0 0 0 0 0 0 0 0 0 0 0 0 0 0 0 0 0 0
