"YLR406C_YDL075W" "YER131W_YGL189C" "YDR502C_YLR180W" "YML026C_YDR450W" "YNL301C_YOL120C" "YHR106W_YDR353W" "YIL057C_YER067W" "YPL087W_YBR183W" "YNL069C_YIL133C" "YDR518W_YCL043C" "YGR043C_YLR354C" "YPR157W_YGR141W" "YDR099W_YER177W" "YBR024W_YBR037C" "YPL037C_YDR252W" "YMR143W_YDL083C" "YPR159W_YGR143W" "YJL177W_YKL180W" "YGL133W_YPL216W" "YJR048W_YEL039C" "YBR191W_YPL079W" "YER074W_YIL069C" "YDR418W_YEL054C" "YNL049C_YIL109C" "YBR117C_YPR074C" "YPL232W_YMR183C" "YLR284C_YOR180C" "YBL087C_YER117W" "YGL062W_YBR218C" "YIR033W_YKL020C" "YMR243C_YOR316C" "YLR333C_YGR027C" "YMR142C_YDL082W" "YER102W_YBL072C" "YAL056W_YOR371C" "YDR438W_YML018C"
"length" 336 354 1143 420 555 954 465 918 591 1494 993 1209 744 831 426 402 2007 549 2862 324 477 399 489 2502 2037 864 804 408 3387 2511 1119 321 591 594 1965 993
"ll" -1268.61431809951 -1313.05677457774 -6654.57863289585 -1461.47672411607 -2245.81433907482 -6612.44448995217 -3719.23812120105 -8049.86242932166 -2442.92384632313 -13577.800318168 -7441.17653359362 -10559.0210602107 -4088.46227880062 -7461.24537327988 -3144.58667545554 -1323.8351802861 -15899.1570112152 -1955.96019592702 -29945.8356526375 -2129.79317237315 -1551.0194293279 -1309.14936278951 -1867.78497759996 -20973.9754362175 -15016.5958659778 -6593.88010434277 -8004.1702684121 -1469.78066725013 -21609.4568205868 -23708.2310279554 -9600.97581252637 -1331.13561479489 -2125.59484551151 -2116.8720908752 -19904.7827613105 -9172.25063830287
"pi_a" 0.30091413605814 0.312939570757045 0.251287071385621 0.28678619333345 0.270712183925476 0.268228620184775 0.322865883803023 0.26270247014389 0.271624702034929 0.286200876969284 0.293192192393639 0.269134722200399 0.272878845065582 0.290409520118903 0.324589958759446 0.282081414191885 0.284097214962579 0.294173771785875 0.340377910370669 0.310910958487568 0.284713480987389 0.291921360166515 0.282758178955211 0.298975272707827 0.264714161234371 0.3257760722853 0.292229332304172 0.238041663441946 0.25751836602063 0.314905421043196 0.266339774006431 0.286362523460779 0.303182240313455 0.277339306101451 0.316758516929218 0.267982421277731
"pi_c" 0.206261203469085 0.262453372938041 0.237914675860843 0.231600265145926 0.236729092234539 0.236980403769847 0.231562279962947 0.187751194259864 0.228036062034421 0.242975626389807 0.224875392399091 0.219980335091251 0.249433283178125 0.211929668665401 0.244083879912717 0.226195554179136 0.232727975381745 0.253985187240802 0.188489928721278 0.219165890328656 0.235423482601152 0.230317351568155 0.240598158401074 0.22075819879979 0.242231077943651 0.217376733960557 0.201022211631715 0.220383796938554 0.24006876729074 0.213024726854562 0.231627302367801 0.23875208818904 0.240296878666647 0.23759456962645 0.20353627993585 0.204108894594493
"pi_g" 0.198867099020294 0.182802501734857 0.202600658485042 0.194914717825477 0.207102455032022 0.218380577384963 0.190323201160207 0.207196124774589 0.202237590864864 0.19186018671714 0.193055067332226 0.220956447460381 0.181195695196087 0.212115283927832 0.185613297692128 0.18472507347798 0.192684879362747 0.181983183667304 0.192391359038375 0.206263695171584 0.189989280346287 0.194633565499347 0.184078684740085 0.184613195995011 0.203217624689678 0.205111535871045 0.217525195937325 0.223338641559207 0.212413001728269 0.184392652678009 0.198916148938781 0.190780715169658 0.197251096874455 0.209690607544864 0.198800067295886 0.198769469061693
"pi_t" 0.293957561452481 0.241804554570056 0.308197594268494 0.286698823695147 0.285456268807963 0.276410398660414 0.255248635073824 0.342350210821657 0.298101645065787 0.278963309923769 0.288877347875044 0.289928495247969 0.296492176560205 0.285545527287864 0.245712863635709 0.306997958151 0.29048993029293 0.269857857306019 0.278740801869677 0.263659456012192 0.289873756065172 0.283127722765983 0.29256497790363 0.295653332497372 0.289837136132299 0.251735657883098 0.289223260126788 0.318235898060294 0.289999864960361 0.287677199424234 0.303116774686987 0.284104673180523 0.259269784145443 0.275375516727235 0.280905135839046 0.329139215066082
"kappa" 10.3581250800459 9.36389969320228 5.94687215600872 9.19834582609306 7.32701422067716 5.06629647634436 4.1272077102427 3.46876927673405 7.32261575429181 3.64046247528937 4.41915027551062 3.32752311947807 8.30552801135249 3.51600645438721 4.27657328647023 20.6494463950879 3.59190202526389 8.6124897052508 3.49731186826187 4.7062053885689 11.575628557578 13.4523775112077 11.7008966010272 3.68222807795846 3.98364572399258 4.61619214702865 3.50190785328264 10.8934921940132 5.09191800698435 3.61206364312096 3.47641003745071 7.72392048238244 9.3915901661638 8.71038212109903 3.0607119951602 3.61641355120785
"tau" 8.01235087513269 7.72010394202856 3.14157940620782 15.6223934916702 10.9747267106217 1.82218889505089 0.984851778203925 0.468330435245538 5.11497076242173 0.282783926561353 0.730788020192726 0.559042381058203 3.93122584964308 0.475532376244767 0.370282827143764 13.6972684893025 1.13393404379348 10.1191186256215 0.124611878472721 2.31185396085302 15.4601353162357 23.8539624699473 8.07702366697562 0.610216434776571 0.660476955901804 1.19612927411082 0.207091842482346 13.9377694906982 4.33361680507301 0.33960371428275 0.688081947489815 11.0843546398949 15.9570274619737 16.0186797016255 0.145647881484905 0.20980028228242
"(N0,N1)" 0.0417241698152918 0.0558857343982934 0.132390604957744 0.0794610876153685 0.0618660743699007 0.111934184205801 0.121397697401792 0.124793952747351 0.0890715048474275 0.0613307929593623 0.147641507600909 0.0915910778810258 0.144784450805372 0.130102190055995 0.0323482578370556 0.0385108534818797 0.109951731942501 0.0616731276412445 0.179963280604486 0.0792701701737473 0.0563192650649816 0.0763932813612322 0.0504779826700158 0.140734746632248 0.0441484224442426 0.167682788489581 0.0612543247284579 0.0696815746242916 0.190122194463457 0.157487490759898 0.147397325465588 0.114104232666659 0.0724521138566255 0.0765053262588723 0.0572850690541351 0.209429048817129
"(N0,kluyveri)" 0.0465693967149164 9.43748824804358e-07 1.34487643154585e-06 2.71841351136556e-06 0.0117951937959038 0.0504694027325058 0.223171036359001 0.236238862406568 3.02035149380535e-05 0.234142120915052 0.066879140766246 0.220804705503558 0.00877156940272952 0.173854642575436 0.140279390645648 1.20972956346426e-06 0.199545824136316 0.014666486394378 0.279966642930313 0.0613769675073236 8.22135876875204e-07 0.000111961088260214 0.0301980879670808 0.144293709541063 0.106086307740044 0.104512725458322 0.415195513296814 8.69175279688292e-07 2.15498468253519e-06 0.308433869366918 0.121704220853424 0.004312467533014 1.96881087119832e-09 2.32998089119528e-06 0.5531544862906 0.157660100295582
"(N1,N2)" 0.0356337851790771 0.027540621097405 0.0320457575751723 0.0203278435155757 0.0114690249144516 0.100087699810129 0.13667621709427 0.25712742436216 0.0437659221414863 0.373546588262469 0.115482492783461 0.189232838862705 0.0576172158236799 0.261343888775318 0.277519200524863 0.0320045564190182 0.147548023058755 0.0317210800723337 0.318254554004656 0.121177117170843 0.0276647371686879 0.0233336939939172 0.0433517945032796 0.177020250555125 0.170596369549822 0.153756278972333 0.354107455688911 0.0214310516399777 0.0668776061192862 0.327713793738995 0.194977580000742 0.0609766057269479 0.0256111956903725 0.0200484457903342 0.348338723708009 0.303481222681857
"(N1,castellii)" 0.0274379554243277 0.0415109656497145 0.116798518078924 0.0380007635195651 0.0665401862845851 0.114499052820246 0.253968857974255 0.347077681426978 0.0562794394415281 0.373299081690784 0.190007890555046 0.349307234372379 0.0868873307170471 0.304137083821145 0.111242614989349 0.0273410879630116 0.209392030205196 0.0485075942957891 0.388323480481383 0.146598388172775 0.0264908996530254 0.0541584168945536 0.0451350884146962 0.296674684113265 0.22533768720699 0.219728418070792 0.419988541388364 0.0425898161878237 0.0880083896570953 0.437426822941471 0.219651064591881 0.0979348698288892 0.045492177438261 0.0425573814166301 0.440433375920408 0.308047846962334
"(N2,N3)" 0.00634301213397913 0.0128036045159333 0.0215800701994921 0.00270081231921932 0.00564239836161549 0.026462377360234 0.0208887361641452 0.0367982240192916 0.00705943257176224 0.0297635357533805 0.0276485360938254 0.0290827724010804 0.0140266600797295 0.041849296571772 0.0155296560808901 0.00383853619778358 0.0307196191708269 0.00674969393478608 0.0617053339690829 0.0230345638673667 0.0051383564444811 1.00437325650395e-06 0.00519633429499808 0.0257681136854271 0.0286764858730589 0.01808764102621 0.0481072194550636 0.00537185784320245 0.0154666196899228 0.0393021925687719 0.0432978696088621 0.00501105798389906 1.75425815404545e-08 0.0062750100548357 0.0586756327139869 0.0421715672030035
"(N2,bayanus)" 0.0246803597512396 0.0113981836935265 0.0293990045041264 0.0135692250795495 0.0233960094238195 0.0560983515391314 0.0649009370670689 0.0559531375490184 0.0212477003070247 0.0816811577409879 0.0447366772333044 0.0701123495877442 0.0355310524403459 0.068707969761855 0.0619490425451322 0.0191509237005479 0.0607951541626857 0.0101639850494562 0.0982358815615635 0.0326096838582911 0.00669555176882308 0.016273841212088 0.00817677116253061 0.0571024996800129 0.0467556706317992 0.0651618235063178 0.0717138014801584 0.022945200619445 0.0546406525772567 0.0771460965405565 0.0636704562525386 0.0209514652247417 0.0140227718557438 0.0238868032309196 0.0818156938460518 0.0880841665936647
"(N3,N4)" 0.00528562914278569 0.00863968398322119 0.0177840253419982 2.97791187105039e-06 0.00800209436978168 0.0309863053650139 0.0305383952777707 0.0252571471885399 0.00214978654883924 0.0360999919487438 0.0214248162360044 0.0307390376018301 0.0135971583688344 0.0400408252254986 0.0143471580434667 0.00755424607205589 0.02216235456377 0.0062687370117735 0.0503478142750127 0.00974331195909977 0.00524156265546333 3.50201010967578e-06 0.00834206926205974 0.0367025865473254 0.024829328922906 0.0211299018924881 0.0488322046403982 0.00608815285795787 0.0213019080234889 0.0303853205850845 0.0221634823026766 0.012251212647771 0.00726838450757326 0.00559679531601501 0.0347758571734494 0.0379020115904866
"(N3,kudriavzevii)" 0.0163433261302113 0.0120041171245373 0.0415783541699297 0.0223280808094931 0.0279055855407549 0.0507323891043333 0.0523906141436299 0.0605046463125955 0.0218062078256506 0.0650144612425802 0.0570612887319128 0.0658826500575194 0.0229008249927495 0.0718825285499109 0.0559171856930299 0.0140794320497045 0.0576668073125291 0.0112966079346713 0.117190376779787 0.0482540629152593 0.0196044974660144 0.0226023202638922 0.0221097702512853 0.0624796435254884 0.0494702629529655 0.0463184406484416 0.0820637238838558 0.0141270293592388 0.0496572715810176 0.0648561131594627 0.0776380769796704 0.0108849554630259 0.0245619077673324 0.022865483283252 0.0897141978072951 0.0655389102011458
"(N4,N5)" 0.00193539758918643 0.00317969164651451 0.017785081359692 0.00315264958500233 0.00206656592241128 0.0237223238634972 0.022224484317712 0.0305594516466623 0.00657529129980614 0.0301270209808066 0.0206699843487298 0.0263150692677441 0.0111636574909046 0.032461842494164 0.0298302850851519 0.00170635392368672 0.0212817079283949 0.00235955432393824 0.0399357287732665 0.0152708556648244 0.00496380521642792 0.00340437239622989 0.00649646133449882 0.0271106806300348 0.0191018294803277 0.0188485892544682 0.042648191741497 0.00327662245383632 0.0184455279045459 0.0336509915903645 0.0224270763283652 0.00745416420143403 0.00835595201118398 0.0112718715338377 0.0351647113113585 0.034297422982271
"(N4,mikatae)" 0.0234573903848687 0.0151443604024721 0.0419322635827428 0.0188311560922475 0.01911241149078 0.0479787095356739 0.0579372894984107 0.0676740022657388 0.0169574287371345 0.0683671127278129 0.0631602469854948 0.0698596346158973 0.0397313294262811 0.0768484216327854 0.0656898702551313 0.0147519489225191 0.060355715575515 0.0115964335892555 0.119400298704505 0.0417556215242878 0.0176942371212342 0.0196809100957699 0.0144062506929138 0.0612560115008137 0.0571842268496996 0.0535543783609327 0.100580335764323 0.0128582627886277 0.0467246098815233 0.0807654332916041 0.0811394142836446 0.014508924969433 0.0195639010875412 0.00905955587907636 0.0770715552337048 0.0669488419363343
"(N5,cerevisiae)" 0.010340881979584 0.015918932107856 0.0227244901212726 0.00959131651186454 0.0215128041209005 0.0316105924500197 0.0481578860759661 0.0565913944858321 0.011285141923855 0.0451760140092138 0.0400129414607028 0.0501094925842903 0.0279825079126973 0.042462141719306 0.0433679195077406 0.00758657269016519 0.0376391341791546 0.00755370535476912 0.0905447170506217 0.0352850618625703 0.00358937390804064 0.0179196355779225 0.0152936639556057 0.0471100478819929 0.0394409201157109 0.04579535199399 0.0718162582960583 0.0145039827552681 0.0343930670318173 0.0518647703023117 0.053410328187153 0.0129326514727774 0.0111529086696571 0.00448124192313623 0.0567489130497185 0.0627104054562272
"(N5,paradoxus)" 0.0116814014912253 0.00879504671122413 0.0211423049686944 0.00653323233840418 0.0161849837221243 0.0255707081306241 0.0227304273497587 0.0220277855844121 0.00270659628097511 0.0393017215585 0.0314352840353942 0.0372720824169659 0.0148020951686911 0.0283761625877727 0.0313864504655952 0.0106380221253548 0.0298735644885972 0.00925388081729346 0.0565664816563515 0.0250802483839506 0.00629659123779324 0.00416768433397023 0.00590901348464398 0.0312703337395232 0.0299216868167895 0.01862014001253 0.0492948176662572 0.0062347031036237 0.0235858047820105 0.0388538306374611 0.0315172039769506 0.00925317818621498 0.00501846075355185 0.00785252601101205 0.0931720569908872 0.0383075404172342
"(N0,N1,tau)" 8.02325221090912 7.16024996883227 2.94223202012234 14.082949042374 10.5874588556838 1.80136148942763 0.986369473870506 0.471053787317777 5.09885650653335 0.283177176262027 0.723646672724538 0.557852066741757 3.85469895942286 0.473405835716463 0.371375306476498 12.3433631387179 1.13250481640283 10.0693509738507 0.125229902641576 2.315639815689 14.4627872739283 23.5187747539336 7.99437297462299 0.61274996207177 0.661579117367797 1.18956692506962 0.207808384445752 12.0203538242213 4.03725644179376 0.340577271309774 0.68594358730301 11.0052490052123 15.0125412289438 13.8380906573052 0.145836847195767 0.211602173205276
"(N0,kluyveri,tau)" 0 0 0 0 0 0 0 0 0 0 0 0 0 0 0 0 0 0 0 0 0 0 0 0 0 0 0 0 0 0 0 0 0 0 0 0
"(N1,N2,tau)" 10.0196680558349 8.12111977720801 3.11609384943881 13.741798064128 10.2015641389435 1.57282134365085 0.937995386013704 0.424769957481428 5.06009969465622 0.260897277519646 0.662327843273923 0.51603041351091 3.26493895101145 0.464927072335452 0.319612307763624 12.4470558611238 1.14613891648547 9.8294280283062 0.127972282612796 2.08470630243305 14.1228877694653 26.1369298090332 7.43007184352624 0.632147548969999 0.57818839985412 1.2295044687855 0.200412153034098 11.9245511640942 4.38894058188845 0.349283340860494 0.7021935341194 14.0455953236615 14.9015597841718 15.6875861141477 0.143150209463596 0.222070438160689
"(N1,castellii,tau)" 9.96459837515977 7.19413278829834 3.16901391766636 18.4789551806863 11.1769501330845 2.22698939332337 1.16572239497559 0.506738627024392 6.30650153868885 0.30776575198292 0.719094378734298 0.542433405148327 4.82337385367194 0.498187463893186 0.55921610699691 14.6302391366973 1.19338214870895 10.3063732094762 0.132088885219789 2.81810278295341 15.5034951245287 20.1799585036254 7.91140359284706 0.61244312755668 0.663579870879188 1.20730807150709 0.195286215621048 15.6454896076949 4.0391537031685 0.353331358820201 0.812991844407131 10.5400829163087 17.1233763348244 15.3478945558094 0.141072074188573 0.239572072293812
"(N2,N3,tau)" 5.49905069639988 8.10386141945153 2.82981088537919 15.1643443980253 11.7855556925918 1.65181849592837 0.919847156760961 0.309310238190507 6.17765264395096 0.211693342139727 0.660699892900996 0.407029539865501 3.45200767697242 0.440219051672974 0.305695089107524 5.06967232286005 0.936166816968878 7.48970475301687 0.120608309138983 1.86873362913742 16.2568430689306 27.8535417501371 7.71046446220138 0.548695614187715 0.600109141943002 1.03954225567766 0.209741461525693 10.749249581555 4.21548919546644 0.338088695142906 0.593371121253247 8.32363994805883 11.7630297374668 16.2791864003043 0.133319595493678 0.177535330006289
"(N2,bayanus,tau)" 8.30881099216772 8.05568026201235 3.16821197195375 17.0020325567073 14.138273960299 1.82022774945055 0.790340967377357 0.496170768683984 5.87624277565054 0.263799591983423 0.723622773310903 0.576789242635817 3.3343627662607 0.392322710857713 0.352518078497507 20.5398567866547 1.18619007097469 14.5989113417109 0.105554437491732 2.28339507793489 20.4520923834637 37.010095246011 10.5012674370343 0.639370467216674 0.642462490434083 1.25866562489125 0.193785518555453 21.7872699139966 5.27083165980839 0.350191114820488 0.673240015024143 20.7195281896174 23.2206248196814 19.5228471268611 0.133879684844012 0.219552254570886
"(N3,N4,tau)" 5.51625055576815 6.56771877038896 3.24657526989443 6.14302104268933 8.82577502180839 1.74352928870106 0.710422798792901 0.449497841852843 6.45320072480552 0.308726346238525 0.71845331743598 0.695339719671387 3.51742307747554 0.636829569940862 0.500067866445613 15.6785581846021 0.942094030843973 12.5825957121469 0.124418750098005 2.40088001454132 17.9689596114266 37.0861185799798 6.87357901306057 0.564672468155671 0.671619519328482 1.22461116520357 0.19253947346604 11.0556174912209 4.13441532287093 0.287280505675683 0.619447366597922 11.6084667931279 16.4363096478194 23.216225874251 0.143755705459324 0.169681051887197
"(N3,kudriavzevii,tau)" 4.16409202480034 7.66087154501373 3.55200058426154 15.5028134309356 10.1488523018349 1.68168761336198 0.951143307688529 0.438680987211124 3.80847363757844 0.30520964321783 0.670343065422829 0.612851736759532 4.40049060459617 0.485831703665254 0.387137969953941 9.01072160473901 1.07813553289922 6.40573518991844 0.123366351773493 2.06709619964359 12.2781175439013 15.1196066829601 7.08833795718437 0.562304415199628 0.650090461920269 1.10720709920716 0.232301146522138 13.8623448302196 4.3716431979719 0.33037054382656 0.613651657045751 4.67664649685853 18.6918919838322 9.83478224673888 0.136545812361574 0.166149551253787
"(N4,N5,tau)" 12.5858298997091 6.63149990629126 3.24121921868692 17.2359377601061 11.7226659152792 1.6769916131787 0.635589943052845 0.474950653712706 4.84254758721824 0.291209792374348 0.679067887853483 0.648387760835818 3.19767891575316 0.382212340766482 0.400708367830634 13.2041630099665 1.11544130298414 15.8001379603292 0.132821821888282 2.10153000699043 15.6155664476993 39.3881107009909 9.73021431551043 0.554326827354754 0.647519790071185 1.26768281715214 0.271203161807585 18.7066481399198 4.51907074518134 0.305041384694754 0.594000163986996 6.06609806206638 18.3462415039466 32.5135263257647 0.155944625246427 0.188398886763055
"(N4,mikatae,tau)" 7.69401041043218 8.28220652039258 3.04602603526735 13.8644809954066 7.84505565331664 1.79038591472558 1.10710454937439 0.483398855535293 3.03716168241692 0.272919220022232 0.882177721786221 0.548020508819526 4.7323188120646 0.495110216511757 0.41223608651395 11.7072842853309 1.1806377751482 9.90590733723225 0.12238805883396 2.0594035596185 20.2757465171401 32.293359314647 8.06747399086629 0.616954776333942 0.737547361988605 1.02097003920007 0.228318612004207 8.22187184074838 4.27149000798156 0.290833690747303 0.633187468344588 8.50914904741381 12.2746024511375 15.8320139939664 0.147357503344817 0.19910778736283
"(N5,cerevisiae,tau)" 6.50463153448238 11.6153673518891 3.40506077186984 19.418678057075 17.756739005993 2.12136980925857 0.770990856316608 0.5486861767913 4.25846456041864 0.307064434437327 0.88795735091462 0.648767663915362 3.50456924199547 0.47498735060871 0.348053903174804 16.5139807468608 0.948297798826142 9.66845388457436 0.124756753107146 2.42653450176379 11.8843065518066 27.1575921886826 10.6436599336632 0.606845707354454 0.821470053975099 1.23083375520362 0.204457450601932 17.0306476840331 5.11857359099988 0.319984543675492 0.675521286246486 10.1440227907266 9.30154815416213 48.9162877736163 0.203749577093288 0.156526516480463
"(N5,paradoxus,tau)" 8.50357462047147 4.07461120736232 2.92221770051833 16.333138943582 6.92698442292312 1.70650798485086 1.16333488519698 0.416722191993147 4.38839360907831 0.286058682598379 0.732979775087698 0.563043151207461 3.69350778101476 0.428055354935963 0.307251967427843 17.9779103796482 1.25922144309911 10.6436607758169 0.107969813799548 2.43018833972423 20.0025732986922 51.5853229350949 8.11574772822323 0.676321359203682 0.670933078771217 1.35406673105391 0.204825267036026 12.4519024924346 3.98556514843557 0.339981955112351 0.586681480052965 5.49498727975955 17.7705424068649 23.2120265370757 0.153279743198108 0.192111596461463
"(N0,N1,1->2)" 3.68680017429628 5.96953104767107 41.5979239150134 19.4966167332845 14.4945539349912 16.8714286400611 5.53988971827041 5.70587748213566 16.724633861896 1.48268691155915 12.7186474771639 4.97069639798693 37.3564949136125 5.61734965692982 0.158733576891975 5.43218259527921 22.5094555347231 13.7778140186414 9.523142932084 3.88001376601237 13.2109874605131 21.3543269575972 7.37750221844806 24.8725493302599 2.46162774177779 21.6633526778562 0.582692561720019 14.3192090824244 274.396500251909 17.4898069360384 13.4139444368807 21.5578555529421 24.4616564922758 26.0398590312998 0.876895017859722 7.27762918072321
"(N0,kluyveri,1->2)" 0 0 0 0 0 0 0 0 0 0 0 0 0 0 0 0 0 0 0 0 0 0 0 0 0 0 0 0 0 0 0 0 0 0 0 0
"(N1,N2,1->2)" 7.9831591831057 5.06620265003186 14.4505451650323 8.59182838193257 4.0443120213058 32.284963840286 13.9097279653636 30.8673210476795 14.8527340244126 46.7924925185579 17.3994739595194 31.304365624934 22.1833386320704 31.1377632973502 8.82037508257339 9.33968337485832 73.539300298086 12.7368745862014 47.3488862858946 13.841183194588 10.3286116881383 9.21328194263991 11.6233047800567 72.6152854406715 40.5261621492328 43.3155486830106 17.6247353417704 7.49113398624219 162.477241462002 104.351165094871 43.7308510526391 18.1520564309723 14.685861147165 13.9565275003984 30.1745425642121 25.5195717508129
"(N1,castellii,1->2)" 5.73986237882314 8.60192990875336 78.9260876264945 16.3072195281302 28.5858454140979 38.7625425817969 36.5031119583422 52.8878961565596 21.8986977584179 52.7129546724362 35.4304122006814 68.1278143559105 47.7480344653622 38.9815794887591 4.0028747430944 9.34919251570804 120.555658296556 17.7043781951343 63.0443019426275 19.8365643497191 9.77791425154352 20.9852018174608 13.5337971485337 141.107849922254 59.1899062792405 60.7683412446127 22.1310153615101 16.7709046961011 200.438116293761 149.045192791367 57.354320014549 26.7194575129526 26.4903782699931 26.9519426096377 41.2403582646827 26.4508574909358
"(N2,N3,1->2)" 0.6815113481676 2.28862499114152 11.6751743239998 0.851712544644013 2.25860018815914 9.0649584072282 2.39396768675213 4.53060214071836 2.89811520749143 4.70554900567638 4.07418981052076 5.23931768013601 7.22674967215448 6.43542464678875 1.02105770465021 0.476006846552491 15.6587130620333 1.76887286428012 13.8842219037036 3.34600586883997 2.55502036098327 0.000394988408582768 1.75149220090685 9.72588814874759 8.99780888992359 5.72834002194855 4.15091373802339 2.47294141719596 36.7852319082612 15.0885363012956 9.78015980036642 0.344435603114252 7.82003519650303e-06 3.65908240805322 7.6666694053433 2.75563560714163
"(N2,bayanus,1->2)" 4.02602558426626 1.77076961857141 18.5431057933017 6.19640791407005 9.66963026346303 23.7444699287894 7.73807405361673 12.7825091784201 7.34404702902773 13.2557791748682 7.48631202044711 15.8084422686354 15.9838092031654 9.36558963319891 4.83939995217018 8.9114394366346 36.9725458180253 3.95400375411095 19.0146934467148 6.17327156305177 2.40361675401298 8.2237583246138 4.19299327053077 25.1792454482395 12.8250415774128 21.8584319078653 4.49393004982088 10.3323457219318 143.317032212155 29.9722870578843 19.4061049731636 5.15967171540723 11.0897463081416 17.692029287228 10.8684157084353 7.89825438093659
"(N3,N4,1->2)" 0.413038660365931 1.19831661515188 14.811081181726 0.000443616439997429 2.60494950898886 12.4082672823928 1.88070037594116 4.78695560742194 0.637219443378197 7.91588972270332 3.9945867364516 6.48646704557911 5.66201212408561 10.1218078200032 2.02052145991032 3.50047133630832 12.989738773899 4.10254720376866 11.742184511394 0.788268383026586 2.60623754587492 0.00223100857745461 2.86528549859157 14.6363080884687 7.20389817061805 7.74324357275722 4.79017144856925 1.97686092036318 45.8217957309413 9.17417977405301 6.85605603439581 1.56273738507927 3.39935169666007 2.59186469620164 4.44842790466185 2.56933942056871
"(N3,kudriavzevii,1->2)" 2.33409934195071 0.938948806853471 28.1799289364255 8.79470963748472 7.39545030418799 23.0957497087494 7.11142633804542 9.32359895367781 7.25963602540296 10.836231945713 9.87551668990646 14.9615207379948 13.6209438610148 13.4986689079001 4.63259207310698 3.94692860621237 39.2331151488557 4.04431492659736 26.8910000613132 11.3533353015117 8.97888834912242 7.80873569685402 8.85131168965129 26.0133858246717 21.027396248166 14.4404247028116 8.6696402573627 4.41359798469261 124.860867000386 25.7363759903473 23.2024521769091 0.676321442749993 19.1132175727889 7.77381023197874 11.4280540086133 3.52207271463954
"(N4,N5,1->2)" 0.0459271682917587 0.109983823333611 11.037855020336 2.12142610214922 0.222011891661886 7.37695727825731 2.05611207836485 5.96024296798257 3.85458107492656 5.09996983561261 5.77581051035453 6.06651331601223 4.15559241765188 4.39562461501307 3.0721997815991 0.220618914465717 16.649875811046 0.54514018337375 10.4432007713623 0.757954015571197 2.23802655162516 2.33903730068483 3.03127612193623 13.6740808962852 5.3015538546063 5.50640725215213 5.60417943838517 1.04343784883854 47.4709543707761 12.1150192680655 5.99405042609344 1.17475855369741 3.99315147400321 5.12639810720019 5.07732905298237 2.14319986933197
"(N4,mikatae,1->2)" 3.69251707975568 3.9509688235382 30.9482653981553 8.28066494122262 5.13129695802571 15.1242621575727 8.80509017070163 13.9382493008015 5.45820611656854 12.8374373719313 17.818746021407 17.4627742235894 23.4217546779427 13.192822785801 7.10258066558196 4.81216693664849 39.2047449799915 4.73684787093746 25.4828595862869 6.51292544849906 9.72458024722937 8.46566114480202 5.06396596247784 34.2624098819155 25.9953877452142 12.3660878785304 7.45053620730474 4.72546370292668 99.1118908077821 28.8930257147451 20.9070013163575 1.60509081252847 9.39279211207741 2.29081997740743 11.558347319769 6.93591968896236
"(N5,cerevisiae,1->2)" 0.942307918688915 1.3306828206283 18.6267345293188 6.40660584874422 4.56374575503869 13.1114060332012 5.91352781339238 12.3781409115223 3.76669582554722 8.37610547515042 10.1534377147869 13.4263890442248 14.8651753064658 4.93923653935966 4.43974950519593 3.61113009664594 26.1677350182787 3.68267203232616 21.5804417048124 6.54689586060981 0.323245834689868 6.40940155171395 6.32123788945735 22.3840726309024 19.2696383925595 17.2716695237511 5.96994244179915 2.38269258773951 77.9955246702188 19.4623779249312 17.6200661750162 3.41436490375275 5.3560103001356 2.3457992829183 10.3896009575489 3.29949746322508
"(N5,paradoxus,1->2)" 0.199431077817328 1.94189146152202 13.5238035404108 0.860035088246254 2.47047364838655 10.4750953944533 3.14325015836941 3.4761433529406 0.568458383595175 7.07575791990193 5.5409301125754 8.12747759797521 8.26552401566133 4.5468995783881 2.85202878828493 3.18305711561151 25.7779620631531 3.24299312278984 12.9334446841183 5.00370820926187 3.09328200294506 2.94976226994479 2.3191005620038 17.1362689303368 10.338640679992 6.33293009766549 3.44636294963424 3.7414332199763 48.2417417531844 15.4075536243698 8.3265647356193 2.19638421511479 4.13431777731618 4.53490301194185 7.0546101599822 3.09321687073999
"(N0,N1,2->1)" 3.68680017429628 5.96953104767107 41.5979239150134 19.4966167332845 14.4945539349912 16.8714286400611 5.53988971827041 5.70587748213566 16.724633861896 1.48268691155915 12.7186474771639 4.97069639798693 37.3564949136125 5.61734965692982 0.158733576891975 5.43218259527921 22.5094555347231 13.7778140186414 9.523142932084 3.88001376601237 13.2109874605131 21.3543269575972 7.37750221844807 24.8725493302599 2.46162774177779 21.6633526778562 0.582692561720019 14.3192090824244 274.396500251909 17.4898069360384 13.4139444368807 21.5578555529421 24.4616564922758 26.0398590312998 0.876895017859722 7.27762918072321
"(N0,kluyveri,2->1)" 0 0 0 0 0 0 0 0 0 0 0 0 0 0 0 0 0 0 0 0 0 0 0 0 0 0 0 0 0 0 0 0 0 0 0 0
"(N1,N2,2->1)" 7.45321848968733 7.53775507888666 23.2070289251127 7.22654439069405 4.88132087754442 27.3448484536477 14.9410466855803 32.0291137144525 15.0132642483477 45.7002727312123 22.9538329970891 28.7458089829136 23.1606649320682 33.3109515081529 9.77659358142407 9.55414702912763 78.9856209993893 12.3066587389905 45.173909332152 14.5629288812472 12.1613648221451 9.07818734957754 13.7132491620259 85.0854317412183 37.179960762531 41.3391483101481 17.830277067127 8.10803576129286 163.795030695284 101.482832197992 44.1028753337818 17.7205731875941 12.6352722250035 10.8839850149712 29.8605821848889 27.2036660660467
"(N1,castellii,2->1)" 5.8469996899689 9.0644979021327 66.394428395811 17.0275738812602 30.5591256010455 48.8425959875435 32.1961303387874 51.3325780873594 22.7575090437942 50.5135359695859 42.2320017765477 71.922109465769 36.9914769583735 40.6224340313055 3.37076949696144 7.20025850839812 115.635707819059 20.5677692624104 56.4493007765155 21.7529542150042 11.9373637781922 19.109747538023 12.8986089687796 144.916228408103 69.3409507073957 62.6423377731999 22.4544435481178 16.8265204896335 206.439843833954 146.065283671523 53.298249368483 27.2105752868886 24.1104951081012 24.8703500897226 41.8801383049155 29.4791117909522
"(N2,N3,2->1)" 0.946424223780089 3.98541412079643 12.6378379194532 1.55419281810656 3.01734983592516 11.2332829306512 2.95193970521902 4.20215426864768 3.47147137126249 4.12824012448103 7.51929629685264 4.7274106443405 5.92415045679732 6.14486470664244 0.575926238857152 0.614610971229585 17.1589467101538 2.76515585542556 7.36699517515258 2.95181786856154 2.38696754448137 0.000363888408497701 1.94165871810352 14.6690105826303 11.8168634614258 3.90795307787098 3.25451769251195 1.25014955592377 35.4937772928804 14.5298900150557 10.6202564519244 1.02912965398714 7.40259375306506e-06 4.05170770925715 6.41389760194287 4.25791435161204
"(N2,bayanus,2->1)" 5.51368707136361 3.80193683858944 18.3186572658767 6.45821575193742 14.2551427220893 23.2839268925477 6.9738673058736 8.02587230079959 11.0119229103816 17.0277322691691 13.0381898154394 18.1707227479675 16.2340739906833 9.40683349782692 2.59090802080733 7.85674275772627 44.7508451355111 7.67738805422153 11.1703115363635 4.50179902363379 5.24243779379435 5.5005875973793 3.41581738216912 37.8889764756766 23.7317183557415 19.8684433342392 5.88766685795787 12.77718016319 146.284534181137 30.5978911238251 14.528397850607 5.95369651537259 8.80804242353599 13.1176679212245 9.00292184950713 10.1881768993659
"(N3,N4,2->1)" 1.11480158506585 2.40875781908488 8.52720299182818 0.000626084304601041 3.15166239380797 13.0429100088407 4.37319967127468 4.15477772347283 1.36603826974643 7.92554669096019 6.00259188788573 11.8749177105185 7.3565001248368 7.11467562249027 0.412977905821475 3.22203463205242 11.8302312901918 3.03676539415159 6.64376907332142 2.76435979357643 2.70333959325273 0.00129180331012073 2.4803936761534 21.9833814292531 13.7665846609387 5.65819152734647 2.25622047015514 2.50575866186175 51.567569386495 10.5649203329449 4.32623590679311 3.61574337166539 5.23351829005305 6.2691737996198 4.76781185601022 3.5724414212173
"(N3,kudriavzevii,2->1)" 1.72537745394786 4.78456814351992 29.8084590210233 10.3236118833129 15.7142613466046 17.9544850035537 7.01798263868543 11.5768452246936 5.62712556137082 17.4370938885419 15.303767803812 20.2372738076963 12.6493935695218 10.7296224871655 2.7903955073699 4.20779415377237 34.5156523827708 3.25675281110744 16.1757370702882 4.0724401629793 5.76089899271967 5.51960494771645 6.16469488072971 36.718753407563 20.1042712223796 12.3431710419016 5.70262819001865 7.655222600376 109.372294057264 22.4263478095859 16.5586870026305 1.47370050632523 10.7325898113369 11.5521517875676 11.6475826131314 6.91862374337422
"(N4,N5,2->1)" 1.27248222222969 1.27292202501439 12.0616021620296 0.993410767786491 1.84549231793276 11.5611354312498 2.27094705738796 5.47045651859629 0.750030709983236 7.34432961216192 3.38694238480678 8.53786181422657 5.6472825520383 3.93384870147531 1.03841256971481 1.02237098834661 11.8125471997758 2.63967082913832 5.37376634956306 4.11282061561739 1.92873466255902 1.0351405392929 2.84713031534217 13.525787837977 10.5592092829887 6.88576847574834 3.08604285839412 2.93780455908587 42.8989121748522 11.2935477908608 4.95417167344857 0.74397733277703 6.4438502372664 12.2035746477792 5.102062646504 4.08795309244623
"(N4,mikatae,2->1)" 6.76289164314415 4.30823367543468 20.6532764865249 6.7713591523014 9.03612543266779 25.8302267193139 9.95103367580127 11.6956886035814 2.54406876811008 13.601600653082 17.8715765467787 15.4775220110273 23.0569637357979 12.1836618648304 2.05012192312113 4.98935632245796 46.4693627685345 5.40211690582343 18.5515069990505 6.83993219999116 7.43795199266162 7.5407948570222 5.79306185627731 33.5149558156272 27.9909947254102 16.8587750065478 10.0141377747671 3.01414897381869 116.494000084351 25.1836269981202 21.3512038721807 3.67450353304984 9.47702802396024 6.75657977703298 9.75449388327477 5.82278236980299
"(N5,cerevisiae,2->1)" 2.87523028906617 9.65004386889457 11.5784567731027 2.96629344458168 21.4654972669349 18.2483250268123 5.90138629742053 11.7167564919692 3.45763195610813 11.1213235117235 12.9148276433431 14.1945769793218 11.7747329283513 8.69212132794857 0.874060281465889 3.0278720325248 17.3470403487307 2.45948481254094 12.7303556827033 6.13527679587667 1.99865436739641 5.02615431336421 7.61149993191477 30.1292222336898 22.1811654497744 11.8024382258076 5.07065404790282 11.3053341971645 99.8020088529332 18.3967848473718 12.33503369031 2.88286221735898 2.40363983409665 3.78935367335412 11.0661231425084 6.37292581884965
"(N5,paradoxus,2->1)" 5.21760120522906 0.588303738194224 11.5007633571686 4.87473647759682 8.11793275382005 10.4300701128201 5.10277887901726 3.70788395990146 1.16296708006454 8.8591890868172 9.59910963058882 10.068277122694 6.7959553873242 3.69097382901256 0.566322063914962 6.31823068379159 18.6625615375874 4.77482226773662 5.66358583652382 4.18655987485129 3.2445091305279 1.1924615403902 2.01105827370666 21.4753348645606 15.6996155878015 6.5795065665913 4.11878130226694 1.04156511888266 51.9539774023868 14.6474491728406 7.01811726377884 0.456549877815193 1.54171063474449 1.72105659386788 20.3291050463912 4.06925070296234
