"YLR406C_YDL075W" "YER131W_YGL189C" "YDR502C_YLR180W" "YML026C_YDR450W" "YNL301C_YOL120C" "YHR106W_YDR353W" "YIL057C_YER067W" "YPL087W_YBR183W" "YNL069C_YIL133C" "YDR518W_YCL043C" "YGR043C_YLR354C" "YPR157W_YGR141W" "YDR099W_YER177W" "YBR024W_YBR037C" "YPL037C_YDR252W" "YMR143W_YDL083C" "YPR159W_YGR143W" "YJL177W_YKL180W" "YGL133W_YPL216W" "YJR048W_YEL039C" "YBR191W_YPL079W" "YER074W_YIL069C" "YDR418W_YEL054C" "YNL049C_YIL109C" "YBR117C_YPR074C" "YPL232W_YMR183C" "YLR284C_YOR180C" "YBL087C_YER117W" "YGL062W_YBR218C" "YIR033W_YKL020C" "YMR243C_YOR316C" "YLR333C_YGR027C" "YMR142C_YDL082W" "YER102W_YBL072C" "YAL056W_YOR371C" "YDR438W_YML018C"
"length" 336 354 1143 420 555 954 465 918 591 1494 993 1209 744 831 426 402 2007 549 2862 324 477 399 489 2502 2037 864 804 408 3387 2511 1119 321 591 594 1965 993
"ll" -1273.88849677466 -1327.88076267578 -6720.67927432468 -1468.9919542893 -2254.78320307638 -6665.86010788032 -3730.04627339248 -8086.08048729193 -2461.87139031395 -13634.7021527172 -7502.74991249784 -10589.5527668961 -4119.5899193756 -7499.43624718865 -3188.78396704371 -1335.91649637297 -15929.7037417572 -1963.22683734098 -30081.5230405282 -2142.23905566862 -1566.81416058673 -1314.56961521069 -1882.02354606314 -21089.6191207865 -15103.5573115313 -6627.56728464961 -8033.4207709697 -1478.5920153657 -21729.1378531248 -23774.0250614098 -9655.40408741434 -1335.24610900728 -2135.73549576194 -2126.92868754723 -19957.3206828464 -9236.74524698528
"pi_a" 0.299512014048932 0.311970725870611 0.246071735281656 0.285068449985697 0.269087515113099 0.267459275034761 0.321092597480715 0.260620743373877 0.269952881809304 0.283701683285679 0.290231028820332 0.266648283879529 0.269814537071087 0.2879102038344 0.324542484881828 0.281679735723243 0.283539415246321 0.292612232698953 0.33859021021664 0.308513769747431 0.284737759664497 0.290538437864294 0.282639263988568 0.297057161539235 0.262368353437706 0.323489591326647 0.291326893569467 0.236756554847484 0.256443193895592 0.3130804614553 0.264590101051061 0.28651300655023 0.302780047320978 0.276351430979347 0.317441213445895 0.266061970237315
"pi_c" 0.205465137977155 0.264283148140923 0.247000356297369 0.233522372055454 0.239646429941039 0.240579845253908 0.232868699174866 0.18895221751377 0.230244506775477 0.245899825228716 0.230221254708958 0.222109403552351 0.254048683873154 0.214074563328617 0.245306433651755 0.22833140803227 0.234796919532714 0.25671642165016 0.189937081890635 0.223231732205668 0.237264109934825 0.231784320426813 0.241046312451481 0.223830411351705 0.246124177390255 0.219774946792491 0.200582807062072 0.221670705897342 0.241399718368858 0.214937297930196 0.235514458256375 0.237888306170593 0.241681847066004 0.239349192067336 0.203314064606565 0.2066567291392
"pi_g" 0.199187292208744 0.179465960570469 0.203316554353658 0.19440052413826 0.205863979611368 0.21817082257449 0.190546499537077 0.206676640444343 0.203016860546781 0.193165847728146 0.194631256191969 0.221418244803041 0.180821385083481 0.210834008822545 0.184789648421131 0.182880937852126 0.19292686038167 0.181253199666197 0.192697511961006 0.206372367751023 0.188845439177572 0.195019304794344 0.182421064450435 0.184102579715424 0.203324143410448 0.205280318348413 0.219079555945575 0.222723569650308 0.212899974636701 0.184611183136534 0.199788633633849 0.189944382055949 0.197228977923809 0.209010208332378 0.199309114534256 0.198907252134115
"pi_t" 0.295835555765169 0.244280165417997 0.303611354067317 0.287008653820589 0.285402075334494 0.27379005713684 0.255492203807342 0.343750398668011 0.296785750868438 0.27723264375746 0.28491646027874 0.289824067765079 0.295315393972278 0.287181224014439 0.245361433045286 0.307107918392361 0.288736804839294 0.269418145984691 0.278775195931719 0.261882130295877 0.289152691223106 0.28265793691455 0.293893359109516 0.295009847393636 0.288183325761591 0.25145514353245 0.289010743422886 0.318849169604866 0.289257113098849 0.28737105747797 0.300106807058714 0.285654305223228 0.258309127689209 0.27528916862094 0.279935607413285 0.32837404848937
"kappa" 10.4312236422427 9.90874046820442 6.14494357719884 9.40969320561885 7.59262166201856 5.0838358121484 4.11862363692624 3.41500166060281 7.50800894534229 3.6205794714487 4.46170225493982 3.32056314740094 8.47287318978981 3.55674804008936 4.24213710673553 21.5082524161338 3.57399309950024 8.94184501419526 3.50776217172429 4.69514582942097 11.8459347566721 13.4564160162358 11.8570517317974 3.66297141082988 3.98182441784044 4.58669936350847 3.55453165403647 11.1249412418691 5.04857750594679 3.59056791361827 3.41619916650366 7.97626252151577 9.43247375818326 8.83095679804826 3.08268444247573 3.5753288093149
"tau" 7.62387003046813 6.74483278934343 2.67371230878126 15.4305905021752 9.96833528334819 1.6093669575945 0.869926070607909 0.380241020494423 4.1378970963578 0.23218382434323 0.541191986991084 0.473342743860179 3.44813310529588 0.360103981200594 0.447015927398789 13.6127496611222 1.03406114109106 8.93321639753635 0.072181319139937 2.133727614469 15.261262632209 24.4167236912534 7.65235455538835 0.479971845833663 0.534923890102294 0.982157534902675 0.200111941693527 13.4937715400584 4.07827497870204 0.268580324309909 0.539674113389582 10.6015469827663 15.8199754955179 16.2607921268837 0.158378155689142 0.117253414688676
"(N0,N1)" 0.0262851085250445 0.018087712641765 0.0502053127575142 0.0277367980871409 0.0180319202260574 0.0464114279385953 0.0738755416033424 0.0552976107964427 0.0295641184109462 0.0175282958840018 0.070140224549229 0.041637635360355 0.0480201212163122 0.0492111295007117 0.0148978437736614 0.0105830248284564 0.0668462910245123 0.0186483091515008 0.102166176616414 0.0237884431404398 0.0178369523558346 0.0160971030390693 0.0217728211017303 0.0636126373663813 0.0127410184430463 0.0668729951670734 0.0441810673558056 0.0245180874616032 0.062772345157334 0.0764650223473941 0.0621573300425598 0.00707483811742969 0.0192992951965942 0.0269444850458695 0.0631460713501711 0.102396638190737
"(N0,kluyveri)" 0.0730699201707013 0.0658978573314809 0.150016401539703 0.0657234735513383 0.0714687524799192 0.196757709235696 0.310654436470469 0.404512564239303 0.0926985028481125 0.427836371811938 0.257953075900253 0.353899431002137 0.148883525210135 0.388190704529191 0.244107620475024 0.0528094604862872 0.289860304969883 0.0703845359278858 0.534475978340835 0.186584565900944 0.0552802558697384 0.0638247936385303 0.0779317061770173 0.338716812022648 0.238995869951098 0.292728113516187 0.502445618185754 0.0678076867111553 0.179588458919774 0.510135126493066 0.32248426594722 0.111597272780082 0.0666331381809003 0.0704042884905346 0.542110515699571 0.45790499875657
"(N1,N2)" 0.0217498091693406 0.0240171793446825 0.0408960186828225 0.0212602468885083 0.0220254602558592 0.0725743295207678 0.152702822944899 0.256866425830326 0.0384564201960671 0.307670496553052 0.108923133941098 0.213257059421654 0.0542683736268102 0.229534819283257 0.160491393045471 0.0232835406594107 0.137976437344209 0.0343831404455298 0.270449280641854 0.106507462883934 0.0206660409969412 0.029453993320516 0.0349580397140171 0.184007223131964 0.15007749934988 0.149406874045009 0.330382224867657 0.020592506962529 0.049275270393158 0.324124735243802 0.157657776259592 0.0801077626962516 0.0254279803993759 0.0185444637637092 0.338269820806154 0.238550416294231
"(N1,castellii)" 0.0467848116456568 0.0478101446897159 0.0998110887821889 0.0379866754641974 0.0534368322538618 0.150346281297101 0.236778894867126 0.34921495344286 0.0631343844371663 0.410308075927936 0.187812851351024 0.312261795641782 0.100863403993822 0.338979575028479 0.229209776701363 0.0422264356578308 0.22301401394537 0.0517362267763849 0.432309801724422 0.162796122760504 0.0374433035139039 0.047727690599461 0.056158885075287 0.275104174656267 0.226254851508052 0.225855118349114 0.458264550829948 0.043289599249552 0.11681611376244 0.433670104145671 0.26032693590466 0.104522434662652 0.0473338429843062 0.0434598034446652 0.470194801287653 0.355508360565834
"(N2,N3)" 0.00589109034678705 0.00573408377949655 0.00905391415281292 0.000662002517135987 0.00304855704912616 0.0126233072433486 0.0101212469358658 0.0136722991132264 0.00553939258922335 0.0145580909428427 0.00983119611507411 0.012345956344291 0.00784431468411614 0.0163159879417334 0.00598827452087437 0.0030094555760336 0.015578490165091 0.00276235015019048 0.0205878507431208 0.00757327625097105 0.00125067187047519 7.27616503295352e-10 0.00138958288559416 0.00698643051092107 0.0114735861420388 0.0124653628893072 0.0100297334117633 0.00566461997663977 0.00836364806785493 0.0165780763002215 0.0183890632360279 0.00283764301164072 2.06219156076795e-08 0.00541688797701996 0.0213599834453069 0.0224911446937822
"(N2,bayanus)" 0.0250350024763163 0.0237929653450334 0.0589150700993663 0.016726428575689 0.0314113719980026 0.0777719517763333 0.0840760719222273 0.0923485276125345 0.0246779642410992 0.102637579374885 0.0788897174099261 0.0990047362201285 0.0465950303670121 0.109444755745222 0.0687183836558919 0.0189428949984201 0.0850375766011613 0.0173530863308551 0.161860521082568 0.05628865987657 0.0167772625169627 0.018273697278945 0.0212008453612699 0.0910969515243024 0.0761773521581718 0.0764482443041052 0.127882325962291 0.022697092287023 0.0675408433692822 0.109545368901869 0.102669159645068 0.0244146719664002 0.0219058625849302 0.024915339680956 0.131924980481499 0.116957944271603
"(N3,N4)" 0.00336997271399861 0.00469919075068679 0.0117557115680595 3.05902320501826e-07 0.0078079461347012 0.0193144645998587 0.0192315594715677 0.0147089665539297 0.00275765489583085 0.0231692309334027 0.0141563923594979 0.021176777408308 0.007102682619767 0.0266533317921027 0.00754850618654963 0.00445844736746 0.0156747927757765 0.00434880748234804 0.0328181530656211 0.00708349519826588 0.00404685794745932 0.00227727031996013 0.00547877813985677 0.0245118001807582 0.0150188216844402 0.0136813956342064 0.0280506489992192 0.00441447932431651 0.0148939522530083 0.0191557362824068 0.0150901296990052 0.00619617547507932 0.00530440944936389 0.00575490535764701 0.0219476469580875 0.023203958358158
"(N3,kudriavzevii)" 0.0191439121295292 0.0180588815655368 0.0498611559465534 0.016064426058553 0.0283628149488764 0.0651486445329847 0.0739548249863615 0.0786762284993081 0.0191385716518759 0.0880794884320418 0.0690585212948521 0.0866587798758375 0.038750715682896 0.093128767803489 0.0627301091350175 0.0159334394223865 0.0694590864360703 0.0145907361806646 0.141272670339447 0.0487153836255989 0.0155265906464875 0.0182736965513285 0.0198112624756757 0.0841105210133814 0.064703766016133 0.063982881414798 0.117852592550528 0.0170324723103832 0.0591771953014272 0.0929672926016476 0.0842800964090397 0.0215770289547595 0.0219058419630146 0.019498451703936 0.110564997036192 0.0944667995778208
"(N4,N5)" 0.00366916520553337 0.00241702581632654 0.016365493155104 0.00604430111381671 0.00176198098233663 0.0191228898766298 0.020639072243644 0.0265668096517317 0.00835740963525861 0.0253870061291368 0.0199486883836469 0.023552888344002 0.0107014474273845 0.0315940745703086 0.0229576044437001 0.00232655190714763 0.0206170987767948 0.00219843888127453 0.0371294694063877 0.0129966454034156 0.00633806466182043 0.00361765387697894 0.00477706883484006 0.0226153069953856 0.0168962260403386 0.0180612251592275 0.034798719305741 0.00287242630756918 0.016429102628617 0.0300777306560675 0.025232971795312 0.00520240522411054 0.00854217541589085 0.00822549799376535 0.0236117414023458 0.0253596975082743
"(N4,mikatae)" 0.0157739394155306 0.0133596908148501 0.0381054443784939 0.016064426058553 0.0205548688141752 0.045834179933126 0.0547232655147939 0.0639672619453785 0.016380916756045 0.0649102574986391 0.0549021289353542 0.0654820024675294 0.031648033063129 0.0664754360113863 0.0551816029484679 0.0114749920549265 0.0537842936602938 0.0102419286983166 0.108454517273826 0.0416318884273331 0.0114797326990282 0.0159964262313684 0.014332484335819 0.0595987208326232 0.0496849443316928 0.0503014857805917 0.0898019435513089 0.0126179929860667 0.0442832430484189 0.0738115563192408 0.0691899667100345 0.0153808534796802 0.0166014325136507 0.013743546346289 0.0886173500781044 0.0712628412196629
"(N5,cerevisiae)" 0.0121047742099972 0.0109426649985235 0.0217399512233899 0.0100201249447363 0.0187928878318386 0.0267112900564962 0.0340841932711498 0.0374004522936467 0.00802350712078644 0.0395232513695023 0.0349534405517073 0.0419291141235274 0.0209465856357445 0.0348813614410777 0.0322239985047677 0.00914844014777889 0.0331671948834989 0.00804348981704205 0.0713250478674384 0.0286352430239175 0.00514166803720778 0.0123787723543894 0.0095554155009789 0.0369834138372375 0.0327887182913542 0.0322402606213642 0.0550032242455679 0.00974556667849755 0.027854140419802 0.0437338256631733 0.0439569949147224 0.0101784482555696 0.00805925709775989 0.00551804835252368 0.0650056086757587 0.0459031437113885
"(N5,paradoxus)" 0.0121047742099972 0.0109426649985235 0.0217399512233899 0.0100201249447363 0.0187928878318386 0.0267112900564962 0.0340841932711498 0.0374004522936467 0.00802350712078644 0.0395232513695023 0.0349534405517073 0.0419291141235274 0.0209465856357445 0.0348813614410777 0.0322239985047677 0.00914844014777889 0.0331671948834989 0.00804348981704205 0.0713250478674384 0.0286352430239175 0.00514166803720778 0.0123787723543894 0.0095554155009789 0.0369834138372375 0.0327887182913542 0.0322402606213642 0.0550032242455679 0.00974556667849755 0.027854140419802 0.0437338256631733 0.0439569949147224 0.0101784482555696 0.00805925709775989 0.00551804835252368 0.0650056086757587 0.0459031437113885
"(N0,N1,tau)" 6.27176425129041 3.75816834961275 1.67100950979851 10.4114205868147 6.74611536616959 1.10300508661541 0.799109467418572 0.33636095387237 2.56353269680193 0.198745467136775 0.373070159079152 0.415072068054424 2.45472885892151 0.300086300351132 0.33750476632732 7.28752503915917 0.923587593434561 6.59560139323347 0.0627716804234181 1.55138108482141 9.02766671925804 20.6784359613452 5.34269516145054 0.383754544336738 0.410148492711512 0.793588494097174 0.189837795489306 8.3025425957452 2.93243558004903 0.245079401222635 0.432285185390101 9.52410364701334 11.2018850189225 10.3109139698191 0.158598835505792 0.0957201559153362
"(N0,kluyveri,tau)" 0 0 0 0 0 0 0 0 0 0 0 0 0 0 0 0 0 0 0 0 0 0 0 0 0 0 0 0 0 0 0 0 0 0 0 0
"(N1,N2,tau)" 10.4430183169588 6.73065201121971 2.18994912183134 12.2440395501586 7.80985065202002 1.19591201891942 0.795420098447718 0.308728297774386 3.84345706476461 0.192263995824825 0.399053190108477 0.403611244365034 2.5597923181855 0.326545590425869 0.287802837278816 12.7905928926229 0.951746608489956 8.08259528914058 0.0659140128969584 1.84148098037327 13.6512215996872 22.8781194810529 6.9162113391968 0.446148201918318 0.39303091713654 0.910537809920451 0.183028914325455 11.4012879503554 3.84314385980234 0.262221279529093 0.469510201767544 13.197629055283 13.1905092472178 14.6748108611401 0.151756842338361 0.109119346029397
"(N1,castellii,tau)" 8.45935923387336 5.72419080106085 2.66576376212402 18.1289967916879 10.8914967514144 1.80908733032182 1.03307757052797 0.396003075332438 5.08809214780579 0.246680407253269 0.498571803456211 0.432298777195458 3.9563167868236 0.363342785502618 0.661384701534533 12.2526980920982 1.06737075919275 8.61277377097631 0.0756505432466556 2.42062994862462 13.3240875253016 20.5483512226081 6.79965787213381 0.467486606602985 0.484854280502834 0.972303475886215 0.19103928498906 14.520606829856 3.56885484645205 0.275268342158298 0.613832938241654 10.2602480683602 16.6322325864526 15.1362571043421 0.156885696431848 0.129779894045111
"(N2,N3,tau)" 4.93123547044086 7.22941410803852 2.1966516018952 13.9248856912137 11.5175851731475 1.49137645516546 0.802742730830275 0.233041277576263 5.71785371061162 0.16283808444373 0.398186953996057 0.325642630422706 3.11744608078036 0.338976882380971 0.247786832948802 4.93980614158309 0.800901365693808 8.00364099769915 0.0649423514361067 1.45405025678534 24.6263542802595 17.0650055316684 10.2997052279197 0.394851071678077 0.449594534464131 0.816640371767172 0.188597310405843 10.6227067890384 4.10958655452042 0.261106740076048 0.415595033071056 6.96650508848694 11.2687021015367 16.4015862604894 0.138218797193864 0.0889392890317777
"(N2,bayanus,tau)" 7.9996425719053 5.69121388006988 2.34378082602912 15.9248318288027 11.5658910423564 1.509757189594 0.714699697476748 0.390456999492283 4.95227355298314 0.219605662024086 0.516106764790595 0.488826023099608 2.84065770385138 0.292914349944723 0.392703497819032 20.0177771029898 1.05963666953031 10.9159360129605 0.0639148492001703 1.98809049232241 12.9209023265216 34.569395635978 6.4842946457004 0.493241321932706 0.534224003939963 1.0569553408919 0.188987061927828 21.0024252259468 4.72416339506869 0.282443136313456 0.527292794342395 18.9019426653823 16.9869918647297 18.9438880256521 0.149287942301796 0.127633072735388
"(N3,N4,tau)" 5.77720355850763 8.55479899341165 3.45865101082 5.93601384061321 8.10161897420672 1.90127792356873 0.678437120907502 0.451392704945383 4.96213844693973 0.315029343864504 0.646239449496021 0.750738732065758 4.369475155854 0.63991261777137 0.659025649113249 18.6156008316507 0.972822626454766 15.4272636980064 0.0812591036776039 2.41248316051308 23.8178790480711 25.0228934378448 8.27876364563311 0.53494578690627 0.663446838424808 1.18968338336912 0.218975503788578 11.9280841386955 4.49690415722459 0.273000267305673 0.541117769150326 11.6610531151601 18.9160441501867 22.8773707733837 0.169302832745169 0.120187016663383
"(N3,kudriavzevii,tau)" 3.85566399639626 5.70036309984427 2.96717402431144 19.6126085025792 9.49143894747824 1.36501492787586 0.738342869080817 0.322383811681614 3.48176905973127 0.215991915504594 0.47878186363288 0.465341305719461 3.06026364345068 0.346016522480184 0.392424194439537 9.13700737928275 0.935533259520902 5.37231008311691 0.0680226482642228 1.95886259949353 14.6174067501053 16.8016618260566 7.60873661280506 0.402338456389257 0.47519213495438 0.850511931871392 0.183213454941144 11.9211371788049 3.93970854216154 0.227832431660823 0.49826655984091 5.38536142219038 20.1787024827313 10.2688026962555 0.129732312767371 0.084062784167012
"(N4,N5,tau)" 9.80701317433727 7.94900964665435 3.10610194481436 11.7321728795902 11.0960931809613 1.70246980990186 0.622427998289015 0.455690602246271 3.55316497847445 0.285374677761608 0.584210801194421 0.63334884006605 3.28494123408162 0.325858256428991 0.519793613495304 12.8024774462919 1.11163736234516 17.5432740477443 0.0880459351362327 2.16948368732783 15.3638292091847 28.9015380489879 11.363372210089 0.526553089307493 0.60867509624165 1.18521945056163 0.312854016324428 19.6052978671485 4.84281214723041 0.28239306469307 0.490117439846963 5.79289028732309 17.7578084738452 39.1643219742608 0.203053387078176 0.140211940935186
"(N4,mikatae,tau)" 10.0965028593317 9.02815175844096 3.00154833642739 15.4377898902437 7.03963793769491 1.7466667574531 1.10060320833836 0.451357451595386 2.64851286441382 0.248364996870009 0.808054703183095 0.515882743717603 5.39344063083814 0.447128786168867 0.522433567044884 13.5215208513427 1.22582955589998 10.2628951922286 0.0807624033682814 2.0106099662378 27.9885765075584 36.2557420806398 8.35267895444907 0.54588249777798 0.71906519939817 0.981315241674414 0.244434834942647 7.88203979527578 4.32895838275513 0.263734737081461 0.598858893880881 8.59621883166723 13.8417653878983 13.1022151040669 0.146099800336163 0.125226240907355
"(N5,cerevisiae,tau)" 5.57994629557781 15.3704428239282 3.29822437053881 17.8222588817538 18.9810946878592 2.24905264660086 0.872020103084831 0.661095291967492 4.52634466800563 0.295254089957194 0.835076464707685 0.671233878920818 4.00497274612734 0.461009512961454 0.48390601660872 14.0337313814306 0.976558166973706 8.33228611023556 0.0911096604519835 2.74571783646663 9.35688341944555 33.5232329220007 15.1785703238338 0.624372333195974 0.839613338611918 1.4077726096584 0.238138922724973 22.7759400120492 5.69359995225862 0.308669477597722 0.659731096470601 11.6990771813178 10.9992520884484 45.1801640802988 0.202429364918475 0.125448953502943
"(N5,paradoxus,tau)" 8.06131743072486 3.48768980629955 2.61668049493259 11.9111655212103 5.99244492796998 1.59797817748772 0.870599204488737 0.275690268510154 2.53814190560363 0.249194613796835 0.555094166638619 0.475515391758502 2.90049429383074 0.311886713185706 0.348170472507872 19.9770593456435 1.12485089792855 11.6769554505913 0.0593907064399801 2.18175243627173 22.4962186099836 28.6477793621448 6.47275658788921 0.535149864174725 0.555114170371355 0.889851654694526 0.192265010466998 9.21821739571569 3.65739635184812 0.26849901693465 0.411816050371699 5.07456794459392 14.5541743046288 30.6614990208754 0.214115094895805 0.109046014448347
"(N0,N1,1->2)" 1.4109478131934 0.531334438504155 5.29896915509009 3.25880004953753 1.3148957229701 2.46316881792322 1.88139959775866 0.931630307843395 1.51399286112368 0.0963328584689692 1.96512353878453 0.871422966463033 4.26904267716276 0.617037380649256 0.0357022386911296 0.406668367228454 7.75091152767158 1.31620121228001 1.78266867658991 0.313166034554052 1.5392760322789 1.8506065509036 1.32061351032816 3.94468307751006 0.150623906284655 3.03909642148534 0.28987487250358 2.16125939701472 37.5992840061426 3.41294819995358 1.893400102054 0.153694705818938 2.47121112665673 4.44674854463773 1.15102215561977 0.973430557256255
"(N0,kluyveri,1->2)" 0 0 0 0 0 0 0 0 0 0 0 0 0 0 0 0 0 0 0 0 0 0 0 0 0 0 0 0 0 0 0 0 0 0 0 0
"(N1,N2,1->2)" 4.56733699652037 3.14615063640668 10.6438529410426 7.15324897864955 4.53056620398515 14.4183559879278 11.9582669898948 19.8758834513567 7.74718623036361 24.5433731359767 8.67391828117706 24.0053779220993 13.5552636210713 16.1862363961363 4.20937982880357 5.55378725447273 52.0252308417129 9.28413412548703 18.2277341762916 8.93131228300111 6.98059308338227 8.84787124148684 8.06995342637514 46.8968029085438 20.1669766090669 25.7257839062125 14.3809638602446 5.80207358853789 86.9660980996731 67.9104056499239 19.7596491376603 14.7421106919714 10.6107204485551 10.4506972469829 31.5896968350115 8.54228357045616
"(N1,castellii,1->2)" 7.93069794925747 7.01709103523323 48.6412041705591 14.05891738124 20.0654255133427 37.2697589990444 27.4135556698744 37.0176761710963 16.9010029666651 41.7717644788144 22.1222912895784 44.042251750949 38.1500130682635 28.1839569002768 9.54319636615167 9.31634428149826 106.05087679056 13.7588962023194 36.9327314258559 16.0967493428547 10.6273656962501 17.1275031425573 12.648242087539 89.1090346857725 40.6108991061811 43.9596492744835 23.3444957556477 13.7576963784491 205.231756062711 103.551293147375 44.4193637878664 21.6247579495592 22.5925903122558 24.4893339622317 50.0571068096704 14.9222851636692
"(N2,N3,1->2)" 0.535921835326173 1.19818013762217 3.636720771002 0.170790426195759 1.165929360228 3.92058740016104 1.03787787531462 1.18414896071328 2.00777019012414 1.77785538514545 0.873589746180991 1.67642598054692 3.20871362839143 1.89457890066593 0.2709098952554 0.349880548978973 6.73154243087883 0.882266612857868 2.3953890507147 1.00841846136699 1.2038593652967 1.90826111954184e-07 0.662663149272052 1.91020937104478 2.55169446062792 3.13773428850937 0.79814009745295 2.42105325391533 18.4853111521391 4.86486300033723 2.74693679341516 0.179668017405109 8.59462523013254e-06 3.02144839730141 2.90193107383122 0.789494095177344
"(N2,bayanus,1->2)" 3.7592195095723 2.58652118355565 25.2279891052933 7.65799060981778 10.0828496318289 25.3351084489944 9.14823452709107 17.0044110132527 7.32703610280371 13.9208768463391 9.06644842111924 19.3898711554569 17.9731827484879 10.8261281986406 6.09424659355315 9.1585993462176 45.8082083386215 4.63735815913229 19.08749224015 9.27672456893296 4.77828848573541 8.88864790132037 6.56416471790095 30.6810102380579 16.3367589246024 21.2622282608776 8.19627504036333 9.12151295242707 154.001431055369 34.3536667401358 24.6122456411624 4.84379632020052 12.6222587735208 17.3035201225321 19.1856090964591 6.127038221171
"(N3,N4,1->2)" 0.19376061098756 0.880881056204476 10.3253699614801 5.0117626442544e-05 2.36330038872465 8.13402315800857 1.05814043031099 2.72632168031855 0.619609813293443 5.34642683791765 2.35184567216528 4.64502568771879 3.65234055639634 6.58730997035022 1.33877647249976 2.52642742534243 9.3917310229633 3.56489489119869 4.81404035308976 0.492152457268117 2.91598136450386 1.0197305008738 2.28134493627681 8.99224284107843 4.4412063075461 4.93038331977566 3.1349916706226 1.45052460123639 33.660099756442 5.41311363843781 4.04183375301739 0.543132686044036 2.78120101818838 2.64251837757586 3.38559864569787 1.13777364727525
"(N3,kudriavzevii,1->2)" 2.56949464351843 1.15187109830294 28.2378090368315 8.12124701579723 6.73842929973227 23.809776825989 7.8600064176884 9.07752405442108 5.59165565339264 10.3685728869704 8.4608760672207 15.0998064000692 15.2321457318479 12.2197385644104 5.16180785092993 4.33163598604174 40.373529475741 4.44232533644779 17.4856083747849 10.8937100305047 8.72234638083188 7.29175763964174 8.26818532964825 24.8195322049288 20.1454771065902 15.189833388253 9.58638434703746 4.37178107654064 131.355697790993 25.2299893296702 20.2811829465536 1.67153205022686 18.3468750625723 6.79385669839091 13.2864753983899 2.67507397218035
"(N4,N5,1->2)" 0.0694196656894937 0.0730864392035275 9.50100120375888 2.80694704921102 0.16193089885912 6.26348410774879 1.85491847994275 4.9198970308566 3.59493924271882 4.25038181081119 4.87149934716581 5.42414542668415 4.14672257158551 3.5586671403432 2.9756344037811 0.312761347215609 16.0414870451214 0.660635923282431 6.37231754970281 0.564777552940792 2.64401263185531 2.00602053364441 2.40970573527054 10.8561320013315 4.38399333509397 4.59933950754387 5.35637225349679 0.833857381600175 45.2415868129752 9.93513568673651 5.47553166540562 0.78899492960672 3.993336469237 4.39667793216612 4.46973930446307 1.09107407257263
"(N4,mikatae,1->2)" 2.9988617300702 3.70548168443796 27.5492958822375 7.83824764297718 4.93211672765624 13.5548358972023 8.27557711416975 12.3853092432016 4.69207567638685 11.1753735119338 14.6135418381171 15.4711154020742 21.9232026603177 10.0655083899268 7.59024965609944 4.41417267744404 35.9712173157176 4.40718145737982 15.1600171767998 6.40517348995084 8.77371481379682 7.69676069342166 5.69878688815161 29.4551329316665 22.5529210869275 11.2644856927789 7.12802803990262 4.50102213114861 94.3299400600557 24.0866259697613 16.1279206493314 1.66932739556385 8.87729263149395 3.23445182217474 13.089680831497 4.69667586194423
"(N5,cerevisiae,1->2)" 0.972511377792118 1.0287795635163 17.4708222464157 6.12775695561553 3.93059740781886 11.7335690790984 4.58695518659976 10.0709200237926 2.62767074900674 7.02494703404726 8.30876671248786 11.695731930992 13.268393497553 3.87612246916799 4.59371649572069 3.57628101180063 23.7667641319461 3.55308103112208 12.3829938636321 5.94274682616129 0.484382568590262 5.91283335529294 5.42885089357921 18.1309067816545 16.5543243971043 14.07709066359 5.30998496845396 1.81037758902938 69.904874928397 15.7978505882166 13.8009446849822 3.22430846216275 4.64604432450263 2.9283648836083 11.6895926555114 1.78261553357976
"(N5,paradoxus,1->2)" 0.20432577872617 1.95464163898172 12.2952318023096 1.14594098759886 2.57092204405789 10.1877530668613 3.62380349791423 3.86200545597498 1.22264804823303 6.15943854565681 4.67337576743219 7.59348974318094 8.64101739102161 4.10095415273752 3.31491952317311 3.10234728757021 25.4951660773249 3.11442130114326 8.95556084148462 5.21384551788139 2.71639483537773 5.10015275701059 3.09735683373842 15.9391410544588 9.3609725763876 7.0754117203764 3.78320810807271 4.13398900392627 52.182703768122 13.7324275064722 8.18676244558273 2.20797245907746 5.31103396585845 4.28554207893675 6.55131662220215 2.06793144104875
"(N0,N1,2->1)" 1.4109478131934 0.531334438504155 5.29896915509009 3.25880004953753 1.3148957229701 2.46316881792322 1.88139959775866 0.931630307843394 1.51399286112368 0.0963328584689688 1.96512353878453 0.871422966463034 4.26904267716276 0.617037380649256 0.0357022386911296 0.406668367228454 7.75091152767158 1.31620121228001 1.78266867658991 0.313166034554052 1.5392760322789 1.8506065509036 1.32061351032816 3.94468307751006 0.150623906284655 3.03909642148534 0.28987487250358 2.16125939701472 37.5992840061426 3.41294819995358 1.893400102054 0.153694705818938 2.47121112665673 4.44674854463772 1.15102215561977 0.973430557256255
"(N0,kluyveri,2->1)" 0 0 0 0 0 0 0 0 0 0 0 0 0 0 0 0 0 0 0 0 0 0 0 0 0 0 0 0 0 0 0 0 0 0 0 0
"(N1,N2,2->1)" 4.30930602808614 4.00528913838758 16.7069955293725 6.07329893419096 5.38552558478355 12.604109527595 12.7330660304958 20.2352963818284 8.65331770691868 24.3533345174801 11.0326319650301 22.6964942951429 14.3989100991073 16.6986951239622 4.40819703163658 5.63745897362489 55.1031647896436 9.30587379131287 17.4922796087733 9.03141143003604 7.64149361335182 8.76318066569697 8.93590675648606 52.3317271946032 19.4903820888899 24.7726580222685 14.534584436797 6.22848367521994 88.0172246951575 66.5574850991771 19.687642167846 14.6868236721864 9.37451714660999 8.22904258843824 31.2968414728159 8.98000507391701
"(N1,castellii,2->1)" 7.99182057698535 6.77354642236045 43.4191947431927 15.460830901152 20.3344499278053 44.4211646898452 24.6482928052743 36.0752161621689 17.6334416750284 41.1862479811676 25.530611932082 45.8912006795224 30.6051290556864 28.6802873256651 8.38072357209602 7.70903141547975 102.414036424349 15.0607122161915 33.7518208400384 16.9205799330567 12.4207689517078 15.8485224081414 12.6955754368225 91.0571911370306 43.4862502370161 44.6635899485473 23.54385864486 14.2563094434705 209.437065310019 102.084717621093 41.7831117574905 21.6831608032208 21.1514183151201 22.5095420541044 50.8408794123249 16.4289865356476
"(N2,N3,2->1)" 0.806609108742341 1.19769482721287 3.80799760050523 0.372152705686481 1.38010773446939 4.30619261392281 1.20186478628166 1.24887509489909 2.44953481063866 1.49912989944964 1.53438494494756 1.67868266591053 3.25960116906549 1.76825298816583 0.218172832298826 0.444275513964746 7.39001629758768 1.0806736326468 1.31983686846797 0.573032897172711 0.665126705632186 1.7563529777612e-07 0.640748512223203 2.75969812603862 3.54251845623367 1.98291380463961 0.581770103527778 1.21912702599846 18.0933602635116 4.70126949007645 3.16382350027772 0.449119165375506 8.37760936258732e-06 3.54371036607652 2.41872613414179 1.05327345376616
"(N2,bayanus,2->1)" 5.4159305510956 5.307326079634 27.4018199191081 6.81982810955813 14.8725864053658 26.9450429522111 8.0385316673779 10.0869468939988 10.2850817669624 17.62342277622 16.4154751829688 21.2847333099068 17.3837718286964 11.1602385536952 2.99656364002529 6.54318661976301 56.036938048677 10.2701515036008 10.7602930580899 6.51468430541413 7.42592691816464 6.17772540654916 5.50589653683438 46.5529949671332 32.9138603505054 19.4345811109807 9.87608611662582 11.946757513487 159.252633566273 34.8285941061288 17.6585954076483 6.83010002249165 10.0882760339092 13.3827332119768 16.7728843746361 7.72775135845707
"(N3,N4,2->1)" 0.830336070800127 1.63713047581636 5.46062819492223 5.7002762159457e-05 2.49481298604231 8.55240209752059 2.67063836987068 2.44323761054014 1.31175189096348 4.90717485952712 3.44275066067654 8.81857002441848 4.68437751867925 4.72274946258863 0.323455928364822 2.09063956031309 8.56670229811181 2.37755757066721 2.84083215377535 2.05659253118148 2.63939467753124 0.644251792374264 1.91273972337538 13.7819458125456 7.83221962479942 3.40662953588594 1.43474433387733 1.92042626876033 38.8303845829109 6.33315325675684 2.48138235556141 2.02249114002003 4.45450219851654 6.27810201572092 3.43039387516145 1.49823487304898
"(N3,kudriavzevii,2->1)" 1.84805258101167 5.21343338827713 28.5870851089456 9.48233072404277 14.553896534629 17.9955193208382 7.56948775136909 10.768743505099 4.65120346096022 16.5450757994557 13.0152670905959 19.7953923054128 15.3871210964879 9.88253043802907 3.20073508497785 4.78375758342723 36.3020400620883 3.37194940755142 10.7919181560538 3.70286523052315 5.41573789005254 5.08859044281588 6.12294033946068 34.9823596194845 18.7377552048199 13.038276255826 6.62063575147319 7.85879747246754 116.615484531732 22.2427257475124 14.404865181354 3.08362859871697 10.2468549807126 10.45371859925 13.6545333465787 4.89506417002267
"(N4,N5,2->1)" 1.87446599495531 1.16841653162882 10.4440745984385 1.26540692094511 1.44012310241998 8.95994449510849 2.05721670303401 4.55217354227915 0.652306205052017 5.97418858565386 2.6411422051923 7.24525986103667 5.40967191831085 3.30482484900654 1.10209020984304 1.30916417086474 11.2846162990629 2.58142784589818 3.2627772621163 3.68251481395725 2.58315156471802 0.884054307270986 2.62419422870777 10.5245497577139 8.66885075959277 6.43826111193851 2.79813673455562 2.72760912777566 39.9120722443032 9.35735064757964 4.5763095560445 0.47258442498057 6.47185604629239 11.068859839722 4.41423998295881 2.32049723743696
"(N4,mikatae,2->1)" 6.25753118197705 4.18141971591239 18.0127734682171 6.59830154765417 8.49339772948912 24.1534872552567 9.25239634325352 10.1317351728944 1.99058852697085 11.5906680108658 13.5845511980344 13.4550134690095 20.0849754253528 9.64897100965045 2.10129410184972 4.35323486429048 43.0300493259002 4.81480336039238 11.0515150567892 6.53573778993273 6.78640303324267 7.13457779275217 5.44027176431955 28.5918025602721 22.8572710601862 15.0389126427081 9.53450170473957 2.67483467169233 111.619600265199 20.6241643590355 17.7435974727488 3.94732128796832 9.2072274535886 8.06461379269907 11.1773498028687 3.82150181766698
"(N5,cerevisiae,2->1)" 2.85591690828541 8.89712766017522 10.3653028604857 2.86462163455005 19.9532364055791 16.2368608566411 4.87631588941706 9.08224681080716 2.82659779446514 9.3539656429948 10.5728199289087 12.1631717421455 9.43958736704361 6.97884342956459 0.887475380450959 3.21086385967987 15.6538286222626 2.03953694716164 7.28257345706594 5.68305394938496 2.11968082430888 4.45987329652768 7.0258278625098 24.1981482891128 18.5723104536969 9.31686363852894 4.52697444180872 10.4138932995171 89.4916634371365 14.9618548637542 10.202309592608 2.45504220877138 2.07813884925046 4.29262968874497 12.7239823453062 3.8823506273169
"(N5,paradoxus,2->1)" 5.10896982788721 0.722566807191796 10.625271431439 5.23647997697105 7.90028914490557 10.1589945957733 5.61798846218175 4.19100371299381 1.73582477233903 7.77860614326564 8.02814540623182 9.66027432456144 8.04740847344665 3.26989891169333 0.656853692022777 5.9235603741358 18.5014490492355 4.46706603499108 3.89796988092381 4.18946610778996 3.07160456087378 2.33974337810555 2.47653240541519 20.1169769765633 14.1843512259348 7.59809855114722 4.13413773057868 1.33979842106918 55.7661078158368 12.9549867550907 6.78562949380502 0.467641375729177 2.25717843959117 1.63469216041217 20.1176187363097 2.79545288282922
