"YLR406C_YDL075W" "YER131W_YGL189C" "YDR502C_YLR180W" "YML026C_YDR450W" "YNL301C_YOL120C" "YHR106W_YDR353W" "YIL057C_YER067W" "YPL087W_YBR183W" "YNL069C_YIL133C" "YDR518W_YCL043C" "YGR043C_YLR354C" "YPR157W_YGR141W" "YDR099W_YER177W" "YBR024W_YBR037C" "YPL037C_YDR252W" "YMR143W_YDL083C" "YPR159W_YGR143W" "YJL177W_YKL180W" "YGL133W_YPL216W" "YJR048W_YEL039C" "YBR191W_YPL079W" "YER074W_YIL069C" "YDR418W_YEL054C" "YNL049C_YIL109C" "YBR117C_YPR074C" "YPL232W_YMR183C" "YLR284C_YOR180C" "YBL087C_YER117W" "YGL062W_YBR218C" "YIR033W_YKL020C" "YMR243C_YOR316C" "YLR333C_YGR027C" "YMR142C_YDL082W" "YER102W_YBL072C" "YAL056W_YOR371C" "YDR438W_YML018C"
"length" 112 118 381 140 185 318 155 306 197 498 331 403 248 277 142 134 669 183 954 108 159 133 163 834 679 288 268 136 1129 837 373 107 197 198 655 331
"ll" -1199.56088553448 -1226.60889422521 -5823.59961184606 -1450.39924248845 -2221.80533825967 -5837.82053182792 -3331.22383130922 -7231.43965897269 -2387.38429128974 -12720.9528098136 -6814.47454268929 -9469.21486534909 -3507.1898784567 -6782.03090067689 -2966.9062269484 -1257.75271291724 -14346.5131024133 -1881.00730840578 -28362.990353611 -1904.68632797578 -1545.72572100916 -1375.81978269813 -1781.76441520279 -18978.3258662129 -13464.0240462741 -5826.66155400023 -7351.32371563463 -1421.69370054878 -19366.8995265302 -21794.0430642997 -8738.77845894372 -1357.586301842 -2205.64691011429 -2203.94294232879 -18575.1971431938 -8466.54682549995
"pi_a" 0.321051599047329 0.325957453669143 0.259024962429903 0.290895348929452 0.276183457595132 0.285411431029705 0.277700426161238 0.288140901091682 0.279895656879744 0.279825313937295 0.281338864321084 0.303329695398947 0.286776155523956 0.288824320823725 0.324687583176865 0.2948716660925 0.314143370638429 0.308265547020368 0.353737115330713 0.297493961466158 0.301501368898453 0.309492664600317 0.29874589377637 0.312160515353426 0.275030336774591 0.317710167941755 0.295021640076504 0.267951831003818 0.28188357368695 0.32503958684857 0.275611269709007 0.287791797877105 0.311714352766071 0.288786580032033 0.335184352011232 0.273606732039719
"pi_c" 0.185167907238366 0.244138277934442 0.233889093389014 0.209248655065634 0.208234198370819 0.211258630603405 0.214487396037372 0.172262564347963 0.201071413507374 0.251804940961797 0.227940789438141 0.183247878989659 0.22538970226558 0.198567905842676 0.22855551138907 0.198919838896861 0.175992660421491 0.228894707068922 0.164728257536724 0.203600122140073 0.216861239139274 0.211566039935157 0.208400126062746 0.188831047544229 0.228250673807205 0.209953290792343 0.180818891199559 0.185800888943723 0.207049267573514 0.187949275516072 0.204822085257839 0.216825326509536 0.225391782382848 0.215474123540315 0.170839389552384 0.196944592470743
"pi_g" 0.20030600949599 0.176662549680903 0.198889183189159 0.196681431186747 0.202785484999771 0.212106407872552 0.234732588300075 0.207477434410767 0.197553475070833 0.193614553068423 0.195450199585135 0.214490562892238 0.174813490236146 0.227912362651552 0.178789717199667 0.182059692743375 0.17725184060844 0.171636853135429 0.190750574806758 0.218211463657403 0.181010725034457 0.193407706427832 0.180609442673607 0.179241986462085 0.189036354360402 0.218955921373647 0.240272868307609 0.215530216560186 0.192876325899561 0.191546952527257 0.200647712014701 0.193857065902754 0.182729460330579 0.196154189270754 0.19893536360498 0.216903901340142
"pi_t" 0.293474484218314 0.253241718715512 0.308196760991923 0.303174564818167 0.312796859034278 0.291223530494338 0.273079589501315 0.332119100149588 0.321479454542049 0.274755192032485 0.29527014665564 0.298931862719155 0.313020651974318 0.284695410682048 0.267967188234398 0.324148802267265 0.33261212833164 0.29120289277528 0.290784052325805 0.280694452736367 0.300626666927816 0.285533589036694 0.312244537487277 0.31976645064026 0.307682635057801 0.253380619892254 0.283886600416329 0.330717063492273 0.318190832839975 0.295464185108102 0.318918933018453 0.301525809710606 0.280164404520501 0.299585107156898 0.295040894831405 0.312544774149396
"kappa" 5.99000135172505 7.23165463889872 3.83924247992871 4.86286950889221 4.69454746654151 3.51702624934587 2.245090822241 2.7142731404263 4.65806823781909 2.49561898133719 2.94434592889626 2.56643858055227 5.38834686157054 2.38736542347464 2.76064417170921 9.95064335805179 3.03519277606045 6.43097780655431 2.74063277260288 2.57789650915261 7.84166286603913 7.88136734361029 7.68458900357812 2.92523083890572 2.82985507383385 3.12164828290053 2.42843514116786 8.42435866515021 3.29342987369064 2.64805753005068 2.62231115730085 3.99694241629982 5.99195637650648 5.74669308179174 2.49879048353939 2.83637811202556
"omega" 0.0738830457829462 0.0470887391982513 0.0400689235453775 0.05903298498895 0.110832059554985 0.059130845017663 0.0326347941704173 0.0655674057740116 0.151780106300999 0.116735972088864 0.105317573631415 0.0700143369990759 0.0239904832267947 0.0889814069726861 0.154308336255411 0.0208715926593782 0.073676909282859 0.082074700591708 0.184095136629932 0.060750012056644 0.0732005025086099 0.112708238543174 0.0649874268616727 0.0744052982902114 0.0839635176018714 0.0540851977478323 0.0910319418158827 0.0496208083266585 0.0468002419975626 0.0842308516648245 0.0979266967342552 0.140966323512415 0.153641846811752 0.134535449597398 0.122308726494324 0.101712092417807
"tau" 0 0 0 0 0 0 0 0 0 0 0 0 0 0 0 0 0 0 0 0 0 0 0 0 0 0 0 0 0 0 0 0 0 0 0 0
"(N0,N1)" 0.0194513890716277 0.000447012128467244 0.0633962226811828 3.05902320501826e-07 3.05902320501826e-07 0.0423943006505272 0.230780951970355 0.249174146679618 0.0226617159156757 0.0320278017661618 0.228532482901605 3.58755720636826e-07 2.34169188317375e-10 0.0314616895684927 0.0157156620082896 8.08183389049437e-10 0.0475860647631692 3.05902320501826e-07 0.4564233746391 0.00893936571168397 4.06703541677028e-07 3.05902320501826e-07 0.00491577685490642 0.260384389325644 0.026072145164361 0.280940344940912 0.113218554801913 0.00505841547961738 0.0126141890894671 0.334452660731169 0.179047829517392 1.34139934961719e-09 3.05902320501826e-07 0.00220373018873905 0.214509119458023 0.677022034995226
"(N0,kluyveri)" 0.286580050177748 0.223767778449752 0.576238213304166 0.248506419683303 0.213655661991691 0.816238355526227 5.79708049672318 3.23328973095239 0.288246973669112 2.51790618456641 1.12377710559536 2.55154440277534 0.689530277164918 2.2664454761202 0.917735945606993 0.173715893974411 2.04577935441368 0.243096760815281 2.42283595853023 0.79936745654287 0.191336609685945 0.228829216472988 0.256325594453586 2.2757572184387 1.12317361986378 2.09682597789285 3.27675397300963 0.239051849172999 1.01424754166762 3.66404648950953 1.57893661493416 0.396848760895232 0.236645843904781 0.24653478612927 3.67781023137804 2.74360656716025
"(N1,N2)" 0.0678029591884103 0.110161304690561 0.230368227704685 0.0967622069524664 0.0754846404571246 0.403674649860514 3.18228995841179 2.59445979155617 0.155300704633774 2.07170892971108 0.580145030186558 2.10690344257706 0.367549008157042 1.78544942359857 0.638290647352202 0.0796490340377355 1.20499820909271 0.137755310888246 1.37565022725895 0.503486972761407 0.105521994281737 0.104703888307882 0.149079500367282 1.64313747245108 0.799069425203069 1.45724461736867 2.61831745783061 0.104639808834598 0.257165256196791 2.88085904647555 0.976251102683794 0.220032255831909 0.0965140966642325 0.0903929063415411 2.23032531456686 1.64119629402373
"(N1,castellii)" 0.173759992368221 0.223320766321285 0.512841990622984 0.19378313875452 0.212073098815937 0.773844054875699 3.65062018173013 2.98411558427278 0.265585257753437 2.48587838280025 0.895244622693757 2.55154404401962 0.616164986678532 2.2349837865517 0.902020283598703 0.173715893166228 1.61866237121003 0.222703876374989 1.96641258389113 0.790428090831186 0.191336202982403 0.183407065173594 0.25140981759868 2.01537282911306 1.09710147469942 1.81588563295194 3.1423565841112 0.219785219292785 0.614740037779692 3.32959382877836 1.39988878541677 0.32175250359123 0.200381652948637 0.220554799091738 2.74461567297055 2.06658453216502
"(N2,N3)" 0.0195016431037152 0.0259253012029751 0.0347549474419107 0.0124641747957433 0.0158661978837245 0.0629053405266999 0.105376745733525 0.0642029726545429 0.0275481841298945 0.078596674723402 0.0419701691000141 0.0720233068171988 0.0464448173838799 0.0710138081106639 0.0205583933785699 0.0196663708144775 0.0947867972332852 0.0166855315225982 0.079132665650973 0.0449283720673815 0.0115444587755751 7.85699318070643e-12 0.00909797634273077 0.0293077059742429 0.0395079016272699 0.0712547273793461 0.0584898257963792 0.0283125578115014 0.0486391866531405 0.084537862661207 0.0817978725937711 0.00799126199546158 3.05902320501826e-07 0.0317748221964796 0.108307527751348 0.0884560260397088
"(N2,bayanus)" 0.10595703317981 0.113159461630724 0.282473762918298 0.0970209318020539 0.136588458358812 0.370169405015186 0.468330223318343 0.389655792716606 0.110284553119663 0.41416945308917 0.315099592507199 0.444640601442558 0.24861597852149 0.449534362953136 0.263729636246502 0.0940668591284924 0.413664162117319 0.0849485654867432 0.590762356632188 0.286941118069779 0.0858142087006666 0.0787031768657121 0.102330317231398 0.372235356661975 0.298032049496351 0.358641015583267 0.524039126280583 0.115145410458186 0.357574781582902 0.448734782302817 0.423637682732974 0.101720247759321 0.103867556284404 0.130161892750197 0.514290358403699 0.425388238141292
"(N3,N4)" 0.0151804436054266 0.0212815603484074 0.0588723874618941 3.05902320501826e-07 0.0141004922453612 0.0803255939217609 0.0753056359288489 0.0429164688753593 0.00870430085872853 0.0829618611476435 0.0470288369979611 0.0814354205833653 0.0248864380742272 0.104227264631958 0.0248517854421657 0.0119492497539019 0.0658037028532323 0.0162215850130717 0.124266032196924 0.0259727075700662 0.0216531862227679 3.05902320501826e-07 0.021337516642017 0.095592714834247 0.0583175372388868 0.0546022668027949 0.103737245471459 0.0164307431425085 0.0734210215798117 0.068085712945296 0.0573970938121593 0.020803990752883 0.0186125673061095 0.0353740960610754 0.0708036104203326 0.0829571699255092
"(N3,kudriavzevii)" 0.0864553900760952 0.087234160427749 0.247718815476388 0.0845567570063106 0.120722260475088 0.307264064488486 0.362953477584818 0.325452820062063 0.082736368989768 0.335572778365768 0.273129423407185 0.372617294625359 0.20217116113761 0.378520554842472 0.243171242867932 0.0744004883140149 0.318877364884034 0.068263033964145 0.511629690981215 0.242012746002398 0.0742697499250914 0.0787031768578551 0.0932323408886673 0.342927650687732 0.258524147869081 0.287386288203921 0.465549300484204 0.0868328526466848 0.308935594929761 0.36419691964161 0.341839810139203 0.0937289857638591 0.103867556284404 0.0983870705537173 0.405982830652352 0.336932212101583
"(N4,N5)" 0.0143249659599151 0.0118721640846775 0.0816933266937417 0.0291027664225949 0.0114011281289499 0.102020758743204 0.106653664235063 0.12729496082874 0.0362567920119839 0.0995620692655504 0.087623357155043 0.111318886855608 0.0661494481021182 0.138730233696113 0.095029716987645 0.0106913991571639 0.101072905411673 0.0117612236077096 0.135331427282283 0.0704553557803639 0.0249922772696586 0.0219508254902391 0.0252503674495971 0.0985206778561571 0.0690859432810968 0.0886260144017836 0.142132691692678 0.0103723721093144 0.0905086660170598 0.124992007726987 0.109521088866446 0.0237386418930047 0.04269341888943 0.0375534967363119 0.0847162232749884 0.0892663240194368
"(N4,mikatae)" 0.0712749464706686 0.0659526000793416 0.188846428014494 0.0845567570063106 0.106621768229726 0.226938470566725 0.287647841655969 0.282536351186704 0.0740320681310395 0.252610917218124 0.226100586409224 0.291181874041994 0.177284723063383 0.274293290210514 0.218319457425766 0.062451238560113 0.253073662030801 0.0520414489510733 0.38736365878429 0.216040038432332 0.0526165637023235 0.0787031768578551 0.0718948242466503 0.247334935853485 0.200206610630195 0.232784021401126 0.361812055012745 0.0704021095041763 0.235514573349949 0.296111206696314 0.284442716327044 0.0729249950109761 0.0852549889782947 0.0630129744926419 0.335179220232019 0.253975042176074
"(N5,cerevisiae)" 0.0569499805107535 0.054080435994664 0.107153101320752 0.0554539905837157 0.0952206401007765 0.124917711823521 0.180994177420905 0.155241390357964 0.0377752761190556 0.153048847952574 0.138477229254181 0.179862987186386 0.111135274961265 0.135563056514401 0.123289740438121 0.0517598394029491 0.152000756619129 0.0402802253433637 0.252032231502007 0.145584682651968 0.0276242864326649 0.056752351367616 0.0466444567970532 0.148814257997328 0.131120667349098 0.144158006999343 0.219679363320067 0.0600297373948619 0.14500590733289 0.171119198969327 0.174921627460598 0.0491863531179714 0.0425615700888647 0.02545947775633 0.25046299695703 0.164708718156637
"(N5,paradoxus)" 0.0569499805107535 0.054080435994664 0.107153101320752 0.0554539905837157 0.0952206401007765 0.124917711823521 0.180994177420905 0.155241390357964 0.0377752761190556 0.153048847952574 0.138477229254181 0.179862987186386 0.111135274961265 0.135563056514401 0.123289740438121 0.0517598394029491 0.152000756619129 0.0402802253433637 0.252032231502007 0.145584682651968 0.0276242864326649 0.056752351367616 0.0466444567970532 0.148814257997328 0.131120667349098 0.144158006999343 0.219679363320067 0.0600297373948619 0.14500590733289 0.171119198969327 0.174921627460598 0.0491863531179714 0.0425615700888647 0.02545947775633 0.25046299695703 0.164708718156637
"(N0,N1,tau)" 0 0 0 0 0 0 0 0 0 0 0 0 0 0 0 0 0 0 0 0 0 0 0 0 0 0 0 0 0 0 0 0 0 0 0 0
"(N0,kluyveri,tau)" 0 0 0 0 0 0 0 0 0 0 0 0 0 0 0 0 0 0 0 0 0 0 0 0 0 0 0 0 0 0 0 0 0 0 0 0
"(N1,N2,tau)" 0 0 0 0 0 0 0 0 0 0 0 0 0 0 0 0 0 0 0 0 0 0 0 0 0 0 0 0 0 0 0 0 0 0 0 0
"(N1,castellii,tau)" 0 0 0 0 0 0 0 0 0 0 0 0 0 0 0 0 0 0 0 0 0 0 0 0 0 0 0 0 0 0 0 0 0 0 0 0
"(N2,N3,tau)" 0 0 0 0 0 0 0 0 0 0 0 0 0 0 0 0 0 0 0 0 0 0 0 0 0 0 0 0 0 0 0 0 0 0 0 0
"(N2,bayanus,tau)" 0 0 0 0 0 0 0 0 0 0 0 0 0 0 0 0 0 0 0 0 0 0 0 0 0 0 0 0 0 0 0 0 0 0 0 0
"(N3,N4,tau)" 0 0 0 0 0 0 0 0 0 0 0 0 0 0 0 0 0 0 0 0 0 0 0 0 0 0 0 0 0 0 0 0 0 0 0 0
"(N3,kudriavzevii,tau)" 0 0 0 0 0 0 0 0 0 0 0 0 0 0 0 0 0 0 0 0 0 0 0 0 0 0 0 0 0 0 0 0 0 0 0 0
"(N4,N5,tau)" 0 0 0 0 0 0 0 0 0 0 0 0 0 0 0 0 0 0 0 0 0 0 0 0 0 0 0 0 0 0 0 0 0 0 0 0
"(N4,mikatae,tau)" 0 0 0 0 0 0 0 0 0 0 0 0 0 0 0 0 0 0 0 0 0 0 0 0 0 0 0 0 0 0 0 0 0 0 0 0
"(N5,cerevisiae,tau)" 0 0 0 0 0 0 0 0 0 0 0 0 0 0 0 0 0 0 0 0 0 0 0 0 0 0 0 0 0 0 0 0 0 0 0 0
"(N5,paradoxus,tau)" 0 0 0 0 0 0 0 0 0 0 0 0 0 0 0 0 0 0 0 0 0 0 0 0 0 0 0 0 0 0 0 0 0 0 0 0
"(N0,N1,1->2)" 0 0 0 0 0 0 0 0 0 0 0 0 0 0 0 0 0 0 0 0 0 0 0 0 0 0 0 0 0 0 0 0 0 0 0 0
"(N0,kluyveri,1->2)" 0 0 0 0 0 0 0 0 0 0 0 0 0 0 0 0 0 0 0 0 0 0 0 0 0 0 0 0 0 0 0 0 0 0 0 0
"(N1,N2,1->2)" 0 0 0 0 0 0 0 0 0 0 0 0 0 0 0 0 0 0 0 0 0 0 0 0 0 0 0 0 0 0 0 0 0 0 0 0
"(N1,castellii,1->2)" 0 0 0 0 0 0 0 0 0 0 0 0 0 0 0 0 0 0 0 0 0 0 0 0 0 0 0 0 0 0 0 0 0 0 0 0
"(N2,N3,1->2)" 0 0 0 0 0 0 0 0 0 0 0 0 0 0 0 0 0 0 0 0 0 0 0 0 0 0 0 0 0 0 0 0 0 0 0 0
"(N2,bayanus,1->2)" 0 0 0 0 0 0 0 0 0 0 0 0 0 0 0 0 0 0 0 0 0 0 0 0 0 0 0 0 0 0 0 0 0 0 0 0
"(N3,N4,1->2)" 0 0 0 0 0 0 0 0 0 0 0 0 0 0 0 0 0 0 0 0 0 0 0 0 0 0 0 0 0 0 0 0 0 0 0 0
"(N3,kudriavzevii,1->2)" 0 0 0 0 0 0 0 0 0 0 0 0 0 0 0 0 0 0 0 0 0 0 0 0 0 0 0 0 0 0 0 0 0 0 0 0
"(N4,N5,1->2)" 0 0 0 0 0 0 0 0 0 0 0 0 0 0 0 0 0 0 0 0 0 0 0 0 0 0 0 0 0 0 0 0 0 0 0 0
"(N4,mikatae,1->2)" 0 0 0 0 0 0 0 0 0 0 0 0 0 0 0 0 0 0 0 0 0 0 0 0 0 0 0 0 0 0 0 0 0 0 0 0
"(N5,cerevisiae,1->2)" 0 0 0 0 0 0 0 0 0 0 0 0 0 0 0 0 0 0 0 0 0 0 0 0 0 0 0 0 0 0 0 0 0 0 0 0
"(N5,paradoxus,1->2)" 0 0 0 0 0 0 0 0 0 0 0 0 0 0 0 0 0 0 0 0 0 0 0 0 0 0 0 0 0 0 0 0 0 0 0 0
"(N0,N1,2->1)" 0 0 0 0 0 0 0 0 0 0 0 0 0 0 0 0 0 0 0 0 0 0 0 0 0 0 0 0 0 0 0 0 0 0 0 0
"(N0,kluyveri,2->1)" 0 0 0 0 0 0 0 0 0 0 0 0 0 0 0 0 0 0 0 0 0 0 0 0 0 0 0 0 0 0 0 0 0 0 0 0
"(N1,N2,2->1)" 0 0 0 0 0 0 0 0 0 0 0 0 0 0 0 0 0 0 0 0 0 0 0 0 0 0 0 0 0 0 0 0 0 0 0 0
"(N1,castellii,2->1)" 0 0 0 0 0 0 0 0 0 0 0 0 0 0 0 0 0 0 0 0 0 0 0 0 0 0 0 0 0 0 0 0 0 0 0 0
"(N2,N3,2->1)" 0 0 0 0 0 0 0 0 0 0 0 0 0 0 0 0 0 0 0 0 0 0 0 0 0 0 0 0 0 0 0 0 0 0 0 0
"(N2,bayanus,2->1)" 0 0 0 0 0 0 0 0 0 0 0 0 0 0 0 0 0 0 0 0 0 0 0 0 0 0 0 0 0 0 0 0 0 0 0 0
"(N3,N4,2->1)" 0 0 0 0 0 0 0 0 0 0 0 0 0 0 0 0 0 0 0 0 0 0 0 0 0 0 0 0 0 0 0 0 0 0 0 0
"(N3,kudriavzevii,2->1)" 0 0 0 0 0 0 0 0 0 0 0 0 0 0 0 0 0 0 0 0 0 0 0 0 0 0 0 0 0 0 0 0 0 0 0 0
"(N4,N5,2->1)" 0 0 0 0 0 0 0 0 0 0 0 0 0 0 0 0 0 0 0 0 0 0 0 0 0 0 0 0 0 0 0 0 0 0 0 0
"(N4,mikatae,2->1)" 0 0 0 0 0 0 0 0 0 0 0 0 0 0 0 0 0 0 0 0 0 0 0 0 0 0 0 0 0 0 0 0 0 0 0 0
"(N5,cerevisiae,2->1)" 0 0 0 0 0 0 0 0 0 0 0 0 0 0 0 0 0 0 0 0 0 0 0 0 0 0 0 0 0 0 0 0 0 0 0 0
"(N5,paradoxus,2->1)" 0 0 0 0 0 0 0 0 0 0 0 0 0 0 0 0 0 0 0 0 0 0 0 0 0 0 0 0 0 0 0 0 0 0 0 0
