     2   3387    545


 1

     1    617    -1.9687024705   0.139637923048     472.9536  AAAAAAA
     2      6    -5.4909265660   0.004124021225      13.9681  AAAAAAG
     3     19    -5.8142999534   0.002984568934      10.1087  AAAAACA
     4     39    -4.1783445730   0.015323854102      51.9019  AAAAAGA
     5      1    -7.7003922270   0.000452649607       1.5331  AAAAAGG
     6     14    -5.5602127058   0.003847957827      13.0330  AAAAATA
     7      1    -9.0824169476   0.000113646597       0.3849  AAAAATG
     8      7    -5.9543198344   0.002594607998       8.7879  AAAACAA
     9      5    -6.4416317616   0.001593803850       5.3982  AAAACCA
    10      1    -7.7100233487   0.000448311010       1.5184  AAAACGA
    11      4    -7.7530092660   0.000429448270       1.4545  AAAACTA
    12      1   -11.2750492915   0.000012685521       0.0430  AAAACTG
    13     13    -4.2928767138   0.013665556803      46.2852  AAAAGAA
    14      1    -7.8148736351   0.000403685828       1.3673  AAAAGAG
    15      3    -7.6621687756   0.000470286358       1.5929  AAAAGCA
    16     17    -4.6811324152   0.009268512138      31.3925  AAAAGGA
    17      1    -7.4080815280   0.000606332812       2.0536  AAAAGTA
    18     15    -5.7002325868   0.003345187321      11.3301  AAAATAA
    19      8    -7.7530092660   0.000429448270       1.4545  AAAATCA
    20      1    -7.4559361011   0.000578000340       1.9577  AAAATGA
    21      7    -6.1288438385   0.002179098895       7.3806  AAAATTA
    22      1   -11.5559586220   0.000009578796       0.0324  AAACAAT
    23      1   -12.4443440101   0.000003939944       0.0133  AAACCTA
    24      6    -4.9984709405   0.006748257602      22.8563  AAAGAAA
    25      2    -7.9505071695   0.000352483350       1.1939  AAAGAAG
    26      4    -7.2071361722   0.000741277008       2.5107  AAAGAGA
    27      1   -10.1249984525   0.000040065359       0.1357  AAAGAGG
    28      2    -7.3213875759   0.000661244048       2.2396  AAAGGAA
    29      1   -10.2296470473   0.000036084504       0.1222  AAAGGAG
    30      3    -7.6964232044   0.000454449753       1.5392  AAAGGGA
    31      1   -15.6618602618   0.000000157812       0.0005  AAAGTGC
    32      1    -9.1575780346   0.000105417908       0.3571  AAAGTTA
    33      1    -9.9993055373   0.000045431469       0.1539  AAATATA
    34      2    -6.7980095384   0.001115994282       3.7799  AACAAAA
    35      1    -9.5343408402   0.000072324990       0.2450  AACACTA
    36      1   -11.7117433266   0.000008196992       0.0278  AACAGTA
    37      2   -10.4076924446   0.000030199281       0.1023  AACATAA
    38      1    -9.6410975784   0.000065001671       0.2202  AACATCA
    39      1   -13.3143031294   0.000001650713       0.0056  AACGATA
    40      1   -12.5383486406   0.000003586447       0.0121  AACGCTA
    41      1   -18.0230624614   0.000000014883       0.0001  AACTACG
    42     11    -5.1041582442   0.006071447441      20.5640  AAGAAAA
    43      1    -8.6193459644   0.000180578321       0.6116  AAGAAAG
    44      6    -6.9249208430   0.000982980925       3.3294  AAGAAGA
    45      1   -10.3901372134   0.000030734117       0.1041  AAGAAGG
    46      3    -8.6432816976   0.000176307364       0.5972  AAGAATA
    47      1    -9.0283639285   0.000119958594       0.4063  AAGACAA
    48      1    -9.1566814353   0.000105512468       0.3574  AAGACCA
    49      1    -9.5232342777   0.000073132750       0.2477  AAGACGA
    50      3    -6.9508483733   0.000957822218       3.2441  AAGAGAA
    51      5    -5.7256740231   0.003261154442      11.0455  AAGAGGA
    52      1    -8.8442301906   0.000144211413       0.4884  AAGATTA
    53      1   -12.3129984072   0.000004492962       0.0152  AAGATTG
    54      1   -13.3319893048   0.000001621775       0.0055  AAGCATA
    55      1    -8.0955621670   0.000304889188       1.0327  AAGGAAA
    56      2   -10.1974027691   0.000037266984       0.1262  AAGGAAG
    57      1   -10.3499726689   0.000031993664       0.1084  AAGGAGG
    58      1   -11.5928099427   0.000009232230       0.0313  AAGGATA
    59      1   -13.2243477785   0.000001806087       0.0061  AAGGATG
    60      1   -11.9209577624   0.000006649574       0.0225  AAGGCCA
    61      1   -12.6430152808   0.000003230042       0.0109  AAGGCCG
    62      1   -10.2407155087   0.000035687306       0.1209  AAGGGAG
    63      1    -8.2769759719   0.000254305064       0.8613  AAGGGGG
    64      1   -13.2368829455   0.000001783589       0.0060  AAGGTCA
    65      1    -6.5439222909   0.001438833892       4.8733  AATAAAA
    66      1    -9.3969051470   0.000082980481       0.2811  AATACCA
    67      1   -12.4183458440   0.000004043719       0.0137  AATAGGG
    68      1   -10.7389919230   0.000021682785       0.0734  AATAGTA
    69      1    -9.4596100462   0.000077936977       0.2640  AATATCA
    70      1    -9.5718605258   0.000069661656       0.2359  AATGAAA
    71      2   -12.7865675535   0.000002798107       0.0095  AATGATA
    72      1   -10.2126206626   0.000036704152       0.1243  AATGTTA
    73      1   -10.5257314780   0.000026836934       0.0909  ACAAATA
    74      1   -15.3374600645   0.000000218286       0.0007  ACAAGTG
    75      1   -10.9738422185   0.000017144344       0.0581  ACACATC
    76      1   -10.5436473650   0.000026360408       0.0893  ACAGAAG
    77      1   -14.5830212694   0.000000464167       0.0016  ACCATCA
    78      1   -12.0765453740   0.000005691451       0.0193  ACCCATC
    79      1    -9.2967928921   0.000091717910       0.3106  ACCCTTC
    80      1   -18.6562908733   0.000000007901       0.0000  ACGCACG
    81      1   -13.9026416779   0.000000916557       0.0031  ACGCCAC
    82      7    -5.2546937801   0.005222945417      17.6901  AGAAAAA
    83      3    -5.8657739046   0.002834828310       9.6016  AGAAAAG
    84      4    -7.4642273979   0.000573227780       1.9415  AGAAAGA
    85      4    -8.0697198953   0.000312870905       1.0597  AGAAAGG
    86      1    -8.8461918084   0.000143928802       0.4875  AGAAATA
    87      1    -8.9862095305   0.000125123472       0.4238  AGAATAA
    88      1   -11.3204941194   0.000012121933       0.0411  AGAATGG
    89      2    -9.4147206183   0.000081515235       0.2761  AGAATTA
    90      1    -7.8974624782   0.000371685505       1.2589  AGAGAAA
    91      2    -5.6420150256   0.003545716494      12.0093  AGAGAAG
    92      1    -9.4788838761   0.000076449216       0.2589  AGAGACG
    93      1   -11.0110914657   0.000016517478       0.0559  AGAGCGG
    94      1    -7.5828535784   0.000509106373       1.7243  AGAGGGG
    95      1   -10.6781022788   0.000023044066       0.0781  AGAGGTG
    96      1    -9.3632814189   0.000085818031       0.2907  AGAGTAG
    97      1   -12.0299359228   0.000005963006       0.0202  AGAGTTA
    98      1    -9.7233693042   0.000059867947       0.2028  AGAGTTG
    99      2    -8.7953636376   0.000151433551       0.5129  AGGAAAG
   100      2   -10.1754791518   0.000038093033       0.1290  AGGAAGA
   101      1    -9.7575910488   0.000057853821       0.1960  AGGAAGG
   102      3    -7.8695710755   0.000382198261       1.2945  AGGAGGG
   103      1   -18.0168457742   0.000000014976       0.0001  AGGATCC
   104      1   -16.5023970048   0.000000068093       0.0002  AGGCGCA
   105      4    -7.3617165072   0.000635107357       2.1511  AGGGAAG
   106      1   -10.5644027869   0.000025818926       0.0874  AGGGAGA
   107      3    -7.3054594031   0.000671860786       2.2756  AGGGAGG
   108      1   -15.2297852029   0.000000243102       0.0008  AGGGATT
   109      1    -9.1729419836   0.000103810651       0.3516  AGGGCGG
   110      2    -7.1906788745   0.000753577362       2.5524  AGGGGAG
   111      1    -5.2072627387   0.005476644195      18.5494  AGGGGGG
   112      1    -8.7758413251   0.000154418930       0.5230  AGGGGTG
   113      1   -12.5430627345   0.000003569580       0.0121  AGGGTTA
   114      1    -9.2885056197   0.000092481159       0.3132  AGGGTTG
   115      1   -17.6882480314   0.000000020801       0.0001  AGGTGCT
   116      1   -13.0679728337   0.000002111794       0.0072  ATAAGCT
   117      1    -9.3924980861   0.000083346988       0.2823  ATAAGGA
   118      1   -13.5367362551   0.000001321509       0.0045  ATACAAG
   119      1   -15.9305255492   0.000000120631       0.0004  ATATTCC
   120      1   -14.0353176490   0.000000802674       0.0027  ATCATTA
   121      1   -13.6508603795   0.000001178981       0.0040  ATCATTT
   122      1   -15.3557692268   0.000000214326       0.0007  ATCCATT
   123      1   -12.6279650108   0.000003279023       0.0111  ATCCTCT
   124      1   -12.2488561097   0.000004790594       0.0162  ATCCTTT
   125      1   -13.4268067878   0.000001475068       0.0050  ATCTGCT
   126      1   -11.2817031257   0.000012601394       0.0427  ATCTTCT
   127      1   -11.6348734152   0.000008851944       0.0300  ATGAAGA
   128      1   -16.7517354366   0.000000053066       0.0002  ATGCGCC
   129      1   -16.0875212581   0.000000103105       0.0003  ATGGCTT
   130      1    -8.8053890024   0.000149922959       0.5078  ATTTTCT
   131      2    -6.7746100033   0.001142415952       3.8694  CAAAAAA
   132      1   -10.6135865945   0.000024579775       0.0833  CAAAACA
   133      1   -14.1326876519   0.000000728202       0.0025  CAAAACG
   134      1   -11.2527297249   0.000012971840       0.0439  CAACAAA
   135      1   -11.5588430253   0.000009551207       0.0323  CAACCCC
   136      1   -10.8655786107   0.000019104654       0.0647  CACAAAA
   137      1    -7.4334367535   0.000591152372       2.0022  CACACCA
   138      1    -9.4748113339   0.000076761194       0.2600  CACACTA
   139      1   -16.2268298706   0.000000089697       0.0003  CACATGG
   140      1   -11.7889096312   0.000007588249       0.0257  CACCAAA
   141      1   -11.1068725017   0.000015008820       0.0508  CACCAAC
   142      1    -7.0314073311   0.000883687265       2.9930  CACCCCC
   143      1   -13.1543132185   0.000001937110       0.0066  CACCGTA
   144      1    -9.4727392578   0.000076920414       0.2605  CACCTTC
   145      1   -15.4230047928   0.000000200389       0.0007  CACGGTA
   146      1   -13.8894375557   0.000000928739       0.0031  CAGCTCC
   147      1   -16.6817894333   0.000000056910       0.0002  CATAATG
   148      1   -10.3439508647   0.000032186905       0.1090  CATACCA
   149      1   -12.4760049315   0.000003817156       0.0129  CATCTCA
   150      1   -11.0836216180   0.000015361877       0.0520  CATCTTA
   151      1   -10.4821099898   0.000028033510       0.0949  CATCTTC
   152      1   -14.2717270135   0.000000633677       0.0021  CATGTCA
   153      1   -15.2163114776   0.000000246400       0.0008  CATTCAT
   154      1   -12.7810679649   0.000002813538       0.0095  CATTTCA
   155      1    -7.5210318336   0.000541573464       1.8343  CCACAAC
   156      1   -10.1451230980   0.000039267117       0.1330  CCACCAC
   157      1   -16.4896692848   0.000000068965       0.0002  CCCAATA
   158      1    -6.7565426697   0.001163243948       3.9399  CCCACCC
   159      1   -11.9447366802   0.000006493319       0.0220  CCCATAC
   160      2    -8.9209343766   0.000133563388       0.4524  CCCATCC
   161      1    -9.1974615317   0.000101296213       0.3431  CCCATTC
   162      7    -6.4435176168   0.001590800999       5.3880  CCCCAAC
   163      3    -6.0440763738   0.002371870549       8.0335  CCCCACC
   164      2    -9.4137953015   0.000081590698       0.2763  CCCCACT
   165      2    -7.9654643748   0.000347250417       1.1761  CCCCAGC
   166      2    -7.6038620690   0.000498522383       1.6885  CCCCATC
   167      1   -10.9731790201   0.000017155718       0.0581  CCCCATT
   168      7    -5.9002206504   0.002738840426       9.2765  CCCCCAC
   169      1    -7.2872548451   0.000684203722       2.3174  CCCCCCA
   170    388    -2.3680201457   0.093665987832     317.2467  CCCCCCC
   171      2    -7.4820271792   0.000563114723       1.9073  CCCCCCG
   172      3    -6.0949929846   0.002254125954       7.6347  CCCCCGC
   173     16    -4.4110561525   0.012142347385      41.1261  CCCCCTC
   174      1    -7.7807282932   0.000417707850       1.4148  CCCCCTT
   175      7    -6.2388487079   0.001952101669       6.6118  CCCCGCC
   176      1    -9.6085676357   0.000067150940       0.2274  CCCCGCT
   177      1    -6.6863664215   0.001247808556       4.2263  CCCCGGC
   178      1   -11.1679513543   0.000014119534       0.0478  CCCCGTT
   179      1    -7.5565214271   0.000522690301       1.7704  CCCCTAC
   180      1   -12.6705097323   0.000003142444       0.0106  CCCCTAG
   181     19    -4.5324430302   0.010754370701      36.4251  CCCCTCC
   182      1    -9.6464472585   0.000064654861       0.2190  CCCCTCG
   183      4    -7.9020990264   0.000369966156       1.2531  CCCCTCT
   184      1    -7.7512937613   0.000430185623       1.4570  CCCCTGC
   185     11    -4.8093819493   0.008152897044      27.6139  CCCCTTC
   186      4    -8.1780916175   0.000280737183       0.9509  CCCCTTT
   187      1    -9.3111264778   0.000090412640       0.3062  CCCTAAC
   188      2    -8.9122376751   0.000134730014       0.4563  CCCTACC
   189      1   -10.8330803950   0.000019735719       0.0668  CCCTAGC
   190      2   -10.4691531637   0.000028399098       0.0962  CCCTATC
   191      1   -13.3225509629   0.000001637154       0.0055  CCCTATT
   192      9    -5.2362421741   0.005320211748      18.0196  CCCTCCC
   193      4    -8.1937111016   0.000276386281       0.9361  CCCTCCT
   194      4    -7.2788830650   0.000689955769       2.3369  CCCTCTC
   195      2   -10.2216541190   0.000036374080       0.1232  CCCTCTT
   196      1   -10.8330803950   0.000019735719       0.0668  CCCTGAC
   197      1   -13.2653584188   0.000001733517       0.0059  CCCTTAT
   198      7    -7.4001545696   0.000611158287       2.0700  CCCTTCC
   199      2   -10.3386753858   0.000032357155       0.1096  CCCTTCT
   200      1   -12.5544109627   0.000003529300       0.0120  CCCTTTA
   201      8    -7.6703506924   0.000466454213       1.5799  CCCTTTC
   202      1    -9.5371091248   0.000072125051       0.2443  CCGCAAC
   203      1   -10.5452654505   0.000026317789       0.0891  CCGCCAC
   204      2   -10.4955220585   0.000027660032       0.0937  CCGCCGC
   205      1   -10.5509105697   0.000026169641       0.0886  CCGCGCC
   206      1   -14.3397626593   0.000000591998       0.0020  CCGCTCG
   207      1   -11.1609052772   0.000014219372       0.0482  CCGCTGC
   208      1   -16.1819755213   0.000000093812       0.0003  CCTAATT
   209      1   -10.1777165739   0.000038007898       0.1287  CCTATTC
   210      2    -5.3517840613   0.004739687559      16.0533  CCTCCCC
   211      1    -7.1052419094   0.000820791114       2.7800  CCTCCTC
   212      1   -10.4514865978   0.000028905271       0.0979  CCTCCTT
   213      1    -9.1720018172   0.000103908296       0.3519  CCTCGCC
   214      2    -7.1557669324   0.000780350849       2.6430  CCTCTCC
   215      1   -10.4978294323   0.000027596284       0.0935  CCTCTCT
   216      3    -5.8209093548   0.002964907765      10.0421  CCTCTTC
   217      1   -16.3774968203   0.000000077151       0.0003  CCTGATT
   218      1    -8.2009149554   0.000274402389       0.9294  CCTTCCC
   219      1   -10.6226104967   0.000024358968       0.0825  CCTTCCT
   220      1   -16.8696631521   0.000000047163       0.0002  CCTTCGG
   221      2    -9.8165749322   0.000054540068       0.1847  CCTTCTC
   222      1   -10.8161866795   0.000020071961       0.0680  CCTTTCT
   223      6    -8.2606644425   0.000258487184       0.8755  CCTTTTC
   224      3    -8.5746635702   0.000188829971       0.6396  CCTTTTT
   225      1   -17.7972420651   0.000000018653       0.0001  CGACATA
   226      1   -11.6118140959   0.000009058436       0.0307  CGCCACG
   227      1    -7.2261796653   0.000727294069       2.4633  CGCCCCC
   228      1   -10.9531519262   0.000017502761       0.0593  CGCCCGC
   229      1   -16.1184858952   0.000000099961       0.0003  CGCGATA
   230      1   -14.3005717762   0.000000615660       0.0021  CGCTACT
   231      1   -12.0308945529   0.000005957292       0.0202  CGGGGGT
   232      1   -18.8607528511   0.000000006440       0.0000  CGGTTCA
   233      1   -13.9207537247   0.000000900106       0.0030  CTACATC
   234      1   -14.6474895894   0.000000435187       0.0015  CTACCCG
   235      1   -12.5698351763   0.000003475281       0.0118  CTACCTT
   236      1   -14.2365218215   0.000000656383       0.0022  CTAGTTT
   237      1   -15.8646232320   0.000000128849       0.0004  CTATATC
   238      1   -12.7265406066   0.000002971212       0.0101  CTATATT
   239      1   -10.2494136326   0.000035378239       0.1198  CTATCCT
   240      1   -13.1634997303   0.000001919397       0.0065  CTATTTC
   241      1    -9.7040905595   0.000061033323       0.2067  CTATTTT
   242      1   -11.7339814781   0.000008016718       0.0272  CTCATTT
   243      1    -9.5720768245   0.000069646590       0.2359  CTCCAAC
   244      2   -10.1585691767   0.000038742662       0.1312  CTCCAAT
   245      1   -10.7322220660   0.000021830073       0.0739  CTCCATC
   246      4    -5.4966317959   0.004100559727      13.8886  CTCCCCC
   247      4    -6.0867193782   0.002272853069       7.6982  CTCCCCT
   248      2    -7.5396339150   0.000531592194       1.8005  CTCCCTC
   249      1    -8.1273940988   0.000295336817       1.0003  CTCCCTT
   250      1    -9.9571849459   0.000047385942       0.1605  CTCCGCT
   251      1   -10.9269944002   0.000017966630       0.0609  CTCCGTC
   252      8    -7.6610108953   0.000470831209       1.5947  CTCCTCC
   253      1    -8.2480923595   0.000261757420       0.8866  CTCCTCT
   254      1   -10.8796292137   0.000018838099       0.0638  CTCCTGC
   255      3    -7.9373695573   0.000357144692       1.2096  CTCCTTC
   256      7    -8.4854553182   0.000206449378       0.6992  CTCCTTT
   257      1   -17.4405642059   0.000000026648       0.0001  CTCGATG
   258      1    -9.8526404240   0.000052608102       0.1782  CTCGCCT
   259      3    -9.8395889149   0.000053299217       0.1805  CTCTAAT
   260      1   -11.7670945225   0.000007755607       0.0263  CTCTACC
   261      1   -10.7898559772   0.000020607490       0.0698  CTCTATT
   262      1    -8.0927012454   0.000305762700       1.0356  CTCTCCC
   263      5    -5.8272909225   0.002946047250       9.9783  CTCTCCT
   264      1    -9.5487592813   0.000071289659       0.2415  CTCTCGT
   265      1   -10.1249542676   0.000040067130       0.1357  CTCTCTC
   266      1    -7.8288804835   0.000398070878       1.3483  CTCTCTT
   267      2   -10.7194534207   0.000022110600       0.0749  CTCTTAT
   268      2   -10.2432135423   0.000035598269       0.1206  CTCTTCC
   269     10    -7.9384791617   0.000356748623       1.2083  CTCTTCT
   270      1   -10.9142257549   0.000018197511       0.0616  CTCTTGT
   271      5   -10.3519894785   0.000031929204       0.1081  CTCTTTC
   272      7    -7.6923172051   0.000456319560       1.5456  CTCTTTT
   273      1   -13.6235238340   0.000001211654       0.0041  CTGCCGC
   274      1   -12.4269818774   0.000004008947       0.0136  CTTCATC
   275      1   -11.7551771364   0.000007848586       0.0266  CTTCATT
   276      2   -10.1227513125   0.000040155493       0.1360  CTTCCTT
   277      1   -12.6217542116   0.000003299452       0.0112  CTTCGTC
   278      1   -10.0861727252   0.000041651519       0.1411  CTTCTCT
   279      3    -8.1045646940   0.000302156732       1.0234  CTTCTTT
   280      1    -9.3291526090   0.000088797451       0.3008  CTTTAAT
   281      2    -8.9086160176   0.000135218845       0.4580  CTTTATT
   282      1   -12.5886492631   0.000003410508       0.0116  CTTTCCA
   283      1    -7.6913597939   0.000456756654       1.5470  CTTTCCT
   284      1   -11.0965112676   0.000015165139       0.0514  CTTTCTC
   285      1    -7.6101612782   0.000495391956       1.6779  CTTTCTT
   286      1    -9.1033883518   0.000111288086       0.3769  CTTTGTT
   287      1   -11.0084322009   0.000016561461       0.0561  CTTTTCC
   288      4    -7.5026891297   0.000551599053       1.8683  CTTTTCT
   289      1    -8.7935872769   0.000151702791       0.5138  CTTTTTC
   290     15    -5.2149635088   0.005434631789      18.4071  CTTTTTT
   291     12    -5.1022154859   0.006083254261      20.6040  GAAAAAA
   292      1    -8.5782163879   0.000188160283       0.6373  GAAAAAG
   293      2    -8.9447544009   0.000130419497       0.4417  GAAAACA
   294      2    -7.2850270562   0.000685729683       2.3226  GAAAAGA
   295      3    -8.6906671533   0.000168147808       0.5695  GAAAATA
   296      2    -7.4740698197   0.000567613505       1.9225  GAAAGGA
   297      1   -12.2966726274   0.000004566915       0.0155  GAAATAG
   298      1   -10.8583446341   0.000019243357       0.0652  GAAATCA
   299      1    -9.2338258894   0.000097678812       0.3308  GAAATTA
   300      4    -7.8992649301   0.000371016163       1.2566  GAAGAAA
   301      1   -11.7052642427   0.000008250273       0.0279  GAAGACA
   302      1   -11.7425506535   0.000007948315       0.0269  GAAGTTA
   303      1   -18.0209955076   0.000000014914       0.0001  GACACAC
   304      1   -12.0999587757   0.000005559742       0.0188  GACACTA
   305      3    -7.5013719208   0.000552326102       1.8707  GAGAAAA
   306      2   -10.1072259196   0.000040783788       0.1381  GAGAAAG
   307      4    -7.7517927504   0.000429971018       1.4563  GAGAAGA
   308      2   -10.0049094237   0.000045177589       0.1530  GAGAAGG
   309      1    -7.6455612400   0.000478161871       1.6195  GAGAGAA
   310      1    -9.8890617863   0.000050726516       0.1718  GAGAGAG
   311      1    -5.6928139427   0.003370096356      11.4145  GAGAGGA
   312      1   -10.6470576005   0.000023770682       0.0805  GAGATAA
   313      1    -9.7301235921   0.000059464944       0.2014  GAGATTA
   314      1   -11.9888694195   0.000006212983       0.0210  GAGATTG
   315      1    -7.7623418367   0.000425459057       1.4410  GAGGAAG
   316      3    -8.0624901980   0.000315141064       1.0674  GAGGAGA
   317      2    -7.4806168773   0.000563909445       1.9100  GAGGAGG
   318      1    -7.9437826831   0.000354861607       1.2019  GAGGGAA
   319      2    -5.9466731405   0.002614524221       8.8554  GAGGGGA
   320      4    -5.3610204698   0.004696111422      15.9057  GAGGGGG
   321      1    -8.9318713124   0.000132110573       0.4475  GAGGGTG
   322      1   -11.1651255916   0.000014159489       0.0480  GAGGTAA
   323      1   -17.5531971376   0.000000023809       0.0001  GCACTTG
   324      2   -10.7401749085   0.000021657150       0.0734  GCCCACC
   325      1   -12.2890344651   0.000004601931       0.0156  GCCCATC
   326      1   -13.9647550381   0.000000861359       0.0029  GCCCCAT
   327      1   -10.7886823533   0.000020631689       0.0699  GCCCCGC
   328      1    -9.1074220306   0.000110840089       0.3754  GCCCCTC
   329      1   -13.6515168298   0.000001178207       0.0040  GCCGTCC
   330      1   -13.5970799141   0.000001244123       0.0042  GCCTACC
   331      1   -12.5942214891   0.000003391557       0.0115  GCCTCCT
   332      1   -11.9563903326   0.000006418088       0.0217  GCCTCTC
   333      1   -15.3854991799   0.000000208048       0.0007  GCGCGCG
   334      1    -7.2328293697   0.000722473823       2.4470  GCGGGGG
   335      1   -14.9581358837   0.000000318980       0.0011  GCGTCCT
   336      1   -10.4991943249   0.000027558644       0.0933  GGAAAGA
   337      1   -11.9429337632   0.000006505037       0.0220  GGAAATA
   338      1    -9.5690087752   0.000069860597       0.2366  GGAAGAG
   339      1   -12.6499243429   0.000003207803       0.0109  GGACAAA
   340      2    -5.6890209649   0.003382903330      11.4579  GGAGAAG
   341      1   -10.2532445216   0.000035242969       0.1194  GGAGAGA
   342      3    -6.9599735347   0.000949121693       3.2147  GGAGAGG
   343      1    -8.9921984022   0.000124376363       0.4213  GGAGGCG
   344      3    -5.2140043147   0.005439847157      18.4248  GGAGGGG
   345      1   -14.5240954655   0.000000492340       0.0017  GGCAATG
   346      1   -10.5913552871   0.000025132335       0.0851  GGCACCG
   347      1   -14.5436959307   0.000000482784       0.0016  GGCATAG
   348      1   -15.0730343009   0.000000284357       0.0010  GGCGATA
   349      1    -9.7739044244   0.000056917687       0.1928  GGCGCTG
   350      2   -10.5393898016   0.000026472879       0.0897  GGCGGCG
   351      1   -13.9070115407   0.000000912560       0.0031  GGCGGTA
   352      1    -9.8806495597   0.000051155039       0.1733  GGCGTCG
   353      1    -9.5707039322   0.000069742272       0.2362  GGCGTTG
   354      2    -7.4951531307   0.000555771605       1.8824  GGGAAAG
   355      1   -10.5424959729   0.000026390777       0.0894  GGGAACG
   356      5    -7.2204489908   0.000731473920       2.4775  GGGAAGG
   357      1    -9.0697245226   0.000115098241       0.3898  GGGACGG
   358      2    -9.9784808803   0.000046387484       0.1571  GGGAGAA
   359      2    -7.1010249161   0.000824259693       2.7918  GGGAGAG
   360      5    -5.1014425767   0.006087957882      20.6199  GGGAGGG
   361      1   -11.8577993534   0.000007083097       0.0240  GGGCGGT
   362      1   -11.0633467981   0.000015676515       0.0531  GGGCTTG
   363      2    -8.0017756500   0.000334867492       1.1342  GGGGAAA
   364     13    -4.6767327242   0.009309380566      31.5309  GGGGAAG
   365      1    -7.7194221100   0.000444117181       1.5042  GGGGACG
   366     24    -4.3942750395   0.012347828770      41.8221  GGGGAGG
   367      1    -7.7671776757   0.000423406573       1.4341  GGGGCAG
   368      2    -6.6932372248   0.001239264495       4.1974  GGGGCCG
   369      5    -6.2429798923   0.001944053812       6.5845  GGGGCGG
   370      2    -8.0045284315   0.000333946943       1.1311  GGGGCTG
   371      1    -7.6009635968   0.000499969432       1.6934  GGGGGAA
   372     13    -4.2747044157   0.013916161510      47.1340  GGGGGAG
   373      6    -6.0995618472   0.002243850653       7.5999  GGGGGCG
   374      1    -5.6009539311   0.003694337891      12.5127  GGGGGGA
   375    571    -2.2746173158   0.102836254711     348.3064  GGGGGGG
   376      5    -5.8454745997   0.002892961388       9.7985  GGGGGTG
   377      4    -7.5130904282   0.000545891441       1.8489  GGGGTAG
   378      2    -8.0045284315   0.000333946943       1.1311  GGGGTCG
   379      3    -5.9888926447   0.002506438031       8.4893  GGGGTGG
   380      1    -8.7039000912   0.000165937376       0.5620  GGGTGAG
   381      1   -13.4037375193   0.000001509492       0.0051  GGTAGCG
   382      1    -6.8422354554   0.001067713903       3.6163  GGTGGGG
   383      1    -7.4483246626   0.000582416540       1.9726  GGTGTTG
   384      1   -11.3690396824   0.000011547522       0.0391  GGTTTTG
   385      1   -13.1492271284   0.000001946988       0.0066  GTATTAT
   386      1   -12.7172942238   0.000002998812       0.0102  GTCCCTT
   387      1   -12.8227373450   0.000002698708       0.0091  GTCCTCT
   388      1   -11.4540377315   0.000010606562       0.0359  GTCTCTT
   389      1   -11.4764754599   0.000010371225       0.0351  GTCTTCT
   390      1   -14.2963944432   0.000000618237       0.0021  GTGACCT
   391      1   -15.3970165257   0.000000205665       0.0007  GTGCTCT
   392      1    -9.3808179348   0.000084326201       0.2856  GTGGAAG
   393      1   -10.3415566448   0.000032264060       0.1093  GTGGGGC
   394      1   -10.9285854122   0.000017938068       0.0608  GTGTGTT
   395      1   -10.7571193018   0.000021293274       0.0721  GTGTTTT
   396      1   -16.0960383197   0.000000102230       0.0003  GTTCATC
   397      1   -10.3818355131   0.000030990325       0.1050  GTTTATT
   398      1    -6.6865406633   0.001247591154       4.2256  GTTTTTT
   399      3    -6.5205227557   0.001472898935       4.9887  TAAAAAA
   400      1   -13.9078965047   0.000000911753       0.0031  TAAGCCA
   401      1   -17.4657673945   0.000000025984       0.0001  TACAATT
   402      1   -15.6682086672   0.000000156813       0.0005  TACATCT
   403      1   -10.2323378428   0.000035987538       0.1219  TACATTA
   404      1   -10.0053809144   0.000045156293       0.1529  TACCCCC
   405      1   -13.8522137397   0.000000963962       0.0033  TACTGGT
   406      1   -10.5877533561   0.000025223023       0.0854  TACTTTA
   407      1   -13.2957424066   0.000001681638       0.0057  TAGAGCA
   408      1   -11.5747092982   0.000009400861       0.0318  TAGATTA
   409      1   -14.5673482437   0.000000471499       0.0016  TAGCTTA
   410      1   -12.5322582931   0.000003608356       0.0122  TATAACA
   411      1   -10.7600585216   0.000021230780       0.0719  TATAATA
   412      1    -9.5097725070   0.000074123902       0.2511  TATACTA
   413      2    -9.3952945985   0.000083114233       0.2815  TATATCA
   414      1    -7.0828632616   0.000839366379       2.8429  TATATTA
   415      1   -15.4844164442   0.000000188453       0.0006  TATCGAA
   416      1   -15.7533161813   0.000000144020       0.0005  TATCGCC
   417      1   -15.8676386617   0.000000128461       0.0004  TATGACG
   418      1   -13.3707463275   0.000001560122       0.0053  TATGATA
   419      1    -9.6878351949   0.000062033550       0.2101  TATGTTA
   420      1   -11.4780048708   0.000010355375       0.0351  TATTAAA
   421      1   -10.1886558869   0.000037594384       0.1273  TATTCCA
   422      1    -9.4879221983   0.000075761357       0.2566  TATTCCT
   423      1    -9.0810302505   0.000113804300       0.3855  TATTCTT
   424      1   -12.0076955591   0.000006097111       0.0207  TCACGGC
   425      1   -15.2594466100   0.000000235997       0.0008  TCCAAGC
   426      1   -14.7766823858   0.000000382444       0.0013  TCCAATC
   427      1   -11.7383001734   0.000007982171       0.0270  TCCACTC
   428      3    -7.3712669519   0.000629070672       2.1307  TCCCCTC
   429      1   -10.6916738583   0.000022733434       0.0770  TCCCCTT
   430      1    -9.2112713063   0.000099906950       0.3384  TCCCGCC
   431      1   -12.5538350740   0.000003531333       0.0120  TCCCGCT
   432      2   -10.4190707406   0.000029857612       0.1011  TCCCTAC
   433      4    -7.4884732491   0.000559496521       1.8950  TCCCTCC
   434      1   -10.8014731049   0.000020369475       0.0690  TCCCTCT
   435      3    -7.5465537241   0.000527926376       1.7881  TCCCTTC
   436      2   -10.5622250153   0.000025875215       0.0876  TCCCTTT
   437      1   -16.6167258531   0.000000060736       0.0002  TCCGGGT
   438      1   -16.7983046136   0.000000050651       0.0002  TCCGTCA
   439      1   -16.2684405129   0.000000086041       0.0003  TCCTAAA
   440      1   -13.8211392410   0.000000994387       0.0034  TCCTAGT
   441      1   -11.5652889043   0.000009489839       0.0321  TCCTCAC
   442      1    -8.0567507069   0.000316955014       1.0735  TCCTCCC
   443      2    -9.1650729691   0.000104630761       0.3544  TCCTCCT
   444      3    -9.9309502314   0.000048645550       0.1648  TCCTCTC
   445      1   -10.4950323179   0.000027673582       0.0937  TCCTCTT
   446      2   -12.1046991274   0.000005533450       0.0187  TCCTTAT
   447      2   -10.0079619500   0.000045039893       0.1526  TCCTTCC
   448      3   -10.4775982991   0.000028160274       0.0954  TCCTTCT
   449      1   -12.5241877903   0.000003637595       0.0123  TCCTTGC
   450      1    -9.0192342003   0.000121058798       0.4100  TCCTTTC
   451      1    -8.6026298775   0.000183622254       0.6219  TCCTTTT
   452      1   -16.2439989401   0.000000088170       0.0003  TCGCATT
   453      1   -13.4945181949   0.000001378495       0.0047  TCTCACT
   454      1   -10.4892679878   0.000027833562       0.0943  TCTCCTT
   455      1   -10.0737642665   0.000042171570       0.1428  TCTCGGC
   456      5    -8.0040519780   0.000334106091       1.1316  TCTCTCC
   457      1   -10.3819338825   0.000030987276       0.1050  TCTCTCT
   458      4    -5.7655978677   0.003133521372      10.6132  TCTCTTC
   459      1    -8.0947038862   0.000305150980       1.0335  TCTCTTT
   460      1    -9.5087780115   0.000074197655       0.2513  TCTTAAT
   461      1    -9.6846638652   0.000062230591       0.2108  TCTTATC
   462      1   -11.4601462784   0.000010541968       0.0357  TCTTCAC
   463      1    -8.7408756732   0.000159913794       0.5416  TCTTCCC
   464      1   -11.6549186126   0.000008676272       0.0294  TCTTCGC
   465      1    -8.4112242493   0.000222357469       0.7531  TCTTCTC
   466      2    -9.2590268230   0.000095247973       0.3226  TCTTGTT
   467      3    -8.2976616736   0.000249098621       0.8437  TCTTTCC
   468      9    -7.6820591196   0.000461024616       1.5615  TCTTTCT
   469      7    -5.9883757610   0.002507733903       8.4937  TCTTTTC
   470     10    -5.3673073113   0.004666680325      15.8060  TCTTTTT
   471      1   -13.2421514341   0.000001774217       0.0060  TGCCCCA
   472      1   -12.0145502581   0.000006055460       0.0205  TGCTCTT
   473      1   -14.4686236481   0.000000520423       0.0018  TGCTTCC
   474      1   -14.0659586633   0.000000778452       0.0026  TGTATGA
   475      1   -14.4347261040   0.000000538367       0.0018  TGTGGTA
   476      1    -9.8798662060   0.000051195127       0.1734  TGTTTCG
   477      1    -9.9272543044   0.000048825673       0.1654  TGTTTTA
   478      1    -6.8457921973   0.001063923066       3.6035  TGTTTTT
   479      1   -12.4631279339   0.000003866627       0.0131  TTACAGT
   480      1   -12.6151175108   0.000003321422       0.0112  TTACTTC
   481      1    -7.2124221820   0.000737368949       2.4975  TTATAAT
   482      1    -9.7856343485   0.000056253947       0.1905  TTATATT
   483      1   -11.6977564167   0.000008312448       0.0282  TTATCGT
   484      1    -8.9122282087   0.000134731290       0.4563  TTATCTT
   485      2    -8.8041662386   0.000150106392       0.5084  TTATTCT
   486      1   -16.4862037609   0.000000069204       0.0002  TTCATCG
   487      2   -12.4856811104   0.000003780399       0.0128  TTCCAAC
   488      1   -11.9852327943   0.000006235618       0.0211  TTCCCAC
   489      1   -10.4693558355   0.000028393343       0.0962  TTCCCTC
   490      1   -14.5766421660   0.000000467138       0.0016  TTCCCTG
   491      1   -14.4358648482   0.000000537754       0.0018  TTCCTCA
   492      1    -9.9555099605   0.000047465380       0.1608  TTCCTCT
   493      4   -10.4437045113   0.000029131092       0.0987  TTCCTTC
   494      2    -8.3119808967   0.000245557138       0.8317  TTCCTTT
   495      1   -12.5098143080   0.000003690258       0.0125  TTCTAAC
   496      2    -9.3811313210   0.000084299778       0.2855  TTCTACT
   497      3    -8.8561671869   0.000142500195       0.4826  TTCTATT
   498      3    -9.3495836684   0.000087001633       0.2947  TTCTCCC
   499      6    -5.8656209675   0.002835261893       9.6030  TTCTCCT
   500      1    -9.4545619432   0.000078331406       0.2653  TTCTCGT
   501      1   -10.7057879156   0.000022414827       0.0759  TTCTCTC
   502      5    -7.1491232891   0.000785552482       2.6607  TTCTCTT
   503      1   -14.0371126273   0.000000801234       0.0027  TTCTGAC
   504      1    -8.7251207500   0.000162453175       0.5502  TTCTTAT
   505      3   -10.6916727989   0.000022733458       0.0770  TTCTTCC
   506     13    -7.1260490677   0.000803889233       2.7228  TTCTTCT
   507      1   -12.5304905055   0.000003614740       0.0122  TTCTTGC
   508      2    -8.9198930842   0.000133702539       0.4529  TTCTTGT
   509      4    -8.8366299266   0.000145311633       0.4922  TTCTTTC
   510     21    -5.2182486694   0.005416807445      18.3467  TTCTTTT
   511      1   -13.2014325503   0.000001847952       0.0063  TTGCTGT
   512      1   -13.9162508014   0.000000904168       0.0031  TTGTATC
   513      1   -10.2921388555   0.000033898532       0.1148  TTGTATT
   514      1    -9.2208536918   0.000098954175       0.3352  TTGTCCT
   515      1   -11.1067217984   0.000015011082       0.0508  TTGTCGT
   516      1    -9.4161898449   0.000081395559       0.2757  TTGTGAT
   517      1   -10.1191853259   0.000040298943       0.1365  TTGTGTT
   518      1   -10.5183838251   0.000027034849       0.0916  TTTAAAT
   519      1   -10.0762340117   0.000042067545       0.1425  TTTAATT
   520      1    -6.3793234293   0.001696270215       5.7453  TTTATTT
   521      2    -9.2516336223   0.000095954770       0.3250  TTTCAAT
   522      1   -10.6609324770   0.000023443144       0.0794  TTTCACT
   523      2    -8.8078563785   0.000149553499       0.5065  TTTCATT
   524      4    -7.9331600278   0.000358651272       1.2148  TTTCCCT
   525      1   -10.5246159991   0.000026866887       0.0910  TTTCCTC
   526      4    -7.4249186580   0.000596209372       2.0194  TTTCTCT
   527      1    -8.1416350452   0.000291160748       0.9862  TTTCTTC
   528     11    -5.1110108314   0.006029984544      20.4236  TTTCTTT
   529      1    -6.5740957635   0.001396067723       4.7285  TTTGTTT
   530      6    -6.1203180947   0.002197756757       7.4438  TTTTAAT
   531      3    -7.5343414604   0.000534413080       1.8101  TTTTACT
   532      3    -7.6423631096   0.000479693543       1.6247  TTTTAGT
   533      7    -5.6757057852   0.003428248515      11.6115  TTTTATT
   534     11    -4.8157081406   0.008101483057      27.4397  TTTTCCT
   535      1    -8.0337244917   0.000324337962       1.0985  TTTTCTC
   536     12    -4.4087617181   0.012170239190      41.2206  TTTTCTT
   537      3    -6.3631620603   0.001723906987       5.8389  TTTTGGT
   538      1    -9.4956324453   0.000075179464       0.2546  TTTTGTC
   539      9    -5.8704781194   0.002821523986       9.5565  TTTTGTT
   540      8    -5.5360092649   0.003942227875      13.3523  TTTTTAT
   541      3    -7.9186091345   0.000363908122       1.2326  TTTTTCC
   542     27    -4.2935990620   0.013655689077      46.2518  TTTTTCT
   543      7    -5.7307815991   0.003244540312      10.9893  TTTTTGT
   544      7    -5.6039205382   0.003683394483      12.4757  TTTTTTC
   545    528    -1.9787464845   0.138242417766     468.2271  TTTTTTT

 2

     1    617    -1.9687036949   0.139637752072     472.9531  AAAAAAA
     2      6    -5.4909324042   0.004123997149      13.9680  AAAAAAG
     3     19    -5.8142945907   0.002984584939      10.1088  AAAAACA
     4     39    -4.1783411816   0.015323906073      51.9021  AAAAAGA
     5      1    -7.7003934490   0.000452649054       1.5331  AAAAAGG
     6     14    -5.5602073431   0.003847978463      13.0331  AAAAATA
     7      1    -9.0824161985   0.000113646683       0.3849  AAAAATG
     8      7    -5.9543179653   0.002594612847       8.7880  AAAACAA
     9      5    -6.4416266089   0.001593812062       5.3982  AAAACCA
    10      1    -7.7100167345   0.000448313975       1.5184  AAAACGA
    11      4    -7.7530011098   0.000429451773       1.4546  AAAACTA
    12      1   -11.2750457482   0.000012685566       0.0430  AAAACTG
    13     13    -4.2928761046   0.013665565128      46.2853  AAAAGAA
    14      1    -7.8148776379   0.000403684213       1.3673  AAAAGAG
    15      3    -7.6621609333   0.000470290047       1.5929  AAAAGCA
    16     17    -4.6811290707   0.009268543137      31.3926  AAAAGGA
    17      1    -7.4080736858   0.000606337567       2.0537  AAAAGTA
    18     15    -5.7002307177   0.003345193573      11.3302  AAAATAA
    19      8    -7.7530011098   0.000429451773       1.4546  AAAATCA
    20      1    -7.4559294869   0.000578004163       1.9577  AAAATGA
    21      7    -6.1288385146   0.002179110497       7.3806  AAAATTA
    22      1   -11.5559633135   0.000009578751       0.0324  AAACAAT
    23      1   -12.4443361821   0.000003939975       0.0133  AAACCTA
    24      6    -4.9984738753   0.006748237797      22.8563  AAAGAAA
    25      2    -7.9505127462   0.000352481385       1.1939  AAAGAAG
    26      4    -7.2071344877   0.000741278257       2.5107  AAAGAGA
    27      1   -10.1249992980   0.000040065326       0.1357  AAAGAGG
    28      2    -7.3213886649   0.000661243328       2.2396  AAAGGAA
    29      1   -10.2296503677   0.000036084384       0.1222  AAAGGAG
    30      3    -7.6964215362   0.000454450511       1.5392  AAAGGGA
    31      1   -15.6618586080   0.000000157812       0.0005  AAAGTGC
    32      1    -9.1575744146   0.000105418289       0.3571  AAAGTTA
    33      1    -9.9993005133   0.000045431698       0.1539  AAATATA
    34      2    -6.7980056586   0.001115998612       3.7799  AACAAAA
    35      1    -9.5343403590   0.000072325025       0.2450  AACACTA
    36      1   -11.7117343196   0.000008197066       0.0278  AACAGTA
    37      2   -10.4076857435   0.000030199483       0.1023  AACATAA
    38      1    -9.6410996029   0.000065001540       0.2202  AACATCA
    39      1   -13.3142950998   0.000001650726       0.0056  AACGATA
    40      1   -12.5383497319   0.000003586443       0.0121  AACGCTA
    41      1   -18.0230611346   0.000000014883       0.0001  AACTACG
    42     11    -5.1041561156   0.006071460365      20.5640  AAGAAAA
    43      1    -8.6193484253   0.000180577876       0.6116  AAGAAAG
    44      6    -6.9249178206   0.000982983896       3.3294  AAGAAGA
    45      1   -10.3901388377   0.000030734067       0.1041  AAGAAGG
    46      3    -8.6432733460   0.000176308837       0.5972  AAGAATA
    47      1    -9.0283588834   0.000119959199       0.4063  AAGACAA
    48      1    -9.1566757637   0.000105513066       0.3574  AAGACCA
    49      1    -9.5232337797   0.000073132786       0.2477  AAGACGA
    50      3    -6.9508464207   0.000957824088       3.2442  AAGAGAA
    51      5    -5.7256784280   0.003261140076      11.0455  AAGAGGA
    52      1    -8.8442243468   0.000144212256       0.4884  AAGATTA
    53      1   -12.3129970975   0.000004492968       0.0152  AAGATTG
    54      1   -13.3319812822   0.000001621788       0.0055  AAGCATA
    55      1    -8.0955615576   0.000304889373       1.0327  AAGGAAA
    56      2   -10.1974020878   0.000037267009       0.1262  AAGGAAG
    57      1   -10.3499731885   0.000031993648       0.1084  AAGGAGG
    58      1   -11.5928030570   0.000009232294       0.0313  AAGGATA
    59      1   -13.2243414998   0.000001806099       0.0061  AAGGATG
    60      1   -11.9209530667   0.000006649605       0.0225  AAGGCCA
    61      1   -12.6430112051   0.000003230056       0.0109  AAGGCCG
    62      1   -10.2407133615   0.000035687383       0.1209  AAGGGAG
    63      1    -8.2769784301   0.000254304439       0.8613  AAGGGGG
    64      1   -13.2368752177   0.000001783603       0.0060  AAGGTCA
    65      1    -6.5439184111   0.001438839474       4.8733  AATAAAA
    66      1    -9.3969035601   0.000082980613       0.2811  AATACCA
    67      1   -12.4183444692   0.000004043724       0.0137  AATAGGG
    68      1   -10.7389890493   0.000021682847       0.0734  AATAGTA
    69      1    -9.4596093187   0.000077937034       0.2640  AATATCA
    70      1    -9.5718583421   0.000069661808       0.2359  AATGAAA
    71      2   -12.7865625290   0.000002798121       0.0095  AATGATA
    72      1   -10.2126264092   0.000036703942       0.1243  AATGTTA
    73      1   -10.5257282475   0.000026837021       0.0909  ACAAATA
    74      1   -15.3374569411   0.000000218287       0.0007  ACAAGTG
    75      1   -10.9738335497   0.000017144493       0.0581  ACACATC
    76      1   -10.5436495864   0.000026360350       0.0893  ACAGAAG
    77      1   -14.5830253085   0.000000464165       0.0016  ACCATCA
    78      1   -12.0765344074   0.000005691513       0.0193  ACCCATC
    79      1    -9.2967851195   0.000091718622       0.3107  ACCCTTC
    80      1   -18.6562828907   0.000000007901       0.0000  ACGCACG
    81      1   -13.9026310555   0.000000916567       0.0031  ACGCCAC
    82      7    -5.2546985048   0.005222920740      17.6900  AGAAAAA
    83      3    -5.8657756496   0.002834823363       9.6015  AGAAAAG
    84      4    -7.4642275067   0.000573227718       1.9415  AGAAAGA
    85      4    -8.0697170171   0.000312871806       1.0597  AGAAAGG
    86      1    -8.8461899458   0.000143929070       0.4875  AGAAATA
    87      1    -8.9862111616   0.000125123268       0.4238  AGAATAA
    88      1   -11.3204880291   0.000012122007       0.0411  AGAATGG
    89      2    -9.4147187944   0.000081515384       0.2761  AGAATTA
    90      1    -7.8974681887   0.000371683382       1.2589  AGAGAAA
    91      2    -5.6420146936   0.003545717671      12.0093  AGAGAAG
    92      1    -9.4788769111   0.000076449749       0.2589  AGAGACG
    93      1   -11.0110834257   0.000016517611       0.0559  AGAGCGG
    94      1    -7.5828487641   0.000509108824       1.7244  AGAGGGG
    95      1   -10.6780922230   0.000023044297       0.0781  AGAGGTG
    96      1    -9.3632778972   0.000085818333       0.2907  AGAGTAG
    97      1   -12.0299349463   0.000005963011       0.0202  AGAGTTA
    98      1    -9.7233621440   0.000059868376       0.2028  AGAGTTG
    99      2    -8.7953614965   0.000151433875       0.5129  AGGAAAG
   100      2   -10.1754797297   0.000038093011       0.1290  AGGAAGA
   101      1    -9.7575893268   0.000057853921       0.1960  AGGAAGG
   102      3    -7.8695723294   0.000382197782       1.2945  AGGAGGG
   103      1   -18.0168414146   0.000000014976       0.0001  AGGATCC
   104      1   -16.5023955161   0.000000068093       0.0002  AGGCGCA
   105      4    -7.3617108919   0.000635110923       2.1511  AGGGAAG
   106      1   -10.5644043537   0.000025818885       0.0874  AGGGAGA
   107      3    -7.3054562751   0.000671862887       2.2756  AGGGAGG
   108      1   -15.2297781223   0.000000243104       0.0008  AGGGATT
   109      1    -9.1729376516   0.000103811101       0.3516  AGGGCGG
   110      2    -7.1906729538   0.000753581824       2.5524  AGGGGAG
   111      1    -5.2072615252   0.005476650841      18.5494  AGGGGGG
   112      1    -8.7758334156   0.000154420151       0.5230  AGGGGTG
   113      1   -12.5430595831   0.000003569591       0.0121  AGGGTTA
   114      1    -9.2884976261   0.000092481898       0.3132  AGGGTTG
   115      1   -17.6882425655   0.000000020801       0.0001  AGGTGCT
   116      1   -13.0679637690   0.000002111813       0.0072  ATAAGCT
   117      1    -9.3924968742   0.000083347089       0.2823  ATAAGGA
   118      1   -13.5367405824   0.000001321503       0.0045  ATACAAG
   119      1   -15.9305184731   0.000000120632       0.0004  ATATTCC
   120      1   -14.0353180246   0.000000802673       0.0027  ATCATTA
   121      1   -13.6508553032   0.000001178987       0.0040  ATCATTT
   122      1   -15.3557597866   0.000000214328       0.0007  ATCCATT
   123      1   -12.6279609699   0.000003279036       0.0111  ATCCTCT
   124      1   -12.2488503677   0.000004790622       0.0162  ATCCTTT
   125      1   -13.4268010632   0.000001475076       0.0050  ATCTGCT
   126      1   -11.2816965227   0.000012601477       0.0427  ATCTTCT
   127      1   -11.6348725334   0.000008851952       0.0300  ATGAAGA
   128      1   -16.7517297738   0.000000053066       0.0002  ATGCGCC
   129      1   -16.0875097854   0.000000103106       0.0003  ATGGCTT
   130      1    -8.8053813944   0.000149924100       0.5078  ATTTTCT
   131      2    -6.7746070148   0.001142419366       3.8694  CAAAAAA
   132      1   -10.6135770161   0.000024580011       0.0833  CAAAACA
   133      1   -14.1326826948   0.000000728205       0.0025  CAAAACG
   134      1   -11.2527281937   0.000012971860       0.0439  CAACAAA
   135      1   -11.5588414439   0.000009551222       0.0323  CAACCCC
   136      1   -10.8655702804   0.000019104813       0.0647  CACAAAA
   137      1    -7.4334349953   0.000591153411       2.0022  CACACCA
   138      1    -9.4748048319   0.000076761693       0.2600  CACACTA
   139      1   -16.2268234267   0.000000089697       0.0003  CACATGG
   140      1   -11.7889031011   0.000007588299       0.0257  CACCAAA
   141      1   -11.1068693172   0.000015008868       0.0508  CACCAAC
   142      1    -7.0314108892   0.000883684120       2.9930  CACCCCC
   143      1   -13.1543053816   0.000001937126       0.0066  CACCGTA
   144      1    -9.4727378828   0.000076920520       0.2605  CACCTTC
   145      1   -15.4229962726   0.000000200391       0.0007  CACGGTA
   146      1   -13.8894342443   0.000000928743       0.0031  CAGCTCC
   147      1   -16.6817867372   0.000000056910       0.0002  CATAATG
   148      1   -10.3439454276   0.000032187080       0.1090  CATACCA
   149      1   -12.4760014009   0.000003817169       0.0129  CATCTCA
   150      1   -11.0836240727   0.000015361840       0.0520  CATCTTA
   151      1   -10.4821161721   0.000028033336       0.0949  CATCTTC
   152      1   -14.2717217413   0.000000633680       0.0021  CATGTCA
   153      1   -15.2163033270   0.000000246402       0.0008  CATTCAT
   154      1   -12.7810612313   0.000002813556       0.0095  CATTTCA
   155      1    -7.5210360241   0.000541571194       1.8343  CCACAAC
   156      1   -10.1451156546   0.000039267410       0.1330  CCACCAC
   157      1   -16.4896645586   0.000000068965       0.0002  CCCAATA
   158      1    -6.7565444284   0.001163241902       3.9399  CCCACCC
   159      1   -11.9447291600   0.000006493368       0.0220  CCCATAC
   160      2    -8.9209343709   0.000133563389       0.4524  CCCATCC
   161      1    -9.1974583564   0.000101296535       0.3431  CCCATTC
   162      7    -6.4435122761   0.001590809495       5.3881  CCCCAAC
   163      3    -6.0440746962   0.002371874528       8.0335  CCCCACC
   164      2    -9.4137982792   0.000081590455       0.2763  CCCCACT
   165      2    -7.9654562090   0.000347253253       1.1761  CCCCAGC
   166      2    -7.6038554093   0.000498525703       1.6885  CCCCATC
   167      1   -10.9731770155   0.000017155753       0.0581  CCCCATT
   168      7    -5.9002153676   0.002738854895       9.2765  CCCCCAC
   169      1    -7.2872595657   0.000684200492       2.3174  CCCCCCA
   170    388    -2.3680215476   0.093665856524     317.2463  CCCCCCC
   171      2    -7.4820318999   0.000563112065       1.9073  CCCCCCG
   172      3    -6.0949877018   0.002254137862       7.6348  CCCCCGC
   173     16    -4.4110528153   0.012142387906      41.1263  CCCCCTC
   174      1    -7.7807296112   0.000417707299       1.4148  CCCCCTT
   175      7    -6.2388470304   0.001952104944       6.6118  CCCCGCC
   176      1    -9.6085706134   0.000067150740       0.2274  CCCCGCT
   177      1    -6.6863612199   0.001247815047       4.2263  CCCCGGC
   178      1   -11.1679493497   0.000014119562       0.0478  CCCCGTT
   179      1    -7.5565135514   0.000522694418       1.7704  CCCCTAC
   180      1   -12.6705051754   0.000003142458       0.0106  CCCCTAG
   181     19    -4.5324426681   0.010754374595      36.4251  CCCCTCC
   182      1    -9.6464502151   0.000064654670       0.2190  CCCCTCG
   183      4    -7.9021033190   0.000369964568       1.2531  CCCCTCT
   184      1    -7.7512858856   0.000430189011       1.4571  CCCCTGC
   185     11    -4.8093784180   0.008152925835      27.6140  CCCCTTC
   186      4    -8.1780927407   0.000280736868       0.9509  CCCCTTT
   187      1    -9.3111228712   0.000090412966       0.3062  CCCTAAC
   188      2    -8.9122377349   0.000134730006       0.4563  CCCTACC
   189      1   -10.8330739633   0.000019735846       0.0668  CCCTAGC
   190      2   -10.4691482349   0.000028399238       0.0962  CCCTATC
   191      1   -13.3225489172   0.000001637158       0.0055  CCCTATT
   192      9    -5.2362453141   0.005320195043      18.0195  CCCTCCC
   193      4    -8.1937173799   0.000276384546       0.9361  CCCTCCT
   194      4    -7.2788814644   0.000689956874       2.3369  CCCTCTC
   195      2   -10.2216555975   0.000036374026       0.1232  CCCTCTT
   196      1   -10.8330739633   0.000019735846       0.0668  CCCTGAC
   197      1   -13.2653548808   0.000001733523       0.0059  CCCTTAT
   198      7    -7.4001559403   0.000611157450       2.0700  CCCTTCC
   199      2   -10.3386796994   0.000032357015       0.1096  CCCTTCT
   200      1   -12.5544124448   0.000003529295       0.0120  CCCTTTA
   201      8    -7.6703488806   0.000466455058       1.5799  CCCTTTC
   202      1    -9.5371074005   0.000072125175       0.2443  CCGCAAC
   203      1   -10.5452556128   0.000026318048       0.0891  CCGCCAC
   204      2   -10.4955150182   0.000027660227       0.0937  CCGCCGC
   205      1   -10.5509054404   0.000026169775       0.0886  CCGCGCC
   206      1   -14.3397605081   0.000000591999       0.0020  CCGCTCG
   207      1   -11.1609028131   0.000014219407       0.0482  CCGCTGC
   208      1   -16.1819767787   0.000000093812       0.0003  CCTAATT
   209      1   -10.1777207840   0.000038007738       0.1287  CCTATTC
   210      2    -5.3517820398   0.004739697140      16.0534  CCTCCCC
   211      1    -7.1052380171   0.000820794309       2.7800  CCTCCTC
   212      1   -10.4514873892   0.000028905248       0.0979  CCTCCTT
   213      1    -9.1719968543   0.000103908812       0.3519  CCTCGCC
   214      2    -7.1557646753   0.000780352611       2.6431  CCTCTCC
   215      1   -10.4978317426   0.000027596220       0.0935  CCTCTCT
   216      3    -5.8209133805   0.002964895830      10.0421  CCTCTTC
   217      1   -16.3774980871   0.000000077151       0.0003  CCTGATT
   218      1    -8.2009145728   0.000274402494       0.9294  CCTTCCC
   219      1   -10.6226110584   0.000024358954       0.0825  CCTTCCT
   220      1   -16.8696595562   0.000000047163       0.0002  CCTTCGG
   221      2    -9.8165726948   0.000054540190       0.1847  CCTTCTC
   222      1   -10.8161847344   0.000020072000       0.0680  CCTTTCT
   223      6    -8.2606678761   0.000258486297       0.8755  CCTTTTC
   224      3    -8.5746659636   0.000188829519       0.6396  CCTTTTT
   225      1   -17.7972380922   0.000000018653       0.0001  CGACATA
   226      1   -11.6118111707   0.000009058462       0.0307  CGCCACG
   227      1    -7.2261832234   0.000727291481       2.4633  CGCCCCC
   228      1   -10.9531487996   0.000017502816       0.0593  CGCCCGC
   229      1   -16.1184805686   0.000000099962       0.0003  CGCGATA
   230      1   -14.3005712081   0.000000615660       0.0021  CGCTACT
   231      1   -12.0308950205   0.000005957289       0.0202  CGGGGGT
   232      1   -18.8607481236   0.000000006440       0.0000  CGGTTCA
   233      1   -13.9207527303   0.000000900107       0.0030  CTACATC
   234      1   -14.6474911430   0.000000435187       0.0015  CTACCCG
   235      1   -12.5698276339   0.000003475307       0.0118  CTACCTT
   236      1   -14.2365155192   0.000000656387       0.0022  CTAGTTT
   237      1   -15.8646216137   0.000000128849       0.0004  CTATATC
   238      1   -12.7265328891   0.000002971235       0.0101  CTATATT
   239      1   -10.2494079742   0.000035378440       0.1198  CTATCCT
   240      1   -13.1634979156   0.000001919400       0.0065  CTATTTC
   241      1    -9.7040839683   0.000061033726       0.2067  CTATTTT
   242      1   -11.7339773813   0.000008016751       0.0272  CTCATTT
   243      1    -9.5720750103   0.000069646716       0.2359  CTCCAAC
   244      2   -10.1585645283   0.000038742843       0.1312  CTCCAAT
   245      1   -10.7322189333   0.000021830141       0.0739  CTCCATC
   246      4    -5.4966367243   0.004100539517      13.8885  CTCCCCC
   247      4    -6.0867214877   0.002272848274       7.6981  CTCCCCT
   248      2    -7.5396341045   0.000531592093       1.8005  CTCCCTC
   249      1    -8.1273914653   0.000295337595       1.0003  CTCCCTT
   250      1    -9.9571839722   0.000047385989       0.1605  CTCCGCT
   251      1   -10.9269912675   0.000017966686       0.0609  CTCCGTC
   252      8    -7.6610140595   0.000470829719       1.5947  CTCCTCC
   253      1    -8.2480926806   0.000261757336       0.8866  CTCCTCT
   254      1   -10.8796248644   0.000018838181       0.0638  CTCCTGC
   255      3    -7.9373695534   0.000357144694       1.2096  CTCCTTC
   256      7    -8.4854524823   0.000206449964       0.6992  CTCCTTT
   257      1   -17.4405570421   0.000000026648       0.0001  CTCGATG
   258      1    -9.8526414496   0.000052608048       0.1782  CTCGCCT
   259      3    -9.8395819506   0.000053299588       0.1805  CTCTAAT
   260      1   -11.7670975675   0.000007755583       0.0263  CTCTACC
   261      1   -10.7898479736   0.000020607654       0.0698  CTCTATT
   262      1    -8.0927073887   0.000305760822       1.0356  CTCTCCC
   263      5    -5.8272909367   0.002946047208       9.9783  CTCTCCT
   264      1    -9.5487525798   0.000071290136       0.2415  CTCTCGT
   265      1   -10.1249556418   0.000040067075       0.1357  CTCTCTC
   266      1    -7.8288757066   0.000398072779       1.3483  CTCTCTT
   267      2   -10.7194436147   0.000022110817       0.0749  CTCTTAT
   268      2   -10.2432177950   0.000035598118       0.1206  CTCTTCC
   269     10    -7.9384770157   0.000356749389       1.2083  CTCTTCT
   270      1   -10.9142159489   0.000018197689       0.0616  CTCTTGT
   271      5   -10.3519904468   0.000031929173       0.1081  CTCTTTC
   272      7    -7.6923123133   0.000456321792       1.5456  CTCTTTT
   273      1   -13.6235203229   0.000001211659       0.0041  CTGCCGC
   274      1   -12.4269844732   0.000004008937       0.0136  CTTCATC
   275      1   -11.7551750819   0.000007848602       0.0266  CTTCATT
   276      2   -10.1227489862   0.000040155587       0.1360  CTTCCTT
   277      1   -12.6217568074   0.000003299443       0.0112  CTTCGTC
   278      1   -10.0861696807   0.000041651646       0.1411  CTTCTCT
   279      3    -8.1045660672   0.000302156317       1.0234  CTTCTTT
   280      1    -9.3291447084   0.000088798153       0.3008  CTTTAAT
   281      2    -8.9086115705   0.000135219446       0.4580  CTTTATT
   282      1   -12.5886475768   0.000003410514       0.0116  CTTTCCA
   283      1    -7.6913546224   0.000456759016       1.5470  CTTTCCT
   284      1   -11.0965125635   0.000015165119       0.0514  CTTTCTC
   285      1    -7.6101579485   0.000495393606       1.6779  CTTTCTT
   286      1    -9.1033839047   0.000111288581       0.3769  CTTTGTT
   287      1   -11.0084313839   0.000016561474       0.0561  CTTTTCC
   288      4    -7.5026832044   0.000551602321       1.8683  CTTTTCT
   289      1    -8.7935908289   0.000151702252       0.5138  CTTTTTC
   290     15    -5.2149621606   0.005434639116      18.4071  CTTTTTT
   291     12    -5.1022141508   0.006083262382      20.6040  GAAAAAA
   292      1    -8.5782199488   0.000188159613       0.6373  GAAAAAG
   293      2    -8.9447464692   0.000130420532       0.4417  GAAAACA
   294      2    -7.2850211379   0.000685733741       2.3226  GAAAAGA
   295      3    -8.6906592217   0.000168149142       0.5695  GAAAATA
   296      2    -7.4740645936   0.000567616471       1.9225  GAAAGGA
   297      1   -12.2966730175   0.000004566913       0.0155  GAAATAG
   298      1   -10.8583338736   0.000019243564       0.0652  GAAATCA
   299      1    -9.2338179625   0.000097679586       0.3308  GAAATTA
   300      4    -7.8992662667   0.000371015667       1.2566  GAAGAAA
   301      1   -11.7052588529   0.000008250318       0.0279  GAAGACA
   302      1   -11.7425449013   0.000007948360       0.0269  GAAGTTA
   303      1   -18.0209910260   0.000000014914       0.0001  GACACAC
   304      1   -12.0999551361   0.000005559763       0.0188  GACACTA
   305      3    -7.5013670442   0.000552328796       1.8707  GAGAAAA
   306      2   -10.1072268609   0.000040783749       0.1381  GAGAAAG
   307      4    -7.7517904947   0.000429971988       1.4563  GAGAAGA
   308      2   -10.0049135652   0.000045177401       0.1530  GAGAAGG
   309      1    -7.6455564496   0.000478164162       1.6195  GAGAGAA
   310      1    -9.8890631197   0.000050726448       0.1718  GAGAGAG
   311      1    -5.6928139325   0.003370096390      11.4145  GAGAGGA
   312      1   -10.6470496043   0.000023770872       0.0805  GAGATAA
   313      1    -9.7301165896   0.000059465361       0.2014  GAGATTA
   314      1   -11.9888686721   0.000006212988       0.0210  GAGATTG
   315      1    -7.7623418463   0.000425459053       1.4410  GAGGAAG
   316      3    -8.0624904601   0.000315140981       1.0674  GAGGAGA
   317      2    -7.4806199817   0.000563907695       1.9100  GAGGAGG
   318      1    -7.9437800484   0.000354862542       1.2019  GAGGGAA
   319      2    -5.9466752332   0.002614518749       8.8554  GAGGGGA
   320      4    -5.3610253747   0.004696088388      15.9057  GAGGGGG
   321      1    -8.9318695291   0.000132110809       0.4475  GAGGGTG
   322      1   -11.1651196482   0.000014159573       0.0480  GAGGTAA
   323      1   -17.5531917056   0.000000023809       0.0001  GCACTTG
   324      2   -10.7401689798   0.000021657278       0.0734  GCCCACC
   325      1   -12.2890235381   0.000004601982       0.0156  GCCCATC
   326      1   -13.9647501713   0.000000861363       0.0029  GCCCCAT
   327      1   -10.7886728277   0.000020631886       0.0699  GCCCCGC
   328      1    -9.1074144517   0.000110840930       0.3754  GCCCCTC
   329      1   -13.6515133283   0.000001178211       0.0040  GCCGTCC
   330      1   -13.5970757272   0.000001244128       0.0042  GCCTACC
   331      1   -12.5942241397   0.000003391548       0.0115  GCCTCCT
   332      1   -11.9563845029   0.000006418125       0.0217  GCCTCTC
   333      1   -15.3854956598   0.000000208048       0.0007  GCGCGCG
   334      1    -7.2328329100   0.000722471265       2.4470  GCGGGGG
   335      1   -14.9581311172   0.000000318982       0.0011  GCGTCCT
   336      1   -10.4991923710   0.000027558698       0.0933  GGAAAGA
   337      1   -11.9429295778   0.000006505064       0.0220  GGAAATA
   338      1    -9.5690066220   0.000069860747       0.2366  GGAAGAG
   339      1   -12.6499290923   0.000003207788       0.0109  GGACAAA
   340      2    -5.6890249065   0.003382889996      11.4578  GGAGAAG
   341      1   -10.2532468234   0.000035242887       0.1194  GGAGAGA
   342      3    -6.9599712921   0.000949123821       3.2147  GGAGAGG
   343      1    -8.9921900058   0.000124377408       0.4213  GGAGGCG
   344      3    -5.2140022869   0.005439858188      18.4248  GGAGGGG
   345      1   -14.5240878979   0.000000492344       0.0017  GGCAATG
   346      1   -10.5913614126   0.000025132181       0.0851  GGCACCG
   347      1   -14.5436890419   0.000000482788       0.0016  GGCATAG
   348      1   -15.0730298821   0.000000284359       0.0010  GGCGATA
   349      1    -9.7739039218   0.000056917715       0.1928  GGCGCTG
   350      2   -10.5393832650   0.000026473052       0.0897  GGCGGCG
   351      1   -13.9070063875   0.000000912565       0.0031  GGCGGTA
   352      1    -9.8806515623   0.000051154936       0.1733  GGCGTCG
   353      1    -9.5707021715   0.000069742395       0.2362  GGCGTTG
   354      2    -7.4951513266   0.000555772608       1.8824  GGGAAAG
   355      1   -10.5424898100   0.000026390939       0.0894  GGGAACG
   356      5    -7.2204502975   0.000731472964       2.4775  GGGAAGG
   357      1    -9.0697245369   0.000115098240       0.3898  GGGACGG
   358      2    -9.9784822767   0.000046387419       0.1571  GGGAGAA
   359      2    -7.1010233050   0.000824261021       2.7918  GGGAGAG
   360      5    -5.1014456902   0.006087938927      20.6198  GGGAGGG
   361      1   -11.8578042778   0.000007083062       0.0240  GGGCGGT
   362      1   -11.0633417954   0.000015676594       0.0531  GGGCTTG
   363      2    -8.0017767817   0.000334867113       1.1342  GGGGAAA
   364     13    -4.6767292077   0.009309413302      31.5310  GGGGAAG
   365      1    -7.7194142313   0.000444120680       1.5042  GGGGACG
   366     24    -4.3942746194   0.012347833957      41.8221  GGGGAGG
   367      1    -7.7671710231   0.000423409389       1.4341  GGGGCAG
   368      2    -6.6932320367   0.001239270924       4.1974  GGGGCCG
   369      5    -6.2429781741   0.001944057152       6.5845  GGGGCGG
   370      2    -8.0045202403   0.000333949678       1.1311  GGGGCTG
   371      1    -7.6009649032   0.000499968779       1.6934  GGGGGAA
   372     13    -4.2747010730   0.013916208027      47.1342  GGGGGAG
   373      6    -6.0995565391   0.002243862564       7.6000  GGGGGCG
   374      1    -5.6009599604   0.003694315617      12.5126  GGGGGGA
   375    571    -2.2746186960   0.102836112785     348.3059  GGGGGGG
   376      5    -5.8454692915   0.002892976745       9.7985  GGGGGTG
   377      4    -7.5130837756   0.000545895073       1.8489  GGGGTAG
   378      2    -8.0045202403   0.000333949678       1.1311  GGGGTCG
   379      3    -5.9888909266   0.002506442338       8.4893  GGGGTGG
   380      1    -8.7038971074   0.000165937872       0.5620  GGGTGAG
   381      1   -13.4037294365   0.000001509504       0.0051  GGTAGCG
   382      1    -6.8422316972   0.001067717916       3.6164  GGTGGGG
   383      1    -7.4483288182   0.000582414119       1.9726  GGTGTTG
   384      1   -11.3690406876   0.000011547510       0.0391  GGTTTTG
   385      1   -13.1492195688   0.000001947002       0.0066  GTATTAT
   386      1   -12.7172876419   0.000002998832       0.0102  GTCCCTT
   387      1   -12.8227333041   0.000002698719       0.0091  GTCCTCT
   388      1   -11.4540308737   0.000010606634       0.0359  GTCTCTT
   389      1   -11.4764688569   0.000010371293       0.0351  GTCTTCT
   390      1   -14.2963881632   0.000000618241       0.0021  GTGACCT
   391      1   -15.3970065456   0.000000205667       0.0007  GTGCTCT
   392      1    -9.3808165786   0.000084326315       0.2856  GTGGAAG
   393      1   -10.3415611759   0.000032263914       0.1093  GTGGGGC
   394      1   -10.9285769486   0.000017938220       0.0608  GTGTGTT
   395      1   -10.7571109957   0.000021293451       0.0721  GTGTTTT
   396      1   -16.0960365806   0.000000102230       0.0003  GTTCATC
   397      1   -10.3818294263   0.000030990513       0.1050  GTTTATT
   398      1    -6.6865376669   0.001247594893       4.2256  GTTTTTT
   399      3    -6.5205197673   0.001472903336       4.9887  TAAAAAA
   400      1   -13.9078887832   0.000000911760       0.0031  TAAGCCA
   401      1   -17.4657631996   0.000000025985       0.0001  TACAATT
   402      1   -15.6682074856   0.000000156814       0.0005  TACATCT
   403      1   -10.2323321559   0.000035987743       0.1219  TACATTA
   404      1   -10.0053818781   0.000045156249       0.1529  TACCCCC
   405      1   -13.8522101919   0.000000963966       0.0033  TACTGGT
   406      1   -10.5877499446   0.000025223109       0.0854  TACTTTA
   407      1   -13.2957334614   0.000001681653       0.0057  TAGAGCA
   408      1   -11.5747014522   0.000009400935       0.0318  TAGATTA
   409      1   -14.5673428626   0.000000471502       0.0016  TAGCTTA
   410      1   -12.5322480081   0.000003608393       0.0122  TATAACA
   411      1   -10.7600532339   0.000021230893       0.0719  TATAATA
   412      1    -9.5097686460   0.000074124189       0.2511  TATACTA
   413      2    -9.3952879570   0.000083114785       0.2815  TATATCA
   414      1    -7.0828612363   0.000839368079       2.8429  TATATTA
   415      1   -15.4844071601   0.000000188455       0.0006  TATCGAA
   416      1   -15.7533105313   0.000000144020       0.0005  TATCGCC
   417      1   -15.8676322381   0.000000128462       0.0004  TATGACG
   418      1   -13.3707426004   0.000001560128       0.0053  TATGATA
   419      1    -9.6878346762   0.000062033582       0.2101  TATGTTA
   420      1   -11.4779983013   0.000010355443       0.0351  TATTAAA
   421      1   -10.1886513176   0.000037594556       0.1273  TATTCCA
   422      1    -9.4879210027   0.000075761448       0.2566  TATTCCT
   423      1    -9.0810317763   0.000113804126       0.3855  TATTCTT
   424      1   -12.0076910078   0.000006097138       0.0207  TCACGGC
   425      1   -15.2594361516   0.000000235999       0.0008  TCCAAGC
   426      1   -14.7766740071   0.000000382448       0.0013  TCCAATC
   427      1   -11.7382946895   0.000007982214       0.0270  TCCACTC
   428      3    -7.3712610250   0.000629074400       2.1307  TCCCCTC
   429      1   -10.6916728154   0.000022733458       0.0770  TCCCCTT
   430      1    -9.2112670093   0.000099907379       0.3384  TCCCGCC
   431      1   -12.5538355632   0.000003531331       0.0120  TCCCGCT
   432      2   -10.4190602677   0.000029857925       0.1011  TCCCTAC
   433      4    -7.4884701834   0.000559498236       1.8950  TCCCTCC
   434      1   -10.8014747372   0.000020369442       0.0690  TCCCTCT
   435      3    -7.5465480613   0.000527929365       1.7881  TCCCTTC
   436      2   -10.5622252260   0.000025875209       0.0876  TCCCTTT
   437      1   -16.6167234896   0.000000060736       0.0002  TCCGGGT
   438      1   -16.7983051178   0.000000050651       0.0002  TCCGTCA
   439      1   -16.2684389721   0.000000086041       0.0003  TCCTAAA
   440      1   -13.8211340912   0.000000994392       0.0034  TCCTAGT
   441      1   -11.5652833767   0.000009489892       0.0321  TCCTCAC
   442      1    -8.0567519522   0.000316954619       1.0735  TCCTCCC
   443      2    -9.1650808117   0.000104629940       0.3544  TCCTCCT
   444      3    -9.9309468275   0.000048645715       0.1648  TCCTCTC
   445      1   -10.4950338968   0.000027673538       0.0937  TCCTCTT
   446      2   -12.1046942748   0.000005533477       0.0187  TCCTTAT
   447      2   -10.0079603214   0.000045039966       0.1526  TCCTTCC
   448      3   -10.4775990175   0.000028160254       0.0954  TCCTTCT
   449      1   -12.5241796065   0.000003637625       0.0123  TCCTTGC
   450      1    -9.0192319986   0.000121059064       0.4100  TCCTTTC
   451      1    -8.6026312249   0.000183622007       0.6219  TCCTTTT
   452      1   -16.2439959274   0.000000088170       0.0003  TCGCATT
   453      1   -13.4945159021   0.000001378498       0.0047  TCTCACT
   454      1   -10.4892715447   0.000027833463       0.0943  TCTCCTT
   455      1   -10.0737572487   0.000042171866       0.1428  TCTCGGC
   456      5    -8.0040469238   0.000334107780       1.1316  TCTCTCC
   457      1   -10.3819348744   0.000030987245       0.1050  TCTCTCT
   458      4    -5.7655974922   0.003133522549      10.6132  TCTCTTC
   459      1    -8.0947095513   0.000305149252       1.0335  TCTCTTT
   460      1    -9.5087762104   0.000074197789       0.2513  TCTTAAT
   461      1    -9.6846624684   0.000062230678       0.2108  TCTTATC
   462      1   -11.4601388390   0.000010542047       0.0357  TCTTCAC
   463      1    -8.7408728172   0.000159914251       0.5416  TCTTCCC
   464      1   -11.6549111732   0.000008676337       0.0294  TCTTCGC
   465      1    -8.4112240714   0.000222357509       0.7531  TCTTCTC
   466      2    -9.2590284570   0.000095247818       0.3226  TCTTGTT
   467      3    -8.2976587413   0.000249099351       0.8437  TCTTTCC
   468      9    -7.6820592184   0.000461024570       1.5615  TCTTTCT
   469      7    -5.9883774456   0.002507729679       8.4937  TCTTTTC
   470     10    -5.3673120202   0.004666658350      15.8060  TCTTTTT
   471      1   -13.2421535721   0.000001774213       0.0060  TGCCCCA
   472      1   -12.0145505151   0.000006055458       0.0205  TGCTCTT
   473      1   -14.4686250880   0.000000520422       0.0018  TGCTTCC
   474      1   -14.0659537067   0.000000778456       0.0026  TGTATGA
   475      1   -14.4347254270   0.000000538367       0.0018  TGTGGTA
   476      1    -9.8798614857   0.000051195369       0.1734  TGTTTCG
   477      1    -9.9272585765   0.000048825464       0.1654  TGTTTTA
   478      1    -6.8457955319   0.001063919518       3.6035  TGTTTTT
   479      1   -12.4631288082   0.000003866624       0.0131  TTACAGT
   480      1   -12.6151174463   0.000003321422       0.0112  TTACTTC
   481      1    -7.2124263977   0.000737365840       2.4975  TTATAAT
   482      1    -9.7856291526   0.000056254239       0.1905  TTATATT
   483      1   -11.6977474065   0.000008312523       0.0282  TTATCGT
   484      1    -8.9122225632   0.000134732050       0.4563  TTATCTT
   485      2    -8.8041579369   0.000150107638       0.5084  TTATTCT
   486      1   -16.4862043397   0.000000069204       0.0002  TTCATCG
   487      2   -12.4856768484   0.000003780415       0.0128  TTCCAAC
   488      1   -11.9852285584   0.000006235645       0.0211  TTCCCAC
   489      1   -10.4693536469   0.000028393405       0.0962  TTCCCTC
   490      1   -14.5766431951   0.000000467137       0.0016  TTCCCTG
   491      1   -14.4358670554   0.000000537753       0.0018  TTCCTCA
   492      1    -9.9555084979   0.000047465449       0.1608  TTCCTCT
   493      4   -10.4437036933   0.000029131116       0.0987  TTCCTTC
   494      2    -8.3119802701   0.000245557292       0.8317  TTCCTTT
   495      1   -12.5098130250   0.000003690262       0.0125  TTCTAAC
   496      2    -9.3811310976   0.000084299797       0.2855  TTCTACT
   497      3    -8.8561621389   0.000142500915       0.4827  TTCTATT
   498      3    -9.3495921905   0.000087000892       0.2947  TTCTCCC
   499      6    -5.8656255622   0.002835248866       9.6030  TTCTCCT
   500      1    -9.4545588748   0.000078331646       0.2653  TTCTCGT
   501      1   -10.7057904298   0.000022414770       0.0759  TTCTCTC
   502      5    -7.1491214212   0.000785553949       2.6607  TTCTCTT
   503      1   -14.0371084876   0.000000801237       0.0027  TTCTGAC
   504      1    -8.7251123940   0.000162454533       0.5502  TTCTTAT
   505      3   -10.6916745611   0.000022733418       0.0770  TTCTTCC
   506     13    -7.1260461878   0.000803891549       2.7228  TTCTTCT
   507      1   -12.5304867397   0.000003614754       0.0122  TTCTTGC
   508      2    -8.9198847282   0.000133703656       0.4529  TTCTTGT
   509      4    -8.8366323712   0.000145311278       0.4922  TTCTTTC
   510     21    -5.2182465251   0.005416819060      18.3468  TTCTTTT
   511      1   -13.2014277411   0.000001847961       0.0063  TTGCTGT
   512      1   -13.9162487096   0.000000904170       0.0031  TTGTATC
   513      1   -10.2921321562   0.000033898759       0.1148  TTGTATT
   514      1    -9.2208477500   0.000098954763       0.3352  TTGTCCT
   515      1   -11.1067193691   0.000015011119       0.0508  TTGTCGT
   516      1    -9.4161893375   0.000081395600       0.2757  TTGTGAT
   517      1   -10.1191803538   0.000040299143       0.1365  TTGTGTT
   518      1   -10.5183788490   0.000027034983       0.0916  TTTAAAT
   519      1   -10.0762324809   0.000042067610       0.1425  TTTAATT
   520      1    -6.3793249740   0.001696267595       5.7453  TTTATTT
   521      2    -9.2516300287   0.000095955115       0.3250  TTTCAAT
   522      1   -10.6609275621   0.000023443259       0.0794  TTTCACT
   523      2    -8.8078562244   0.000149553522       0.5065  TTTCATT
   524      4    -7.9331583843   0.000358651862       1.2148  TTTCCCT
   525      1   -10.5246192481   0.000026866800       0.0910  TTTCCTC
   526      4    -7.4249169667   0.000596210380       2.0194  TTTCTCT
   527      1    -8.1416405421   0.000291159147       0.9862  TTTCTTC
   528     11    -5.1110137535   0.006029966924      20.4235  TTTCTTT
   529      1    -6.5740973082   0.001396065567       4.7285  TTTGTTT
   530      6    -6.1203127970   0.002197768400       7.4438  TTTTAAT
   531      3    -7.5343348475   0.000534416614       1.8101  TTTTACT
   532      3    -7.6423549863   0.000479697440       1.6247  TTTTAGT
   533      7    -5.6757039225   0.003428254901      11.6115  TTTTATT
   534     11    -4.8157048225   0.008101509939      27.4398  TTTTCCT
   535      1    -8.0337285058   0.000324336661       1.0985  TTTTCTC
   536     12    -4.4087611215   0.012170246451      41.2206  TTTTCTT
   537      3    -6.3631569018   0.001723915879       5.8389  TTTTGGT
   538      1    -9.4956351949   0.000075179258       0.2546  TTTTGTC
   539      9    -5.8704762567   0.002821529242       9.5565  TTTTGTT
   540      8    -5.5360039151   0.003942248966      13.3524  TTTTTAT
   541      3    -7.9186103487   0.000363907680       1.2326  TTTTTCC
   542     27    -4.2935956640   0.013655735478      46.2520  TTTTTCT
   543      7    -5.7307762492   0.003244557670      10.9893  TTTTTGT
   544      7    -5.6039263628   0.003683373028      12.4756  TTTTTTC
   545    528    -1.9787476966   0.138242250192     468.2265  TTTTTTT