     2    591    163


 1

     1    127    -1.8619240642   0.155373394203      91.8257  AAAAAAAAAAAAA
     2      1    -6.8956581024   0.001012170643       0.5982  AAAAAAAAAAAAC
     3      1    -4.8426668058   0.007885995566       4.6606  AAAAAAAAAAAAG
     4      1    -6.6442359180   0.001301502493       0.7692  AAAAAAAAAAACA
     5      2    -4.6023040631   0.010028702341       5.9270  AAAAAAAAAAAGA
     6      1    -7.4341065319   0.000590756563       0.3491  AAAAAAAAAAAGG
     7      1   -11.4741918480   0.000010394935       0.0061  AAAAAAAAAACTA
     8      1    -7.7702607110   0.000422103206       0.2495  AAAAAAAAAAGAG
     9      1    -8.0998803273   0.000303575466       0.1794  AAAAAAAAAAGGG
    10      2    -5.4116731552   0.004464164719       2.6383  AAAAAAAGAAAAA
    11      1    -8.3924078755   0.000226581042       0.1339  AAAAAAAGAAAAG
    12      1   -10.9824396653   0.000016997578       0.0100  AAAAAAAGAAAGG
    13      3    -5.3026420661   0.004978423192       2.9422  AAAAAGAAAAAAA
    14      1    -6.1467008421   0.002140532087       1.2651  AAAAGAAAAAAAA
    15      1    -7.8272969460   0.000398701737       0.2356  AAAATAAAAAAAA
    16      1   -13.3334290435   0.000001619442       0.0010  AAGAAAAAGAGAG
    17      1    -9.2728419106   0.000093941162       0.0555  AAGAGAGAGAAAG
    18      1   -15.8021280761   0.000000137159       0.0001  AAGGGGAGGGGAG
    19      1   -14.8275561801   0.000000363475       0.0002  AAGGGGGAGGGAG
    20      1    -7.1789492848   0.000762468559       0.4506  ACACACACACAAA
    21      1   -10.4807919255   0.000028070484       0.0166  ACACACACACGGG
    22      1    -5.0884692589   0.006167453439       3.6450  AGAGAGAGAGAAA
    23      1    -5.2018809769   0.005506197644       3.2542  AGAGAGAGAGGGG
    24      1    -9.3543292592   0.000086589737       0.0512  AGAGGGAGAGGGG
    25      1    -8.1133069914   0.000299526701       0.1770  AGGGGGGGGGGAG
    26      1   -12.9393454732   0.000002401672       0.0014  ATTTTTTTTTAAA
    27      1    -8.6505411512   0.000175032104       0.1034  CACACACACACAA
    28      1    -7.2350725960   0.000720854967       0.4260  CACACACACACCC
    29      1   -26.6734240123   0.000000000003       0.0000  CACCTCTTTTCTT
    30      1    -8.3744513370   0.000230686402       0.1363  CCCCACCCCCCCC
    31      1    -7.6173727880   0.000491832283       0.2907  CCCCCCCACCCCC
    32      2   -11.6399073230   0.000008807497       0.0052  CCCCCCCCCCAAC
    33      1   -11.7771896615   0.000007677707       0.0045  CCCCCCCCCCACA
    34      1    -6.7647726154   0.001153709800       0.6818  CCCCCCCCCCCAC
    35      1    -7.0202097119   0.000893638067       0.5281  CCCCCCCCCCCCA
    36     68    -2.3538831346   0.094999549019      56.1447  CCCCCCCCCCCCC
    37      1    -5.0600662635   0.006345139048       3.7500  CCCCCCCCCCCCT
    38      1    -6.9644073634   0.000944922766       0.5584  CCCCCCCCCCCGC
    39      1    -4.8161668340   0.008097767813       4.7858  CCCCCCCCCCCTC
    40      1    -7.7029269991   0.000451503696       0.2668  CCCCCCCCCCTTC
    41      1    -5.6354786730   0.003568968455       2.1093  CCCCCCCTCCCCC
    42      1    -6.5598795227   0.001416056303       0.8369  CCCCCCTCCCCCC
    43      1    -5.5252080709   0.003985039435       2.3552  CCCCCTCCCCCCC
    44      1    -8.7769924856   0.000154241271       0.0912  CCCCCTCTCCCCC
    45      1    -9.7312044589   0.000059400705       0.0351  CCCCCTTCCCCCC
    46      1    -6.3759407040   0.001702017947       1.0059  CCCCTCCCCCCCC
    47      2    -6.4567191941   0.001569937932       0.9278  CCCTCCCCCCCCC
    48      2    -7.9163982495   0.000364713571       0.2155  CCCTCCCTCTCCC
    49      1   -10.3267521298   0.000032745267       0.0194  CCCTCTCTCTTCC
    50      1   -24.2576695975   0.000000000029       0.0000  CCCTCTTCTCTTT
    51      1   -13.1567553258   0.000001932385       0.0011  CCGCGCGCGCGGG
    52      1   -19.0602220131   0.000000005275       0.0000  CCGGGGGGGGAAG
    53      1   -13.6041075403   0.000001235410       0.0007  CCGGGGGGGGGGG
    54      1    -6.4467839890   0.001585613328       0.9371  CCTCCCCCCCCCC
    55      1    -6.5537710409   0.001424732730       0.8420  CCTCTCTCTCCCC
    56      1    -9.0144678650   0.000121637182       0.0719  CCTCTCTCTCCTC
    57      1   -13.8176982752   0.000000997815       0.0006  CGCGCACACGCCC
    58      2    -7.5078721323   0.000548747509       0.3243  CGCGCGCGCGGGG
    59      1   -17.3152969251   0.000000030204       0.0000  CTCACACACAACA
    60      1    -5.7412291014   0.003210819426       1.8976  CTCCCCCCCCCCC
    61      1   -14.1992143810   0.000000681333       0.0004  CTCCCCCTCCTTC
    62      1   -14.2903004373   0.000000622016       0.0004  CTCCCCCTCTCTC
    63      1   -11.5518526565   0.000009618207       0.0057  CTCTCTCACTCTC
    64      1   -11.7443454210   0.000007934062       0.0047  CTCTCTCCCTTCT
    65      2    -7.7366438710   0.000436534184       0.2580  CTCTCTCTCTCCT
    66      1    -6.2759072555   0.001881083656       1.1117  CTCTCTCTCTCTC
    67      2    -6.4310015808   0.001610836643       0.9520  CTCTCTCTCTCTT
    68      1    -7.9948029674   0.000337210576       0.1993  CTCTCTCTCTTTC
    69      1    -5.2016417270   0.005507515159       3.2549  CTCTCTCTCTTTT
    70      1    -9.4416302105   0.000079350944       0.0469  CTCTCTTTCTCCC
    71      1   -11.9906168895   0.000006202136       0.0037  CTCTTTCTCTTCT
    72      1   -10.9767143292   0.000017095174       0.0101  CTGTGTGTGTTTT
    73      1   -15.4698815452   0.000000191212       0.0001  CTTCCTTTTTCCC
    74      1   -12.6818720541   0.000003106941       0.0018  CTTTCTTTTTTTC
    75      1   -14.8596464773   0.000000351996       0.0002  CTTTTTTTTTATA
    76      1    -8.7242123724   0.000162600811       0.0961  CTTTTTTTTTCTT
    77      2    -5.5232623384   0.003992800804       2.3597  CTTTTTTTTTTTT
    78      1    -5.4877723319   0.004137049891       2.4450  GAAAAAAAAAAAA
    79      1   -13.1990370037   0.000001852384       0.0011  GAAAAAGAGAAAA
    80      1    -9.7645330580   0.000057453590       0.0340  GAAGGGGGGGGGG
    81      2    -7.8373094773   0.000394729642       0.2333  GAGAGAGAGAAAG
    82      1    -6.3473634033   0.001751358681       1.0351  GAGAGAGAGAGAA
    83      3    -6.1977597221   0.002033982221       1.2021  GAGAGAGAGAGAG
    84      1    -5.1312062371   0.005909428002       3.4925  GAGAGAGAGAGGG
    85      1    -9.9599459695   0.000047255289       0.0279  GAGAGGGGGAGGG
    86      1   -19.5354553598   0.000000003280       0.0000  GAGAGTGAGACTG
    87      1   -12.6339636513   0.000003259412       0.0019  GAGGGAGAGGAGG
    88      1    -9.7219997970   0.000059949993       0.0354  GAGGGAGAGGGGG
    89      1    -8.7421306145   0.000159713238       0.0944  GAGGGAGGGGGGG
    90      3    -5.6110639555   0.003657176214       2.1614  GAGGGGGGGGGGG
    91      1    -9.6553152328   0.000064084039       0.0379  GGAGAAAGAGGGG
    92      1    -6.4212189643   0.001626672170       0.9614  GGAGAGAGAGGGG
    93      1    -7.5267086126   0.000538507781       0.3183  GGAGGGGGAGGGG
    94      1    -6.3158619700   0.001807407158       1.0682  GGAGGGGGGGGGG
    95      1   -18.8250360758   0.000000006674       0.0000  GGCCCCCCCCTTC
    96      1    -9.2649241011   0.000094687922       0.0560  GGGAGAGAGAGAG
    97      1    -9.5586766387   0.000070586148       0.0417  GGGAGAGGGGGGG
    98      2    -5.3964897146   0.004532463290       2.6787  GGGGGAGGGGGGG
    99      1    -8.0341590652   0.000324197044       0.1916  GGGGGGGAGGGAG
   100      1    -8.2769810456   0.000254303774       0.1503  GGGGGGGAGGGGA
   101      2    -5.5063358546   0.004060960104       2.4000  GGGGGGGAGGGGG
   102      1    -7.3572297801   0.000637963313       0.3770  GGGGGGGGGGGAA
   103      1    -4.9330411502   0.007204559783       4.2579  GGGGGGGGGGGGA
   104     97    -2.1623928675   0.115049493211      67.9943  GGGGGGGGGGGGG
   105      1    -6.5194525398   0.001474476098       0.8714  GGGGGGGGGGGTG
   106      2   -11.3379035762   0.000011912723       0.0070  GGGGGGGGGGTTG
   107      1    -7.1678987933   0.000770940937       0.4556  TAAAAAAAAAAAA
   108      2    -6.7855834023   0.001129948297       0.6678  TATATATATAAAA
   109      1    -6.6926607360   0.001239979123       0.7328  TATATATATATTT
   110      1   -10.2420311784   0.000035640384       0.0211  TATATATGTATTT
   111      1   -14.4315660801   0.000000540071       0.0003  TATGTATATGAAG
   112      1   -12.8652346070   0.000002586423       0.0015  TCCCTCTCTCCTT
   113      1   -15.2880441435   0.000000229344       0.0001  TCCTCCCCCTTTC
   114      1   -12.5234428056   0.000003640306       0.0022  TCTCTCTCTATTT
   115      1    -6.4571644069   0.001569239131       0.9274  TCTCTCTCTCTCC
   116      1   -11.0363292648   0.000016105830       0.0095  TCTCTCTTTCCTC
   117      1    -8.4289348172   0.000218454060       0.1291  TCTCTCTTTCTTT
   118      1    -8.4841726358   0.000206714357       0.1222  TCTCTTTCTCCCC
   119      1   -10.5599997394   0.000025932858       0.0153  TCTTTCTCTCTCC
   120      1   -16.9424655500   0.000000043851       0.0000  TCTTTTTTTCCTC
   121      1    -8.4160686284   0.000221282890       0.1308  TCTTTTTTTTTCT
   122      1   -14.0396517190   0.000000799202       0.0005  TGTGTGTGTGATG
   123      1   -11.5088190824   0.000010041148       0.0059  TGTGTGTGTGGGT
   124      1   -11.4873007449   0.000010259559       0.0061  TGTGTGTGTGTTG
   125      1   -19.8632207179   0.000000002363       0.0000  TTAAAAAAAATTA
   126      1   -12.0218862800   0.000006011199       0.0036  TTATATATATAAA
   127      1   -19.1507776516   0.000000004819       0.0000  TTCCCCCCTCCTT
   128      1    -8.5982877165   0.000184421305       0.1090  TTCTCTCTCTCCC
   129      1   -10.7915490578   0.000020572629       0.0122  TTCTTTCTTTTTT
   130      1   -17.0322251074   0.000000040087       0.0000  TTCTTTTCCTTCC
   131      1   -12.4257685348   0.000004013814       0.0024  TTCTTTTTTTCTC
   132      1    -6.2526212612   0.001925400538       1.1379  TTCTTTTTTTTTT
   133      1   -19.6172968667   0.000000003022       0.0000  TTTCCCTCCCCTC
   134      1    -8.6999324491   0.000166597064       0.0985  TTTCTCTCTCCCC
   135      1   -14.3385460664   0.000000592719       0.0004  TTTCTTCTTCTTC
   136      1    -6.5787583123   0.001389573641       0.8212  TTTCTTTTTCTTT
   137      1    -9.5908978005   0.000068348031       0.0404  TTTCTTTTTTCTT
   138      1    -6.2617976195   0.001907813190       1.1275  TTTCTTTTTTTTT
   139      2    -6.1816859705   0.002066940115       1.2216  TTTTCTTTTTTTT
   140      1    -7.9694471198   0.000345870158       0.2044  TTTTGTTTTTTTT
   141      1    -6.9067683688   0.001000987397       0.5916  TTTTTATTTTTTT
   142      1   -14.0621833468   0.000000781396       0.0005  TTTTTCTTCTTCT
   143      1   -15.9393598286   0.000000119570       0.0001  TTTTTCTTTCTTG
   144      1    -8.6687618570   0.000171871774       0.1016  TTTTTCTTTTCTT
   145      3    -5.3396812868   0.004797399461       2.8353  TTTTTCTTTTTTT
   146      1    -7.1064031168   0.000819838559       0.4845  TTTTTGTTTTTTT
   147      1   -12.5424761336   0.000003571674       0.0021  TTTTTTCTTTCCT
   148      1    -9.5032441588   0.000074609392       0.0441  TTTTTTCTTTTTC
   149      1    -8.5864093497   0.000186624991       0.1103  TTTTTTTCTTTTC
   150      1    -5.4483384315   0.004303449229       2.5433  TTTTTTTCTTTTT
   151      1   -11.6234255756   0.000008953862       0.0053  TTTTTTTTTTAAA
   152      2   -11.0718216063   0.000015544221       0.0092  TTTTTTTTTTAAT
   153      1   -11.8126372709   0.000007410318       0.0044  TTTTTTTTTTCAC
   154      2    -8.1432102340   0.000290702476       0.1718  TTTTTTTTTTCCC
   155      1    -7.9210161108   0.000363033257       0.2146  TTTTTTTTTTCCT
   156      1    -7.9165112691   0.000364672354       0.2155  TTTTTTTTTTCTC
   157      2    -5.0724456927   0.006267074045       3.7038  TTTTTTTTTTCTT
   158      2    -6.1820257949   0.002066237838       1.2211  TTTTTTTTTTTAT
   159      1    -7.6012111745   0.000499845666       0.2954  TTTTTTTTTTTCC
   160      2    -4.6423016638   0.009635494416       5.6946  TTTTTTTTTTTCT
   161      5    -4.8814278633   0.007586174271       4.4834  TTTTTTTTTTTTC
   162      2    -6.6313793566   0.001318343366       0.7791  TTTTTTTTTTTTG
   163    107    -1.7433454127   0.174934193547     103.3861  TTTTTTTTTTTTT

 2

     1    127    -1.8619334143   0.155371941458      91.8248  AAAAAAAAAAAAA
     2      1    -6.8955905654   0.001012239005       0.5982  AAAAAAAAAAAAC
     3      1    -4.8426187516   0.007886374530       4.6608  AAAAAAAAAAAAG
     4      1    -6.6442013376   0.001301547500       0.7692  AAAAAAAAAAACA
     5      2    -4.6022887972   0.010028855440       5.9271  AAAAAAAAAAAGA
     6      1    -7.4340429355   0.000590794134       0.3492  AAAAAAAAAAAGG
     7      1   -11.4741080424   0.000010395807       0.0061  AAAAAAAAAACTA
     8      1    -7.7702511208   0.000422107254       0.2495  AAAAAAAAAAGAG
     9      1    -8.0998032479   0.000303598866       0.1794  AAAAAAAAAAGGG
    10      2    -5.4116104543   0.004464444635       2.6385  AAAAAAAGAAAAA
    11      1    -8.3922877721   0.000226608257       0.1339  AAAAAAAGAAAAG
    12      1   -10.9823044286   0.000016999877       0.0100  AAAAAAAGAAAGG
    13      3    -5.3026535696   0.004978365924       2.9422  AAAAAGAAAAAAA
    14      1    -6.1467418347   0.002140444343       1.2650  AAAAGAAAAAAAA
    15      1    -7.8273229043   0.000398691388       0.2356  AAAATAAAAAAAA
    16      1   -13.3332817066   0.000001619680       0.0010  AAGAAAAAGAGAG
    17      1    -9.2728108442   0.000093944080       0.0555  AAGAGAGAGAAAG
    18      1   -15.8019766966   0.000000137179       0.0001  AAGGGGAGGGGAG
    19      1   -14.8275880362   0.000000363463       0.0002  AAGGGGGAGGGAG
    20      1    -7.1788995557   0.000762506477       0.4506  ACACACACACAAA
    21      1   -10.4806937978   0.000028073239       0.0166  ACACACACACGGG
    22      1    -5.0884435816   0.006167611805       3.6451  AGAGAGAGAGAAA
    23      1    -5.2018426770   0.005506408534       3.2543  AGAGAGAGAGGGG
    24      1    -9.3543475161   0.000086588156       0.0512  AGAGGGAGAGGGG
    25      1    -8.1133274726   0.000299520567       0.1770  AGGGGGGGGGGAG
    26      1   -12.9392865125   0.000002401813       0.0014  ATTTTTTTTTAAA
    27      1    -8.6505837459   0.000175024648       0.1034  CACACACACACAA
    28      1    -7.2350239698   0.000720890020       0.4260  CACACACACACCC
    29      1   -26.6735419897   0.000000000003       0.0000  CACCTCTTTTCTT
    30      1    -8.3744793353   0.000230679943       0.1363  CCCCACCCCCCCC
    31      1    -7.6172946512   0.000491870715       0.2907  CCCCCCCACCCCC
    32      2   -11.6398241003   0.000008808230       0.0052  CCCCCCCCCCAAC
    33      1   -11.7771215498   0.000007678230       0.0045  CCCCCCCCCCACA
    34      1    -6.7647392667   0.001153748276       0.6819  CCCCCCCCCCCAC
    35      1    -7.0201431033   0.000893697593       0.5282  CCCCCCCCCCCCA
    36     68    -2.3538944054   0.094998478299      56.1441  CCCCCCCCCCCCC
    37      1    -5.0600187341   0.006345440635       3.7502  CCCCCCCCCCCCT
    38      1    -6.9643740147   0.000944954278       0.5585  CCCCCCCCCCCGC
    39      1    -4.8161521490   0.008097886729       4.7859  CCCCCCCCCCCTC
    40      1    -7.7028781219   0.000451525765       0.2669  CCCCCCCCCCTTC
    41      1    -5.6354174435   0.003569186988       2.1094  CCCCCCCTCCCCC
    42      1    -6.5596534453   0.001416376477       0.8371  CCCCCCTCCCCCC
    43      1    -5.5252216474   0.003984985333       2.3551  CCCCCTCCCCCCC
    44      1    -8.7769432217   0.000154248870       0.0912  CCCCCTCTCCCCC
    45      1    -9.7309806872   0.000059413999       0.0351  CCCCCTTCCCCCC
    46      1    -6.3759836747   0.001701944812       1.0058  CCCCTCCCCCCCC
    47      2    -6.4567777609   0.001569845988       0.9278  CCCTCCCCCCCCC
    48      2    -7.9155518907   0.000365022380       0.2157  CCCTCCCTCTCCC
    49      1   -10.3269119332   0.000032740034       0.0193  CCCTCTCTCTTCC
    50      1   -24.2577032170   0.000000000029       0.0000  CCCTCTTCTCTTT
    51      1   -13.1567284067   0.000001932437       0.0011  CCGCGCGCGCGGG
    52      1   -19.0602350047   0.000000005275       0.0000  CCGGGGGGGGAAG
    53      1   -13.6041796846   0.000001235321       0.0007  CCGGGGGGGGGGG
    54      1    -6.4468070578   0.001585576750       0.9371  CCTCCCCCCCCCC
    55      1    -6.5537873268   0.001424709527       0.8420  CCTCTCTCTCCCC
    56      1    -9.0144580705   0.000121638373       0.0719  CCTCTCTCTCCTC
    57      1   -13.8176172922   0.000000997895       0.0006  CGCGCACACGCCC
    58      2    -7.5078153256   0.000548778683       0.3243  CGCGCGCGCGGGG
    59      1   -17.3152383249   0.000000030206       0.0000  CTCACACACAACA
    60      1    -5.7412943014   0.003210610088       1.8975  CTCCCCCCCCCCC
    61      1   -14.1991730778   0.000000681361       0.0004  CTCCCCCTCCTTC
    62      1   -14.2906086078   0.000000621824       0.0004  CTCCCCCTCTCTC
    63      1   -11.5520428485   0.000009616378       0.0057  CTCTCTCACTCTC
    64      1   -11.7442066784   0.000007935163       0.0047  CTCTCTCCCTTCT
    65      2    -7.7365773158   0.000436563239       0.2580  CTCTCTCTCTCCT
    66      1    -6.2761860147   0.001880559360       1.1114  CTCTCTCTCTCTC
    67      2    -6.4310567269   0.001610747814       0.9520  CTCTCTCTCTCTT
    68      1    -7.9948097362   0.000337208294       0.1993  CTCTCTCTCTTTC
    69      1    -5.2016025508   0.005507730926       3.2551  CTCTCTCTCTTTT
    70      1    -9.4413667324   0.000079371854       0.0469  CTCTCTTTCTCCC
    71      1   -11.9905959328   0.000006202265       0.0037  CTCTTTCTCTTCT
    72      1   -10.9766969557   0.000017095471       0.0101  CTGTGTGTGTTTT
    73      1   -15.4700428772   0.000000191181       0.0001  CTTCCTTTTTCCC
    74      1   -12.6819367730   0.000003106740       0.0018  CTTTCTTTTTTTC
    75      1   -14.8596517708   0.000000351994       0.0002  CTTTTTTTTTATA
    76      1    -8.7242320985   0.000162597604       0.0961  CTTTTTTTTTCTT
    77      2    -5.5233057330   0.003992627542       2.3596  CTTTTTTTTTTTT
    78      1    -5.4878165708   0.004136866876       2.4449  GAAAAAAAAAAAA
    79      1   -13.1990565628   0.000001852348       0.0011  GAAAAAGAGAAAA
    80      1    -9.7646093831   0.000057449206       0.0340  GAAGGGGGGGGGG
    81      2    -7.8373028365   0.000394732264       0.2333  GAGAGAGAGAAAG
    82      1    -6.3474156542   0.001751267173       1.0350  GAGAGAGAGAGAA
    83      3    -6.1980399932   0.002033412235       1.2017  GAGAGAGAGAGAG
    84      1    -5.1311804628   0.005909580315       3.4926  GAGAGAGAGAGGG
    85      1    -9.9600286870   0.000047251381       0.0279  GAGAGGGGGAGGG
    86      1   -19.5353996651   0.000000003280       0.0000  GAGAGTGAGACTG
    87      1   -12.6339386599   0.000003259494       0.0019  GAGGGAGAGGAGG
    88      1    -9.7220106998   0.000059949339       0.0354  GAGGGAGAGGGGG
    89      1    -8.7420971194   0.000159718588       0.0944  GAGGGAGGGGGGG
    90      3    -5.6111284954   0.003656940188       2.1613  GAGGGGGGGGGGG
    91      1    -9.6553332771   0.000064082882       0.0379  GGAGAAAGAGGGG
    92      1    -6.4212347597   0.001626646477       0.9613  GGAGAGAGAGGGG
    93      1    -7.5265799872   0.000538577051       0.3183  GGAGGGGGAGGGG
    94      1    -6.3158844162   0.001807366589       1.0682  GGAGGGGGGGGGG
    95      1   -18.8250496261   0.000000006674       0.0000  GGCCCCCCCCTTC
    96      1    -9.2652030775   0.000094661510       0.0559  GGGAGAGAGAGAG
    97      1    -9.5587373256   0.000070581864       0.0417  GGGAGAGGGGGGG
    98      2    -5.3965026252   0.004532404774       2.6787  GGGGGAGGGGGGG
    99      1    -8.0340719337   0.000324225293       0.1916  GGGGGGGAGGGAG
   100      1    -8.2768610369   0.000254334294       0.1503  GGGGGGGAGGGGA
   101      2    -5.5062741510   0.004061210687       2.4002  GGGGGGGAGGGGG
   102      1    -7.3571635327   0.000638005577       0.3771  GGGGGGGGGGGAA
   103      1    -4.9329935054   0.007204903051       4.2581  GGGGGGGGGGGGA
   104     97    -2.1624035285   0.115048266668      67.9935  GGGGGGGGGGGGG
   105      1    -6.5194188114   0.001474525831       0.8714  GGGGGGGGGGGTG
   106      2   -11.3378200213   0.000011913718       0.0070  GGGGGGGGGGTTG
   107      1    -7.1679299448   0.000770916921       0.4556  TAAAAAAAAAAAA
   108      2    -6.7855256106   0.001130013600       0.6678  TATATATATAAAA
   109      1    -6.6926106093   0.001240041280       0.7329  TATATATATATTT
   110      1   -10.2419090694   0.000035644736       0.0211  TATATATGTATTT
   111      1   -14.4314930871   0.000000540110       0.0003  TATGTATATGAAG
   112      1   -12.8651805902   0.000002586563       0.0015  TCCCTCTCTCCTT
   113      1   -15.2880686929   0.000000229338       0.0001  TCCTCCCCCTTTC
   114      1   -12.5237521108   0.000003639180       0.0022  TCTCTCTCTATTT
   115      1    -6.4572090378   0.001569169096       0.9274  TCTCTCTCTCTCC
   116      1   -11.0361914844   0.000016108049       0.0095  TCTCTCTTTCCTC
   117      1    -8.4288371891   0.000218475388       0.1291  TCTCTCTTTCTTT
   118      1    -8.4841368028   0.000206721764       0.1222  TCTCTTTCTCCCC
   119      1   -10.5600916663   0.000025930474       0.0153  TCTTTCTCTCTCC
   120      1   -16.9427528123   0.000000043839       0.0000  TCTTTTTTTCCTC
   121      1    -8.4161250935   0.000221270396       0.1308  TCTTTTTTTTTCT
   122      1   -14.0395302597   0.000000799299       0.0005  TGTGTGTGTGATG
   123      1   -11.5087525228   0.000010041817       0.0059  TGTGTGTGTGGGT
   124      1   -11.4872065730   0.000010260525       0.0061  TGTGTGTGTGTTG
   125      1   -19.8633440888   0.000000002363       0.0000  TTAAAAAAAATTA
   126      1   -12.0218584405   0.000006011367       0.0036  TTATATATATAAA
   127      1   -19.1510510186   0.000000004817       0.0000  TTCCCCCCTCCTT
   128      1    -8.5982970983   0.000184419575       0.1090  TTCTCTCTCTCCC
   129      1   -10.7913775846   0.000020576157       0.0122  TTCTTTCTTTTTT
   130      1   -17.0319508669   0.000000040098       0.0000  TTCTTTTCCTTCC
   131      1   -12.4257815717   0.000004013762       0.0024  TTCTTTTTTTCTC
   132      1    -6.2526416814   0.001925361221       1.1379  TTCTTTTTTTTTT
   133      1   -19.6172342786   0.000000003022       0.0000  TTTCCCTCCCCTC
   134      1    -8.6999482727   0.000166594428       0.0985  TTTCTCTCTCCCC
   135      1   -14.3382985591   0.000000592865       0.0004  TTTCTTCTTCTTC
   136      1    -6.5788038895   0.001389510309       0.8212  TTTCTTTTTCTTT
   137      1    -9.5909220734   0.000068346372       0.0404  TTTCTTTTTTCTT
   138      1    -6.2618537056   0.001907706191       1.1275  TTTCTTTTTTTTT
   139      2    -6.1817262612   0.002066856839       1.2215  TTTTCTTTTTTTT
   140      1    -7.9694723488   0.000345861432       0.2044  TTTTGTTTTTTTT
   141      1    -6.9067643463   0.001000991424       0.5916  TTTTTATTTTTTT
   142      1   -14.0623442337   0.000000781271       0.0005  TTTTTCTTCTTCT
   143      1   -15.9396281450   0.000000119538       0.0001  TTTTTCTTTCTTG
   144      1    -8.6687408200   0.000171875390       0.1016  TTTTTCTTTTCTT
   145      3    -5.3396920819   0.004797347673       2.8352  TTTTTCTTTTTTT
   146      1    -7.1063990943   0.000819841856       0.4845  TTTTTGTTTTTTT
   147      1   -12.5421880647   0.000003572703       0.0021  TTTTTTCTTTCCT
   148      1    -9.5029597515   0.000074630615       0.0441  TTTTTTCTTTTTC
   149      1    -8.5862891293   0.000186647429       0.1103  TTTTTTTCTTTTC
   150      1    -5.4482752277   0.004303721232       2.5435  TTTTTTTCTTTTT
   151      1   -11.6233080768   0.000008954914       0.0053  TTTTTTTTTTAAA
   152      2   -11.0717369763   0.000015545537       0.0092  TTTTTTTTTTAAT
   153      1   -11.8125647207   0.000007410855       0.0044  TTTTTTTTTTCAC
   154      2    -8.1431330172   0.000290724924       0.1718  TTTTTTTTTTCCC
   155      1    -7.9209640549   0.000363052156       0.2146  TTTTTTTTTTCCT
   156      1    -7.9165125581   0.000364671883       0.2155  TTTTTTTTTTCTC
   157      2    -5.0724225570   0.006267219040       3.7039  TTTTTTTTTTCTT
   158      2    -6.1819907616   0.002066310226       1.2212  TTTTTTTTTTTAT
   159      1    -7.6011490779   0.000499876706       0.2954  TTTTTTTTTTTCC
   160      2    -4.6422860373   0.009635644986       5.6947  TTTTTTTTTTTCT
   161      5    -4.8813795215   0.007586541009       4.4836  TTTTTTTTTTTTC
   162      2    -6.6313115236   0.001318432796       0.7792  TTTTTTTTTTTTG
   163    107    -1.7433540901   0.174932675573     103.3852  TTTTTTTTTTTTT