

TREE #  1

  0  0.0000   2591.779043  x:  0.02499   0.00190   0.04240   0.01391   0.00484   0.00501   0.01851   0.00917   0.01666   0.02279   0.03261   0.06544   0.00605   0.04617   0.00610   0.00000   0.01556   0.01549   0.01074   0.04132   0.04390   0.03806   0.08430   0.05092   2.12829  
  1 99.0000   2586.730258  x:  0.02495   0.00544   0.04269   0.01388   0.00446   0.00502   0.01839   0.00854   0.01656   0.02252   0.03276   0.06537   0.00715   0.04640   0.00609   0.00831   0.01550   0.01558   0.01007   0.04133   0.04389   0.03797   0.08434   0.05088   2.12840  
  2 3562.2501   2581.722947  x:  0.02452   0.01545   0.04435   0.01376   0.00198   0.00510   0.01753   0.00411   0.01587   0.02057   0.03384   0.06447   0.01326   0.04801   0.00465   0.00554   0.01338   0.01627   0.00517   0.04070   0.04352   0.03727   0.08464   0.05044   2.12924  
  3 782.7084   2581.391379  x:  0.02386   0.01599   0.04519   0.01378   0.00444   0.00519   0.01758   0.00455   0.01575   0.01990   0.03453   0.06354   0.01439   0.04888   0.00462   0.00540   0.01271   0.01680   0.00475   0.04026   0.04345   0.03683   0.08471   0.04978   2.12995  
  4 240.7876   2580.882962  x:  0.02160   0.01511   0.04766   0.01370   0.00378   0.00493   0.01775   0.00555   0.01539   0.01755   0.03637   0.06044   0.01630   0.05141   0.00490   0.00559   0.01170   0.01803   0.00588   0.03893   0.04335   0.03551   0.08484   0.04753   2.13247  
  5 202.7659   2580.650299  x:  0.02031   0.01387   0.04915   0.01361   0.00364   0.00533   0.01765   0.00445   0.01558   0.01738   0.03710   0.05830   0.01643   0.05278   0.00489   0.00589   0.01230   0.01791   0.00471   0.03831   0.04335   0.03485   0.08485   0.04623   2.13464  
  6 188.9585   2580.482240  x:  0.01967   0.01447   0.05064   0.01344   0.00365   0.00457   0.01761   0.00461   0.01594   0.01902   0.03713   0.05597   0.01613   0.05387   0.00453   0.00573   0.01324   0.01705   0.00513   0.03813   0.04342   0.03452   0.08478   0.04560   2.13826  
  7 113.3934   2580.379209  x:  0.01963   0.01497   0.05150   0.01342   0.00348   0.00566   0.01765   0.00510   0.01596   0.01984   0.03686   0.05451   0.01574   0.05439   0.00485   0.00561   0.01323   0.01674   0.00527   0.03820   0.04349   0.03459   0.08471   0.04556   2.14159  
  8 173.4717   2580.033495  x:  0.02067   0.01531   0.05341   0.01396   0.00338   0.00493   0.01775   0.00485   0.01529   0.02026   0.03523   0.05079   0.01397   0.05510   0.00638   0.00559   0.01136   0.01731   0.00475   0.03895   0.04367   0.03538   0.08437   0.04660   2.15527  
  9 198.0644   2579.414488  x:  0.02261   0.01535   0.05529   0.01499   0.00382   0.00549   0.01763   0.00385   0.01501   0.01840   0.03295   0.04728   0.01310   0.05535   0.00406   0.00562   0.01198   0.01849   0.00584   0.04012   0.04385   0.03569   0.08389   0.04854   2.18214  
 10 398.3991   2578.463407  x:  0.02467   0.01492   0.05681   0.01539   0.00339   0.00494   0.01757   0.00653   0.01569   0.01604   0.03110   0.04505   0.01401   0.05524   0.00346   0.00562   0.01442   0.01855   0.00372   0.04120   0.04396   0.03586   0.08335   0.05059   2.22733  
 11 1033.9409   2574.698803  x:  0.02916   0.01315   0.06027   0.01420   0.00463   0.00477   0.01576   0.00438   0.01926   0.01308   0.02910   0.04406   0.02142   0.05403   0.01146   0.00540   0.02010   0.01626   0.00650   0.04287   0.04418   0.03550   0.08166   0.05509   2.43312  
 12 2248.1815   2557.357608  x:  0.03172   0.00410   0.06523   0.01642   0.00214   0.00543   0.01867   0.00426   0.01534   0.02847   0.03621   0.05624   0.03271   0.04673   0.00449   0.00753   0.00960   0.01712   0.00487   0.04020   0.04301   0.02740   0.07566   0.05763   3.29041  
 13 5018.6824   2544.384667  x:  0.01880   0.01531   0.05741   0.01291   0.00333   0.00521   0.01983   0.00456   0.01023   0.02224   0.04248   0.06759   0.01218   0.04597   0.00505   0.00521   0.01436   0.02223   0.00464   0.03486   0.04352   0.03449   0.07636   0.04470   3.90234  
 14 6312.8402   2542.780078  x:  0.01658   0.01645   0.05322   0.01302   0.00328   0.00528   0.01885   0.00473   0.01656   0.02033   0.04220   0.06825   0.00932   0.04837   0.00356   0.00515   0.01109   0.02031   0.00467   0.03529   0.04365   0.03610   0.07883   0.04248   3.98502  
 15 2793.4849   2541.760188  x:  0.01545   0.01594   0.04561   0.01377   0.00345   0.00528   0.01805   0.00474   0.01393   0.01992   0.04073   0.06693   0.01027   0.05386   0.00273   0.00531   0.01015   0.01698   0.00482   0.03717   0.04383   0.03792   0.08458   0.04135   4.03299  
 16 789.7829   2541.569434  x:  0.01586   0.01597   0.04339   0.01377   0.00330   0.00528   0.01894   0.00462   0.01455   0.02094   0.04086   0.06641   0.01044   0.05564   0.00303   0.00529   0.01082   0.01924   0.00473   0.03715   0.04367   0.03763   0.08730   0.04176   4.04236  
 17 224.4262   2541.526754  x:  0.01658   0.01609   0.04357   0.01332   0.00332   0.00528   0.01877   0.00461   0.01444   0.02072   0.04152   0.06647   0.00974   0.05582   0.00306   0.00528   0.01077   0.01892   0.00471   0.03650   0.04352   0.03667   0.08939   0.04248   4.04445  
 18 42.6459   2541.518353  x:  0.01652   0.01611   0.04397   0.01382   0.00331   0.00528   0.01879   0.00462   0.01446   0.02072   0.04159   0.06659   0.00971   0.05554   0.00312   0.00527   0.01083   0.01889   0.00471   0.03661   0.04352   0.03675   0.09031   0.04242   4.04488  
 19 18.3947   2541.514439  x:  0.01640   0.01605   0.04424   0.01353   0.00332   0.00528   0.01880   0.00462   0.01445   0.02075   0.04142   0.06662   0.00981   0.05525   0.00306   0.00528   0.01079   0.01896   0.00471   0.03678   0.04355   0.03692   0.09090   0.04229   4.04511  
 20 13.9718   2541.511586  x:  0.01636   0.01605   0.04405   0.01358   0.00332   0.00528   0.01870   0.00464   0.01446   0.02077   0.04132   0.06636   0.00991   0.05486   0.00306   0.00528   0.01078   0.01897   0.00471   0.03638   0.04364   0.03698   0.09100   0.04225   4.04545  
 21  1.5142   2541.492833  x:  0.01626   0.01616   0.04356   0.01356   0.00334   0.00527   0.01949   0.00454   0.01450   0.02059   0.04165   0.06566   0.00997   0.05397   0.00315   0.00526   0.01075   0.01868   0.00473   0.03670   0.04358   0.03657   0.09103   0.04216   4.04790  
 22  5.0903   2541.395773  x:  0.01619   0.01627   0.04277   0.01350   0.00332   0.00527   0.01780   0.00471   0.01450   0.02070   0.04296   0.06437   0.00999   0.05258   0.00330   0.00521   0.01082   0.01907   0.00471   0.03832   0.04321   0.03582   0.09095   0.04207   4.06043  
 23 42.5431   2537.887384  x:  0.02349   0.01507   0.04737   0.01170   0.00321   0.00521   0.01789   0.00449   0.01696   0.02055   0.05044   0.05706   0.01591   0.05310   0.00319   0.00476   0.01217   0.01497   0.00523   0.03900   0.04308   0.04753   0.08908   0.04879   4.54745  
 24 193.7219   2534.299114  x:  0.02362   0.01632   0.05169   0.01331   0.00351   0.00515   0.01618   0.00509   0.01807   0.01992   0.03347   0.05649   0.01903   0.05471   0.00738   0.00380   0.01328   0.01309   0.00536   0.04019   0.04399   0.03349   0.08771   0.04840   4.98683  
 25 2208.8940   2534.298186  x:  0.02363   0.01632   0.05169   0.01330   0.00351   0.00515   0.01618   0.00509   0.01807   0.01992   0.03352   0.05650   0.01902   0.05473   0.00738   0.00380   0.01327   0.01310   0.00535   0.04024   0.04438   0.03345   0.08771   0.04841   4.98701  
 26  2.9532   2530.584630  x:  0.02374   0.01475   0.05300   0.01553   0.00269   0.00493   0.01858   0.00464   0.01552   0.01737   0.03478   0.05241   0.01546   0.05565   0.00502   0.00331   0.01348   0.02334   0.00499   0.04022   0.04385   0.03674   0.08810   0.04680   6.16010  
 27  1.2376   2529.453729  x:  0.02361   0.01311   0.05187   0.01394   0.00359   0.00522   0.01725   0.00416   0.01509   0.01856   0.03723   0.05953   0.01342   0.05564   0.00491   0.00338   0.01332   0.01790   0.00441   0.03941   0.04469   0.03647   0.08956   0.04516   6.73533  
 28  0.3248   2529.303525  x:  0.02431   0.01303   0.05175   0.01433   0.00331   0.00519   0.01771   0.00481   0.01569   0.01911   0.03602   0.05773   0.01398   0.05486   0.00489   0.00326   0.01257   0.01711   0.00494   0.03961   0.04433   0.03493   0.08874   0.04563   6.92890  
 29  0.1799   2529.286531  x:  0.02433   0.01267   0.05172   0.01430   0.00316   0.00513   0.01766   0.00468   0.01578   0.01895   0.03599   0.05708   0.01383   0.05502   0.00497   0.00332   0.01264   0.01742   0.00500   0.03961   0.04422   0.03564   0.08878   0.04567   7.00770  
 30  0.0688   2529.285009  x:  0.02433   0.01270   0.05174   0.01434   0.00318   0.00515   0.01767   0.00464   0.01582   0.01896   0.03613   0.05730   0.01387   0.05509   0.00494   0.00330   0.01265   0.01750   0.00495   0.03966   0.04423   0.03551   0.08883   0.04577   7.03685  
 31  0.0234   2529.284825  x:  0.02423   0.01274   0.05172   0.01432   0.00319   0.00515   0.01768   0.00466   0.01580   0.01895   0.03609   0.05732   0.01387   0.05507   0.00496   0.00331   0.01267   0.01746   0.00494   0.03964   0.04426   0.03553   0.08885   0.04583   7.04438  
 32  0.0053   2529.284746  x:  0.02407   0.01279   0.05172   0.01432   0.00319   0.00515   0.01767   0.00466   0.01578   0.01895   0.03610   0.05728   0.01390   0.05505   0.00496   0.00333   0.01267   0.01748   0.00495   0.03964   0.04425   0.03554   0.08883   0.04597   7.04571  
 33  0.0008   2529.284733  x:  0.02398   0.01280   0.05172   0.01432   0.00319   0.00515   0.01767   0.00466   0.01579   0.01895   0.03610   0.05728   0.01390   0.05506   0.00495   0.00334   0.01266   0.01747   0.00495   0.03964   0.04425   0.03553   0.08883   0.04606   7.04518  
 34  0.0005   2529.284733  x:  0.02396   0.01280   0.05172   0.01432   0.00319   0.00515   0.01767   0.00466   0.01579   0.01895   0.03610   0.05728   0.01390   0.05506   0.00495   0.00334   0.01266   0.01747   0.00495   0.03964   0.04425   0.03553   0.08884   0.04608   7.04511  

TREE #  2

  0  0.0000   2538.361104  x:  0.03674   0.00238   0.04084   0.01413   0.00378   0.00468   0.01784   0.00730   0.01756   0.01974   0.03476   0.06541   0.00579   0.04510   0.00575   0.00000   0.01530   0.01796   0.01148   0.03940   0.04536   0.03510   0.08361   0.04134   7.04511  
  1 99.0000   2534.267882  x:  0.03669   0.00612   0.04137   0.01415   0.00354   0.00486   0.01777   0.00666   0.01736   0.01963   0.03486   0.06533   0.00715   0.04556   0.00588   0.00778   0.01524   0.01780   0.01044   0.03954   0.04531   0.03517   0.08379   0.04129   7.04511  
  2 2380.6675   2530.455848  x:  0.03619   0.01450   0.04381   0.01432   0.00253   0.00547   0.01746   0.00352   0.01631   0.01907   0.03539   0.06458   0.01251   0.04796   0.00492   0.00513   0.01314   0.01704   0.00478   0.03959   0.04477   0.03538   0.08468   0.04079   7.04511  
  3 646.6429   2530.121965  x:  0.03548   0.01529   0.04523   0.01442   0.00372   0.00504   0.01770   0.00563   0.01592   0.01907   0.03572   0.06371   0.01368   0.04937   0.00497   0.00489   0.01257   0.01717   0.00470   0.03961   0.04458   0.03548   0.08521   0.04008   7.04511  
  4 217.8304   2529.708905  x:  0.03322   0.01455   0.04907   0.01455   0.00326   0.00481   0.01774   0.00498   0.01530   0.01866   0.03637   0.06091   0.01508   0.05308   0.00526   0.00499   0.01213   0.01776   0.00653   0.03967   0.04418   0.03567   0.08667   0.03782   7.04511  
  5 174.9651   2529.523661  x:  0.03204   0.01329   0.05106   0.01449   0.00342   0.00542   0.01775   0.00480   0.01551   0.01872   0.03653   0.05911   0.01486   0.05490   0.00508   0.00531   0.01253   0.01772   0.00514   0.03970   0.04400   0.03570   0.08749   0.03664   7.04511  
  6 182.3523   2529.504086  x:  0.03201   0.01333   0.05135   0.01438   0.00325   0.00494   0.01773   0.00482   0.01568   0.01881   0.03645   0.05869   0.01457   0.05510   0.00494   0.00531   0.01266   0.01762   0.00498   0.03970   0.04402   0.03566   0.08767   0.03661   7.04511  
  7 56.5266   2529.483958  x:  0.03221   0.01380   0.05178   0.01418   0.00323   0.00513   0.01767   0.00489   0.01600   0.01904   0.03621   0.05784   0.01389   0.05531   0.00483   0.00521   0.01281   0.01742   0.00518   0.03970   0.04412   0.03553   0.08806   0.03681   7.04511  
  8 42.7959   2529.478222  x:  0.03241   0.01387   0.05188   0.01427   0.00330   0.00509   0.01767   0.00484   0.01587   0.01904   0.03609   0.05742   0.01363   0.05533   0.00514   0.00520   0.01269   0.01747   0.00513   0.03969   0.04418   0.03550   0.08830   0.03701   7.04511  
  9 23.5849   2529.476462  x:  0.03253   0.01384   0.05188   0.01438   0.00322   0.00512   0.01768   0.00489   0.01576   0.01897   0.03605   0.05723   0.01361   0.05531   0.00505   0.00521   0.01264   0.01753   0.00511   0.03970   0.04420   0.03547   0.08844   0.03713   7.04511  
 10 15.1591   2529.475951  x:  0.03257   0.01382   0.05187   0.01440   0.00328   0.00511   0.01769   0.00485   0.01575   0.01896   0.03603   0.05715   0.01366   0.05529   0.00499   0.00522   0.01265   0.01755   0.00512   0.03970   0.04421   0.03545   0.08852   0.03717   7.04511  
 11  9.0811   2529.475562  x:  0.03261   0.01379   0.05183   0.01437   0.00326   0.00511   0.01769   0.00486   0.01580   0.01895   0.03603   0.05708   0.01376   0.05524   0.00503   0.00522   0.01269   0.01753   0.00512   0.03971   0.04421   0.03545   0.08866   0.03721   7.04511  
 12  5.2872   2529.475450  x:  0.03258   0.01378   0.05179   0.01436   0.00326   0.00511   0.01768   0.00486   0.01580   0.01897   0.03605   0.05707   0.01376   0.05519   0.00502   0.00522   0.01265   0.01752   0.00512   0.03971   0.04421   0.03546   0.08876   0.03718   7.04511  
 13  1.9655   2529.475396  x:  0.03256   0.01380   0.05178   0.01437   0.00326   0.00511   0.01769   0.00486   0.01578   0.01896   0.03606   0.05708   0.01374   0.05516   0.00502   0.00522   0.01268   0.01753   0.00512   0.03971   0.04420   0.03547   0.08883   0.03716   7.04511  
 14  1.7322   2529.475376  x:  0.03256   0.01380   0.05179   0.01437   0.00327   0.00511   0.01769   0.00486   0.01580   0.01895   0.03606   0.05711   0.01373   0.05517   0.00502   0.00522   0.01267   0.01754   0.00512   0.03971   0.04420   0.03547   0.08886   0.03716   7.04511  
 15  0.4651   2529.475349  x:  0.03257   0.01379   0.05181   0.01438   0.00326   0.00511   0.01768   0.00486   0.01579   0.01897   0.03605   0.05715   0.01373   0.05519   0.00502   0.00522   0.01268   0.01752   0.00512   0.03971   0.04421   0.03546   0.08890   0.03717   7.04511  
 16  0.5929   2529.475257  x:  0.03258   0.01379   0.05180   0.01432   0.00326   0.00511   0.01770   0.00486   0.01576   0.01898   0.03604   0.05716   0.01373   0.05522   0.00501   0.00522   0.01268   0.01755   0.00511   0.03972   0.04422   0.03546   0.08892   0.03718   7.04511  
 17  0.2289   2529.471664  x:  0.03260   0.01386   0.05125   0.01439   0.00325   0.00511   0.01774   0.00483   0.01582   0.01904   0.03631   0.05709   0.01364   0.05576   0.00499   0.00517   0.01266   0.01757   0.00510   0.03990   0.04436   0.03556   0.08895   0.03720   7.04526  
 18  0.5496   2529.457823  x:  0.03252   0.01396   0.05084   0.01431   0.00330   0.00512   0.01738   0.00482   0.01549   0.01869   0.03612   0.05693   0.01369   0.05603   0.00500   0.00500   0.01281   0.01704   0.00510   0.03964   0.04419   0.03548   0.08883   0.03711   7.04581  
 19  3.0043   2529.403501  x:  0.03230   0.01429   0.05057   0.01466   0.00310   0.00516   0.01751   0.00463   0.01542   0.01968   0.03544   0.05631   0.01436   0.05574   0.00505   0.00434   0.01292   0.01738   0.00491   0.03886   0.04352   0.03525   0.08807   0.03685   7.04798  
 20 16.6868   2529.375783  x:  0.03241   0.01435   0.05132   0.01454   0.00307   0.00518   0.01764   0.00451   0.01522   0.01972   0.03618   0.05599   0.01466   0.05490   0.00498   0.00400   0.01295   0.01706   0.00483   0.03979   0.04414   0.03553   0.08751   0.03695   7.04910  
 21 20.8932   2529.375112  x:  0.03241   0.01436   0.05134   0.01453   0.00306   0.00518   0.01746   0.00452   0.01524   0.01972   0.03621   0.05598   0.01467   0.05487   0.00497   0.00400   0.01295   0.01715   0.00482   0.03980   0.04420   0.03555   0.08750   0.03695   7.04912  
 22  6.3776   2529.375065  x:  0.03240   0.01436   0.05134   0.01453   0.00306   0.00518   0.01747   0.00452   0.01524   0.01972   0.03620   0.05598   0.01468   0.05487   0.00497   0.00399   0.01295   0.01715   0.00482   0.03975   0.04427   0.03556   0.08750   0.03694   7.04913  
 23  0.8863   2529.374650  x:  0.03233   0.01437   0.05132   0.01455   0.00307   0.00518   0.01747   0.00453   0.01525   0.01971   0.03607   0.05599   0.01469   0.05486   0.00499   0.00398   0.01294   0.01716   0.00482   0.03988   0.04436   0.03544   0.08751   0.03689   7.04914  
 24  0.0723   2529.329753  x:  0.03146   0.01436   0.05169   0.01441   0.00333   0.00542   0.01768   0.00458   0.01570   0.01902   0.03613   0.05706   0.01464   0.05521   0.00507   0.00345   0.01281   0.01738   0.00488   0.03943   0.04447   0.03548   0.08861   0.03834   7.05078  
 25  0.3577   2529.329635  x:  0.03145   0.01436   0.05169   0.01442   0.00333   0.00542   0.01768   0.00458   0.01570   0.01902   0.03606   0.05706   0.01464   0.05521   0.00506   0.00345   0.01280   0.01738   0.00488   0.03946   0.04447   0.03559   0.08861   0.03834   7.05078  
 26  1.7467   2529.291438  x:  0.03078   0.01307   0.05187   0.01432   0.00322   0.00523   0.01761   0.00465   0.01575   0.01894   0.03598   0.05718   0.01416   0.05515   0.00497   0.00332   0.01268   0.01748   0.00502   0.04011   0.04368   0.03576   0.08881   0.03930   7.04358  
 27  0.0055   2529.286757  x:  0.03040   0.01280   0.05188   0.01433   0.00324   0.00520   0.01768   0.00471   0.01582   0.01892   0.03612   0.05729   0.01399   0.05510   0.00498   0.00342   0.01266   0.01751   0.00503   0.03979   0.04411   0.03554   0.08889   0.03968   7.04408  
 28  0.0020   2529.285403  x:  0.02992   0.01279   0.05167   0.01436   0.00324   0.00517   0.01767   0.00471   0.01581   0.01898   0.03606   0.05727   0.01385   0.05507   0.00498   0.00334   0.01270   0.01748   0.00497   0.03968   0.04422   0.03559   0.08880   0.04012   7.04611  
 29  0.0016   2529.284905  x:  0.02939   0.01279   0.05172   0.01431   0.00319   0.00516   0.01767   0.00465   0.01576   0.01897   0.03613   0.05725   0.01393   0.05505   0.00497   0.00334   0.01269   0.01747   0.00497   0.03965   0.04425   0.03551   0.08879   0.04066   7.04375  
 30  0.0010   2529.284748  x:  0.02908   0.01279   0.05173   0.01433   0.00319   0.00515   0.01767   0.00466   0.01580   0.01895   0.03610   0.05728   0.01388   0.05507   0.00495   0.00334   0.01267   0.01747   0.00494   0.03965   0.04425   0.03554   0.08884   0.04096   7.04590  
 31  0.0011   2529.284735  x:  0.02904   0.01280   0.05173   0.01432   0.00319   0.00515   0.01767   0.00466   0.01579   0.01895   0.03610   0.05728   0.01389   0.05507   0.00495   0.00334   0.01266   0.01747   0.00495   0.03964   0.04425   0.03553   0.08884   0.04101   7.04481  
 32  0.0010   2529.284735  x:  0.02896   0.01280   0.05173   0.01432   0.00319   0.00515   0.01767   0.00465   0.01579   0.01895   0.03610   0.05729   0.01389   0.05507   0.00495   0.00334   0.01266   0.01747   0.00495   0.03965   0.04425   0.03553   0.08884   0.04108   7.04502  
 33  0.0001   2529.284735  x:  0.02896   0.01280   0.05173   0.01432   0.00319   0.00515   0.01767   0.00466   0.01579   0.01895   0.03610   0.05729   0.01389   0.05507   0.00495   0.00334   0.01266   0.01747   0.00495   0.03964   0.04425   0.03553   0.08884   0.04108   7.04500  