

TREE #  1

  0  0.0000   1075.502896  x:  0.02006   0.03448   0.00097   0.01308   0.01911   0.02076   0.02609   0.02939   0.03925   0.03781   0.12892   0.08519   1.87723  
  1 99.0000   1073.191878  x:  0.01971   0.04348   0.01407   0.02099   0.02255   0.01869   0.02433   0.02573   0.03566   0.03416   0.12715   0.08484   1.87818  
  2 367.5661   1071.309023  x:  0.01859   0.05631   0.00959   0.02304   0.02415   0.01793   0.02104   0.02000   0.02747   0.02307   0.12268   0.08372   1.88047  
  3 209.5179   1070.999597  x:  0.01710   0.06230   0.01039   0.01974   0.02386   0.01976   0.02364   0.02273   0.02874   0.02195   0.11679   0.08224   1.88383  
  4 65.0883   1070.824762  x:  0.01600   0.06430   0.00971   0.01972   0.02263   0.01759   0.02216   0.02212   0.03052   0.02417   0.10961   0.08113   1.88910  
  5 52.2866   1070.704885  x:  0.01600   0.06330   0.00900   0.02161   0.02386   0.01969   0.02236   0.02158   0.03015   0.02517   0.10370   0.08113   1.89594  
  6 54.2912   1070.540422  x:  0.01744   0.06019   0.01006   0.02047   0.02480   0.01775   0.02361   0.02206   0.02792   0.02330   0.09836   0.08257   1.91030  
  7 54.2483   1070.188272  x:  0.01980   0.05775   0.01232   0.01923   0.02103   0.01993   0.02057   0.02183   0.02897   0.01942   0.09524   0.08493   1.94703  
  8 96.0099   1064.491843  x:  0.03434   0.06602   0.00452   0.02872   0.02360   0.01490   0.02963   0.02223   0.04463   0.01731   0.10382   0.09944   2.67246  
  9 296.2905   1059.206538  x:  0.03289   0.07047   0.00696   0.01519   0.02939   0.01972   0.02282   0.01649   0.03217   0.03313   0.11429   0.09797   3.29092  
 10 2929.7262   1056.986366  x:  0.02102   0.06710   0.00716   0.01946   0.02510   0.01941   0.01875   0.02763   0.02249   0.03392   0.11917   0.08610   3.55405  
 11 1789.2857   1056.199662  x:  0.01224   0.06280   0.00855   0.01957   0.02291   0.01938   0.02264   0.02292   0.02289   0.03067   0.12090   0.07731   3.64204  
 12 735.1189   1056.145782  x:  0.01119   0.06214   0.00863   0.01908   0.02494   0.01925   0.02147   0.02308   0.02419   0.02959   0.12103   0.07626   3.64838  
 13 76.5047   1053.552833  x:  0.02228   0.05755   0.00793   0.02265   0.02198   0.01951   0.02459   0.02149   0.03699   0.02413   0.10935   0.08606   4.61739  
 14  0.4424   1052.540439  x:  0.01907   0.06229   0.00553   0.01783   0.02514   0.01865   0.02158   0.02089   0.03022   0.02296   0.11108   0.08238   5.35265  
 15  0.4568   1052.313603  x:  0.01880   0.06056   0.00661   0.01973   0.02309   0.01880   0.02273   0.02294   0.02904   0.02604   0.11437   0.08204   5.73457  
 16  0.2802   1052.276899  x:  0.01948   0.06053   0.00672   0.02002   0.02369   0.01898   0.02296   0.02179   0.02977   0.02480   0.11418   0.08274   5.94597  
 17  0.1443   1052.274882  x:  0.01940   0.06110   0.00673   0.01984   0.02366   0.01888   0.02278   0.02204   0.02977   0.02488   0.11402   0.08275   5.98315  
 18  0.0341   1052.274852  x:  0.01932   0.06108   0.00676   0.01985   0.02367   0.01888   0.02276   0.02201   0.02977   0.02489   0.11405   0.08276   5.98648  
 19  0.0029   1052.274851  x:  0.01929   0.06109   0.00676   0.01985   0.02368   0.01888   0.02276   0.02201   0.02978   0.02489   0.11405   0.08278   5.98625  
 20  0.0003   1052.274851  x:  0.01927   0.06109   0.00676   0.01985   0.02368   0.01888   0.02276   0.02201   0.02978   0.02489   0.11405   0.08280   5.98620  
 21  0.0003   1052.274851  x:  0.01927   0.06109   0.00676   0.01985   0.02368   0.01888   0.02276   0.02201   0.02978   0.02489   0.11405   0.08280   5.98619  
 22  0.0003   1052.274851  x:  0.01927   0.06109   0.00676   0.01985   0.02368   0.01888   0.02276   0.02201   0.02978   0.02489   0.11405   0.08280   5.98619  
 23  0.0003   1052.274851  x:  0.01927   0.06109   0.00676   0.01985   0.02368   0.01888   0.02276   0.02201   0.02978   0.02489   0.11405   0.08280   5.98619  

TREE #  2

  0  0.0000   1056.237540  x:  0.04257   0.03448   0.00097   0.01308   0.01911   0.02076   0.02609   0.02939   0.03925   0.03781   0.12892   0.06267   5.98619  
  1 99.0000   1053.770313  x:  0.04281   0.04653   0.01172   0.02343   0.02391   0.01799   0.02402   0.02491   0.03475   0.03328   0.12764   0.06292   5.98619  
  2 297.3363   1052.529477  x:  0.04253   0.05680   0.00708   0.02308   0.02463   0.01835   0.02179   0.02061   0.02846   0.02437   0.12516   0.06264   5.98620  
  3 178.8348   1052.365830  x:  0.04168   0.06136   0.00854   0.01973   0.02410   0.01911   0.02319   0.02217   0.02924   0.02391   0.12201   0.06178   5.98620  
  4 50.4909   1052.315905  x:  0.04079   0.06271   0.00757   0.02049   0.02335   0.01823   0.02259   0.02254   0.03056   0.02467   0.11824   0.06089   5.98621  
  5 25.9418   1052.296125  x:  0.04050   0.06256   0.00739   0.02069   0.02395   0.01903   0.02279   0.02192   0.03025   0.02536   0.11558   0.06060   5.98621  
  6 21.5039   1052.290554  x:  0.04069   0.06210   0.00760   0.02048   0.02411   0.01853   0.02286   0.02200   0.02981   0.02514   0.11442   0.06079   5.98621  
  7 10.9699   1052.288919  x:  0.04091   0.06189   0.00777   0.02057   0.02392   0.01872   0.02278   0.02214   0.02984   0.02479   0.11397   0.06101   5.98621  
  8  6.1775   1052.288841  x:  0.04096   0.06189   0.00778   0.02054   0.02390   0.01871   0.02279   0.02206   0.02990   0.02478   0.11394   0.06107   5.98621  
  9  1.2696   1052.288825  x:  0.04100   0.06190   0.00776   0.02055   0.02394   0.01871   0.02279   0.02207   0.02992   0.02479   0.11394   0.06110   5.98621  
 10  0.4492   1052.288818  x:  0.04102   0.06191   0.00775   0.02055   0.02392   0.01871   0.02280   0.02208   0.02990   0.02481   0.11394   0.06112   5.98621  
 11  0.1348   1052.288566  x:  0.04103   0.06192   0.00776   0.02048   0.02393   0.01873   0.02263   0.02208   0.02988   0.02486   0.11394   0.06113   5.98626  
 12  0.0258   1052.276580  x:  0.04078   0.06166   0.00693   0.01996   0.02356   0.01885   0.02269   0.02183   0.02953   0.02464   0.11397   0.06089   5.98828  
 13  0.6349   1052.274918  x:  0.04041   0.06121   0.00674   0.01986   0.02372   0.01892   0.02276   0.02202   0.02977   0.02487   0.11407   0.06170   5.98801  
 14  0.0011   1052.274852  x:  0.04047   0.06109   0.00676   0.01986   0.02368   0.01888   0.02276   0.02201   0.02978   0.02488   0.11405   0.06160   5.98672  
 15  0.0014   1052.274852  x:  0.04046   0.06109   0.00676   0.01986   0.02368   0.01888   0.02276   0.02201   0.02978   0.02489   0.11404   0.06161   5.98612  