

TREE #  1

  0  0.0000   1528.886099  x:  0.04269   0.03712   0.01018   0.00531   0.00488   0.01343   0.01931   0.02870   0.02446   0.02470   0.05268   0.01806   2.23450  
  1 99.0000   1527.166246  x:  0.04237   0.03944   0.01616   0.00634   0.01103   0.01266   0.01920   0.02734   0.02487   0.02208   0.05139   0.01774   2.23494  
  2 449.9951   1525.857363  x:  0.04189   0.04459   0.02136   0.00570   0.00766   0.01144   0.01905   0.02414   0.02535   0.01437   0.04788   0.01726   2.23619  
  3 252.8373   1525.720236  x:  0.04209   0.04597   0.02063   0.00718   0.00781   0.01261   0.01919   0.02434   0.02502   0.01292   0.04625   0.01746   2.23704  
  4 100.6537   1525.640624  x:  0.04246   0.04749   0.01974   0.00634   0.00838   0.01243   0.01936   0.02486   0.02425   0.01275   0.04419   0.01782   2.23851  
  5 71.5688   1525.600556  x:  0.04266   0.04831   0.01996   0.00679   0.00810   0.01201   0.01925   0.02503   0.02416   0.01370   0.04293   0.01803   2.24020  
  6 55.0723   1525.494940  x:  0.04279   0.04836   0.02048   0.00595   0.00795   0.01377   0.01903   0.02459   0.02540   0.01463   0.04169   0.01816   2.25008  
  7 39.9441   1524.058651  x:  0.04328   0.04371   0.01770   0.00603   0.00933   0.01070   0.01783   0.02321   0.03431   0.01312   0.03603   0.01865   2.39092  
  8 285.0848   1511.223340  x:  0.04591   0.03501   0.02753   0.00682   0.00521   0.01244   0.03715   0.03319   0.02192   0.01078   0.03683   0.02133   3.86078  
  9 2121.8116   1502.568179  x:  0.04267   0.05302   0.02039   0.00742   0.00750   0.01355   0.02032   0.02298   0.01559   0.01494   0.05283   0.01812   4.70918  
 10 7125.5360   1502.134766  x:  0.04212   0.05671   0.02036   0.00705   0.00734   0.01349   0.01993   0.02721   0.01870   0.01485   0.05548   0.01757   4.75379  
 11 892.5454   1502.133437  x:  0.04197   0.05680   0.02029   0.00706   0.00736   0.01347   0.02018   0.02709   0.01876   0.01492   0.05549   0.01742   4.75394  
 12  6.6615   1502.131732  x:  0.04169   0.05671   0.02030   0.00705   0.00735   0.01350   0.02005   0.02721   0.01869   0.01491   0.05537   0.01715   4.75436  
 13  1.1948   1498.740618  x:  0.04091   0.04870   0.01798   0.00679   0.00896   0.01311   0.01436   0.01894   0.02638   0.01514   0.04834   0.01721   5.63370  
 14  6.6169   1495.403057  x:  0.04238   0.04544   0.01957   0.00601   0.00922   0.01163   0.02178   0.02799   0.02790   0.01331   0.03851   0.02048   7.09268  
 15  1.0183   1493.955008  x:  0.04160   0.05333   0.01972   0.00679   0.00698   0.01183   0.02058   0.02694   0.02739   0.01363   0.04914   0.02171   8.46456  
 16  0.6893   1493.189536  x:  0.04016   0.04692   0.01978   0.00671   0.00787   0.01325   0.01845   0.02479   0.02555   0.01456   0.04485   0.02178   9.77458  
 17  0.6704   1493.082549  x:  0.04015   0.04903   0.01975   0.00654   0.00774   0.01215   0.01951   0.02486   0.02473   0.01366   0.04453   0.02219  10.32319  
 18  0.3603   1493.073337  x:  0.04022   0.04880   0.01977   0.00666   0.00788   0.01240   0.01939   0.02527   0.02465   0.01387   0.04485   0.02231  10.51886  
 19  0.1473   1493.072631  x:  0.04023   0.04878   0.01983   0.00665   0.00783   0.01239   0.01942   0.02518   0.02479   0.01385   0.04480   0.02221  10.57142  
 20  0.0378   1493.072597  x:  0.04030   0.04878   0.01981   0.00664   0.00784   0.01238   0.01941   0.02519   0.02483   0.01385   0.04482   0.02215  10.57041  
 21  0.0009   1493.072597  x:  0.04036   0.04878   0.01981   0.00664   0.00784   0.01238   0.01941   0.02520   0.02483   0.01385   0.04482   0.02210  10.56989  
 22  0.0006   1493.072597  x:  0.04041   0.04878   0.01981   0.00664   0.00784   0.01239   0.01941   0.02520   0.02483   0.01385   0.04482   0.02205  10.56983  
 23  0.0001   1493.072597  x:  0.04060   0.04878   0.01981   0.00664   0.00784   0.01239   0.01941   0.02520   0.02483   0.01385   0.04482   0.02186  10.56977  
 24  0.0002   1493.072597  x:  0.04153   0.04878   0.01981   0.00664   0.00784   0.01239   0.01941   0.02520   0.02483   0.01385   0.04481   0.02093  10.56971  
 25  0.0003   1493.072597  x:  0.04188   0.04878   0.01981   0.00664   0.00784   0.01239   0.01941   0.02520   0.02483   0.01385   0.04481   0.02057  10.56969  
 26  0.0091   1493.072597  x:  0.04188   0.04878   0.01981   0.00664   0.00784   0.01239   0.01941   0.02520   0.02483   0.01385   0.04481   0.02057  10.56969  
 27  0.3047   1493.072597  x:  0.04195   0.04878   0.01981   0.00664   0.00784   0.01239   0.01941   0.02520   0.02483   0.01385   0.04481   0.02050  10.56969  
 28  0.0502   1493.072597  x:  0.04176   0.04878   0.01981   0.00664   0.00784   0.01239   0.01941   0.02520   0.02483   0.01385   0.04481   0.02069  10.56970  
 29  0.0428   1493.072597  x:  0.04161   0.04878   0.01981   0.00664   0.00784   0.01239   0.01941   0.02520   0.02483   0.01385   0.04481   0.02084  10.56970  
 30  0.0293   1493.072597  x:  0.04148   0.04878   0.01981   0.00664   0.00784   0.01239   0.01941   0.02520   0.02483   0.01385   0.04481   0.02098  10.56971  
 31  0.0229   1493.072597  x:  0.04134   0.04878   0.01981   0.00664   0.00784   0.01239   0.01941   0.02520   0.02483   0.01385   0.04481   0.02112  10.56971  
 32  0.0195   1493.072597  x:  0.04118   0.04878   0.01981   0.00664   0.00784   0.01239   0.01941   0.02520   0.02483   0.01385   0.04481   0.02128  10.56971  
 33  0.0176   1493.072597  x:  0.04099   0.04878   0.01981   0.00664   0.00784   0.01239   0.01941   0.02520   0.02483   0.01385   0.04482   0.02146  10.56972  
 34  0.0162   1493.072597  x:  0.04079   0.04878   0.01981   0.00664   0.00784   0.01239   0.01941   0.02520   0.02483   0.01385   0.04482   0.02167  10.56972  
 35  0.0152   1493.072597  x:  0.04056   0.04878   0.01981   0.00664   0.00784   0.01239   0.01941   0.02520   0.02483   0.01385   0.04482   0.02190  10.56972  
 36  0.0145   1493.072597  x:  0.04033   0.04878   0.01981   0.00664   0.00784   0.01239   0.01941   0.02520   0.02483   0.01385   0.04482   0.02212  10.56973  
 37  0.0139   1493.072597  x:  0.04010   0.04878   0.01981   0.00664   0.00784   0.01239   0.01941   0.02520   0.02483   0.01385   0.04482   0.02235  10.56973  
 38  0.0134   1493.072597  x:  0.03982   0.04878   0.01981   0.00664   0.00784   0.01239   0.01941   0.02520   0.02483   0.01385   0.04482   0.02263  10.56973  
 39  0.0129   1493.072597  x:  0.03959   0.04878   0.01981   0.00664   0.00784   0.01239   0.01941   0.02520   0.02483   0.01385   0.04482   0.02287  10.56974  
 40  0.0124   1493.072597  x:  0.03935   0.04878   0.01981   0.00664   0.00784   0.01239   0.01941   0.02520   0.02483   0.01385   0.04482   0.02311  10.56974  
 41  0.0120   1493.072597  x:  0.03916   0.04878   0.01981   0.00664   0.00784   0.01239   0.01941   0.02520   0.02483   0.01385   0.04482   0.02330  10.56974  
 42  0.0116   1493.072597  x:  0.03897   0.04878   0.01981   0.00664   0.00784   0.01239   0.01941   0.02520   0.02483   0.01385   0.04482   0.02349  10.56974  
 43  0.0113   1493.072597  x:  0.03882   0.04878   0.01981   0.00664   0.00784   0.01239   0.01941   0.02520   0.02483   0.01385   0.04482   0.02363  10.56975  
 44  0.0110   1493.072597  x:  0.03868   0.04878   0.01981   0.00664   0.00784   0.01239   0.01941   0.02520   0.02483   0.01385   0.04482   0.02378  10.56975  
 45  0.0108   1493.072597  x:  0.03857   0.04878   0.01981   0.00664   0.00784   0.01239   0.01941   0.02520   0.02483   0.01385   0.04482   0.02388  10.56975  
 46  0.0106   1493.072597  x:  0.03847   0.04878   0.01981   0.00664   0.00784   0.01239   0.01941   0.02520   0.02483   0.01385   0.04482   0.02399  10.56975  
 47  0.0104   1493.072597  x:  0.03838   0.04878   0.01981   0.00664   0.00784   0.01239   0.01941   0.02520   0.02483   0.01385   0.04482   0.02407  10.56975  
 48  0.0103   1493.072597  x:  0.03832   0.04878   0.01981   0.00664   0.00784   0.01239   0.01941   0.02520   0.02483   0.01385   0.04482   0.02413  10.56975  
 49  0.0101   1493.072597  x:  0.03825   0.04878   0.01981   0.00664   0.00784   0.01239   0.01941   0.02520   0.02483   0.01385   0.04482   0.02421  10.56975  
 50  0.0101   1493.072597  x:  0.03823   0.04878   0.01981   0.00664   0.00784   0.01239   0.01941   0.02520   0.02483   0.01385   0.04482   0.02423  10.56975  
 51  0.0099   1493.072597  x:  0.03822   0.04878   0.01981   0.00664   0.00784   0.01239   0.01941   0.02520   0.02483   0.01385   0.04482   0.02423  10.56975  
 52  0.0101   1493.072597  x:  0.03822   0.04878   0.01981   0.00664   0.00784   0.01239   0.01941   0.02520   0.02483   0.01385   0.04482   0.02423  10.56975  
 53  0.0099   1493.072597  x:  0.03822   0.04878   0.01981   0.00664   0.00784   0.01239   0.01941   0.02520   0.02483   0.01385   0.04482   0.02423  10.56975  
check convergence!


TREE #  2

  0  0.0000   1496.155700  x:  0.00766   0.03712   0.01018   0.00531   0.00488   0.01343   0.01931   0.02870   0.02446   0.02470   0.05268   0.05309  10.56975  
  1 99.0000   1494.503718  x:  0.00769   0.03981   0.01629   0.00666   0.01086   0.01278   0.01932   0.02747   0.02508   0.02223   0.05165   0.05312  10.56975  
  2 428.5266   1493.276014  x:  0.00793   0.04558   0.02146   0.00568   0.00756   0.01158   0.01933   0.02455   0.02574   0.01479   0.04880   0.05336  10.56975  
  3 243.1015   1493.147062  x:  0.00816   0.04706   0.02073   0.00717   0.00761   0.01265   0.01939   0.02469   0.02543   0.01325   0.04741   0.05358  10.56975  
  4 101.0080   1493.092301  x:  0.00841   0.04838   0.01993   0.00653   0.00817   0.01254   0.01948   0.02509   0.02477   0.01304   0.04590   0.05384  10.56975  
  5 60.7963   1493.075345  x:  0.00853   0.04904   0.02002   0.00679   0.00798   0.01229   0.01942   0.02523   0.02465   0.01370   0.04501   0.05396  10.56975  
  6 36.9087   1493.074464  x:  0.00853   0.04904   0.02005   0.00672   0.00798   0.01244   0.01942   0.02520   0.02476   0.01377   0.04487   0.05395  10.56975  
  7  7.2591   1493.074261  x:  0.00852   0.04898   0.02003   0.00672   0.00799   0.01241   0.01941   0.02518   0.02486   0.01375   0.04478   0.05394  10.56975  
  8  2.9926   1493.074237  x:  0.00852   0.04894   0.02004   0.00672   0.00798   0.01241   0.01942   0.02518   0.02483   0.01374   0.04475   0.05395  10.56975  
  9  0.8059   1493.074235  x:  0.00852   0.04894   0.02005   0.00672   0.00798   0.01241   0.01941   0.02518   0.02483   0.01374   0.04474   0.05395  10.56975  
 10  0.1498   1493.074235  x:  0.00853   0.04894   0.02005   0.00672   0.00798   0.01241   0.01941   0.02518   0.02483   0.01374   0.04474   0.05396  10.56975  
 11  0.0390   1493.074224  x:  0.00854   0.04894   0.02004   0.00672   0.00799   0.01240   0.01941   0.02515   0.02483   0.01375   0.04475   0.05397  10.56975  
 12  0.0106   1493.072612  x:  0.00832   0.04880   0.01983   0.00662   0.00783   0.01237   0.01941   0.02519   0.02483   0.01385   0.04482   0.05413  10.57003  
 13  0.0708   1493.072596  x:  0.00820   0.04878   0.01981   0.00663   0.00784   0.01238   0.01941   0.02519   0.02483   0.01385   0.04482   0.05425  10.57002  
 14  0.0002   1493.072596  x:  0.00815   0.04878   0.01981   0.00663   0.00784   0.01238   0.01941   0.02519   0.02483   0.01385   0.04482   0.05430  10.57000  