     2    993    386


 1

     1     70    -3.0452158546   0.047586039214      47.2529  AAAAAAA
     2      1    -7.1001982542   0.000824941359       0.8192  AAAAACA
     3      3    -5.7313581938   0.003242670067       3.2200  AAAAAGA
     4      1    -6.4438650467   0.001590248403       1.5791  AAAAATA
     5      1   -10.2216961010   0.000036372553       0.0361  AAAACGA
     6      1    -6.2629781692   0.001905562251       1.8922  AAAAGAA
     7      1    -7.8518082099   0.000389047852       0.3863  AAACAAC
     8      1    -6.4942809618   0.001512062053       1.5015  AAAGAAG
     9      1    -8.8717140062   0.000140301903       0.1393  AAAGAGA
    10      1    -8.9161768412   0.000134200334       0.1333  AAAGAGG
    11      1    -6.5092482839   0.001489599058       1.4792  AAAGGAG
    12      1    -7.1580437581   0.000778576148       0.7731  AAAGGGG
    13      2    -5.5527896168   0.003876627839       3.8495  AACAAAA
    14      1   -10.4209661862   0.000029801072       0.0296  AACCCAC
    15      3    -4.3810547070   0.012512155002      12.4246  AAGAAAA
    16      1    -6.7069608314   0.001222373484       1.2138  AAGAAGA
    17      1    -9.5633743956   0.000070255329       0.0698  AAGAGGA
    18      1   -13.8755540160   0.000000941724       0.0009  AAGGGCA
    19      6    -4.8964564094   0.007473017522       7.4207  AATAAAA
    20      1    -8.6850235626   0.000169099449       0.1679  AATAACA
    21      1    -7.9230482342   0.000362296278       0.3598  AATAATA
    22      2    -9.3965850236   0.000083007049       0.0824  AATACAA
    23      1   -10.8452032365   0.000019497911       0.0194  AATAGAG
    24      1    -8.3446432634   0.000237666230       0.2360  AATGAAG
    25      4    -5.5130917126   0.004033617300       4.0054  ACAAAAA
    26      1    -9.1223429641   0.000109198529       0.1084  ACAAAAG
    27      1    -8.0865652275   0.000307644634       0.3055  ACAAAGA
    28      1   -12.3545504422   0.000004310096       0.0043  ACAAAGT
    29      1    -8.6623803284   0.000172972086       0.1718  ACAAATA
    30      1   -13.1114666960   0.000002021913       0.0020  ACAACTA
    31      1   -11.4625160340   0.000010517016       0.0104  ACAAGAG
    32      1   -12.7688593097   0.000002848098       0.0028  ACACTAT
    33      7    -5.6121523110   0.003653198072       3.6276  ACCAAAA
    34      1    -7.8020891343   0.000408879881       0.4060  ACCAACA
    35      1   -12.8792808417   0.000002550348       0.0025  ACCAAGC
    36      1    -7.9260503826   0.000361210242       0.3587  ACCAATA
    37      2   -10.8354000130   0.000019689993       0.0196  ACCAGGA
    38      1   -10.9474968787   0.000017602020       0.0175  ACCGACA
    39      1   -12.0637767260   0.000005764589       0.0057  ACCGGGA
    40      1    -8.2229914476   0.000268410926       0.2665  ACCTTTT
    41      1    -6.2825788384   0.001868575621       1.8555  ACGAAAA
    42      1    -8.3034952358   0.000247649718       0.2459  ACGAAGA
    43      1   -11.0643752220   0.000015660402       0.0156  ACGAGGA
    44      1   -10.2466307183   0.000035476831       0.0352  ACGCCCC
    45      1    -9.4294958957   0.000080319679       0.0798  ACGGAAA
    46      1    -9.6113603046   0.000066963671       0.0665  ACGGGAG
    47      4    -5.6751853204   0.003430033262       3.4060  ACTAAAA
    48      1    -8.8911609304   0.000137599821       0.1366  ACTAGAA
    49      1    -9.1214469888   0.000109296412       0.1085  ACTGAAG
    50      1   -11.1541096804   0.000014316330       0.0142  ACTGAGA
    51      1    -9.4403537855   0.000079452295       0.0789  ACTTAAA
    52      1    -7.9063914325   0.000368381515       0.3658  ACTTTTT
    53     10    -4.3569698810   0.012817166407      12.7274  AGAAAAA
    54      3    -6.7047155364   0.001225121157       1.2165  AGAAAGA
    55      1    -7.5039708185   0.000550892527       0.5470  AGAGAAA
    56      1    -7.8032380031   0.000408410401       0.4056  AGAGAAG
    57      1    -7.7610671623   0.000426001725       0.4230  AGAGGAG
    58      2   -10.7707532628   0.000021004933       0.0209  AGAGGGA
    59      1   -14.5509073580   0.000000479315       0.0005  AGATCAG
    60      6    -6.3001312519   0.001836063774       1.8232  AGCAAAA
    61      1    -8.3348179152   0.000240012893       0.2383  AGCAAGA
    62      1    -9.4470524277   0.000078921851       0.0784  AGCGAAA
    63      1    -8.7607960331   0.000156759773       0.1557  AGCGGGG
    64      6    -4.3615998612   0.012757960348      12.6687  AGGAAAA
    65      1    -7.5718863578   0.000514720585       0.5111  AGGAGAA
    66      2    -7.5944690367   0.000503227081       0.4997  AGGGGAG
    67      6    -5.6437980445   0.003539400047       3.5146  AGTAAAA
    68      1    -7.6784847078   0.000462675456       0.4594  AGTAAGA
    69      1   -12.6777841672   0.000003119667       0.0031  AGTCTCC
    70      1    -8.9761564265   0.000126387696       0.1255  AGTGGAG
    71      1    -8.1044628256   0.000302187514       0.3001  AGTGGGG
    72      5    -4.8567585052   0.007775647807       7.7212  ATAAAAA
    73      1    -7.4302320201   0.000593049896       0.5889  ATAAAGA
    74      1   -10.8061828265   0.000020273766       0.0201  ATAAGAG
    75      1   -13.8436005910   0.000000972301       0.0010  ATACCTT
    76      2    -8.3049959255   0.000247278352       0.2455  ATAGAAG
    77      1    -8.3027262864   0.000247840222       0.2461  ATAGGAG
    78      1    -8.5407223334   0.000195349102       0.1940  ATAGGGG
    79      1   -12.2718415769   0.000004681736       0.0046  ATAGTGG
    80      1    -8.9388514705   0.000131191631       0.1303  ATATAAT
    81      1   -11.4906748892   0.000010225000       0.0102  ATATAGT
    82      1    -5.6751853204   0.003430033262       3.4060  ATCAAAA
    83      1   -11.1541096804   0.000014316330       0.0142  ATCGAGA
    84      1    -8.7785184549   0.000154006083       0.1529  ATCGGGG
    85      1   -12.0610278372   0.000005780457       0.0057  ATCTAGT
    86      2    -5.6262456309   0.003602073486       3.5769  ATGAAAA
    87      1   -10.1260812937   0.000040021998       0.0397  ATGACAA
    88      4    -4.5829793748   0.010224388586      10.1528  ATTAAAA
    89      1    -8.8519512177   0.000143102240       0.1421  ATTAAAT
    90      1    -7.5503406777   0.000525930924       0.5222  ATTAACA
    91      3    -6.9273962859   0.000980550621       0.9737  ATTAAGA
    92      1    -7.7989463571   0.000410166921       0.4073  ATTAGAA
    93      2    -8.0292277088   0.000325799724       0.3235  ATTGAAG
    94      1    -8.9931574778   0.000124257134       0.1234  ATTGGTG
    95      1    -8.6629148850   0.000172879647       0.1717  ATTTAAT
    96      1   -10.6916848494   0.000022733184       0.0226  ATTTAGA
    97      7    -5.5863518806   0.003748678577       3.7224  CAACCCC
    98      2    -8.4082950265   0.000223009759       0.2214  CAACCGC
    99      1    -8.3325698801   0.000240553057       0.2389  CAATCCT
   100      1    -7.7551272762   0.000428539657       0.4255  CAATTTT
   101      3    -5.9314737858   0.002654566841       2.6360  CACCCCC
   102      1   -10.8381543715   0.000019635834       0.0195  CACTTCC
   103      1    -8.7368433199   0.000160559925       0.1594  CAGCCAC
   104      2    -6.4272391655   0.001616908695       1.6056  CAGCCCC
   105      1    -8.5964332558   0.000184763624       0.1835  CAGTTTT
   106      1   -13.1244312676   0.000001995868       0.0020  CATAGGA
   107      1    -7.4554082037   0.000578305545       0.5743  CATCCTC
   108      1    -8.5180037738   0.000199837949       0.1984  CATCTCC
   109      1   -10.0421669045   0.000043525356       0.0432  CATGGGG
   110      1   -12.4282264885   0.000004003961       0.0040  CATGTCG
   111      1    -7.7243410737   0.000441937949       0.4388  CATTTTT
   112      4    -5.9737626119   0.002544648858       2.5268  CCACCCC
   113      1    -7.9124963482   0.000366139427       0.3636  CCACCTC
   114      1   -10.6309494606   0.000024156684       0.0240  CCAGGCG
   115      1    -8.5056626094   0.000202319463       0.2009  CCATCCC
   116      1   -10.4659550716   0.000028490067       0.0283  CCATCTT
   117      1    -8.6507099418   0.000175002562       0.1738  CCATTCT
   118      1    -8.7131686106   0.000164406488       0.1633  CCATTTT
   119      1    -8.0191463212   0.000329100849       0.3268  CCCACCC
   120     46    -3.8439444745   0.021408987371      21.2591  CCCCCCC
   121      3    -6.8519932617   0.001057346024       1.0499  CCCCCCT
   122      1    -7.8005265969   0.000409519271       0.4067  CCCCCGC
   123      1   -11.0950075352   0.000015187960       0.0151  CCCCTCA
   124      1    -8.4338911859   0.000217374000       0.2159  CCCCTTC
   125      1    -8.1807770723   0.000279984288       0.2780  CCCGCCC
   126      1    -8.5321705444   0.000197026850       0.1956  CCCTCTT
   127      2    -6.5388034700   0.001446217907       1.4361  CCCTTCT
   128      1    -7.0645024659   0.000854920166       0.8489  CCCTTTT
   129      1   -10.6239963934   0.000024325232       0.0242  CCGAAAA
   130      1    -6.1353933630   0.002164873469       2.1497  CCGCCCC
   131      4    -4.4673231782   0.011477999324      11.3977  CCTCCCC
   132      1    -8.8041529748   0.000150108382       0.1491  CCTGCCC
   133      1    -8.7776928744   0.000154133280       0.1531  CCTTCTT
   134      1    -6.8426031212   0.001067321413       1.0599  CCTTTTT
   135      1   -10.7724499301   0.000020969324       0.0208  CGAAACA
   136      3    -6.4272391655   0.001616908695       1.6056  CGACCCC
   137      1    -9.0313624050   0.000119599439       0.1188  CGACTCC
   138      1   -11.6835630891   0.000008431270       0.0084  CGACTTT
   139      1    -8.8829627384   0.000138732528       0.1378  CGAGGGG
   140      6    -6.0931045369   0.002258386775       2.2426  CGCCCCC
   141      1   -10.5165685198   0.000027083970       0.0269  CGCCTTC
   142      2    -5.8266645861   0.002947893044       2.9273  CGGCCCC
   143      1   -10.6792255350   0.000023018196       0.0229  CGGCCCG
   144      1    -7.9954057150   0.000337007385       0.3346  CGGTTTT
   145      1   -10.3320503982   0.000032572232       0.0323  CGTCACC
   146      5    -6.0763198149   0.002296613081       2.2805  CGTCCCC
   147      1    -9.2079271263   0.000100241616       0.0995  CGTCCGC
   148      1   -10.9943256835   0.000016796741       0.0167  CGTCTTT
   149      1    -8.6856102653   0.000169000267       0.1678  CGTTTCT
   150      1   -14.2611528100   0.000000640413       0.0006  CTACATT
   151      5    -5.9320918209   0.002652926733       2.6344  CTACCCC
   152      1    -9.3367872196   0.000088122099       0.0875  CTACCGC
   153      1    -7.4811251218   0.000563622914       0.5597  CTACCTC
   154      1   -10.8652544092   0.000019110848       0.0190  CTACTTT
   155      1   -11.4401028112   0.000010755398       0.0107  CTATCAC
   156      1    -9.9003807748   0.000050155580       0.0498  CTATCTT
   157      1    -8.5430403112   0.000194896812       0.1935  CTATTCT
   158      1   -11.0158024893   0.000016439847       0.0163  CTATTGT
   159      1    -7.7576550708   0.000427457765       0.4245  CTATTTT
   160      1   -14.6130789487   0.000000450423       0.0004  CTCAGAG
   161      1    -8.1569325495   0.000286740610       0.2847  CTCCCAC
   162      7    -4.4406176353   0.011788655181      11.7061  CTCCCCC
   163      1    -8.3185633006   0.000243946090       0.2422  CTCCCGC
   164      1    -6.2679233719   0.001896162121       1.8829  CTCCCTC
   165      1    -9.2621710286   0.000094948964       0.0943  CTCCCTT
   166      1    -7.0452624072   0.000871528138       0.8654  CTCCTCC
   167      1    -8.7098759013   0.000164948723       0.1638  CTCCTTC
   168      1    -9.9286873327   0.000048755754       0.0484  CTCCTTT
   169      1   -10.9798275786   0.000017042036       0.0169  CTCGTCG
   170      1   -10.1095945707   0.000040687299       0.0404  CTCTTAT
   171      1    -7.1007636984   0.000824475033       0.8187  CTCTTCT
   172      1    -6.8569889049   0.001052077072       1.0447  CTCTTTT
   173      1   -10.9463115291   0.000017622897       0.0175  CTGCCCG
   174      1    -7.6427558729   0.000479505174       0.4761  CTGCCTC
   175      7    -3.9688794258   0.018894594072      18.7623  CTTCCCC
   176      1   -12.3753889538   0.000004221209       0.0042  CTTCCGA
   177      1    -5.3274832000   0.004856276922       4.8223  CTTCCTC
   178      1    -7.6743641452   0.000464585873       0.4613  CTTCTTC
   179      1    -6.5390325447   0.001445886653       1.4358  CTTTTCT
   180      1    -8.8916201152   0.000137536652       0.1366  CTTTTTC
   181      2    -5.4587816356   0.004258741284       4.2289  CTTTTTT
   182      1    -6.1221842785   0.002193659164       2.1783  GAAAAAA
   183      2    -7.4048226681   0.000608311989       0.6041  GAAAAGA
   184      1   -10.4708558267   0.000028350785       0.0282  GAAAGTG
   185      3    -5.9335922369   0.002648949224       2.6304  GAAGGAG
   186      1    -7.7833679343   0.000416606705       0.4137  GAAGGGA
   187     12    -4.3326303297   0.013132958010      13.0410  GAAGGGG
   188      1    -8.1705394871   0.000282865373       0.2809  GAAGTGG
   189      1    -8.4015281935   0.000224523946       0.2230  GAATTGT
   190      1    -8.9109228355   0.000134907279       0.1340  GAATTTT
   191      1   -11.0046126033   0.000016624840       0.0165  GACAGAA
   192      1    -9.3345422406   0.000088320153       0.0877  GACAGGG
   193      1   -13.8834554332   0.000000934312       0.0009  GACCAGA
   194      1    -9.4042042320   0.000082377004       0.0818  GACGAGG
   195      5    -6.3535726419   0.001740517768       1.7283  GACGGGG
   196      1    -7.7575706240   0.000427493864       0.4245  GAGAGGA
   197      1    -7.4808151488   0.000563797649       0.5599  GAGAGGG
   198      2    -7.5521564486   0.000524976820       0.5213  GAGGAGG
   199      2   -10.1575118634   0.000038783647       0.0385  GAGGGAA
   200      1    -4.4997927937   0.011111298631      11.0335  GAGGGGG
   201      1    -8.8443813847   0.000144189611       0.1432  GATAAGA
   202      1   -10.5651221441   0.000025800359       0.0256  GATAGAG
   203      1   -12.2346629560   0.000004859073       0.0048  GATAGGT
   204      5    -5.6972394345   0.003355214975       3.3317  GATGGGG
   205      1   -12.0043252044   0.000006117695       0.0061  GCAAAGG
   206      3    -9.3169993598   0.000089883213       0.0893  GCAAGGG
   207      1    -9.3865876700   0.000083841062       0.0833  GCAGAGG
   208      1   -10.8301465419   0.000019793706       0.0197  GCAGCGG
   209      1    -8.2232882353   0.000268331276       0.2665  GCAGGAG
   210      1    -9.7869357785   0.000056180784       0.0558  GCAGGGA
   211      1    -9.9529108446   0.000047588908       0.0473  GCATTTT
   212      1    -9.0286634203   0.000119922672       0.1191  GCCAAGA
   213      1   -10.9815976230   0.000017011897       0.0169  GCCAGCG
   214      1   -10.4889778036   0.000027841640       0.0276  GCCCCGC
   215      1   -11.7479223755   0.000007905733       0.0079  GCCGAAA
   216      1    -8.8792765570   0.000139244865       0.1383  GCCGAGG
   217      1    -7.9946611290   0.000337258409       0.3349  GCCGGAG
   218      2    -5.8271932300   0.002946335070       2.9257  GCCGGGG
   219      1    -9.6647413998   0.000063482810       0.0630  GCCGTGG
   220      1    -9.0544661577   0.000116867919       0.1160  GCGAAGA
   221      1    -9.0713125863   0.000114915603       0.1141  GCGAGGA
   222      1   -12.7135781528   0.000003009977       0.0030  GCGGCAG
   223      5    -5.8123244618   0.002990470752       2.9695  GCGGGGG
   224      1    -8.9698803328   0.000127183411       0.1263  GCGGGTG
   225      1    -8.7239991616   0.000162635483       0.1615  GCTAAAA
   226      1   -10.2964291308   0.000033753409       0.0335  GCTAATA
   227      2    -8.0598022189   0.000315989296       0.3138  GCTGGAG
   228      3    -5.8901897568   0.002766451694       2.7471  GCTGGGG
   229      1    -7.4059087487   0.000607651672       0.6034  GGAAAAA
   230      1    -7.7346548232   0.000437403336       0.4343  GGAAAGA
   231      1   -10.2156181977   0.000036594295       0.0363  GGAAAGG
   232      1    -9.6039865932   0.000067459267       0.0670  GGAAGAA
   233      2    -7.7838272232   0.000416415406       0.4135  GGAAGGA
   234      1    -7.5072116098   0.000549110089       0.5453  GGAAGGG
   235      1   -17.0360580957   0.000000039933       0.0000  GGAATCC
   236      1   -10.6446046622   0.000023829061       0.0237  GGACCCC
   237      1    -9.5238401651   0.000073088453       0.0726  GGAGAAG
   238      1    -7.5784650729   0.000511345499       0.5078  GGAGAGG
   239      1    -6.7359083306   0.001187496071       1.1792  GGAGGAG
   240     11    -4.5261920115   0.010821807027      10.7461  GGAGGGG
   241      1   -12.5458836034   0.000003559524       0.0035  GGATGCT
   242      1    -8.6073021634   0.000182766320       0.1815  GGATTGT
   243      1    -8.8350590611   0.000145540078       0.1445  GGCAGGG
   244      3    -5.8540140869   0.002868362163       2.8483  GGCGGGG
   245      1    -6.6378676650   0.001309817237       1.3006  GGGAAGA
   246      1    -6.6393198750   0.001307916488       1.2988  GGGAGGA
   247      1    -7.7947363428   0.000411897370       0.4090  GGGCGGG
   248      1   -10.3494984036   0.000032008841       0.0318  GGGGAAA
   249      1    -6.4332339812   0.001607244622       1.5960  GGGGAGG
   250      1    -5.9156800162   0.002696825290       2.6779  GGGGGAG
   251     50    -3.3797017866   0.034057609655      33.8192  GGGGGGG
   252      1    -6.7767331369   0.001139993023       1.1320  GGGGGTG
   253      1    -9.7565487919   0.000057914151       0.0575  GGGTGGA
   254      1   -10.7814047329   0.000020782386       0.0206  GGGTTCT
   255      1   -12.0534915958   0.000005824184       0.0058  GGTAAAG
   256      1    -8.4566300902   0.000212486927       0.2110  GGTAGGA
   257      6    -5.1976808794   0.005529372845       5.4907  GGTGGGG
   258      1   -12.6297747914   0.000003273094       0.0033  GTAACGA
   259      1    -8.6606661524   0.000173268845       0.1721  GTAAGGG
   260      1    -8.7302544625   0.000161621324       0.1605  GTAGAGG
   261      1   -13.4960696253   0.000001376358       0.0014  GTAGATA
   262      1    -7.5669550279   0.000517265111       0.5136  GTAGGAG
   263      1    -9.2309478674   0.000097960339       0.0973  GTAGGCG
   264      4    -5.6796988698   0.003414586524       3.3907  GTAGGGG
   265      1    -8.4377158242   0.000216544211       0.2150  GTAGGTG
   266      1   -13.2042224906   0.000001842804       0.0018  GTATGCT
   267      1    -8.9438362736   0.000130539294       0.1296  GTATTTT
   268      1    -8.7239991616   0.000162635483       0.1615  GTCAAAA
   269      1    -8.0598022189   0.000315989296       0.3138  GTCGGAG
   270      4    -5.8901897568   0.002766451694       2.7471  GTCGGGG
   271      2    -5.1559912543   0.005764762896       5.7244  GTGGGGG
   272      1    -8.9146907878   0.000134399912       0.1335  GTGTGGG
   273      1    -7.9995852047   0.000335601805       0.3333  GTTAAGA
   274      1    -9.8325836475   0.000053673903       0.0533  GTTAGAA
   275      1    -9.8509726254   0.000052695915       0.0523  GTTCTTT
   276      2    -6.9661438027   0.000943283388       0.9367  GTTGGAG
   277      1    -8.2490356218   0.000261510631       0.2597  GTTGGGA
   278      6    -4.7980089394   0.008246149298       8.1884  GTTGGGG
   279      1    -8.8715729490   0.000140321695       0.1393  TAAATTT
   280      2    -8.0245751561   0.000327319056       0.3250  TAACCCC
   281      1   -10.2756926688   0.000034460643       0.0342  TAACTCT
   282      1    -7.8741380697   0.000380456744       0.3778  TAACTTT
   283      1    -8.9438599796   0.000130536199       0.1296  TAATATT
   284      1    -7.9350644439   0.000357968901       0.3555  TAATCTT
   285      1    -7.5636261452   0.000518989895       0.5154  TAATTGT
   286     11    -4.6640945612   0.009427780639       9.3618  TAATTTT
   287      1    -8.8585435779   0.000142161961       0.1412  TACCTTT
   288      1   -10.4467385785   0.000029042840       0.0288  TACTCCT
   289      1    -9.2955958563   0.000091827765       0.0912  TACTTTC
   290      7    -5.6487383533   0.003521957439       3.4973  TACTTTT
   291      1    -9.9008686595   0.000050131116       0.0498  TAGAATA
   292      1   -10.0568099283   0.000042892656       0.0426  TAGATTA
   293      1    -9.0119939683   0.000121938472       0.1211  TAGCCTC
   294      1    -8.2003926491   0.000274545749       0.2726  TAGGGGG
   295      1    -7.8914216050   0.000373937605       0.3713  TAGTTAT
   296      1    -7.9386568307   0.000356685245       0.3542  TAGTTCT
   297      3    -5.5051477825   0.004065787684       4.0373  TAGTTTT
   298      1   -12.6954071013   0.000003065171       0.0030  TATAATG
   299      1    -7.2020424924   0.000745062469       0.7398  TATTTCT
   300      8    -4.6129762076   0.009922243662       9.8528  TATTTTT
   301      1   -10.9842938000   0.000016966092       0.0168  TCACTCT
   302      1   -11.3590417804   0.000011663552       0.0116  TCATTCC
   303      4    -7.8161716521   0.000403162177       0.4003  TCATTCT
   304      3    -5.6661933377   0.003461015148       3.4368  TCATTTT
   305      1    -9.8877553743   0.000050792829       0.0504  TCCCCAC
   306      1    -7.6063220091   0.000497297555       0.4938  TCCCTTC
   307      2    -7.2962800062   0.000678056455       0.6733  TCCCTTT
   308      1    -8.8615420922   0.000141736325       0.1407  TCCGGTG
   309      2    -7.3462240625   0.000645023336       0.6405  TCCTCTT
   310      1    -7.7161235363   0.000445584553       0.4425  TCCTTAT
   311      2    -5.8939778672   0.002755991894       2.7367  TCCTTCT
   312      1    -7.7327614429   0.000438232291       0.4352  TCCTTTC
   313     11    -4.0868374254   0.016792256434      16.6747  TCCTTTT
   314      1   -11.4948600708   0.000010182296       0.0101  TCGTCTC
   315      1    -7.9778024032   0.000342992354       0.3406  TCGTTCT
   316      3    -5.8278240888   0.002944476935       2.9239  TCGTTTT
   317      1   -12.6300133682   0.000003272313       0.0032  TCTAGGA
   318      1    -9.8628839781   0.000052071959       0.0517  TCTCCCT
   319      1    -7.2471296351   0.000712215777       0.7072  TCTCCTC
   320      1    -9.2956337226   0.000091824288       0.0912  TCTCTCT
   321      1    -7.2976301057   0.000677141629       0.6724  TCTCTTC
   322      1    -6.9720782879   0.000937702064       0.9311  TCTCTTT
   323      1   -13.6875467453   0.000001136512       0.0011  TCTTACA
   324      1    -8.8697154637   0.000140582583       0.1396  TCTTCCT
   325      1    -7.0320292138   0.000883137886       0.8770  TCTTCTT
   326      1    -9.6806830555   0.000062478813       0.0620  TCTTTCC
   327      3    -6.1203155704   0.002197762305       2.1824  TCTTTCT
   328      3    -7.4094224262   0.000605520326       0.6013  TCTTTTC
   329     16    -3.7620877032   0.023235181541      23.0725  TCTTTTT
   330      1   -11.3527598737   0.000011737052       0.0117  TGACCTT
   331      1    -8.7151925583   0.000164074075       0.1629  TGACTTT
   332      1   -13.1997370098   0.000001851088       0.0018  TGAGCCC
   333      1   -14.7724842090   0.000000384053       0.0004  TGAGTCC
   334      1    -8.0042692275   0.000334033514       0.3317  TGATTGT
   335      5    -5.5051477825   0.004065787684       4.0373  TGATTTT
   336      1    -9.3404544854   0.000087799523       0.0872  TGCCTTC
   337      1   -10.5402219101   0.000026450859       0.0263  TGCGTTG
   338      1   -10.0938992191   0.000041330939       0.0410  TGCTATT
   339      1    -9.0767293466   0.000114294816       0.1135  TGCTCTT
   340      1    -7.9465350987   0.000353886224       0.3514  TGCTTCT
   341      4    -5.8103691044   0.002996323912       2.9753  TGCTTTT
   342      1    -8.4415087129   0.000215724438       0.2142  TGGCTTC
   343      1    -7.0825213433   0.000839653423       0.8338  TGGGGGG
   344      1   -10.1418049526   0.000039397628       0.0391  TGGTCCT
   345      1    -7.3359045263   0.000651714141       0.6472  TGGTTCT
   346      1    -6.9828785778   0.000927629104       0.9211  TGGTTGT
   347      6    -4.9043936842   0.007413936907       7.3620  TGGTTTT
   348      1    -8.4998906157   0.000203490626       0.2021  TGTCCCC
   349      1   -11.4246035704   0.000010923397       0.0108  TGTCCCT
   350      1    -9.1437851898   0.000106881994       0.1061  TGTGTTT
   351      1    -8.2799242023   0.000253556418       0.2518  TGTTTAT
   352      1    -8.4223377007   0.000219899991       0.2184  TGTTTTC
   353      5    -4.7746069587   0.008441401255       8.3823  TGTTTTT
   354      1    -8.5571156651   0.000192172786       0.1908  TTAAAAA
   355      1   -10.2201138166   0.000036430150       0.0362  TTACTCC
   356      1    -7.8571185868   0.000386987337       0.3843  TTACTTT
   357      1   -11.5049860642   0.000010079710       0.0100  TTAGGCG
   358      1    -9.0926268355   0.000112492182       0.1117  TTATGTT
   359      1   -10.8163039355   0.000020069608       0.0199  TTATTCC
   360      1    -7.2303570890   0.000724262191       0.7192  TTATTCT
   361      1    -9.3481787357   0.000087123950       0.0865  TTATTTA
   362      1    -8.2946996984   0.000249837538       0.2481  TTATTTC
   363      7    -4.6469776453   0.009590544198       9.5234  TTATTTT
   364      1    -7.2585203751   0.000704149142       0.6992  TTCCCTC
   365      1   -10.7274287501   0.000021934962       0.0218  TTCCTAT
   366      1    -8.9264832966   0.000132824308       0.1319  TTCCTCC
   367      1    -9.2914995506   0.000092204691       0.0916  TTCCTCT
   368      3    -6.1170002010   0.002205060791       2.1896  TTCTTCT
   369      1    -7.4268589715   0.000595053660       0.5909  TTCTTTC
   370     15    -3.7795645934   0.022832630739      22.6728  TTCTTTT
   371      1   -12.3126501271   0.000004494527       0.0045  TTGATAA
   372      2    -8.0814649494   0.000309217715       0.3071  TTGTCTT
   373      1    -4.8086083963   0.008159206182       8.1021  TTGTTTT
   374      1   -11.4149863761   0.000011028956       0.0110  TTTAGGG
   375      1    -6.8926690933   0.001015200557       1.0081  TTTATTA
   376      2    -6.5435067700   0.001439431881       1.4294  TTTATTT
   377      1    -6.3731923053   0.001706702205       1.6948  TTTCCCC
   378      1    -5.9062280684   0.002722436389       2.7034  TTTCCTC
   379      1    -8.2153716175   0.000270463983       0.2686  TTTCTCT
   380      3    -5.8776994950   0.002801222094       2.7816  TTTCTTC
   381      3    -5.5461460504   0.003902468215       3.8752  TTTCTTT
   382      1    -7.9788207586   0.000342643243       0.3402  TTTTCCT
   383      2    -5.6099544229   0.003661236222       3.6356  TTTTCTT
   384      3    -5.0243614622   0.006575784041       6.5298  TTTTTCT
   385      1    -6.3066732240   0.001824091500       1.8113  TTTTTGT
   386    156    -2.3359457599   0.096718966336      96.0419  TTTTTTT

 2

     1     70    -3.0452166360   0.047586002030      47.2529  AAAAAAA
     2      1    -7.1002018469   0.000824938395       0.8192  AAAAACA
     3      3    -5.7313610703   0.003242660740       3.2200  AAAAAGA
     4      1    -6.4438686395   0.001590242690       1.5791  AAAAATA
     5      1   -10.2216986277   0.000036372461       0.0361  AAAACGA
     6      1    -6.2629797442   0.001905559249       1.8922  AAAAGAA
     7      1    -7.8518077044   0.000389048048       0.3863  AAACAAC
     8      1    -6.4942816219   0.001512061055       1.5015  AAAGAAG
     9      1    -8.8717185749   0.000140301262       0.1393  AAAGAGA
    10      1    -8.9161796020   0.000134199964       0.1333  AAAGAGG
    11      1    -6.5092443058   0.001489604984       1.4792  AAAGGAG
    12      1    -7.1580450921   0.000778575109       0.7731  AAAGGGG
    13      2    -5.5527893812   0.003876628753       3.8495  AACAAAA
    14      1   -10.4209597797   0.000029801263       0.0296  AACCCAC
    15      3    -4.3810557988   0.012512141341      12.4246  AAGAAAA
    16      1    -6.7069602288   0.001222374221       1.2138  AAGAAGA
    17      1    -9.5633754153   0.000070255257       0.0698  AAGAGGA
    18      1   -13.8755561976   0.000000941722       0.0009  AAGGGCA
    19      6    -4.8964561738   0.007473019282       7.4207  AATAAAA
    20      1    -8.6850228523   0.000169099569       0.1679  AATAACA
    21      1    -7.9230463267   0.000362296969       0.3598  AATAATA
    22      2    -9.3965844702   0.000083007095       0.0824  AATACAA
    23      1   -10.8452006777   0.000019497961       0.0194  AATAGAG
    24      1    -8.3446429135   0.000237666313       0.2360  AATGAAG
    25      4    -5.5130926715   0.004033613432       4.0054  ACAAAAA
    26      1    -9.1223416407   0.000109198674       0.1084  ACAAAAG
    27      1    -8.0865667474   0.000307644166       0.3055  ACAAAGA
    28      1   -12.3545481800   0.000004310105       0.0043  ACAAAGT
    29      1    -8.6623805014   0.000172972056       0.1718  ACAAATA
    30      1   -13.1114664771   0.000002021913       0.0020  ACAACTA
    31      1   -11.4625146427   0.000010517031       0.0104  ACAAGAG
    32      1   -12.7688555312   0.000002848108       0.0028  ACACTAT
    33      7    -5.6121515224   0.003653200953       3.6276  ACCAAAA
    34      1    -7.8020785936   0.000408884191       0.4060  ACCAACA
    35      1   -12.8792745266   0.000002550364       0.0025  ACCAAGC
    36      1    -7.9260432316   0.000361212825       0.3587  ACCAATA
    37      2   -10.8353988505   0.000019690016       0.0196  ACCAGGA
    38      1   -10.9474880577   0.000017602175       0.0175  ACCGACA
    39      1   -12.0637744199   0.000005764602       0.0057  ACCGGGA
    40      1    -8.2229912577   0.000268410976       0.2665  ACCTTTT
    41      1    -6.2825794743   0.001868574433       1.8555  ACGAAAA
    42      1    -8.3034915650   0.000247650628       0.2459  ACGAAGA
    43      1   -11.0643741584   0.000015660418       0.0156  ACGAGGA
    44      1   -10.2466299640   0.000035476858       0.0352  ACGCCCC
    45      1    -9.4294982536   0.000080319490       0.0798  ACGGAAA
    46      1    -9.6113576391   0.000066963850       0.0665  ACGGGAG
    47      4    -5.6751852805   0.003430033399       3.4060  ACTAAAA
    48      1    -8.8911616929   0.000137599716       0.1366  ACTAGAA
    49      1    -9.1214468465   0.000109296428       0.1085  ACTGAAG
    50      1   -11.1541096120   0.000014316331       0.0142  ACTGAGA
    51      1    -9.4403543532   0.000079452249       0.0789  ACTTAAA
    52      1    -7.9063923009   0.000368381195       0.3658  ACTTTTT
    53     10    -4.3569716899   0.012817143222      12.7274  AGAAAAA
    54      3    -6.7047152103   0.001225121556       1.2165  AGAAAGA
    55      1    -7.5039743491   0.000550890582       0.5470  AGAGAAA
    56      1    -7.8032397086   0.000408409705       0.4056  AGAGAAG
    57      1    -7.7610647974   0.000426002733       0.4230  AGAGGAG
    58      2   -10.7707528596   0.000021004941       0.0209  AGAGGGA
    59      1   -14.5509044975   0.000000479317       0.0005  AGATCAG
    60      6    -6.3001313515   0.001836063591       1.8232  AGCAAAA
    61      1    -8.3348133968   0.000240013977       0.2383  AGCAAGA
    62      1    -9.4470542491   0.000078921707       0.0784  AGCGAAA
    63      1    -8.7607963118   0.000156759729       0.1557  AGCGGGG
    64      6    -4.3616005778   0.012757951205      12.6686  AGGAAAA
    65      1    -7.5718879106   0.000514719786       0.5111  AGGAGAA
    66      2    -7.5944673080   0.000503227951       0.4997  AGGGGAG
    67      6    -5.6437981441   0.003539399694       3.5146  AGTAAAA
    68      1    -7.6784801894   0.000462677547       0.4594  AGTAAGA
    69      1   -12.6777849587   0.000003119665       0.0031  AGTCTCC
    70      1    -8.9761530826   0.000126388118       0.1255  AGTGGAG
    71      1    -8.1044631044   0.000302187430       0.3001  AGTGGGG
    72      5    -4.8567594641   0.007775640351       7.7212  ATAAAAA
    73      1    -7.4302335400   0.000593048995       0.5889  ATAAAGA
    74      1   -10.8061814353   0.000020273794       0.0201  ATAAGAG
    75      1   -13.8435955589   0.000000972306       0.0010  ATACCTT
    76      2    -8.3049967683   0.000247278143       0.2455  ATAGAAG
    77      1    -8.3027226642   0.000247841120       0.2461  ATAGGAG
    78      1    -8.5407235342   0.000195348867       0.1940  ATAGGGG
    79      1   -12.2718423663   0.000004681732       0.0046  ATAGTGG
    80      1    -8.9388511376   0.000131191675       0.1303  ATATAAT
    81      1   -11.4906751017   0.000010224997       0.0102  ATATAGT
    82      1    -5.6751852805   0.003430033399       3.4060  ATCAAAA
    83      1   -11.1541096120   0.000014316331       0.0142  ATCGAGA
    84      1    -8.7785189441   0.000154006008       0.1529  ATCGGGG
    85      1   -12.0610249074   0.000005780474       0.0057  ATCTAGT
    86      2    -5.6262462669   0.003602071196       3.5769  ATGAAAA
    87      1   -10.1260816126   0.000040021986       0.0397  ATGACAA
    88      4    -4.5829788192   0.010224394267      10.1528  ATTAAAA
    89      1    -8.8519468778   0.000143102861       0.1421  ATTAAAT
    90      1    -7.5503337308   0.000525934577       0.5223  ATTAACA
    91      3    -6.9273939787   0.000980552883       0.9737  ATTAAGA
    92      1    -7.7989466039   0.000410166820       0.4073  ATTAGAA
    93      2    -8.0292270507   0.000325799938       0.3235  ATTGAAG
    94      1    -8.9931473745   0.000124258389       0.1234  ATTGGTG
    95      1    -8.6629130513   0.000172879964       0.1717  ATTTAAT
    96      1   -10.6916831498   0.000022733223       0.0226  ATTTAGA
    97      7    -5.5863513330   0.003748680630       3.7224  CAACCCC
    98      2    -8.4082879451   0.000223011338       0.2215  CAACCGC
    99      1    -8.3325692522   0.000240553208       0.2389  CAATCCT
   100      1    -7.7551267635   0.000428539877       0.4255  CAATTTT
   101      3    -5.9314747348   0.002654564322       2.6360  CACCCCC
   102      1   -10.8381558862   0.000019635805       0.0195  CACTTCC
   103      1    -8.7368348453   0.000160561286       0.1594  CAGCCAC
   104      2    -6.4272392497   0.001616908559       1.6056  CAGCCCC
   105      1    -8.5964333785   0.000184763602       0.1835  CAGTTTT
   106      1   -13.1244308992   0.000001995869       0.0020  CATAGGA
   107      1    -7.4554056093   0.000578307046       0.5743  CATCCTC
   108      1    -8.5180052544   0.000199837653       0.1984  CATCTCC
   109      1   -10.0421665722   0.000043525370       0.0432  CATGGGG
   110      1   -12.4282240143   0.000004003971       0.0040  CATGTCG
   111      1    -7.7243419607   0.000441937557       0.4388  CATTTTT
   112      4    -5.9737622877   0.002544649683       2.5268  CCACCCC
   113      1    -7.9124967968   0.000366139263       0.3636  CCACCTC
   114      1   -10.6309428339   0.000024156844       0.0240  CCAGGCG
   115      1    -8.5056640629   0.000202319169       0.2009  CCATCCC
   116      1   -10.4659556937   0.000028490049       0.0283  CCATCTT
   117      1    -8.6507051867   0.000175003395       0.1738  CCATTCT
   118      1    -8.7131687636   0.000164406463       0.1633  CCATTTT
   119      1    -8.0191475563   0.000329100443       0.3268  CCCACCC
   120     46    -3.8439450398   0.021408975269      21.2591  CCCCCCC
   121      3    -6.8519914783   0.001057347909       1.0499  CCCCCCT
   122      1    -7.8005301189   0.000409517828       0.4067  CCCCCGC
   123      1   -11.0950049542   0.000015187999       0.0151  CCCCTCA
   124      1    -8.4338947645   0.000217373222       0.2159  CCCCTTC
   125      1    -8.1807783074   0.000279983942       0.2780  CCCGCCC
   126      1    -8.5321733222   0.000197026303       0.1956  CCCTCTT
   127      2    -6.5387994031   0.001446223789       1.4361  CCCTTCT
   128      1    -7.0645032180   0.000854919523       0.8489  CCCTTTT
   129      1   -10.6239964986   0.000024325229       0.0242  CCGAAAA
   130      1    -6.1353930388   0.002164874171       2.1497  CCGCCCC
   131      4    -4.4673241220   0.011477988491      11.3976  CCTCCCC
   132      1    -8.8041545885   0.000150108140       0.1491  CCTGCCC
   133      1    -8.7776938511   0.000154133130       0.1531  CCTTCTT
   134      1    -6.8426047850   0.001067319637       1.0598  CCTTTTT
   135      1   -10.7724450762   0.000020969426       0.0208  CGAAACA
   136      3    -6.4272392497   0.001616908559       1.6056  CGACCCC
   137      1    -9.0313633364   0.000119599328       0.1188  CGACTCC
   138      1   -11.6835642716   0.000008431261       0.0084  CGACTTT
   139      1    -8.8829633778   0.000138732439       0.1378  CGAGGGG
   140      6    -6.0931054859   0.002258384632       2.2426  CGCCCCC
   141      1   -10.5165708395   0.000027083907       0.0269  CGCCTTC
   142      2    -5.8266639867   0.002947894811       2.9273  CGGCCCC
   143      1   -10.6792211093   0.000023018298       0.0229  CGGCCCG
   144      1    -7.9954051503   0.000337007575       0.3346  CGGTTTT
   145      1   -10.3320507478   0.000032572221       0.0323  CGTCACC
   146      5    -6.0763204427   0.002296611639       2.2805  CGTCCCC
   147      1    -9.2079213263   0.000100242197       0.0995  CGTCCGC
   148      1   -10.9943275650   0.000016796709       0.0167  CGTCTTT
   149      1    -8.6856071506   0.000169000793       0.1678  CGTTTCT
   150      1   -14.2611494960   0.000000640415       0.0006  CTACATT
   151      5    -5.9320919158   0.002652926481       2.6344  CTACCCC
   152      1    -9.3367840882   0.000088122375       0.0875  CTACCGC
   153      1    -7.4811218164   0.000563624777       0.5597  CTACCTC
   154      1   -10.8652553095   0.000019110831       0.0190  CTACTTT
   155      1   -11.4400992819   0.000010755436       0.0107  CTATCAC
   156      1    -9.9003787746   0.000050155681       0.0498  CTATCTT
   157      1    -8.5430365975   0.000194897535       0.1935  CTATTCT
   158      1   -11.0157990996   0.000016439902       0.0163  CTATTGT
   159      1    -7.7576549518   0.000427457815       0.4245  CTATTTT
   160      1   -14.6130778281   0.000000450423       0.0004  CTCAGAG
   161      1    -8.1569360365   0.000286739610       0.2847  CTCCCAC
   162      7    -4.4406193746   0.011788634677      11.7061  CTCCCCC
   163      1    -8.3185667876   0.000243945239       0.2422  CTCCCGC
   164      1    -6.2679242411   0.001896160473       1.8829  CTCCCTC
   165      1    -9.2621696333   0.000094949097       0.0943  CTCCCTT
   166      1    -7.0452649910   0.000871525886       0.8654  CTCCTCC
   167      1    -8.7098776513   0.000164948434       0.1638  CTCCTTC
   168      1    -9.9286897560   0.000048755636       0.0484  CTCCTTT
   169      1   -10.9798259997   0.000017042063       0.0169  CTCGTCG
   170      1   -10.1095956960   0.000040687254       0.0404  CTCTTAT
   171      1    -7.1007611335   0.000824477147       0.8187  CTCTTCT
   172      1    -6.8569901429   0.001052075770       1.0447  CTCTTTT
   173      1   -10.9463077975   0.000017622963       0.0175  CTGCCCG
   174      1    -7.6427525675   0.000479506759       0.4762  CTGCCTC
   175      7    -3.9688802841   0.018894577854      18.7623  CTTCCCC
   176      1   -12.3753858094   0.000004221222       0.0042  CTTCCGA
   177      1    -5.3274793211   0.004856295760       4.8223  CTTCCTC
   178      1    -7.6743621799   0.000464586786       0.4613  CTTCTTC
   179      1    -6.5390300160   0.001445890309       1.4358  CTTTTCT
   180      1    -8.8916188633   0.000137536824       0.1366  CTTTTTC
   181      2    -5.4587824804   0.004258737686       4.2289  CTTTTTT
   182      1    -6.1221854984   0.002193656488       2.1783  GAAAAAA
   183      2    -7.4048206000   0.000608313247       0.6041  GAAAAGA
   184      1   -10.4708582919   0.000028350715       0.0282  GAAAGTG
   185      3    -5.9335869979   0.002648963102       2.6304  GAAGGAG
   186      1    -7.7833664309   0.000416607331       0.4137  GAAGGGA
   187     12    -4.3326311465   0.013132947282      13.0410  GAAGGGG
   188      1    -8.1705400018   0.000282865227       0.2809  GAAGTGG
   189      1    -8.4015226998   0.000224525179       0.2230  GAATTGT
   190      1    -8.9109214898   0.000134907461       0.1340  GAATTTT
   191      1   -11.0046107066   0.000016624871       0.0165  GACAGAA
   192      1    -9.3345441263   0.000088319987       0.0877  GACAGGG
   193      1   -13.8834525666   0.000000934315       0.0009  GACCAGA
   194      1    -9.4042052068   0.000082376924       0.0818  GACGAGG
   195      5    -6.3535727787   0.001740517530       1.7283  GACGGGG
   196      1    -7.7575724125   0.000427493099       0.4245  GAGAGGA
   197      1    -7.4808187713   0.000563795607       0.5598  GAGAGGG
   198      2    -7.5521591508   0.000524975401       0.5213  GAGGAGG
   199      2   -10.1575100200   0.000038783719       0.0385  GAGGGAA
   200      1    -4.4997946673   0.011111277813      11.0335  GAGGGGG
   201      1    -8.8443778699   0.000144190117       0.1432  GATAAGA
   202      1   -10.5651197275   0.000025800422       0.0256  GATAGAG
   203      1   -12.2346606539   0.000004859084       0.0048  GATAGGT
   204      5    -5.6972395712   0.003355214517       3.3317  GATGGGG
   205      1   -12.0043257704   0.000006117691       0.0061  GCAAAGG
   206      3    -9.3170017817   0.000089882996       0.0893  GCAAGGG
   207      1    -9.3865891835   0.000083840935       0.0833  GCAGAGG
   208      1   -10.8301469127   0.000019793699       0.0197  GCAGCGG
   209      1    -8.2232848591   0.000268332182       0.2665  GCAGGAG
   210      1    -9.7869341293   0.000056180877       0.0558  GCAGGGA
   211      1    -9.9529101585   0.000047588941       0.0473  GCATTTT
   212      1    -9.0286584727   0.000119923266       0.1191  GCCAAGA
   213      1   -10.9815888315   0.000017012047       0.0169  GCCAGCG
   214      1   -10.4889727829   0.000027841780       0.0276  GCCCCGC
   215      1   -11.7479234197   0.000007905725       0.0079  GCCGAAA
   216      1    -8.8792766359   0.000139244854       0.1383  GCCGAGG
   217      1    -7.9946585960   0.000337259263       0.3349  GCCGGAG
   218      2    -5.8271924786   0.002946337284       2.9257  GCCGGGG
   219      1    -9.6647403473   0.000063482877       0.0630  GCCGTGG
   220      1    -9.0544625727   0.000116868338       0.1161  GCGAAGA
   221      1    -9.0713135147   0.000114915496       0.1141  GCGAGGA
   222      1   -12.7135796565   0.000003009972       0.0030  GCGGCAG
   223      5    -5.8123254829   0.002990467699       2.9695  GCGGGGG
   224      1    -8.9698808325   0.000127183347       0.1263  GCGGGTG
   225      1    -8.7239995508   0.000162635420       0.1615  GCTAAAA
   226      1   -10.2964206645   0.000033753695       0.0335  GCTAATA
   227      2    -8.0598004474   0.000315989856       0.3138  GCTGGAG
   228      3    -5.8901897539   0.002766451702       2.7471  GCTGGGG
   229      1    -7.4059109748   0.000607650319       0.6034  GGAAAAA
   230      1    -7.7346517381   0.000437404685       0.4343  GGAAAGA
   231      1   -10.2156190970   0.000036594262       0.0363  GGAAAGG
   232      1    -9.6039877001   0.000067459192       0.0670  GGAAGAA
   233      2    -7.7838282310   0.000416414987       0.4135  GGAAGGA
   234      1    -7.5072144463   0.000549108532       0.5453  GGAAGGG
   235      1   -17.0360580963   0.000000039933       0.0000  GGAATCC
   236      1   -10.6446042709   0.000023829071       0.0237  GGACCCC
   237      1    -9.5238414109   0.000073088362       0.0726  GGAGAAG
   238      1    -7.5784669924   0.000511344518       0.5078  GGAGAGG
   239      1    -6.7359082644   0.001187496150       1.1792  GGAGGAG
   240     11    -4.5261930991   0.010821795257      10.7460  GGAGGGG
   241      1   -12.5458852981   0.000003559518       0.0035  GGATGCT
   242      1    -8.6072968750   0.000182767286       0.1815  GGATTGT
   243      1    -8.8350605773   0.000145539857       0.1445  GGCAGGG
   244      3    -5.8540138543   0.002868362831       2.8483  GGCGGGG
   245      1    -6.6378636702   0.001309822470       1.3007  GGGAAGA
   246      1    -6.6393205467   0.001307915610       1.2988  GGGAGGA
   247      1    -7.7947377373   0.000411896795       0.4090  GGGCGGG
   248      1   -10.3495011752   0.000032008753       0.0318  GGGGAAA
   249      1    -6.4332355728   0.001607242064       1.5960  GGGGAGG
   250      1    -5.9156832064   0.002696816687       2.6779  GGGGGAG
   251     50    -3.3797025548   0.034057583492      33.8192  GGGGGGG
   252      1    -6.7767369045   0.001139988728       1.1320  GGGGGTG
   253      1    -9.7565486260   0.000057914161       0.0575  GGGTGGA
   254      1   -10.7814017769   0.000020782448       0.0206  GGGTTCT
   255      1   -12.0534908620   0.000005824189       0.0058  GGTAAAG
   256      1    -8.4566297664   0.000212486996       0.2110  GGTAGGA
   257      6    -5.1976806468   0.005529374131       5.4907  GGTGGGG
   258      1   -12.6297727689   0.000003273101       0.0033  GTAACGA
   259      1    -8.6606685742   0.000173268425       0.1721  GTAAGGG
   260      1    -8.7302559761   0.000161621080       0.1605  GTAGAGG
   261      1   -13.4960672321   0.000001376361       0.0014  GTAGATA
   262      1    -7.5669516517   0.000517266857       0.5136  GTAGGAG
   263      1    -9.2309453062   0.000097960590       0.0973  GTAGGCG
   264      4    -5.6796995426   0.003414584226       3.3907  GTAGGGG
   265      1    -8.4377116997   0.000216545104       0.2150  GTAGGTG
   266      1   -13.2042188654   0.000001842810       0.0018  GTATGCT
   267      1    -8.9438353412   0.000130539416       0.1296  GTATTTT
   268      1    -8.7239995508   0.000162635420       0.1615  GTCAAAA
   269      1    -8.0598004474   0.000315989856       0.3138  GTCGGAG
   270      4    -5.8901897539   0.002766451702       2.7471  GTCGGGG
   271      2    -5.1559922754   0.005764757009       5.7244  GTGGGGG
   272      1    -8.9146924352   0.000134399690       0.1335  GTGTGGG
   273      1    -7.9995804901   0.000335603387       0.3333  GTTAAGA
   274      1    -9.8325824842   0.000053673966       0.0533  GTTAGAA
   275      1    -9.8509742756   0.000052695828       0.0523  GTTCTTT
   276      2    -6.9661415063   0.000943285554       0.9367  GTTGGAG
   277      1    -8.2490327797   0.000261511374       0.2597  GTTGGGA
   278      6    -4.7980084209   0.008246153573       8.1884  GTTGGGG
   279      1    -8.8715727947   0.000140321717       0.1393  TAAATTT
   280      2    -8.0245751125   0.000327319070       0.3250  TAACCCC
   281      1   -10.2756918798   0.000034460670       0.0342  TAACTCT
   282      1    -7.8741389810   0.000380456397       0.3778  TAACTTT
   283      1    -8.9438589164   0.000130536338       0.1296  TAATATT
   284      1    -7.9350644235   0.000357968908       0.3555  TAATCTT
   285      1    -7.5636190360   0.000518993585       0.5154  TAATTGT
   286     11    -4.6640938301   0.009427787531       9.3618  TAATTTT
   287      1    -8.8585456683   0.000142161664       0.1412  TACCTTT
   288      1   -10.4467379350   0.000029042859       0.0288  TACTCCT
   289      1    -9.2955941684   0.000091827920       0.0912  TACTTTC
   290      7    -5.6487388001   0.003521955865       3.4973  TACTTTT
   291      1    -9.9008643107   0.000050131334       0.0498  TAGAATA
   292      1   -10.0568085660   0.000042892715       0.0426  TAGATTA
   293      1    -9.0119899573   0.000121938961       0.1211  TAGCCTC
   294      1    -8.2003940701   0.000274545359       0.2726  TAGGGGG
   295      1    -7.8914131118   0.000373940781       0.3713  TAGTTAT
   296      1    -7.9386550531   0.000356685879       0.3542  TAGTTCT
   297      3    -5.5051476845   0.004065788083       4.0373  TAGTTTT
   298      1   -12.6954000101   0.000003065193       0.0030  TATAATG
   299      1    -7.2020429601   0.000745062120       0.7398  TATTTCT
   300      8    -4.6129768810   0.009922236981       9.8528  TATTTTT
   301      1   -10.9842910773   0.000016966138       0.0168  TCACTCT
   302      1   -11.3590362003   0.000011663617       0.0116  TCATTCC
   303      4    -7.8161672081   0.000403163969       0.4003  TCATTCT
   304      3    -5.6661932503   0.003461015450       3.4368  TCATTTT
   305      1    -9.8877578391   0.000050792704       0.0504  TCCCCAC
   306      1    -7.6063223813   0.000497297370       0.4938  TCCCTTC
   307      2    -7.2962820580   0.000678055064       0.6733  TCCCTTT
   308      1    -8.8615362094   0.000141737159       0.1407  TCCGGTG
   309      2    -7.3462252528   0.000645022568       0.6405  TCCTCTT
   310      1    -7.7161238456   0.000445584415       0.4425  TCCTTAT
   311      2    -5.8939720187   0.002756008012       2.7367  TCCTTCT
   312      1    -7.7327597259   0.000438233044       0.4352  TCCTTTC
   313     11    -4.0868378326   0.016792249595      16.6747  TCCTTTT
   314      1   -11.4948586287   0.000010182310       0.0101  TCGTCTC
   315      1    -7.9777979591   0.000342993878       0.3406  TCGTTCT
   316      3    -5.8278240014   0.002944477192       2.9239  TCGTTTT
   317      1   -12.6300127001   0.000003272316       0.0032  TCTAGGA
   318      1    -9.8628832499   0.000052071996       0.0517  TCTCCCT
   319      1    -7.2471273671   0.000712217392       0.7072  TCTCCTC
   320      1    -9.2956340428   0.000091824258       0.0912  TCTCTCT
   321      1    -7.2976313935   0.000677140757       0.6724  TCTCTTC
   322      1    -6.9720813849   0.000937699160       0.9311  TCTCTTT
   323      1   -13.6875407284   0.000001136519       0.0011  TCTTACA
   324      1    -8.8697159171   0.000140582519       0.1396  TCTTCCT
   325      1    -7.0320313835   0.000883135969       0.8770  TCTTCTT
   326      1    -9.6806802786   0.000062478986       0.0620  TCTTTCC
   327      3    -6.1203142462   0.002197765215       2.1824  TCTTTCT
   328      3    -7.4094217393   0.000605520742       0.6013  TCTTTTC
   329     16    -3.7620891576   0.023235147747      23.0725  TCTTTTT
   330      1   -11.3527579056   0.000011737075       0.0117  TGACCTT
   331      1    -8.7151941027   0.000164073821       0.1629  TGACTTT
   332      1   -13.1997382569   0.000001851086       0.0018  TGAGCCC
   333      1   -14.7724832430   0.000000384054       0.0004  TGAGTCC
   334      1    -8.0042605075   0.000334036427       0.3317  TGATTGT
   335      5    -5.5051476845   0.004065788083       4.0373  TGATTTT
   336      1    -9.3404548193   0.000087799494       0.0872  TGCCTTC
   337      1   -10.5402210740   0.000026450881       0.0263  TGCGTTG
   338      1   -10.0938993152   0.000041330935       0.0410  TGCTATT
   339      1    -9.0767305376   0.000114294679       0.1135  TGCTCTT
   340      1    -7.9465314994   0.000353887497       0.3514  TGCTTCT
   341      4    -5.8103695512   0.002996322573       2.9753  TGCTTTT
   342      1    -8.4415077534   0.000215724645       0.2142  TGGCTTC
   343      1    -7.0825216670   0.000839653151       0.8338  TGGGGGG
   344      1   -10.1418040200   0.000039397665       0.0391  TGGTCCT
   345      1    -7.3359020522   0.000651715753       0.6472  TGGTTCT
   346      1    -6.9828681263   0.000927638799       0.9211  TGGTTGT
   347      6    -4.9043929013   0.007413942712       7.3620  TGGTTTT
   348      1    -8.4998917704   0.000203490391       0.2021  TGTCCCC
   349      1   -11.4246027353   0.000010923406       0.0108  TGTCCCT
   350      1    -9.1437864399   0.000106881861       0.1061  TGTGTTT
   351      1    -8.2799230165   0.000253556719       0.2518  TGTTTAT
   352      1    -8.4223362286   0.000219900315       0.2184  TGTTTTC
   353      5    -4.7746076321   0.008441395570       8.3823  TGTTTTT
   354      1    -8.5571161241   0.000192172697       0.1908  TTAAAAA
   355      1   -10.2201143300   0.000036430132       0.0362  TTACTCC
   356      1    -7.8571198758   0.000386986838       0.3843  TTACTTT
   357      1   -11.5049806142   0.000010079765       0.0100  TTAGGCG
   358      1    -9.0926261302   0.000112492261       0.1117  TTATGTT
   359      1   -10.8163017303   0.000020069652       0.0199  TTATTCC
   360      1    -7.2303566363   0.000724262519       0.7192  TTATTCT
   361      1    -9.3481746478   0.000087124307       0.0865  TTATTTA
   362      1    -8.2946972000   0.000249838162       0.2481  TTATTTC
   363      7    -4.6469772919   0.009590547587       9.5234  TTATTTT
   364      1    -7.2585178303   0.000704150934       0.6992  TTCCCTC
   365      1   -10.7274325913   0.000021934878       0.0218  TTCCTAT
   366      1    -8.9264844678   0.000132824152       0.1319  TTCCTCC
   367      1    -9.2914998166   0.000092204666       0.0916  TTCCTCT
   368      3    -6.1169987914   0.002205063899       2.1896  TTCTTCT
   369      1    -7.4268577656   0.000595054378       0.5909  TTCTTTC
   370     15    -3.7795655271   0.022832609419      22.6728  TTCTTTT
   371      1   -12.3126483364   0.000004494535       0.0045  TTGATAA
   372      2    -8.0814652990   0.000309217607       0.3071  TTGTCTT
   373      1    -4.8086080430   0.008159209065       8.1021  TTGTTTT
   374      1   -11.4149871139   0.000011028948       0.0110  TTTAGGG
   375      1    -6.8926684262   0.001015201234       1.0081  TTTATTA
   376      2    -6.5435079738   0.001439430149       1.4294  TTTATTT
   377      1    -6.3731936778   0.001706699863       1.6948  TTTCCCC
   378      1    -5.9062241489   0.002722447059       2.7034  TTTCCTC
   379      1    -8.2153748783   0.000270463101       0.2686  TTTCTCT
   380      3    -5.8776999137   0.002801220921       2.7816  TTTCTTC
   381      3    -5.5461483194   0.003902459360       3.8751  TTTCTTT
   382      1    -7.9788230112   0.000342642472       0.3402  TTTTCCT
   383      2    -5.6099557454   0.003661231381       3.6356  TTTTCTT
   384      3    -5.0243631383   0.006575773020       6.5297  TTTTTCT
   385      1    -6.3066759904   0.001824086454       1.8113  TTTTTGT
   386    156    -2.3359463869   0.096718905695      96.0419  TTTTTTT