

TREE #  1

  0  0.0000   5756.879682  x:  0.16970   0.33581   0.02058   0.02337   0.04695   0.07082   0.05840   0.08198   0.10207   0.15982   0.36751   0.20803   2.12827  
  1 99.0000   5747.691157  x:  0.17154   0.34202   0.03459   0.05665   0.05549   0.07501   0.04984   0.07790   0.09714   0.15684   0.36812   0.20987   2.13153  
  2 571.9872   5743.302886  x:  0.17534   0.35680   0.04761   0.05501   0.05515   0.08054   0.04102   0.06478   0.07542   0.13809   0.36934   0.21368   2.14061  
  3 238.7285   5740.816872  x:  0.17881   0.37537   0.06043   0.05517   0.05821   0.08114   0.05387   0.06884   0.06978   0.11405   0.37030   0.21714   2.15432  
  4 225.1354   5738.543276  x:  0.18103   0.39737   0.07497   0.05281   0.05375   0.07443   0.04795   0.07467   0.08047   0.08985   0.37058   0.21936   2.17420  
  5 259.1205   5737.633182  x:  0.17782   0.41055   0.08358   0.04891   0.05482   0.08112   0.04915   0.07080   0.08815   0.09146   0.36891   0.21615   2.19544  
  6 102.0206   5733.456944  x:  0.14980   0.47154   0.07385   0.04791   0.06250   0.07281   0.04703   0.07410   0.08322   0.10511   0.35572   0.18813   2.33659  
  7 153.9435   5731.830581  x:  0.14530   0.48956   0.06275   0.05350   0.05073   0.07777   0.04941   0.07241   0.08364   0.10688   0.35362   0.18363   2.39674  
  8 370.8595   5727.664652  x:  0.17114   0.50816   0.03834   0.05352   0.06008   0.08703   0.04382   0.07616   0.08711   0.11770   0.36554   0.20947   2.58544  
  9 238.4386   5723.951213  x:  0.19490   0.51241   0.04042   0.05412   0.05216   0.07295   0.04960   0.07312   0.08392   0.13751   0.37507   0.23323   2.75693  
 10 741.6622   5717.980047  x:  0.19226   0.43594   0.06730   0.05099   0.04953   0.08223   0.04609   0.08623   0.07834   0.11665   0.35930   0.23059   3.05274  
 11 220.3981   5716.512252  x:  0.18988   0.41503   0.06854   0.05181   0.05461   0.07749   0.04890   0.07402   0.08316   0.10535   0.35716   0.22821   3.12528  
 12 494.0744   5716.222710  x:  0.18230   0.40945   0.07096   0.05164   0.05459   0.07776   0.04883   0.07421   0.08304   0.10278   0.38443   0.22063   3.14083  
 13 22.2789   5714.723729  x:  0.18492   0.46802   0.06810   0.05134   0.05610   0.07807   0.04778   0.07031   0.08335   0.10494   0.38989   0.22313   3.38887  
 14  0.1865   5714.587886  x:  0.18471   0.46306   0.07106   0.05198   0.05535   0.07882   0.04769   0.07346   0.08241   0.10247   0.39010   0.22291   3.46511  
 15  0.0666   5714.583811  x:  0.18497   0.46186   0.07096   0.05221   0.05543   0.07863   0.04779   0.07280   0.08261   0.10254   0.39038   0.22317   3.47487  
 16  0.0092   5714.583754  x:  0.18504   0.46188   0.07091   0.05223   0.05548   0.07865   0.04778   0.07282   0.08262   0.10267   0.39040   0.22325   3.47519  
 17  0.0003   5714.583753  x:  0.18505   0.46187   0.07091   0.05224   0.05548   0.07866   0.04777   0.07282   0.08261   0.10267   0.39040   0.22326   3.47518  
 18  0.0000   5714.583753  x:  0.18505   0.46187   0.07091   0.05225   0.05548   0.07866   0.04777   0.07282   0.08261   0.10266   0.39040   0.22326   3.47516  
 19  0.0000   5714.583753  x:  0.18505   0.46187   0.07091   0.05225   0.05548   0.07866   0.04777   0.07282   0.08261   0.10266   0.39040   0.22326   3.47516  
 20  0.0000   5714.583753  x:  0.18505   0.46187   0.07091   0.05225   0.05548   0.07866   0.04777   0.07282   0.08261   0.10266   0.39040   0.22326   3.47516  

TREE #  2

  0  0.0000   5735.642359  x:  0.16844   0.33581   0.02058   0.02337   0.04695   0.07082   0.05840   0.08198   0.10207   0.15982   0.36751   0.20928   3.47516  
  1 99.0000   5725.491730  x:  0.17264   0.34507   0.03803   0.05830   0.05681   0.07599   0.05010   0.07880   0.09788   0.15767   0.37055   0.21348   3.47483  
  2 580.6310   5719.961010  x:  0.18261   0.36872   0.05302   0.05574   0.05573   0.08251   0.04065   0.06526   0.07425   0.13697   0.37845   0.22345   3.47403  
  3 252.4474   5717.156074  x:  0.19130   0.39378   0.06347   0.05496   0.05869   0.08237   0.05459   0.07096   0.07126   0.11405   0.38637   0.23214   3.47314  
  4 249.5258   5715.477447  x:  0.19618   0.41438   0.07104   0.05282   0.05471   0.07572   0.04887   0.07582   0.08234   0.09877   0.39211   0.23702   3.47244  
  5 226.4792   5715.214633  x:  0.19429   0.42273   0.07385   0.05054   0.05537   0.07960   0.04941   0.07364   0.08685   0.10061   0.39299   0.23513   3.47224  
  6 56.8222   5714.751474  x:  0.18260   0.44829   0.06891   0.05064   0.05814   0.07688   0.04875   0.07410   0.08508   0.10601   0.39319   0.22344   3.47179  
  7 50.0050   5714.690622  x:  0.18098   0.45179   0.06749   0.05181   0.05553   0.07771   0.04925   0.07410   0.08487   0.10633   0.39294   0.22182   3.47173  
  8 49.4731   5714.688946  x:  0.18106   0.45198   0.06722   0.05180   0.05563   0.07809   0.04904   0.07441   0.08485   0.10627   0.39258   0.22190   3.47172  
  9  4.7106   5714.683557  x:  0.18223   0.45327   0.06664   0.05187   0.05564   0.07796   0.04910   0.07426   0.08491   0.10691   0.38901   0.22307   3.47164  
 10  3.5711   5714.683440  x:  0.18221   0.45328   0.06677   0.05184   0.05559   0.07796   0.04910   0.07435   0.08486   0.10694   0.38889   0.22305   3.47163  
 11  1.0407   5714.683205  x:  0.18201   0.45321   0.06696   0.05182   0.05561   0.07796   0.04910   0.07431   0.08488   0.10666   0.38853   0.22285   3.47157  
 12  0.6845   5714.614717  x:  0.18283   0.45745   0.06928   0.05173   0.05532   0.07837   0.04804   0.07318   0.08329   0.10399   0.38893   0.22364   3.42680  
 13  0.1090   5714.587068  x:  0.18388   0.46097   0.07028   0.05168   0.05522   0.07859   0.04761   0.07277   0.08271   0.10299   0.39048   0.22467   3.47550  
 14  0.5970   5714.583850  x:  0.18367   0.46194   0.07089   0.05217   0.05552   0.07867   0.04784   0.07281   0.08257   0.10266   0.39029   0.22451   3.47493  
 15  0.0011   5714.583753  x:  0.18374   0.46190   0.07091   0.05224   0.05548   0.07866   0.04777   0.07282   0.08262   0.10266   0.39040   0.22456   3.47514  
 16  0.0003   5714.583753  x:  0.18374   0.46187   0.07091   0.05225   0.05548   0.07866   0.04777   0.07282   0.08261   0.10266   0.39040   0.22457   3.47516  
 17  0.0000   5714.583753  x:  0.18374   0.46187   0.07091   0.05225   0.05548   0.07866   0.04777   0.07282   0.08261   0.10266   0.39040   0.22457   3.47515  