

TREE #  1

  0  0.0000   2285.852803  x:  0.17815   0.05852   0.01724   0.02236   0.01620   0.07072   0.04900   0.06668   0.07772   0.11515   0.28362   0.13365   2.09556  
  1 99.0000   2277.857687  x:  0.18102   0.07967   0.02710   0.06143   0.03152   0.06402   0.03972   0.06553   0.06519   0.10787   0.28457   0.13651   2.09916  
  2 400.7131   2273.803362  x:  0.18340   0.10364   0.02909   0.06398   0.01886   0.05946   0.03356   0.05724   0.04238   0.09234   0.28378   0.13890   2.10550  
  3 228.8810   2272.673580  x:  0.18350   0.11893   0.03372   0.05879   0.02441   0.06262   0.04291   0.05926   0.03753   0.08101   0.28074   0.13900   2.11298  
  4 131.0844   2271.852974  x:  0.18178   0.13425   0.04313   0.05461   0.02291   0.06244   0.04076   0.06131   0.04798   0.07087   0.27418   0.13727   2.12574  
  5 106.5022   2270.903550  x:  0.16988   0.13825   0.04100   0.05269   0.02698   0.06051   0.03525   0.06374   0.04572   0.06614   0.24982   0.12537   2.16883  
  6 50.8602   2270.078902  x:  0.16236   0.14221   0.04307   0.05721   0.02166   0.06191   0.04169   0.06129   0.04539   0.06963   0.23017   0.11785   2.21374  
  7 199.6320   2267.037810  x:  0.18065   0.15861   0.03781   0.04944   0.02901   0.06651   0.03582   0.05424   0.04476   0.09779   0.20488   0.13615   2.43684  
  8 119.0959   2263.799682  x:  0.19580   0.16302   0.01520   0.05525   0.02338   0.06133   0.04077   0.06637   0.05179   0.09673   0.19971   0.15130   2.66278  
  9 528.9773   2256.028297  x:  0.19963   0.12548   0.05074   0.05634   0.01537   0.05409   0.04203   0.08259   0.03796   0.07492   0.25021   0.15513   3.29255  
 10 501.5142   2253.530240  x:  0.19389   0.11757   0.04766   0.05963   0.01927   0.06649   0.04076   0.06154   0.04324   0.06138   0.27351   0.14940   3.47836  
 11 655.2672   2252.865774  x:  0.18402   0.12590   0.04257   0.05741   0.02173   0.05832   0.04317   0.05762   0.04564   0.06870   0.28950   0.13952   3.52909  
 12 119.3154   2252.669796  x:  0.17957   0.13052   0.04017   0.05761   0.02053   0.06328   0.04139   0.06151   0.04527   0.07295   0.29603   0.13507   3.54445  
 13 73.7204   2250.648804  x:  0.18908   0.15761   0.03647   0.05447   0.02044   0.06323   0.03896   0.06020   0.04427   0.07697   0.26282   0.14481   4.19200  
 14  0.2946   2250.510279  x:  0.18592   0.14985   0.03635   0.05611   0.02118   0.06258   0.04026   0.06236   0.04440   0.07899   0.26834   0.14167   4.30673  
 15  0.0891   2250.502496  x:  0.18627   0.14945   0.03606   0.05641   0.02052   0.06301   0.04025   0.06171   0.04452   0.07864   0.26908   0.14201   4.33643  
 16  0.0281   2250.502004  x:  0.18662   0.14942   0.03611   0.05619   0.02056   0.06295   0.04020   0.06186   0.04452   0.07850   0.26895   0.14235   4.34433  
 17  0.0067   2250.501996  x:  0.18661   0.14940   0.03612   0.05617   0.02057   0.06296   0.04020   0.06184   0.04453   0.07852   0.26904   0.14234   4.34444  
 18  0.0001   2250.501996  x:  0.18661   0.14940   0.03612   0.05616   0.02056   0.06295   0.04020   0.06184   0.04453   0.07852   0.26904   0.14234   4.34436  
 19  0.0001   2250.501996  x:  0.18661   0.14940   0.03612   0.05616   0.02056   0.06295   0.04020   0.06184   0.04453   0.07852   0.26904   0.14233   4.34436  
 20  0.0000   2250.501996  x:  0.18662   0.14940   0.03612   0.05616   0.02056   0.06295   0.04020   0.06184   0.04453   0.07852   0.26904   0.14233   4.34436  
 21  0.0000   2250.501996  x:  0.18663   0.14940   0.03612   0.05616   0.02056   0.06296   0.04020   0.06184   0.04453   0.07852   0.26904   0.14232   4.34436  
 22  0.0000   2250.501996  x:  0.18663   0.14940   0.03612   0.05616   0.02056   0.06296   0.04020   0.06184   0.04453   0.07852   0.26904   0.14232   4.34436  
 23  0.0000   2250.501996  x:  0.18663   0.14940   0.03612   0.05616   0.02056   0.06296   0.04020   0.06184   0.04453   0.07852   0.26904   0.14232   4.34436  
 24  0.0000   2250.501996  x:  0.18663   0.14940   0.03612   0.05616   0.02056   0.06296   0.04020   0.06184   0.04453   0.07852   0.26904   0.14232   4.34436  

TREE #  2

  0  0.0000   2266.136267  x:  0.19448   0.05852   0.01724   0.02236   0.01620   0.07072   0.04900   0.06668   0.07772   0.11515   0.28362   0.11731   4.34436  
  1 99.0000   2256.237637  x:  0.20004   0.09181   0.02573   0.06855   0.03084   0.06409   0.03928   0.06639   0.06385   0.10867   0.28682   0.12287   4.34420  
  2 412.7122   2252.060026  x:  0.20432   0.11888   0.02520   0.06823   0.01652   0.06115   0.03527   0.05891   0.04196   0.09575   0.28814   0.12715   4.34408  
  3 233.4323   2251.103232  x:  0.20598   0.13347   0.02910   0.06083   0.02307   0.06380   0.04233   0.06139   0.03821   0.08805   0.28733   0.12881   4.34402  
  4 121.6784   2250.669006  x:  0.20644   0.14427   0.03570   0.05660   0.02178   0.06348   0.04088   0.06263   0.04623   0.08272   0.28495   0.12926   4.34401  
  5 81.6861   2250.604379  x:  0.20439   0.14485   0.03494   0.05659   0.02247   0.06280   0.03979   0.06315   0.04677   0.07843   0.28010   0.12722   4.34406  
  6 19.3139   2250.553603  x:  0.20189   0.14535   0.03745   0.05745   0.02153   0.06320   0.04125   0.06262   0.04613   0.07715   0.27352   0.12471   4.34413  
  7 24.3184   2250.545321  x:  0.20165   0.14565   0.03796   0.05698   0.02199   0.06312   0.04043   0.06256   0.04562   0.07784   0.27183   0.12448   4.34414  
  8 11.1636   2250.538458  x:  0.20228   0.14666   0.03657   0.05694   0.02199   0.06321   0.04061   0.06252   0.04601   0.07920   0.26923   0.12511   4.34413  
  9  5.3611   2250.538256  x:  0.20246   0.14658   0.03663   0.05696   0.02191   0.06314   0.04062   0.06274   0.04596   0.07916   0.26908   0.12528   4.34413  
 10  1.0103   2250.538098  x:  0.20271   0.14643   0.03673   0.05697   0.02194   0.06319   0.04061   0.06262   0.04596   0.07902   0.26893   0.12553   4.34413  
 11  0.8381   2250.537985  x:  0.20273   0.14642   0.03675   0.05695   0.02197   0.06301   0.04066   0.06256   0.04596   0.07901   0.26891   0.12556   4.34411  
 12  0.0963   2250.502226  x:  0.20289   0.14955   0.03623   0.05604   0.02054   0.06295   0.04026   0.06196   0.04463   0.07849   0.26904   0.12575   4.33930  
 13  0.0966   2250.502088  x:  0.20299   0.14953   0.03618   0.05607   0.02054   0.06295   0.04024   0.06192   0.04460   0.07851   0.26908   0.12581   4.34678  
 14  0.0216   2250.501997  x:  0.20311   0.14939   0.03611   0.05615   0.02056   0.06296   0.04020   0.06184   0.04453   0.07852   0.26904   0.12585   4.34434  
 15  0.0034   2250.501996  x:  0.20311   0.14939   0.03612   0.05616   0.02056   0.06295   0.04020   0.06184   0.04453   0.07852   0.26904   0.12584   4.34435  
 16  0.0000   2250.501996  x:  0.20311   0.14940   0.03612   0.05616   0.02056   0.06295   0.04020   0.06184   0.04453   0.07852   0.26904   0.12583   4.34436  
 17  0.0000   2250.501996  x:  0.20311   0.14940   0.03612   0.05616   0.02056   0.06295   0.04020   0.06184   0.04453   0.07852   0.26904   0.12583   4.34436  