

TREE # 1

  0  0.0000   2219.079528  x:  1.17786   0.92152   1.17803  
  1 99.0000   2216.520912  x:  1.37999   0.88874   1.18698  
  2 26.4886   2215.290421  x:  1.50174   1.03971   1.29680  
  3 15.0428   2215.095517  x:  1.51325   1.03349   1.36003  
  4  8.3625   2215.070354  x:  1.54119   1.03456   1.36549  
  5  0.0191   2215.070350  x:  1.54116   1.03445   1.36566  
  6  0.0002   2215.070350  x:  1.54116   1.03444   1.36565  

TREE # 2

  0  0.0000   2215.701861  x:  1.51422   0.94970   1.25527  
  1 99.0000   2215.199919  x:  1.47808   1.01008   1.30625  
  2 11.7737   2215.124374  x:  1.49895   1.00700   1.34708  
  3  3.6645   2215.070881  x:  1.54191   1.03227   1.36337  
  4  3.3416   2215.070350  x:  1.54113   1.03443   1.36565  
  5  0.0029   2215.070350  x:  1.54116   1.03444   1.36565  
  6  0.0000   2215.070350  x:  1.54116   1.03444   1.36565  