

TREE #  1

  0  0.0000   2076.228605  x:  0.06734   0.00000   0.02760   0.00758   0.01702   0.00829   0.01770   0.02313   0.02651   0.03292   0.02822   0.05769   0.01791   0.03367   0.00799   0.02019   0.01404   0.02438   0.02075   0.02562   0.04819   0.03407   0.07100   0.01695   1.65344  
  1 99.0000   2067.924276  x:  0.06687   0.01699   0.02869   0.00686   0.01626   0.00914   0.01785   0.02194   0.02596   0.03218   0.02703   0.05729   0.01880   0.03458   0.00769   0.01936   0.01328   0.02422   0.01968   0.02524   0.04802   0.03316   0.07051   0.01649   1.65379  
  2 3118.0714   2058.175664  x:  0.06094   0.01654   0.03357   0.00302   0.00918   0.01472   0.01919   0.01118   0.02115   0.02587   0.01547   0.05123   0.02019   0.04190   0.00544   0.01220   0.00709   0.02297   0.01025   0.02206   0.04642   0.02478   0.06610   0.01056   1.65711  
  3 588.1409   2056.355754  x:  0.05802   0.01662   0.03589   0.00895   0.00805   0.01436   0.02015   0.00809   0.02007   0.02395   0.01128   0.04784   0.02047   0.04511   0.00740   0.01122   0.00936   0.02331   0.00854   0.02166   0.04573   0.02123   0.06346   0.00764   1.65930  
  4 574.2465   2054.884953  x:  0.05469   0.01669   0.03885   0.00776   0.00971   0.01169   0.02151   0.01005   0.02077   0.02258   0.00739   0.04199   0.02027   0.04938   0.00813   0.01297   0.01081   0.02445   0.01071   0.02188   0.04484   0.01741   0.05899   0.00431   1.66327  
  5 332.3087   2054.141821  x:  0.05331   0.01671   0.04120   0.00845   0.01010   0.01118   0.02148   0.01023   0.02154   0.02256   0.01102   0.03632   0.01986   0.05305   0.00745   0.01426   0.00954   0.02471   0.01056   0.02198   0.04396   0.01621   0.05439   0.00293   1.66815  
  6 252.1602   2053.582239  x:  0.05511   0.01669   0.04239   0.00791   0.00936   0.01248   0.02020   0.00990   0.02224   0.02422   0.01009   0.03219   0.01915   0.05599   0.00862   0.01509   0.01077   0.02445   0.00992   0.02225   0.04311   0.01914   0.04934   0.00473   1.67649  
  7 159.7974   2053.030779  x:  0.05776   0.01667   0.04280   0.00981   0.00967   0.01180   0.01994   0.01077   0.02208   0.02519   0.00811   0.03123   0.01876   0.05783   0.00604   0.01405   0.00917   0.02436   0.01082   0.02196   0.04273   0.01963   0.04532   0.00738   1.68916  
  8 188.5166   2051.133476  x:  0.06323   0.01639   0.04261   0.00869   0.01125   0.00912   0.02188   0.01069   0.02029   0.02253   0.00981   0.03407   0.02059   0.06111   0.01090   0.01145   0.00857   0.02376   0.01078   0.02104   0.04415   0.01549   0.03873   0.01285   1.74838  
  9 286.7205   2045.262717  x:  0.06689   0.01587   0.04202   0.00809   0.01126   0.01831   0.02441   0.01016   0.01987   0.01685   0.01193   0.04090   0.02293   0.06666   0.00607   0.01844   0.01510   0.02342   0.01277   0.02305   0.04743   0.00901   0.03502   0.01651   1.94464  
 10 1221.7827   2016.003326  x:  0.05036   0.01509   0.04220   0.01030   0.01087   0.00970   0.03123   0.00761   0.02197   0.02125   0.00948   0.06267   0.02917   0.09046   0.00550   0.03313   0.00434   0.02639   0.00763   0.01882   0.05787   0.03665   0.05246   0.00000   3.13993  
 11 4319.6235   2016.003326  x:  0.05036   0.01509   0.04220   0.01030   0.01087   0.00970   0.03123   0.00761   0.02197   0.02125   0.00948   0.06267   0.02917   0.09046   0.00550   0.03313   0.00434   0.02639   0.00763   0.01882   0.05787   0.03665   0.05246   0.00000   3.13993  
 12 5109.3804   2009.440968  x:  0.05384   0.01290   0.04066   0.00738   0.00977   0.01250   0.02550   0.01269   0.02237   0.02349   0.01089   0.05602   0.02466   0.08392   0.00417   0.02486   0.02367   0.02595   0.01310   0.02221   0.05326   0.02882   0.05153   0.00349   3.14076  
 13 711.5793   2003.370618  x:  0.05766   0.01048   0.03905   0.00645   0.00965   0.01185   0.01738   0.01108   0.02227   0.02566   0.01221   0.04467   0.01865   0.07218   0.00781   0.01158   0.02042   0.02428   0.01105   0.02186   0.04663   0.01645   0.05017   0.00730   3.14238  
 14 507.5754   2001.878758  x:  0.05890   0.01276   0.03952   0.00869   0.01011   0.01285   0.01969   0.01388   0.02201   0.02547   0.01121   0.03607   0.01689   0.06144   0.00589   0.01333   0.01748   0.02423   0.01369   0.02403   0.04291   0.01500   0.05026   0.00854   3.14428  
 15 234.8928   2001.534421  x:  0.05905   0.01315   0.04003   0.00787   0.00995   0.01243   0.01983   0.01337   0.02201   0.02517   0.01013   0.03348   0.01736   0.05718   0.00816   0.01408   0.01790   0.02411   0.01364   0.02449   0.04210   0.01686   0.05041   0.00870   3.14542  
 16 192.5433   2001.379911  x:  0.05877   0.01289   0.04075   0.00824   0.00984   0.01200   0.01944   0.01195   0.02212   0.02488   0.01022   0.03308   0.01829   0.05399   0.00676   0.01369   0.01862   0.02402   0.01267   0.02418   0.04225   0.01817   0.05068   0.00841   3.14696  
 17 92.7195   2001.296297  x:  0.05832   0.01278   0.04128   0.00815   0.00993   0.01258   0.01984   0.01276   0.02237   0.02480   0.01067   0.03446   0.01875   0.05127   0.00710   0.01305   0.01869   0.02446   0.01241   0.02336   0.04346   0.01800   0.05093   0.00796   3.14974  
 18 50.4374   2001.248549  x:  0.05819   0.01267   0.04113   0.00717   0.00982   0.01210   0.01964   0.01266   0.02222   0.02496   0.01063   0.03527   0.01842   0.05015   0.00680   0.01339   0.01847   0.02458   0.01290   0.02339   0.04414   0.01764   0.05116   0.00783   3.15281  
 19 51.7532   2001.148232  x:  0.05818   0.01223   0.04025   0.00788   0.00986   0.01188   0.01911   0.01208   0.02170   0.02543   0.01170   0.03630   0.01771   0.04903   0.00733   0.01413   0.01842   0.02425   0.01359   0.02411   0.04481   0.01761   0.05183   0.00783   3.16158  
 20 89.0309   2000.364136  x:  0.05877   0.01227   0.03431   0.00616   0.01047   0.01475   0.01968   0.01231   0.02074   0.02637   0.01200   0.03872   0.01754   0.04736   0.00670   0.01258   0.01730   0.02101   0.01250   0.02751   0.04471   0.01975   0.05658   0.00843   3.23462  
 21 228.9292   1997.646441  x:  0.05866   0.01275   0.02946   0.00780   0.00793   0.00875   0.02079   0.01440   0.02222   0.02518   0.01178   0.04044   0.02127   0.04765   0.00711   0.00809   0.01640   0.02498   0.01528   0.02930   0.04125   0.02088   0.06618   0.00833   3.48477  
 22 1104.1275   1989.522962  x:  0.05718   0.01106   0.03669   0.00621   0.01358   0.01559   0.01529   0.00975   0.02938   0.02162   0.01139   0.03874   0.02353   0.05183   0.00809   0.01639   0.01733   0.03345   0.01475   0.02502   0.03322   0.01359   0.08281   0.00689   4.32808  
 23 4708.1777   1981.296645  x:  0.05766   0.01143   0.04894   0.00599   0.00744   0.01167   0.02003   0.01389   0.02350   0.02583   0.01369   0.03294   0.01275   0.05646   0.00771   0.01939   0.02027   0.02749   0.00560   0.01872   0.03783   0.01416   0.07895   0.00742   5.06430  
 24 6912.5922   1976.338130  x:  0.05881   0.01348   0.05748   0.00772   0.01190   0.01292   0.02144   0.01113   0.01826   0.02824   0.01019   0.02966   0.01122   0.05969   0.00732   0.01189   0.01887   0.02088   0.01541   0.01677   0.04667   0.01941   0.06161   0.00859   5.58915  
 25 6640.4710   1973.820372  x:  0.06021   0.01374   0.05751   0.00908   0.01005   0.01293   0.01911   0.01235   0.02000   0.02718   0.00848   0.02981   0.01714   0.05977   0.00716   0.01240   0.01775   0.01956   0.01402   0.02450   0.05152   0.01785   0.04421   0.01001   5.83398  
 26 3515.3096   1973.441045  x:  0.06043   0.01326   0.05380   0.00889   0.01110   0.01286   0.02012   0.01188   0.02079   0.02619   0.00904   0.03006   0.01584   0.05930   0.00683   0.01287   0.01813   0.02207   0.01317   0.02312   0.05080   0.01888   0.03912   0.01022   5.87039  
 27 562.9920   1973.397130  x:  0.06030   0.01343   0.05265   0.00913   0.01046   0.01311   0.01992   0.01180   0.02026   0.02610   0.00868   0.03007   0.01642   0.05915   0.00682   0.01336   0.01830   0.02171   0.01336   0.02179   0.05052   0.01855   0.03843   0.01010   5.87465  
 28 86.3068   1973.393937  x:  0.06021   0.01352   0.05250   0.00912   0.01071   0.01293   0.01990   0.01189   0.02035   0.02620   0.00875   0.02999   0.01657   0.05915   0.00683   0.01345   0.01836   0.02151   0.01333   0.02164   0.05053   0.01847   0.03838   0.01001   5.87498  
 29 14.7604   1973.392525  x:  0.05997   0.01349   0.05239   0.00915   0.01066   0.01297   0.01987   0.01188   0.02046   0.02631   0.00867   0.02984   0.01651   0.05917   0.00683   0.01342   0.01837   0.02152   0.01334   0.02167   0.05066   0.01846   0.03839   0.00977   5.87521  
 30  2.8545   1973.388820  x:  0.05980   0.01381   0.05231   0.00906   0.01061   0.01303   0.01985   0.01179   0.02033   0.02622   0.00890   0.02968   0.01654   0.05921   0.00684   0.01337   0.01840   0.02165   0.01332   0.02174   0.05079   0.01841   0.03841   0.00959   5.87595  
 31  3.6733   1973.326263  x:  0.05954   0.01414   0.05188   0.00953   0.01146   0.01275   0.01963   0.01191   0.01921   0.02504   0.00799   0.02958   0.01628   0.05920   0.00691   0.01335   0.01868   0.02204   0.01273   0.02201   0.05149   0.01799   0.03883   0.00935   5.88851  
 32 16.6736   1971.996780  x:  0.06127   0.01336   0.04708   0.00977   0.01059   0.01277   0.01732   0.01356   0.02315   0.01913   0.00906   0.02796   0.01612   0.05910   0.00630   0.01479   0.01660   0.02265   0.01298   0.01965   0.05696   0.01991   0.04399   0.01142   6.15444  
 33 246.8364   1968.555169  x:  0.06210   0.01468   0.03817   0.01041   0.01053   0.01295   0.02391   0.00894   0.02510   0.02644   0.00799   0.03234   0.02107   0.05672   0.00669   0.01766   0.01383   0.03013   0.01052   0.01906   0.05696   0.01831   0.05381   0.01316   6.88283  
 34 3584.3396   1966.116623  x:  0.05437   0.01221   0.03630   0.00844   0.01093   0.01238   0.02231   0.01244   0.02226   0.02517   0.01116   0.04028   0.02185   0.05434   0.00660   0.01871   0.00949   0.03004   0.01092   0.02108   0.04390   0.02142   0.05642   0.00603   7.36435  
 35 3828.7448   1965.970416  x:  0.05366   0.01346   0.03632   0.00876   0.01037   0.01210   0.02353   0.01128   0.02377   0.02363   0.01085   0.04172   0.02083   0.05398   0.00698   0.01851   0.00977   0.02852   0.01112   0.02144   0.04262   0.02069   0.05646   0.00535   7.39382  
 36 487.9243   1965.969807  x:  0.05364   0.01330   0.03631   0.00872   0.01037   0.01209   0.02366   0.01124   0.02373   0.02356   0.01090   0.04167   0.02089   0.05399   0.00699   0.01851   0.00977   0.02848   0.01114   0.02146   0.04263   0.02063   0.05647   0.00534   7.39407  
 37  1.7717   1962.838651  x:  0.05755   0.01287   0.04693   0.00875   0.00971   0.01027   0.02087   0.00964   0.02270   0.02417   0.01029   0.03650   0.01901   0.05366   0.00873   0.01397   0.00625   0.02457   0.00890   0.02505   0.04451   0.01772   0.05381   0.01166   8.95192  
 38  3.8860   1961.402712  x:  0.05518   0.01255   0.04755   0.00888   0.01010   0.01019   0.01927   0.01046   0.02083   0.02491   0.01014   0.03503   0.01882   0.05710   0.00885   0.01344   0.01352   0.02384   0.00854   0.02346   0.04625   0.01926   0.05177   0.01164  10.10079  
 39  1.0985   1960.494846  x:  0.05266   0.01307   0.04134   0.00867   0.00964   0.01240   0.02110   0.01156   0.02261   0.02436   0.01000   0.03539   0.01865   0.05714   0.00819   0.01442   0.01180   0.02474   0.01191   0.02147   0.04545   0.01930   0.05230   0.01226  11.25510  
 40  0.8175   1960.239619  x:  0.05260   0.01304   0.04247   0.00874   0.01061   0.01124   0.02070   0.01079   0.02256   0.02437   0.01012   0.03625   0.01879   0.05600   0.00754   0.01454   0.01048   0.02560   0.01057   0.02315   0.04446   0.01900   0.05277   0.01341  12.09475  
 41  0.4995   1960.215855  x:  0.05263   0.01290   0.04318   0.00874   0.01009   0.01146   0.02070   0.01084   0.02247   0.02443   0.01013   0.03591   0.01873   0.05646   0.00783   0.01443   0.01055   0.02510   0.01056   0.02283   0.04535   0.01889   0.05256   0.01360  12.34315  
 42  0.1898   1960.214360  x:  0.05264   0.01292   0.04302   0.00873   0.01015   0.01144   0.02071   0.01088   0.02241   0.02444   0.01012   0.03593   0.01876   0.05638   0.00786   0.01449   0.01061   0.02515   0.01052   0.02269   0.04508   0.01897   0.05258   0.01349  12.40988  
 43  0.0586   1960.214305  x:  0.05272   0.01294   0.04303   0.00874   0.01016   0.01144   0.02072   0.01087   0.02244   0.02443   0.01011   0.03594   0.01876   0.05639   0.00785   0.01449   0.01063   0.02517   0.01054   0.02271   0.04513   0.01897   0.05259   0.01340  12.41951  
 44  0.0099   1960.214303  x:  0.05283   0.01294   0.04303   0.00874   0.01016   0.01144   0.02072   0.01087   0.02244   0.02443   0.01011   0.03594   0.01876   0.05638   0.00785   0.01449   0.01063   0.02517   0.01054   0.02272   0.04513   0.01897   0.05259   0.01329  12.42125  
 45  0.0018   1960.214302  x:  0.05296   0.01294   0.04302   0.00874   0.01016   0.01144   0.02072   0.01087   0.02244   0.02443   0.01011   0.03594   0.01876   0.05638   0.00785   0.01449   0.01063   0.02517   0.01054   0.02272   0.04512   0.01897   0.05259   0.01316  12.42143  
 46  0.0002   1960.214302  x:  0.05381   0.01294   0.04302   0.00873   0.01016   0.01144   0.02072   0.01087   0.02244   0.02443   0.01011   0.03594   0.01876   0.05638   0.00785   0.01449   0.01063   0.02516   0.01054   0.02272   0.04512   0.01897   0.05259   0.01231  12.42121  
 47  0.0002   1960.214302  x:  0.05435   0.01294   0.04302   0.00874   0.01016   0.01144   0.02072   0.01087   0.02244   0.02443   0.01011   0.03594   0.01876   0.05638   0.00785   0.01449   0.01063   0.02516   0.01054   0.02272   0.04512   0.01897   0.05259   0.01178  12.42127  
 48  0.0006   1960.214302  x:  0.05435   0.01294   0.04302   0.00874   0.01016   0.01144   0.02072   0.01087   0.02244   0.02443   0.01011   0.03594   0.01876   0.05638   0.00785   0.01449   0.01063   0.02516   0.01054   0.02272   0.04512   0.01897   0.05259   0.01178  12.42127  
 49  0.0093   1960.214302  x:  0.05435   0.01294   0.04302   0.00874   0.01016   0.01144   0.02072   0.01087   0.02244   0.02443   0.01011   0.03594   0.01876   0.05638   0.00785   0.01449   0.01063   0.02516   0.01054   0.02272   0.04512   0.01897   0.05259   0.01178  12.42127  
 50  0.0007   1960.214302  x:  0.05435   0.01294   0.04302   0.00874   0.01016   0.01144   0.02072   0.01087   0.02244   0.02443   0.01011   0.03594   0.01876   0.05638   0.00785   0.01449   0.01063   0.02516   0.01054   0.02272   0.04512   0.01897   0.05259   0.01178  12.42127  
check convergence!


TREE #  2

  0  0.0000   1984.785402  x:  0.05771   0.00053   0.02506   0.00355   0.01201   0.00444   0.01664   0.02150   0.02824   0.03059   0.02668   0.05456   0.01383   0.02759   0.00000   0.01630   0.00483   0.02298   0.01804   0.02834   0.04770   0.03288   0.07722   0.02602  12.42127  
  1 99.0000   1972.086181  x:  0.05708   0.01496   0.02752   0.00540   0.01173   0.01036   0.01749   0.01962   0.02734   0.02967   0.02486   0.05415   0.01665   0.03094   0.01332   0.01608   0.00830   0.02320   0.01649   0.02775   0.04788   0.03208   0.07633   0.02539  12.42127  
  2 2181.2125   1963.143650  x:  0.05161   0.01538   0.03708   0.00701   0.00878   0.01491   0.02094   0.00844   0.02169   0.02471   0.01269   0.04860   0.02055   0.04539   0.00858   0.01029   0.01202   0.02399   0.00831   0.02365   0.04648   0.02340   0.07076   0.01992  12.42127  
  3 533.1379   1961.253667  x:  0.04801   0.01543   0.04179   0.00783   0.01070   0.01219   0.02210   0.01178   0.02120   0.02365   0.00825   0.04277   0.02020   0.05240   0.00923   0.01452   0.01076   0.02584   0.01219   0.02244   0.04616   0.01865   0.06463   0.01632  12.42127  
  4 294.5861   1960.696208  x:  0.04705   0.01536   0.04351   0.00997   0.01083   0.01102   0.02116   0.01144   0.02198   0.02402   0.01151   0.03850   0.01910   0.05550   0.00956   0.01569   0.01018   0.02564   0.01126   0.02241   0.04565   0.01757   0.05982   0.01536  12.42127  
  5 204.8776   1960.435303  x:  0.04767   0.01530   0.04354   0.00817   0.01034   0.01139   0.02010   0.01146   0.02312   0.02468   0.01101   0.03546   0.01790   0.05661   0.00981   0.01589   0.01047   0.02513   0.01062   0.02293   0.04507   0.01850   0.05555   0.01598  12.42127  
  6 123.8637   1960.365578  x:  0.04862   0.01537   0.04312   0.00943   0.01032   0.01187   0.02035   0.01160   0.02301   0.02491   0.01034   0.03483   0.01795   0.05657   0.00947   0.01524   0.01043   0.02515   0.01129   0.02306   0.04480   0.01892   0.05315   0.01693  12.42127  
  7 56.3134   1960.354729  x:  0.04888   0.01552   0.04298   0.00945   0.01040   0.01129   0.02047   0.01150   0.02285   0.02480   0.01021   0.03487   0.01825   0.05639   0.00950   0.01519   0.01038   0.02510   0.01114   0.02303   0.04484   0.01886   0.05253   0.01719  12.42127  
  8 25.8587   1960.352504  x:  0.04889   0.01548   0.04293   0.00937   0.01046   0.01144   0.02050   0.01153   0.02280   0.02464   0.01030   0.03497   0.01846   0.05621   0.00946   0.01536   0.01043   0.02511   0.01107   0.02297   0.04495   0.01871   0.05222   0.01720  12.42127  
  9  9.2239   1960.352221  x:  0.04884   0.01545   0.04294   0.00936   0.01040   0.01143   0.02046   0.01149   0.02280   0.02465   0.01030   0.03504   0.01847   0.05615   0.00949   0.01535   0.01044   0.02514   0.01111   0.02292   0.04499   0.01872   0.05214   0.01715  12.42127  
 10  3.3382   1960.352158  x:  0.04880   0.01546   0.04295   0.00936   0.01042   0.01144   0.02047   0.01151   0.02282   0.02468   0.01030   0.03506   0.01847   0.05612   0.00949   0.01532   0.01043   0.02514   0.01109   0.02291   0.04501   0.01874   0.05211   0.01712  12.42127  
 11  1.6724   1960.352148  x:  0.04880   0.01547   0.04296   0.00936   0.01042   0.01143   0.02048   0.01151   0.02281   0.02468   0.01030   0.03506   0.01847   0.05612   0.00947   0.01532   0.01044   0.02514   0.01109   0.02293   0.04502   0.01874   0.05210   0.01711  12.42127  
 12  0.4721   1960.352114  x:  0.04879   0.01547   0.04298   0.00936   0.01042   0.01144   0.02048   0.01150   0.02280   0.02467   0.01029   0.03505   0.01847   0.05610   0.00947   0.01532   0.01041   0.02513   0.01110   0.02295   0.04503   0.01875   0.05210   0.01710  12.42127  
 13  0.2723   1960.351865  x:  0.04879   0.01542   0.04303   0.00939   0.01044   0.01143   0.02047   0.01150   0.02279   0.02463   0.01026   0.03498   0.01848   0.05602   0.00952   0.01528   0.01044   0.02510   0.01108   0.02299   0.04510   0.01875   0.05212   0.01710  12.42127  
 14  0.4509   1960.350376  x:  0.04885   0.01551   0.04324   0.00935   0.01040   0.01143   0.02045   0.01151   0.02282   0.02463   0.01027   0.03477   0.01848   0.05583   0.00941   0.01515   0.01046   0.02516   0.01112   0.02284   0.04523   0.01866   0.05220   0.01716  12.42126  
 15  1.4002   1960.342676  x:  0.04898   0.01549   0.04359   0.00953   0.01036   0.01147   0.02062   0.01127   0.02281   0.02485   0.01000   0.03468   0.01839   0.05566   0.00923   0.01556   0.01055   0.02527   0.01084   0.02253   0.04537   0.01888   0.05232   0.01727  12.42120  
 16  2.5679   1960.278790  x:  0.04911   0.01469   0.04410   0.00917   0.00978   0.01176   0.02094   0.01115   0.02219   0.02419   0.00969   0.03555   0.01880   0.05691   0.00877   0.01451   0.01077   0.02552   0.01025   0.02265   0.04481   0.01906   0.05245   0.01725  12.42076  
 17  4.6160   1960.267461  x:  0.04909   0.01460   0.04394   0.00907   0.01021   0.01185   0.02084   0.01063   0.02228   0.02423   0.00958   0.03567   0.01889   0.05713   0.00864   0.01432   0.01080   0.02539   0.01042   0.02271   0.04481   0.01890   0.05249   0.01719  12.42068  
 18 22.8520   1960.265138  x:  0.04901   0.01463   0.04364   0.00914   0.01007   0.01185   0.02084   0.01064   0.02232   0.02435   0.00948   0.03560   0.01893   0.05719   0.00858   0.01431   0.01083   0.02511   0.01040   0.02269   0.04498   0.01872   0.05253   0.01711  12.42067  
 19  8.3951   1960.264900  x:  0.04898   0.01463   0.04354   0.00913   0.01008   0.01186   0.02089   0.01064   0.02229   0.02432   0.00949   0.03554   0.01894   0.05723   0.00858   0.01430   0.01084   0.02514   0.01041   0.02264   0.04507   0.01879   0.05254   0.01709  12.42067  
 20  2.6598   1960.264884  x:  0.04899   0.01464   0.04353   0.00914   0.01008   0.01185   0.02087   0.01064   0.02229   0.02431   0.00949   0.03554   0.01894   0.05724   0.00857   0.01430   0.01084   0.02516   0.01040   0.02265   0.04509   0.01879   0.05255   0.01709  12.42067  
 21  0.6635   1960.264879  x:  0.04899   0.01464   0.04353   0.00913   0.01008   0.01185   0.02088   0.01064   0.02230   0.02432   0.00949   0.03555   0.01893   0.05725   0.00857   0.01430   0.01084   0.02517   0.01040   0.02265   0.04511   0.01879   0.05254   0.01709  12.42067  
 22  0.1388   1960.264848  x:  0.04900   0.01464   0.04355   0.00913   0.01009   0.01185   0.02085   0.01065   0.02229   0.02431   0.00949   0.03557   0.01894   0.05727   0.00857   0.01430   0.01084   0.02513   0.01041   0.02263   0.04513   0.01880   0.05254   0.01710  12.42067  
 23  0.1123   1960.230117  x:  0.04923   0.01336   0.04315   0.00890   0.00999   0.01159   0.02090   0.01078   0.02325   0.02415   0.00996   0.03592   0.01939   0.05677   0.00803   0.01447   0.01075   0.02518   0.01050   0.02279   0.04508   0.01912   0.05271   0.01690  12.42209  
 24  0.0305   1960.215428  x:  0.04933   0.01288   0.04286   0.00865   0.01016   0.01157   0.02071   0.01088   0.02246   0.02439   0.01023   0.03610   0.01883   0.05642   0.00787   0.01452   0.01073   0.02515   0.01049   0.02277   0.04506   0.01895   0.05269   0.01683  12.42269  
 25 17.5568   1960.215420  x:  0.04933   0.01289   0.04286   0.00865   0.01016   0.01157   0.02071   0.01088   0.02246   0.02438   0.01023   0.03610   0.01881   0.05641   0.00787   0.01452   0.01073   0.02514   0.01049   0.02276   0.04505   0.01895   0.05269   0.01682  12.42269  
 26  0.5038   1960.214306  x:  0.04940   0.01295   0.04303   0.00874   0.01016   0.01144   0.02072   0.01087   0.02244   0.02444   0.01012   0.03593   0.01876   0.05638   0.00784   0.01449   0.01064   0.02517   0.01054   0.02272   0.04512   0.01898   0.05258   0.01673  12.42239  
 27  0.0005   1960.214303  x:  0.04948   0.01294   0.04302   0.00874   0.01016   0.01144   0.02072   0.01087   0.02244   0.02443   0.01011   0.03594   0.01876   0.05638   0.00785   0.01449   0.01063   0.02516   0.01054   0.02272   0.04512   0.01897   0.05259   0.01665  12.42219  
 28  0.0002   1960.214302  x:  0.04960   0.01294   0.04302   0.00873   0.01016   0.01144   0.02072   0.01087   0.02244   0.02443   0.01011   0.03594   0.01876   0.05638   0.00785   0.01449   0.01063   0.02517   0.01054   0.02272   0.04512   0.01897   0.05259   0.01653  12.42194  
 29  0.0002   1960.214302  x:  0.04960   0.01294   0.04302   0.00873   0.01016   0.01144   0.02072   0.01087   0.02244   0.02443   0.01011   0.03594   0.01876   0.05638   0.00785   0.01449   0.01063   0.02517   0.01054   0.02272   0.04512   0.01897   0.05259   0.01652  12.42193  
 30  0.0001   1960.214302  x:  0.04967   0.01294   0.04302   0.00874   0.01016   0.01144   0.02072   0.01087   0.02244   0.02443   0.01011   0.03594   0.01876   0.05638   0.00785   0.01449   0.01063   0.02517   0.01054   0.02272   0.04512   0.01897   0.05259   0.01645  12.42183  
 31  0.0006   1960.214302  x:  0.04974   0.01294   0.04302   0.00874   0.01016   0.01144   0.02072   0.01087   0.02244   0.02443   0.01011   0.03594   0.01876   0.05638   0.00785   0.01449   0.01063   0.02516   0.01054   0.02272   0.04512   0.01897   0.05259   0.01638  12.42175  
 32  0.0009   1960.214302  x:  0.04980   0.01294   0.04302   0.00874   0.01016   0.01144   0.02072   0.01087   0.02244   0.02443   0.01011   0.03594   0.01876   0.05638   0.00785   0.01449   0.01063   0.02516   0.01054   0.02272   0.04512   0.01897   0.05259   0.01632  12.42168  
 33  0.0012   1960.214302  x:  0.04985   0.01294   0.04302   0.00874   0.01016   0.01144   0.02072   0.01087   0.02244   0.02443   0.01011   0.03594   0.01876   0.05638   0.00785   0.01449   0.01063   0.02516   0.01054   0.02272   0.04512   0.01897   0.05259   0.01627  12.42165  
 34  0.0015   1960.214302  x:  0.04988   0.01294   0.04302   0.00874   0.01016   0.01144   0.02072   0.01087   0.02244   0.02443   0.01011   0.03594   0.01876   0.05638   0.00785   0.01449   0.01063   0.02516   0.01054   0.02272   0.04512   0.01897   0.05259   0.01625  12.42162  
 35  0.0020   1960.214302  x:  0.04990   0.01294   0.04302   0.00874   0.01016   0.01144   0.02072   0.01087   0.02244   0.02443   0.01011   0.03594   0.01876   0.05638   0.00785   0.01449   0.01063   0.02516   0.01054   0.02272   0.04512   0.01897   0.05259   0.01623  12.42161  
 36  0.0025   1960.214302  x:  0.04991   0.01294   0.04302   0.00874   0.01016   0.01144   0.02072   0.01087   0.02244   0.02443   0.01011   0.03594   0.01876   0.05638   0.00785   0.01449   0.01063   0.02516   0.01054   0.02272   0.04512   0.01897   0.05259   0.01621  12.42160  
 37  0.0032   1960.214302  x:  0.04992   0.01294   0.04302   0.00874   0.01016   0.01144   0.02072   0.01087   0.02244   0.02443   0.01011   0.03594   0.01876   0.05638   0.00785   0.01449   0.01063   0.02516   0.01054   0.02272   0.04512   0.01897   0.05259   0.01621  12.42160  
 38  0.0040   1960.214302  x:  0.04992   0.01294   0.04302   0.00874   0.01016   0.01144   0.02072   0.01087   0.02244   0.02443   0.01011   0.03594   0.01876   0.05638   0.00785   0.01449   0.01063   0.02516   0.01054   0.02272   0.04512   0.01897   0.05259   0.01620  12.42160  
 39  0.0049   1960.214302  x:  0.04992   0.01294   0.04302   0.00874   0.01016   0.01144   0.02072   0.01087   0.02244   0.02443   0.01011   0.03594   0.01876   0.05638   0.00785   0.01449   0.01063   0.02516   0.01054   0.02272   0.04512   0.01897   0.05259   0.01620  12.42160  
 40  0.0061   1960.214302  x:  0.04992   0.01294   0.04302   0.00874   0.01016   0.01144   0.02072   0.01087   0.02244   0.02443   0.01011   0.03594   0.01876   0.05638   0.00785   0.01449   0.01063   0.02516   0.01054   0.02272   0.04512   0.01897   0.05259   0.01620  12.42160  
 41  0.0073   1960.214302  x:  0.04992   0.01294   0.04302   0.00874   0.01016   0.01144   0.02072   0.01087   0.02244   0.02443   0.01011   0.03594   0.01876   0.05638   0.00785   0.01449   0.01063   0.02516   0.01054   0.02272   0.04512   0.01897   0.05259   0.01620  12.42160  
 42  0.0002   1960.214302  x:  0.04992   0.01294   0.04302   0.00874   0.01016   0.01144   0.02072   0.01087   0.02244   0.02443   0.01011   0.03594   0.01876   0.05638   0.00785   0.01449   0.01063   0.02516   0.01054   0.02272   0.04512   0.01897   0.05259   0.01620  12.42160  
 43  0.0127   1960.214301  x:  0.04992   0.01293   0.04303   0.00873   0.01016   0.01144   0.02072   0.01087   0.02244   0.02443   0.01011   0.03594   0.01876   0.05638   0.00785   0.01449   0.01063   0.02517   0.01054   0.02272   0.04512   0.01897   0.05258   0.01621  12.42160  
 44  0.0033   1960.214301  x:  0.04992   0.01293   0.04303   0.00873   0.01016   0.01144   0.02072   0.01087   0.02244   0.02443   0.01011   0.03594   0.01876   0.05638   0.00785   0.01449   0.01063   0.02517   0.01054   0.02272   0.04512   0.01897   0.05258   0.01621  12.42160  
 45  0.0017   1960.214301  x:  0.04992   0.01293   0.04303   0.00873   0.01016   0.01144   0.02072   0.01087   0.02244   0.02443   0.01011   0.03594   0.01876   0.05638   0.00785   0.01449   0.01063   0.02517   0.01054   0.02272   0.04512   0.01897   0.05258   0.01621  12.42160  
 46  0.0019   1960.214301  x:  0.04992   0.01293   0.04303   0.00873   0.01016   0.01144   0.02072   0.01087   0.02244   0.02443   0.01011   0.03594   0.01876   0.05638   0.00785   0.01449   0.01063   0.02516   0.01054   0.02272   0.04512   0.01897   0.05258   0.01620  12.42160  
 47  0.0026   1960.214301  x:  0.04992   0.01293   0.04303   0.00873   0.01016   0.01144   0.02072   0.01087   0.02244   0.02443   0.01011   0.03594   0.01876   0.05638   0.00785   0.01449   0.01063   0.02516   0.01054   0.02272   0.04512   0.01897   0.05258   0.01620  12.42160  
 48  0.0036   1960.214301  x:  0.04992   0.01293   0.04303   0.00873   0.01016   0.01144   0.02072   0.01087   0.02244   0.02443   0.01011   0.03594   0.01876   0.05638   0.00785   0.01449   0.01063   0.02516   0.01054   0.02272   0.04512   0.01897   0.05258   0.01620  12.42159  
 49  0.0173   1960.214301  x:  0.04992   0.01293   0.04303   0.00873   0.01016   0.01144   0.02072   0.01087   0.02244   0.02443   0.01011   0.03594   0.01876   0.05638   0.00785   0.01449   0.01063   0.02516   0.01054   0.02272   0.04512   0.01897   0.05258   0.01620  12.42159  
 50  0.0837   1960.214301  x:  0.04994   0.01293   0.04303   0.00873   0.01016   0.01144   0.02072   0.01087   0.02244   0.02443   0.01011   0.03594   0.01876   0.05638   0.00785   0.01449   0.01063   0.02517   0.01054   0.02272   0.04512   0.01897   0.05258   0.01619  12.42158  
 51  0.3013   1960.214301  x:  0.04994   0.01293   0.04303   0.00873   0.01016   0.01144   0.02072   0.01087   0.02244   0.02443   0.01011   0.03594   0.01876   0.05638   0.00785   0.01449   0.01063   0.02517   0.01054   0.02272   0.04512   0.01897   0.05258   0.01619  12.42158  
 52  0.2561   1960.214301  x:  0.04994   0.01293   0.04303   0.00873   0.01016   0.01144   0.02072   0.01087   0.02244   0.02443   0.01011   0.03594   0.01876   0.05638   0.00785   0.01449   0.01063   0.02517   0.01054   0.02272   0.04512   0.01897   0.05258   0.01618  12.42158  
 53  0.0969   1960.214301  x:  0.04994   0.01293   0.04303   0.00873   0.01016   0.01144   0.02072   0.01087   0.02244   0.02443   0.01011   0.03594   0.01876   0.05638   0.00785   0.01449   0.01063   0.02517   0.01054   0.02272   0.04512   0.01897   0.05258   0.01618  12.42158  
check convergence!
