     2    402     52


 1

     1    108    -1.4390552036   0.237151712960      95.3350  AAAAAAA
     2      1    -5.1976456864   0.005529567444       2.2229  AAAAAAG
     3      1    -4.8137423678   0.008117424395       3.2632  AAAAAGA
     4      1    -5.4235071953   0.004411646976       1.7735  AAAAGAA
     5      1    -8.3828061807   0.000228767082       0.0920  AAAATAA
     6      2    -4.7420045600   0.008721146590       3.5059  AAGAAAG
     7      1    -8.0694960453   0.000312940949       0.1258  AAGAAGG
     8      2    -7.6775361429   0.000463114542       0.1862  AATAAAT
     9      1   -12.2778533435   0.000004653675       0.0019  AGAAGAG
    10      1    -5.8633829524   0.002841614358       1.1423  AGGAAAG
    11      1    -5.6731045400   0.003437177839       1.3817  AGGGGGG
    12      1    -8.3384594722   0.000239140462       0.0961  CCACCCC
    13     60    -1.9179212288   0.146912041442      59.0586  CCCCCCC
    14      1    -5.4041014020   0.004498094564       1.8082  CCCCCCT
    15      1    -8.4807790883   0.000207417044       0.0834  CCCCCTT
    16      1    -5.6113851715   0.003656001659       1.4697  CCCCTCC
    17      1   -10.1974914497   0.000037263679       0.0150  CCCTTTC
    18      1    -4.8780923067   0.007611520633       3.0598  CCTCCCT
    19      1    -8.1706637483   0.000282830226       0.1137  CCTCCTC
    20      1    -7.9312617585   0.000359332736       0.1445  CCTCCTT
    21      1    -8.5705429916   0.000189609665       0.0762  CCTCTCT
    22      1   -11.8123808680   0.000007412218       0.0030  CCTCTTC
    23      1    -5.9955666476   0.002489765754       1.0009  CTCCCCC
    24      1   -10.4530915734   0.000028858916       0.0116  CTCCCTT
    25      1   -10.0740114212   0.000042161148       0.0169  CTCTCCC
    26      1   -12.7732628933   0.000002835583       0.0011  CTCTTCT
    27      1    -9.1485488941   0.000106374051       0.0428  CTCTTTC
    28      1   -10.6568167660   0.000023539828       0.0095  CTTCCTC
    29      2   -10.0103487495   0.000044932520       0.0181  CTTTCCT
    30      1    -5.7165515041   0.003291040496       1.3230  CTTTTTT
    31      1   -12.1001136088   0.000005558882       0.0022  GGAAGAG
    32      3    -4.9653171205   0.006975738209       2.8042  GGAGGGG
    33      1    -9.3689020607   0.000085337032       0.0343  GGGAAGG
    34      1    -5.8710028506   0.002820043833       1.1337  GGGAGGG
    35      1    -5.4853915895   0.004146910875       1.6671  GGGGAGG
    36      2    -4.8705227162   0.007669355344       3.0831  GGGGGAG
    37      1    -8.9703730628   0.000127120759       0.0511  GGGGGGC
    38     76    -1.7983047189   0.165579353962      66.5629  GGGGGGG
    39      1   -12.2241531962   0.000004910410       0.0020  GTGGGAG
    40      1    -5.7994417138   0.003029245459       1.2178  TCCCCCC
    41      1    -8.8739864355   0.000139983439       0.0563  TCCCCTC
    42      1    -7.4546684764   0.000578733492       0.2327  TCCTCCC
    43      1    -5.9849564644   0.002516323266       1.0116  TCCTTTC
    44      2    -5.8974269874   0.002746502521       1.1041  TCTTTTT
    45      1    -8.5026770499   0.000202924402       0.0816  TTCTTCT
    46      6    -4.8573699557   0.007770894836       3.1239  TTCTTTC
    47      3    -5.0078776419   0.006685076387       2.6874  TTCTTTT
    48      1    -7.9803405101   0.000342122906       0.1375  TTGTTTG
    49      1    -9.4109951134   0.000081819487       0.0329  TTTTCTC
    50      2    -4.9215653042   0.007287714424       2.9297  TTTTTCT
    51      4    -5.3055884928   0.004963776222       1.9954  TTTTTTC
    52     92    -1.4249359869   0.240523859400      96.6906  TTTTTTT

 2

     1    108    -1.4390538248   0.237152039931      95.3351  AAAAAAA
     2      1    -5.1976764322   0.005529397436       2.2228  AAAAAAG
     3      1    -4.8138172796   0.008116816328       3.2630  AAAAAGA
     4      1    -5.4235548917   0.004411436561       1.7734  AAAAGAA
     5      1    -8.3825762884   0.000228819680       0.0920  AAAATAA
     6      2    -4.7419668261   0.008721475679       3.5060  AAGAAAG
     7      1    -8.0695385639   0.000312927644       0.1258  AAGAAGG
     8      2    -7.6772165360   0.000463262581       0.1862  AATAAAT
     9      1   -12.2779142931   0.000004653391       0.0019  AGAAGAG
    10      1    -5.8632669459   0.002841944023       1.1425  AGGAAAG
    11      1    -5.6731565193   0.003436999181       1.3817  AGGGGGG
    12      1    -8.3381915633   0.000239204538       0.0962  CCACCCC
    13     60    -1.9179181680   0.146912491113      59.0588  CCCCCCC
    14      1    -5.4041319162   0.004497957311       1.8082  CCCCCCT
    15      1    -8.4808871078   0.000207394640       0.0834  CCCCCTT
    16      1    -5.6114315726   0.003655832021       1.4696  CCCCTCC
    17      1   -10.1974515195   0.000037265167       0.0150  CCCTTTC
    18      1    -4.8780535816   0.007611815396       3.0599  CCTCCCT
    19      1    -8.1707515616   0.000282805391       0.1137  CCTCCTC
    20      1    -7.9313025733   0.000359318070       0.1444  CCTCCTT
    21      1    -8.5705539556   0.000189607587       0.0762  CCTCTCT
    22      1   -11.8125106952   0.000007411256       0.0030  CCTCTTC
    23      1    -5.9957181512   0.002489388574       1.0007  CTCCCCC
    24      1   -10.4530986080   0.000028858713       0.0116  CTCCCTT
    25      1   -10.0742582372   0.000042150743       0.0169  CTCTCCC
    26      1   -12.7734077233   0.000002835173       0.0011  CTCTTCT
    27      1    -9.1485669587   0.000106372129       0.0428  CTCTTTC
    28      1   -10.6568590300   0.000023538833       0.0095  CTTCCTC
    29      2   -10.0103366590   0.000044933063       0.0181  CTTTCCT
    30      1    -5.7166059970   0.003290861162       1.3229  CTTTTTT
    31      1   -12.1002955499   0.000005557870       0.0022  GGAAGAG
    32      3    -4.9653270820   0.006975668720       2.8042  GGAGGGG
    33      1    -9.3690213766   0.000085326850       0.0343  GGGAAGG
    34      1    -5.8710948746   0.002819784333       1.1336  GGGAGGG
    35      1    -5.4854376620   0.004146719821       1.6670  GGGGAGG
    36      2    -4.8705966723   0.007668788169       3.0829  GGGGGAG
    37      1    -8.9701273806   0.000127151994       0.0511  GGGGGGC
    38     76    -1.7983013851   0.165579905983      66.5631  GGGGGGG
    39      1   -12.2241137274   0.000004910603       0.0020  GTGGGAG
    40      1    -5.7994940042   0.003029087063       1.2177  TCCCCCC
    41      1    -8.8741158578   0.000139965323       0.0563  TCCCCTC
    42      1    -7.4546668819   0.000578734415       0.2327  TCCTCCC
    43      1    -5.9848401621   0.002516615937       1.0117  TCCTTTC
    44      2    -5.8975755794   0.002746094443       1.1039  TCTTTTT
    45      1    -8.5027658692   0.000202906380       0.0816  TTCTTCT
    46      6    -4.8573328604   0.007771183105       3.1240  TTCTTTC
    47      3    -5.0078901623   0.006684992687       2.6874  TTCTTTT
    48      1    -7.9800211216   0.000342232194       0.1376  TTGTTTG
    49      1    -9.4110757992   0.000081812886       0.0329  TTTTCTC
    50      2    -4.9216409633   0.007287163063       2.9294  TTTTTCT
    51      4    -5.3056201125   0.004963619272       1.9954  TTTTTTC
    52     92    -1.4249354800   0.240523981324      96.6906  TTTTTTT