

TREE #  1

  0  0.0000   1093.165808  x:  0.00000   0.05041   0.03289   0.02828   0.05933   0.02437   0.04931   0.04950   0.06623   0.04108   0.04967   0.05856   1.90956  
  1 99.0000   1093.163506  x:  0.00000   0.05041   0.03289   0.02828   0.05933   0.02437   0.04931   0.04950   0.06623   0.04108   0.04967   0.05856   1.90956  
  2 765.6760   1069.425604  x:  0.00000   0.06043   0.03052   0.00359   0.00000   0.05441   0.03344   0.03475   0.06300   0.02208   0.05653   0.06427   1.91340  
  3 615.5055   1069.084854  x:  0.00000   0.06124   0.02995   0.00249   0.00130   0.05737   0.03142   0.03321   0.06240   0.01990   0.05688   0.06438   1.91403  
  4 194.2534   1068.675674  x:  0.00000   0.06198   0.02869   0.00600   0.00158   0.06114   0.02761   0.03113   0.06119   0.01710   0.05672   0.06366   1.91538  
  5 242.7159   1068.416558  x:  0.00000   0.06154   0.02666   0.00602   0.00167   0.06639   0.02381   0.03338   0.05823   0.02115   0.05452   0.06003   1.92006  
  6 56.8649   1068.184321  x:  0.00000   0.05978   0.02509   0.00639   0.00147   0.07216   0.02759   0.03605   0.05552   0.01962   0.05114   0.05437   1.92955  
  7 54.9065   1067.700824  x:  0.00000   0.05546   0.03186   0.00623   0.00149   0.07573   0.02849   0.03095   0.05868   0.02131   0.05052   0.04551   1.96618  
  8 46.5240   1064.294807  x:  0.00000   0.05030   0.03311   0.00463   0.00130   0.07315   0.01970   0.04578   0.07309   0.01303   0.06272   0.03273   2.25360  
  9 184.3042   1052.375272  x:  0.00000   0.06022   0.00750   0.00615   0.00144   0.06648   0.03030   0.03245   0.07653   0.02363   0.07504   0.03608   3.16916  
 10 1555.5108   1039.346848  x:  0.00000   0.07889   0.03184   0.00592   0.00132   0.04646   0.02943   0.03108   0.03521   0.02135   0.05544   0.06164   4.40603  
 11 4281.1577   1037.917268  x:  0.00000   0.07499   0.03132   0.00504   0.00120   0.04708   0.02662   0.03121   0.04420   0.02025   0.03718   0.07163   4.52333  
 12 590.2414   1037.740738  x:  0.00000   0.06542   0.03073   0.00506   0.00118   0.04836   0.02622   0.03092   0.04249   0.02019   0.03796   0.07652   4.53756  
 13 50.5241   1028.091291  x:  0.00000   0.05961   0.02889   0.00572   0.00237   0.01163   0.02454   0.02939   0.04252   0.02066   0.03804   0.06873   4.71814  
 14  0.7562   1023.033707  x:  0.00000   0.06111   0.02260   0.00304   0.00138   0.01290   0.01759   0.01591   0.03196   0.01435   0.03091   0.05165   4.82962  
 15  0.8385   1016.823207  x:  0.00000   0.04668   0.01727   0.00465   0.00222   0.01448   0.01734   0.01905   0.03330   0.01563   0.03296   0.02114   5.14894  
 16  0.8395   1015.660786  x:  0.02804   0.03667   0.01357   0.00577   0.00281   0.01557   0.01716   0.02123   0.03424   0.01651   0.03438   0.00000   5.37055  
 17 640.4492   1012.811875  x:  0.03255   0.05211   0.01497   0.00409   0.00278   0.01273   0.02038   0.02103   0.04849   0.01233   0.03735   0.00000   6.56577  
 18  0.8249   1010.781464  x:  0.01900   0.04841   0.01514   0.00352   0.00283   0.01445   0.01989   0.02248   0.05082   0.01265   0.03391   0.00000   7.55574  
 19  1.7595   1008.887999  x:  0.00000   0.04321   0.01537   0.00272   0.00289   0.01685   0.01921   0.02452   0.05407   0.01309   0.02907   0.02660   8.94396  
 20 6213.4438   1006.979469  x:  0.00000   0.04116   0.01430   0.00501   0.00344   0.01315   0.01761   0.02102   0.04685   0.01618   0.04094   0.03382  10.43346  
 21  1.5813   1005.681514  x:  0.00000   0.04540   0.01246   0.00670   0.00379   0.01431   0.01772   0.02434   0.03538   0.01652   0.03805   0.02717  11.77870  
 22  1.9311   1004.600937  x:  0.00000   0.04031   0.01492   0.00582   0.00378   0.01724   0.02131   0.01965   0.03933   0.01552   0.03682   0.02273  14.03528  
 23  1.5475   1004.506557  x:  0.00398   0.03973   0.01520   0.00572   0.00378   0.01758   0.02172   0.01911   0.03978   0.01540   0.03668   0.02222  14.29437  
 24 3214.8770   1003.581178  x:  0.00561   0.04123   0.01404   0.00357   0.00370   0.01487   0.01709   0.02208   0.04213   0.01249   0.03371   0.02087  17.02129  
 25  2.8415   1003.096222  x:  0.00775   0.04726   0.01476   0.00401   0.00375   0.01566   0.01785   0.02273   0.04116   0.01644   0.03504   0.01879  20.05256  
 26  2.1407   1002.848183  x:  0.00991   0.04470   0.01335   0.00451   0.00351   0.01441   0.01973   0.02198   0.03958   0.01461   0.03765   0.01615  22.65701  
 27  2.1152   1002.750299  x:  0.01196   0.04331   0.01395   0.00466   0.00337   0.01539   0.01782   0.02199   0.04112   0.01440   0.03719   0.01399  24.63231  
 28  1.6001   1002.730927  x:  0.01271   0.04344   0.01420   0.00460   0.00327   0.01487   0.01837   0.02221   0.04118   0.01470   0.03600   0.01339  25.51569  
 29  0.9774   1002.725806  x:  0.01304   0.04396   0.01405   0.00449   0.00316   0.01518   0.01850   0.02230   0.04110   0.01463   0.03629   0.01310  26.00811  
 30  0.5782   1002.725113  x:  0.01323   0.04391   0.01403   0.00453   0.00313   0.01508   0.01839   0.02221   0.04101   0.01470   0.03639   0.01290  26.17753  
 31  0.1701   1002.725063  x:  0.01323   0.04389   0.01406   0.00455   0.00312   0.01509   0.01841   0.02223   0.04097   0.01468   0.03638   0.01290  26.19081  
 32  0.0119   1002.725023  x:  0.01320   0.04388   0.01404   0.00455   0.00310   0.01510   0.01841   0.02223   0.04100   0.01470   0.03636   0.01293  26.15841  
 33  0.0109   1002.725021  x:  0.01320   0.04389   0.01405   0.00455   0.00310   0.01509   0.01841   0.02223   0.04099   0.01469   0.03637   0.01293  26.15782  
 34  0.0008   1002.725021  x:  0.01320   0.04389   0.01405   0.00455   0.00310   0.01509   0.01841   0.02223   0.04099   0.01469   0.03637   0.01293  26.15779  
 35  0.0014   1002.725021  x:  0.01320   0.04389   0.01405   0.00455   0.00310   0.01509   0.01841   0.02223   0.04099   0.01469   0.03637   0.01293  26.15742  
 36  0.0016   1002.725021  x:  0.01320   0.04389   0.01405   0.00455   0.00310   0.01509   0.01841   0.02223   0.04099   0.01469   0.03637   0.01293  26.15742  
 37  0.0013   1002.725021  x:  0.01320   0.04389   0.01405   0.00455   0.00310   0.01509   0.01841   0.02223   0.04099   0.01469   0.03637   0.01293  26.15742  
 38  0.0025   1002.725021  x:  0.01320   0.04389   0.01405   0.00455   0.00310   0.01509   0.01841   0.02223   0.04099   0.01469   0.03637   0.01293  26.15742  
 39  0.0041   1002.725021  x:  0.01320   0.04389   0.01405   0.00455   0.00310   0.01509   0.01841   0.02223   0.04099   0.01469   0.03637   0.01293  26.15742  
 40  0.0002   1002.725020  x:  0.01320   0.04389   0.01405   0.00455   0.00310   0.01509   0.01841   0.02223   0.04099   0.01469   0.03637   0.01293  26.15734  

TREE #  2

  0  0.0000   1014.282442  x:  0.05322   0.03551   0.00940   0.02087   0.01209   0.03033   0.02656   0.02932   0.04855   0.02189   0.04581   0.00000  26.15734  
  1 99.0000   1014.281155  x:  0.05322   0.03551   0.00940   0.02087   0.01209   0.03032   0.02656   0.02932   0.04855   0.02189   0.04581   0.00000  26.15734  
  2 522.2995   1013.288778  x:  0.05150   0.03571   0.00472   0.01608   0.01102   0.02841   0.02739   0.03029   0.04777   0.02168   0.04506   0.00000  26.15734  
  3 287.8711   1012.338817  x:  0.04917   0.03566   0.00609   0.00661   0.01261   0.02624   0.03184   0.03542   0.04716   0.02352   0.04422   0.00000  26.15733  
  4 206.4444   1012.259395  x:  0.04626   0.03666   0.00606   0.00814   0.01235   0.02490   0.03295   0.03831   0.04723   0.02329   0.04341   0.00000  26.15733  
  5 34.4519   1012.247349  x:  0.04481   0.03598   0.00606   0.00804   0.01230   0.02590   0.03281   0.03854   0.04772   0.02294   0.04366   0.00000  26.15733  
  6  8.8230   1012.229697  x:  0.04371   0.03723   0.00598   0.00779   0.01300   0.02623   0.03227   0.03817   0.04808   0.02333   0.04471   0.00000  26.15732  
  7  3.8485   1012.004816  x:  0.04076   0.03447   0.00611   0.00814   0.01679   0.02151   0.03093   0.03591   0.04778   0.02302   0.04721   0.00000  26.15713  
  8  4.0883   1009.806239  x:  0.03466   0.03851   0.00726   0.00681   0.01741   0.01998   0.03602   0.02764   0.04343   0.01143   0.04352   0.00000  26.15553  
  9 13.7933   1005.916157  x:  0.02376   0.04003   0.00812   0.00603   0.00520   0.01799   0.03665   0.01793   0.03907   0.01843   0.03521   0.00000  26.15264  
 10 139.5666   1004.691164  x:  0.02380   0.04053   0.00832   0.00471   0.00131   0.01696   0.03112   0.02119   0.03965   0.01731   0.03527   0.00000  26.15181  
 11 153.8503   1004.008098  x:  0.02312   0.04126   0.00836   0.00335   0.00249   0.01724   0.02366   0.02343   0.03921   0.01708   0.02938   0.00000  26.15126  
 12 198.7899   1004.006136  x:  0.02307   0.04123   0.00838   0.00338   0.00248   0.01736   0.02356   0.02352   0.03865   0.01710   0.02953   0.00000  26.15126  
 13  1.2327   1003.889948  x:  0.02304   0.04121   0.00839   0.00340   0.00247   0.01744   0.02348   0.02358   0.03826   0.01711   0.02965   0.00420  26.15125  
 14 58.2086   1003.108561  x:  0.02493   0.04175   0.00944   0.00436   0.00299   0.01547   0.01647   0.02175   0.04060   0.01574   0.03435   0.00161  26.15092  
 15  0.1768   1002.896019  x:  0.02404   0.04274   0.01094   0.00436   0.00356   0.01385   0.01914   0.02282   0.04127   0.01496   0.03744   0.00201  26.15070  
 16  0.0090   1002.773894  x:  0.02444   0.04371   0.01261   0.00516   0.00326   0.01582   0.01920   0.02210   0.04152   0.01446   0.03677   0.00165  26.15036  
 17  0.0055   1002.729598  x:  0.02537   0.04423   0.01368   0.00451   0.00307   0.01514   0.01834   0.02173   0.04079   0.01460   0.03638   0.00077  26.14987  
 18  0.0031   1002.725820  x:  0.02530   0.04411   0.01388   0.00460   0.00307   0.01505   0.01829   0.02228   0.04089   0.01473   0.03629   0.00086  26.14991  
 19  0.0009   1002.725177  x:  0.02527   0.04398   0.01399   0.00452   0.00309   0.01513   0.01836   0.02229   0.04101   0.01471   0.03643   0.00086  26.14994  
 20  0.0004   1002.725025  x:  0.02530   0.04391   0.01404   0.00455   0.00310   0.01509   0.01842   0.02224   0.04099   0.01469   0.03639   0.00083  26.14998  
 21  0.0002   1002.725021  x:  0.02530   0.04389   0.01405   0.00455   0.00310   0.01509   0.01841   0.02223   0.04098   0.01469   0.03637   0.00083  26.15005  