     2    591     69


 1

     1    163    -1.3762864495   0.252514539569     149.2361  AAAAAAA
     2      3    -6.1203918939   0.002197594570       1.2988  AAAAAGA
     3      1    -6.0733312850   0.002303486844       1.3614  AAAAAGG
     4      1    -6.4641694834   0.001558284903       0.9209  AAAACAA
     5      1    -4.4342321719   0.011864172056       7.0117  AAAAGAA
     6      2    -6.3713304745   0.001709882756       1.0105  AAAATAA
     7      1    -5.1568120991   0.005760032862       3.4042  AAAGAAA
     8      1    -7.9922575461   0.000338070013       0.1998  AAGGGGG
     9      1   -12.6482706915   0.000003213112       0.0019  AATTATT
    10      1   -17.0743516013   0.000000038433       0.0000  ACAGTGG
    11      1    -6.4890667286   0.001519966888       0.8983  ACCCCCC
    12      1    -9.8456946813   0.000052974776       0.0313  AGAAAGG
    13      1    -5.2914640843   0.005034384098       2.9753  AGGGAGG
    14      1    -8.9171009450   0.000134076377       0.0792  AGGGGAG
    15      3    -4.5087037357   0.011012726331       6.5085  AGGGGGG
    16      1   -14.8560727006   0.000000353256       0.0002  AGGTTGG
    17      1    -7.1505172268   0.000784458234       0.4636  ATAAAAA
    18      1   -11.2335875396   0.000013222541       0.0078  ATCCACC
    19      1   -13.0046399752   0.000002249866       0.0013  ATTAAAA
    20      1    -6.3826244177   0.001690680078       0.9992  ATTTTTT
    21      3    -6.4748627063   0.001541710590       0.9112  CAAAAAA
    22      1    -9.1992529200   0.000101114915       0.0598  CAAAGAA
    23     97    -1.8015735507   0.165038986574      97.5380  CCCCCCC
    24      1    -6.4808343929   0.001532531412       0.9057  CCCCCTT
    25      1    -6.8116167617   0.001100911549       0.6506  CCCCGCC
    26      6    -4.8375235016   0.007926660125       4.6847  CCCCTCC
    27      1    -9.5630411931   0.000070278742       0.0415  CCCCTTC
    28      1    -9.5162497433   0.000073645336       0.0435  CCCCTTT
    29      2    -5.5598962447   0.003849175749       2.2749  CCCTCCC
    30      2    -8.5957626628   0.000184887567       0.1093  CCCTTCC
    31      1    -9.7625605025   0.000057567033       0.0340  CCCTTTT
    32      1    -6.1487968362   0.002136050243       1.2624  CCTCCCC
    33      1   -10.8741373473   0.000018941840       0.0112  CCTCCTC
    34      1    -5.6068719721   0.003672539214       2.1705  CTCCCCC
    35      2   -10.2616676985   0.000034947358       0.0207  CTCCCTT
    36      1    -9.5459691381   0.000071488845       0.0422  CTTCCTT
    37      1    -9.8508484306   0.000052702460       0.0311  CTTCTCC
    38      8    -4.8327426467   0.007964647070       4.7071  CTTTTTT
    39      8    -4.4439853657   0.011749020944       6.9437  GAAAAAA
    40      1   -14.7946095137   0.000000375649       0.0002  GATAGGG
    41      1    -7.8078926957   0.000406513794       0.2402  GCCCGCC
    42      1    -8.2648891240   0.000257397462       0.1521  GGAAAAA
    43      1   -10.8859994676   0.000018718477       0.0111  GGAGCGG
    44      1    -5.8161069901   0.002979180578       1.7607  GGAGGGG
    45      1    -9.5742136679   0.000069497925       0.0411  GGGAGAG
    46      2    -5.2255881317   0.005377196530       3.1779  GGGAGGG
    47      1    -7.5985249981   0.000501190145       0.2962  GGGCGGG
    48      7    -4.4986409186   0.011124104833       6.5743  GGGGAGG
    49      1    -6.8568822624   0.001052189274       0.6218  GGGGCGG
    50    113    -1.7864223465   0.167558565089      99.0271  GGGGGGG
    51      1    -9.5819412044   0.000068962947       0.0408  GTTTATT
    52      1    -6.3820236974   0.001691696009       0.9998  TAAAAAA
    53      5    -5.6897395693   0.003380473234       1.9979  TCCCTCC
    54      1    -9.7719249495   0.000057030466       0.0337  TCCTCTT
    55      1    -9.4434486991   0.000079206777       0.0468  TCCTTCC
    56      1   -10.3328805450   0.000032545204       0.0192  TCTTTCC
    57      4    -5.5913011816   0.003730171076       2.2045  TCTTTTT
    58      1    -6.7749439032   0.001142034563       0.6749  TGGGGGG
    59      1    -7.7061911794   0.000450032309       0.2660  TGGGTGG
    60      1   -12.3794204346   0.000004204226       0.0025  TTATATT
    61      1    -8.6494921659   0.000175215806       0.1036  TTCCCCC
    62      1   -17.5684754587   0.000000023448       0.0000  TTCCTTA
    63      2    -6.1323734144   0.002171421158       1.2833  TTCTTTT
    64      1    -7.1040143254   0.000821799323       0.4857  TTTATTT
    65      1    -6.7527486390   0.001167665714       0.6901  TTTCTCC
    66      3    -5.5442019613   0.003910062340       2.3108  TTTCTTT
    67      5    -4.8227842541   0.008044358392       4.7542  TTTTCTT
    68      1    -7.7098871788   0.000448372060       0.2650  TTTTTTC
    69    103    -1.6912073569   0.184296877505     108.9195  TTTTTTT

 2

     1    163    -1.3763086313   0.252508938391     149.2328  AAAAAAA
     2      3    -6.1201458002   0.002198135451       1.2991  AAAAAGA
     3      1    -6.0732255492   0.002303730418       1.3615  AAAAAGG
     4      1    -6.4639502097   0.001558626632       0.9211  AAAACAA
     5      1    -4.4342110051   0.011864423185       7.0119  AAAAGAA
     6      2    -6.3711112008   0.001710257730       1.0108  AAAATAA
     7      1    -5.1565371620   0.005761616727       3.4051  AAAGAAA
     8      1    -7.9923778819   0.000338029333       0.1998  AAGGGGG
     9      1   -12.6480734485   0.000003213746       0.0019  AATTATT
    10      1   -17.0750340724   0.000000038407       0.0000  ACAGTGG
    11      1    -6.4887678072   0.001520421306       0.8986  ACCCCCC
    12      1    -9.8457642104   0.000052971093       0.0313  AGAAAGG
    13      1    -5.2913318925   0.005035049647       2.9757  AGGGAGG
    14      1    -8.9167374690   0.000134125119       0.0793  AGGGGAG
    15      3    -4.5086095601   0.011013763511       6.5091  AGGGGGG
    16      1   -14.8552044466   0.000000353563       0.0002  AGGTTGG
    17      1    -7.1505547857   0.000784428771       0.4636  ATAAAAA
    18      1   -11.2334616672   0.000013224205       0.0078  ATCCACC
    19      1   -13.0046900611   0.000002249753       0.0013  ATTAAAA
    20      1    -6.3823250271   0.001691186328       0.9995  ATTTTTT
    21      3    -6.4745611112   0.001542175633       0.9114  CAAAAAA
    22      1    -9.1988745145   0.000101153184       0.0598  CAAAGAA
    23     97    -1.8015991332   0.165034764515      97.5355  CCCCCCC
    24      1    -6.4807232686   0.001532701723       0.9058  CCCCCTT
    25      1    -6.8114007274   0.001101149409       0.6508  CCCCGCC
    26      6    -4.8375068451   0.007926792157       4.6847  CCCCTCC
    27      1    -9.5627555464   0.000070298820       0.0415  CCCCTTC
    28      1    -9.5160963079   0.000073656637       0.0435  CCCCTTT
    29      2    -5.5596213980   0.003850233828       2.2755  CCCTCCC
    30      2    -8.5954455922   0.000184946199       0.1093  CCCTTCC
    31      1    -9.7635841699   0.000057508133       0.0340  CCCTTTT
    32      1    -6.1487193444   0.002136215776       1.2625  CCTCCCC
    33      1   -10.8737908763   0.000018948404       0.0112  CCTCCTC
    34      1    -5.6071089095   0.003671669156       2.1700  CTCCCCC
    35      2   -10.2617526300   0.000034944390       0.0207  CTCCCTT
    36      1    -9.5455422954   0.000071519366       0.0423  CTTCCTT
    37      1    -9.8517953239   0.000052652580       0.0311  CTTCTCC
    38      8    -4.8326482293   0.007965399107       4.7076  CTTTTTT
    39      8    -4.4438890371   0.011750152766       6.9443  GAAAAAA
    40      1   -14.7942005338   0.000000375803       0.0002  GATAGGG
    41      1    -7.8075566416   0.000406650428       0.2403  GCCCGCC
    42      1    -8.2650092037   0.000257366555       0.1521  GGAAAAA
    43      1   -10.8856813171   0.000018724433       0.0111  GGAGCGG
    44      1    -5.8160299074   0.002979410230       1.7608  GGAGGGG
    45      1    -9.5737636598   0.000069529206       0.0411  GGGAGAG
    46      2    -5.2253131339   0.005378675450       3.1788  GGGAGGG
    47      1    -7.5980392158   0.000501433673       0.2963  GGGCGGG
    48      7    -4.4986242576   0.011124290174       6.5745  GGGGAGG
    49      1    -6.8566666094   0.001052416206       0.6220  GGGGCGG
    50    113    -1.7864484607   0.167554189489      99.0245  GGGGGGG
    51      1    -9.5815087324   0.000068992778       0.0408  GTTTATT
    52      1    -6.3817221023   0.001692206294       1.0001  TAAAAAA
    53      5    -5.6896091567   0.003380914119       1.9981  TCCCTCC
    54      1    -9.7728758651   0.000056976260       0.0337  TCCTCTT
    55      1    -9.4430197551   0.000079240759       0.0468  TCCTTCC
    56      1   -10.3329613883   0.000032542573       0.0192  TCTTTCC
    57      4    -5.5915368127   0.003729292235       2.2040  TCTTTTT
    58      1    -6.7746443531   0.001142376710       0.6751  TGGGGGG
    59      1    -7.7058526764   0.000450184672       0.2661  TGGGTGG
    60      1   -12.3789001520   0.000004206414       0.0025  TTATATT
    61      1    -8.6496124401   0.000175194733       0.1035  TTCCCCC
    62      1   -17.5678411528   0.000000023463       0.0000  TTCCTTA
    63      2    -6.1322951938   0.002171591014       1.2834  TTCTTTT
    64      1    -7.1035295490   0.000822197808       0.4859  TTTATTT
    65      1    -6.7538524411   0.001166377554       0.6893  TTTCTCC
    66      3    -5.5439271297   0.003911137097       2.3115  TTTCTTT
    67      5    -4.8227665533   0.008044500785       4.7543  TTTTCTT
    68      1    -7.7098373557   0.000448394400       0.2650  TTTTTTC
    69    103    -1.6912320407   0.184292328407     108.9168  TTTTTTT