

TREE #  1

  0  0.0000   1586.584414  x:  0.00171   0.02192   0.00000   0.00481   0.01460   0.01081   0.00604   0.03309   0.03011   0.02239   0.06763   0.06269   2.31156  
  1 99.0000   1586.580334  x:  0.00171   0.02192   0.00000   0.00481   0.01460   0.01081   0.00603   0.03309   0.03011   0.02239   0.06763   0.06269   2.31156  
  2 506.6562   1586.149327  x:  0.00142   0.02233   0.00000   0.00421   0.01354   0.01135   0.00356   0.03250   0.03009   0.02062   0.06701   0.06240   2.31181  
  3 268.4354   1585.945855  x:  0.00092   0.02301   0.00000   0.00427   0.01236   0.01176   0.00440   0.03148   0.03008   0.01781   0.06576   0.06190   2.31236  
  4 141.1272   1585.895780  x:  0.00055   0.02341   0.00000   0.00431   0.01324   0.01101   0.00430   0.03083   0.03004   0.01731   0.06434   0.06153   2.31316  
  5 53.1250   1585.854653  x:  0.00023   0.02372   0.00000   0.00429   0.01336   0.01168   0.00434   0.03038   0.02996   0.01796   0.06223   0.06121   2.31477  
  6 47.6723   1585.830219  x:  0.00034   0.02364   0.00000   0.00429   0.01270   0.01115   0.00434   0.03069   0.02996   0.01827   0.06106   0.06132   2.31661  
  7 41.5809   1585.757658  x:  0.00125   0.02295   0.00000   0.00427   0.01323   0.01150   0.00432   0.03237   0.03013   0.01751   0.05944   0.06223   2.32487  
  8 50.0952   1579.391120  x:  0.01378   0.03475   0.00000   0.00442   0.01320   0.01133   0.00429   0.02426   0.03226   0.01885   0.06118   0.07466   3.24080  
  9 138.7647   1570.735431  x:  0.00000   0.02603   0.00000   0.00449   0.01299   0.01139   0.00423   0.03216   0.02745   0.01831   0.06482   0.06078   4.13077  
 10 6032.5992   1570.735431  x:  0.00000   0.02603   0.00000   0.00449   0.01299   0.01139   0.00423   0.03216   0.02745   0.01831   0.06482   0.06078   4.13077  
 11 499.2190   1569.760747  x:  0.00012   0.02568   0.00000   0.00919   0.01280   0.01165   0.00316   0.03201   0.02802   0.01814   0.06466   0.06089   4.13081  
 12 492.2777   1569.716764  x:  0.00025   0.02529   0.00000   0.00939   0.01248   0.01184   0.00384   0.03178   0.02852   0.01777   0.06443   0.06102   4.13086  
 13 82.7490   1569.664799  x:  0.00055   0.02439   0.00000   0.00921   0.01191   0.01208   0.00348   0.03126   0.02958   0.01700   0.06387   0.06132   4.13101  
 14 89.3896   1569.654567  x:  0.00071   0.02401   0.00000   0.00919   0.01236   0.01184   0.00350   0.03106   0.02996   0.01714   0.06344   0.06148   4.13118  
 15 26.6928   1569.651685  x:  0.00079   0.02398   0.00000   0.00918   0.01226   0.01196   0.00349   0.03103   0.02992   0.01744   0.06298   0.06156   4.13148  
 16 10.5592   1569.649160  x:  0.00080   0.02410   0.00000   0.00920   0.01222   0.01183   0.00350   0.03111   0.02976   0.01728   0.06242   0.06157   4.13207  
 17 10.2185   1569.647440  x:  0.00074   0.02418   0.00000   0.00919   0.01237   0.01202   0.00349   0.03114   0.02976   0.01717   0.06223   0.06151   4.13277  
 18 10.4323   1569.619709  x:  0.00000   0.02454   0.00000   0.00917   0.01227   0.01190   0.00349   0.03106   0.03039   0.01734   0.06191   0.06077   4.14344  
 19 22.0226   1565.948742  x:  0.00004   0.02041   0.00000   0.00930   0.01234   0.01203   0.00355   0.02747   0.02538   0.01702   0.06396   0.05982   6.40801  
 20 249.8375   1565.296262  x:  0.00309   0.02427   0.00000   0.00910   0.01235   0.01200   0.00349   0.03142   0.02925   0.01728   0.06462   0.06271   6.75287  
 21 5853.1239   1565.295002  x:  0.00303   0.02406   0.00000   0.00910   0.01234   0.01200   0.00349   0.03173   0.02925   0.01730   0.06461   0.06265   6.75352  
 22 13.0252   1565.193128  x:  0.00253   0.02461   0.00000   0.00910   0.01223   0.01186   0.00347   0.03135   0.03044   0.01748   0.06312   0.05961   7.05939  
 23  0.2108   1565.173645  x:  0.00282   0.02451   0.00000   0.00915   0.01229   0.01193   0.00351   0.03138   0.02993   0.01743   0.06358   0.06020   7.29161  
 24  0.1221   1565.173286  x:  0.00252   0.02440   0.00000   0.00914   0.01227   0.01191   0.00349   0.03132   0.02995   0.01743   0.06354   0.06037   7.30359  
 25  0.0101   1565.173286  x:  0.00252   0.02440   0.00000   0.00914   0.01227   0.01191   0.00349   0.03132   0.02995   0.01743   0.06354   0.06037   7.30359  
 26  0.0011   1565.173286  x:  0.00252   0.02440   0.00000   0.00914   0.01227   0.01191   0.00349   0.03132   0.02995   0.01743   0.06354   0.06037   7.30359  
 27  0.0392   1565.173286  x:  0.00252   0.02440   0.00000   0.00914   0.01227   0.01191   0.00349   0.03132   0.02995   0.01743   0.06354   0.06037   7.30359  
check convergence!


TREE #  2

  0  0.0000   1566.906297  x:  0.06052   0.02267   0.00000   0.00408   0.01516   0.01108   0.00492   0.03281   0.03065   0.02315   0.06760   0.00377   7.30359  
  1 99.0000   1566.900569  x:  0.06052   0.02267   0.00000   0.00409   0.01516   0.01108   0.00491   0.03281   0.03065   0.02315   0.06760   0.00377   7.30359  
  2 542.2345   1566.547910  x:  0.06035   0.02311   0.00000   0.00381   0.01352   0.01165   0.00314   0.03232   0.03052   0.02090   0.06708   0.00361   7.30359  
  3 206.6849   1566.358805  x:  0.06016   0.02360   0.00000   0.00393   0.01209   0.01202   0.00407   0.03176   0.03038   0.01846   0.06640   0.00342   7.30359  
  4 212.3884   1566.327377  x:  0.05999   0.02391   0.00000   0.00395   0.01280   0.01149   0.00403   0.03136   0.03023   0.01767   0.06563   0.00325   7.30359  
  5 46.0219   1566.313638  x:  0.05981   0.02420   0.00000   0.00395   0.01293   0.01186   0.00404   0.03099   0.03007   0.01791   0.06432   0.00306   7.30359  
  6 22.8909   1566.310183  x:  0.05980   0.02421   0.00000   0.00395   0.01273   0.01162   0.00404   0.03103   0.03008   0.01805   0.06383   0.00305   7.30359  
  7 18.1210   1566.309333  x:  0.05987   0.02410   0.00000   0.00395   0.01276   0.01166   0.00404   0.03123   0.03016   0.01799   0.06362   0.00313   7.30359  
  8  5.6787   1566.308620  x:  0.06007   0.02413   0.00000   0.00396   0.01276   0.01166   0.00404   0.03112   0.03012   0.01800   0.06360   0.00333   7.30359  
  9  0.4227   1566.151543  x:  0.05995   0.02112   0.00000   0.00452   0.01260   0.01172   0.00391   0.02980   0.02923   0.01771   0.06338   0.00313   7.30256  
 10  0.2496   1565.269947  x:  0.06000   0.02616   0.00000   0.00794   0.01193   0.01213   0.00309   0.03197   0.03085   0.01709   0.06352   0.00270   7.29570  
 11 24.4565   1565.268741  x:  0.06001   0.02620   0.00000   0.00795   0.01193   0.01213   0.00309   0.03212   0.03052   0.01708   0.06353   0.00271   7.29570  
 12  6.3447   1565.188171  x:  0.06041   0.02472   0.00000   0.00859   0.01249   0.01189   0.00370   0.03146   0.03004   0.01772   0.06364   0.00255   7.29971  
 13  0.0038   1565.174557  x:  0.06070   0.02420   0.00000   0.00899   0.01226   0.01190   0.00350   0.03116   0.02987   0.01739   0.06351   0.00220   7.30104  
 14  0.0014   1565.173297  x:  0.06100   0.02440   0.00000   0.00912   0.01228   0.01192   0.00348   0.03135   0.02995   0.01744   0.06355   0.00189   7.30193  
 15  0.0008   1565.173286  x:  0.06115   0.02440   0.00000   0.00913   0.01227   0.01192   0.00349   0.03133   0.02995   0.01743   0.06354   0.00175   7.30211  
 16  0.0004   1565.173286  x:  0.06118   0.02440   0.00000   0.00913   0.01227   0.01192   0.00349   0.03133   0.02995   0.01743   0.06354   0.00171   7.30213  