"YLR406C_YDL075W" "YDR502C_YLR180W" "YHR106W_YDR353W" "YIL057C_YER067W" "YPL087W_YBR183W" "YNL069C_YIL133C" "YGR043C_YLR354C" "YPR157W_YGR141W" "YDR099W_YER177W" "YBR024W_YBR037C" "YPR159W_YGR143W" "YGL133W_YPL216W" "YNL049C_YIL109C" "YPL232W_YMR183C" "YIR033W_YKL020C" "YMR243C_YOR316C" "YAL056W_YOR371C" "YDR438W_YML018C"
"length" 339 1146 957 471 921 594 996 1239 765 840 2001 2982 2511 855 2682 1131 1977 1035
"ll" -1329.48309278706 -6914.48437961394 -6796.10846556586 -3837.65886518128 -8152.77234750945 -2564.00121927217 -7538.49106881275 -11060.1398009791 -4498.31977031767 -7677.18267705126 -16012.4671695828 -31737.3463496198 -21308.8543525536 -6584.23688113911 -26263.5822259337 -9836.38057095165 -20094.7604830473 -9682.02016224049
"pi_a" 0.294658134825269 0.238360325057176 0.265404340051481 0.319159517283927 0.265787228865247 0.268298679267496 0.290554491549512 0.269613853390207 0.266273458912979 0.285997544074283 0.282486571313865 0.339190416853898 0.29837556556393 0.320576559479324 0.317439254159622 0.265470270620851 0.316243118696144 0.269592866888899
"pi_c" 0.206564516724638 0.242535612335316 0.240122269128335 0.233594616275042 0.186324171307603 0.229666637505719 0.224584621108447 0.219562084965803 0.257740881085427 0.219448595256947 0.235403733377439 0.189912879783605 0.220899853974924 0.224190649624965 0.214223297130428 0.234841927086923 0.199400277236429 0.206600884401639
"pi_g" 0.196702084118772 0.191202197181168 0.216090467259229 0.185736464204204 0.20689612230315 0.192578358868379 0.190623661821759 0.218320435298794 0.178063658191449 0.211775656529053 0.191389079036203 0.19390512861188 0.181625650014325 0.196326315164385 0.184849637424443 0.195353732776409 0.200262822561445 0.197671432976045
"pi_t" 0.302075264331321 0.32790186542634 0.278382923560956 0.261509402236827 0.340992477524 0.309456324358406 0.294237225520282 0.292503626345197 0.297922001810145 0.282778204139717 0.290720616272493 0.276991574750617 0.299098930446822 0.258906475731326 0.283487811285507 0.304334069515818 0.284093781505982 0.326134815733417
"kappa" 10.2096102094262 6.91005952157578 5.0067550792898 4.03576018657911 3.3822605232331 6.85010378607511 4.55779343495877 3.22135582177662 8.21348788166126 3.51147837412322 3.57233469045469 3.38928378209795 3.66980516786 4.81458186198946 3.33682465461976 3.4746299439939 2.9040103145727 3.39645801642606
"tau" 0 0 0 0 0 0 0 0 0 0 0 0 0 0 0 0 0 0
"(N0,N1)" 0.00661810213730061 0.0244875166743929 0.019760431005008 0.0265373600852006 0.0400882059995097 0.015282506199127 0.0682490393574517 0.022011138426646 0.00883861225690046 0.0458164575194396 0.0186902180682072 0.135214596167358 0.0517733173420104 0.0273198624244771 0.0619115859157324 0.0393545982935533 0.0279737457394858 0.122101350069842
"(N0,kluyveri)" 0.0891508923184473 0.107636239504979 0.143199193772905 0.342804838737144 0.361945426602683 0.0731309371454078 0.130787830981195 0.305681101173029 0.147337098218381 0.280558362754817 0.315362801495046 0.350568565012316 0.233494369386813 0.241910132023195 0.460898349389874 0.241150258872493 0.575082357830245 0.239894300632297
"(N1,N2)" 0.0307684321792072 0.046674422307683 0.112413660565942 0.156498367694325 0.27236934445508 0.0568273748963232 0.128743339994418 0.209748320359333 0.0911548866270626 0.271985657946205 0.157398275118987 0.314712499765105 0.191705186014857 0.156923491774655 0.380208639158536 0.208609502598046 0.357894468595163 0.324137898198542
"(N1,castellii)" 0.0394035733753039 0.149274940193139 0.131978519051913 0.248443599988786 0.340798856705935 0.0701620755201483 0.217235506441637 0.37559551807005 0.102112033524539 0.313024498772897 0.215084560035675 0.412104240115487 0.321276889985155 0.264692520689842 0.466450294571183 0.237364783491137 0.450522517469411 0.348407528436262
"(N2,N3)" 0.0102809829777522 0.0250461888620352 0.0345986071932474 0.0282797579319675 0.0472222284402642 0.0103455714317287 0.032055734575629 0.0392619889121739 0.025612746347417 0.0461177494187342 0.0387666869890072 0.0606412010125503 0.0308804134554181 0.0257174191861956 0.0483279693807456 0.0440002004904921 0.0547695678128777 0.0521260239611136
"(N2,bayanus)" 0.0256164490300882 0.0509020874657573 0.0756441941901905 0.0845729405769438 0.0647491283761665 0.0352171431674337 0.0590919603347363 0.0847340311342525 0.05576911109147 0.0955534009159176 0.078804091782798 0.114949715898222 0.0681428514520649 0.0820160557804147 0.0957265059930533 0.0818843759072625 0.085914259893213 0.0883731036594868
"(N3,N4)" 0.00699229104798368 0.0254292244062207 0.0385809569929354 0.0370322852869881 0.0282106370101699 0.00287108636717365 0.0261285516248632 0.0345443666364726 0.0221482928731029 0.0460522546260704 0.0301042306099773 0.0562888332869745 0.0409083931260619 0.0252501171081946 0.0377076119281622 0.0280518418018572 0.0363945006080802 0.0378200402735136
"(N3,kudriavzevii)" 0.0272385539022363 0.0570810889235241 0.0718207203174064 0.0699204512336292 0.0742868984078331 0.0324605018313386 0.0690058890158899 0.0771237759452548 0.0376147162893492 0.0881794462909113 0.0729062697398452 0.130270934483762 0.0771118386637147 0.0615384215697389 0.0794730446346907 0.100369616517951 0.0946411019106912 0.0768930967582543
"(N4,N5)" 0.00301621429427211 0.0246608824151911 0.0326640763025011 0.0326746931879442 0.036020072011053 0.00901885027836504 0.0271446527760318 0.0330110708868611 0.0194065203240391 0.0396770380251399 0.02790941612586 0.046501411033189 0.0344573671345541 0.0259498985597963 0.039385960285967 0.0309473452718306 0.0356264153200259 0.0403802337775209
"(N4,mikatae)" 0.0360456391803218 0.0612933730831306 0.0692590246156465 0.071867508062766 0.0820933244315172 0.0271279926913214 0.074917230035716 0.0829374360931033 0.0594815731124877 0.0906696249423842 0.0762978567345331 0.129099607379994 0.0743035641951878 0.0727836529959131 0.0966746216219568 0.0979203884709623 0.0834684438780756 0.0744961632367718
"(N5,cerevisiae)" 0.0189813060308001 0.0330275934558447 0.0412406076307808 0.0637972119979371 0.0663640230394117 0.0174317793405398 0.0494793950415711 0.0590973007995319 0.0414358887221643 0.0548296399376737 0.0509166728715423 0.0959457525911207 0.0588654996747022 0.058862456545576 0.0614289117678355 0.0684687117379089 0.0633173101538507 0.0653560208966595
"(N5,paradoxus)" 0.0141321932309261 0.0319173405767098 0.0395208728457958 0.0277877068069032 0.0273253410989577 0.00488636481918837 0.0382596285108006 0.0471685084353854 0.0341720933613856 0.0334325073839526 0.035097307347374 0.0655078797955331 0.037153710208156 0.0249860536455425 0.0455585814981927 0.0403545219418929 0.103070733089465 0.0440822019765456
