"YLR406C_YDL075W" "YDR502C_YLR180W" "YHR106W_YDR353W" "YIL057C_YER067W" "YPL087W_YBR183W" "YNL069C_YIL133C" "YGR043C_YLR354C" "YPR157W_YGR141W" "YDR099W_YER177W" "YBR024W_YBR037C" "YPR159W_YGR143W" "YGL133W_YPL216W" "YNL049C_YIL109C" "YPL232W_YMR183C" "YIR033W_YKL020C" "YMR243C_YOR316C" "YAL056W_YOR371C" "YDR438W_YML018C"
"length" 339 1146 957 471 921 594 996 1239 765 840 2001 2982 2511 855 2682 1131 1977 1035
"ll" -1284.27070730912 -6705.32209138993 -6631.07629571447 -3796.10045920096 -8102.95593368442 -2473.79940005591 -7479.64007264762 -10984.6496343185 -4336.84591301245 -7635.06106852493 -15769.8848183242 -31696.553621301 -21155.5057189355 -6469.17925344772 -26169.653996825 -9754.2033282526 -20067.9805077356 -9657.89240863758
"pi_a" 0.3016407894138 0.250708612801597 0.268495824575631 0.321920582064825 0.265022586804087 0.2707574035319 0.292443355333568 0.269990689291272 0.279485192403069 0.288960066667297 0.284169974862277 0.339366486044762 0.29884924352874 0.32809455224759 0.318087291219295 0.265246394428493 0.317146644121505 0.269207307045229
"pi_c" 0.206179284130933 0.238105477838616 0.236358271057216 0.23214522031774 0.186555016226591 0.228193498444043 0.224274259598467 0.2182310359736 0.249837133064986 0.217021884036992 0.23337664897861 0.189357807453575 0.220129106216294 0.216727667501513 0.2131147344651 0.234036460589942 0.199202259081955 0.206836120490481
"pi_g" 0.199633360530438 0.202790609031756 0.219400493565899 0.191214076690701 0.207806786714862 0.200519611139486 0.194000094848393 0.220625728370048 0.182384172906638 0.212482881500873 0.193862230322146 0.1943663368309 0.184588773490058 0.202551168445866 0.185774143373375 0.198159371155221 0.200119580442241 0.197212234982345
"pi_t" 0.292546565924829 0.308395300328031 0.275745410801254 0.254720120926734 0.34061561025446 0.300529486884571 0.289282290219572 0.29115254636508 0.288293501625307 0.281535167794838 0.288591145836967 0.276909369670764 0.296432876764908 0.252626611805032 0.28302383094223 0.302557773826344 0.283531516354299 0.326744337481946
"kappa" 9.50894867076542 5.89918542543557 5.08884057876707 3.98785251387647 3.53807751073898 7.16862736847917 4.44702133869472 3.25681076433409 7.48474305121704 3.52006118438194 3.6172700972817 3.48753407423471 3.66150772914093 4.60942442078786 3.46320963302854 3.56562990890228 2.97082793160486 3.51605790174617
"tau" 8.04530174209295 3.10759978203376 1.81955140058664 0.958912677509347 0.49803675211069 4.90843454740226 0.717880918131722 0.543188943849881 3.68021294267267 0.455696671640239 1.16667805683481 0.147369946252554 0.592862438645332 1.26744419560118 0.298895109930657 0.652147961883494 0.1540603404444 0.24515995395767
"(N0,N1)" 0.0398160250443609 0.136899699219499 0.111524216237344 0.121972028060209 0.155098073886727 0.0935238451597375 0.14475713013054 0.106593917339683 0.159035398191239 0.145217300593652 0.116821808628166 0.208019818067337 0.138851472296821 0.176011889382139 0.188510757349268 0.125251133303152 0.0575857916326647 0.221735474746088
"(N0,kluyveri)" 0.0549793113425595 1.62963128924181e-06 0.0502740337683066 0.229006230099994 0.231164347518801 2.29540968921354e-05 0.0686805865279432 0.214701742595063 1.01071972132379e-05 0.172059863426099 0.200572807448603 0.283466764026856 0.148097638610401 0.0811471416353495 0.328324533105099 0.146652980663693 0.537644269925103 0.142777339726372
"(N1,N2)" 0.0354009975344844 0.0331346020482133 0.0997303716996725 0.138033525264485 0.235128539002598 0.0445608144357483 0.115989888859629 0.192744068067882 0.0557017462785133 0.249467011616868 0.150047689087684 0.305796324330718 0.179176555840465 0.144519087550184 0.37441664678467 0.197426291695191 0.35937415646896 0.305461962188727
"(N1,castellii)" 0.0269993499712995 0.116477252726467 0.114875389680796 0.245749233137423 0.34879106783148 0.0555454572389787 0.191708604229858 0.35900159158691 0.0939492120123983 0.300051240973891 0.193581127418013 0.404629484005795 0.299467562782524 0.215546095699821 0.445587309641561 0.228359279710132 0.448780019380285 0.342499482802849
"(N2,N3)" 0.00658362166059977 0.0213112735245816 0.0263641506324792 0.025383294634043 0.0391264021027798 0.00703435758255777 0.0270900293191064 0.0312628990647217 0.0111571360419081 0.0462158091660885 0.0292976786861279 0.0581197090587104 0.0248768628777867 0.0181147230906005 0.0367201474148387 0.0388912640362431 0.0518910318108259 0.046138610638645
"(N2,bayanus)" 0.024206609343381 0.0298559904732899 0.0560201642632861 0.0620948607096918 0.0550580044544611 0.0206871379054652 0.047383462117213 0.0734406156625686 0.039554082617247 0.0736921083276487 0.0617117278033626 0.105023066896657 0.057558293022778 0.0659547266688698 0.0899721723411896 0.0652622118570043 0.0798182712292155 0.0803097619590143
"(N3,N4)" 0.0052594998972671 0.0177304091290845 0.0309387676440709 0.0322951130304177 0.0236508785686344 0.0021178012110966 0.0219729213246436 0.0300914547347761 0.0140913838104739 0.0392279773740441 0.0236517357495205 0.052844257024306 0.0355862427217504 0.0185405108763221 0.0332542496447904 0.0235928871088967 0.0344182880629712 0.0343573564143471
"(N3,kudriavzevii)" 0.016130252882395 0.0414834734363473 0.0506781207550927 0.0546423061446932 0.0607633496674587 0.0221133624092622 0.0565696572699867 0.0638056195505392 0.0241501187190473 0.0757303520856736 0.0560565261928799 0.121636312987798 0.064942026306815 0.0460150772018459 0.070208552664717 0.0823177452038862 0.0879754973010299 0.0691358312942456
"(N4,N5)" 0.00198334024095491 0.0176946865897675 0.0241890176869635 0.0227061667361256 0.0308349457492632 0.00647369163832406 0.0209172658835788 0.0280148989378269 0.0107749291799626 0.0328124976912265 0.0211650048504056 0.0429798895755763 0.0278814832152483 0.0188510984298257 0.0345578701566972 0.0251710575435537 0.033372806222832 0.0360366677991532
"(N4,mikatae)" 0.0231702001529207 0.0426476297574162 0.0478219225841361 0.0594154947120212 0.0682490247799192 0.0166394807522172 0.063634880853977 0.0709229860964399 0.0396728351829318 0.0786713813144574 0.0584175493933744 0.12013403603435 0.0625183693954705 0.0547314637094104 0.0849767435539865 0.0818683131945575 0.0780164658302694 0.0671355819550843
"(N5,cerevisiae)" 0.0102761564553801 0.0226776318350068 0.0314390237524445 0.0476397999183712 0.0559568180411202 0.0110977128761302 0.04038712429621 0.0505189169177198 0.0259292303749733 0.0460592191188008 0.0377002861234843 0.0894675344833959 0.0487094031925934 0.0440710550397236 0.0537933306850819 0.0558775990553301 0.0594219399263525 0.0584811844740405
"(N5,paradoxus)" 0.0115774100016815 0.021097437197435 0.0259378502619048 0.0223604874713594 0.0221400369942291 0.00268761563413294 0.0318043793565788 0.0397150311784339 0.020650272357689 0.0288207509072164 0.0274261088871772 0.0604895079836874 0.0310973836488281 0.018771081725669 0.04002501779368 0.0331243443570685 0.0961295874144588 0.0395100804564434
