"YLR406C_YDL075W" "YDR502C_YLR180W" "YHR106W_YDR353W" "YIL057C_YER067W" "YPL087W_YBR183W" "YNL069C_YIL133C" "YGR043C_YLR354C" "YPR157W_YGR141W" "YDR099W_YER177W" "YBR024W_YBR037C" "YPR159W_YGR143W" "YGL133W_YPL216W" "YNL049C_YIL109C" "YPL232W_YMR183C" "YIR033W_YKL020C" "YMR243C_YOR316C" "YAL056W_YOR371C" "YDR438W_YML018C"
"length" 339 1146 957 471 921 594 996 1239 765 840 2001 2982 2511 855 2682 1131 1977 1035
"ll" -1289.10020629723 -6769.24536680394 -6684.67418686167 -3807.08991527788 -8138.70691483698 -2493.51143785842 -7540.33090646035 -11019.529605691 -4367.16907692125 -7673.00581046738 -15803.0011443916 -31826.2156629205 -21267.9671198664 -6504.56375056041 -26238.1348136439 -9803.4537401766 -20120.8038066605 -9722.34378708767
"pi_a" 0.300505026649265 0.245516675509792 0.267707683385708 0.320044414458242 0.262883946731334 0.269158960146461 0.289456350005889 0.267328710909651 0.276105005081728 0.286157597525281 0.283633217216254 0.337919346605116 0.297027032688672 0.325961186204691 0.316775126345746 0.263335896924866 0.31787781508768 0.267211974865915
"pi_c" 0.205296623192324 0.246913045560981 0.240019366405226 0.234122973463514 0.187786002553901 0.230326390106356 0.229561477072248 0.220652355971584 0.254250376158482 0.219567361273265 0.235286333209898 0.190730500665011 0.223050627438226 0.219036151974928 0.214587334741903 0.237565123924507 0.199101647672715 0.208665852913095
"pi_g" 0.199965052313199 0.203369365177801 0.219167732898306 0.191240025316304 0.207600637306009 0.201303227720902 0.195528439701601 0.221224445806051 0.182015813686089 0.211144498908594 0.194085911648668 0.194748770623321 0.184243763219665 0.202666175166803 0.186039146331552 0.198983470160361 0.200578085337102 0.198882794201744
"pi_t" 0.294233297845211 0.304200913751426 0.273105217310759 0.25459258676194 0.341729413408755 0.299211422026281 0.285453733220261 0.290794487312714 0.287628805073701 0.28313054229286 0.28699453792518 0.276601382106552 0.295678576653438 0.252336486653578 0.282598392580799 0.300115508990266 0.282442451902503 0.325239378019246
"kappa" 9.55526880922658 6.09121282053027 5.10691908867694 3.99146805540232 3.4683400072598 7.3304288424388 4.49233992031686 3.24427679160711 7.60452838706177 3.55240318109589 3.60382593650807 3.48730085501089 3.65093418034349 4.57842810049195 3.42308926741256 3.54607097564197 2.97454683374454 3.46214493950802
"tau" 7.81781310893108 2.63126594785177 1.6053326038352 0.851075500349504 0.393073774365884 3.98154515129394 0.533519853569762 0.44787806708739 3.19184263518509 0.33500329120531 1.06782306011719 0.0948768380355666 0.467764847043726 1.02363310179919 0.23226300432287 0.546586886678136 0.163206455624441 0.144102634714523
"(N0,N1)" 0.0284771078782367 0.0515256447637993 0.0461608446666146 0.0774553419072656 0.0708615839878314 0.0320119337652846 0.0691722532437574 0.046496881289394 0.051364275855577 0.0589441588218064 0.0734710907063527 0.118651382701965 0.0635730268035521 0.0646374859364527 0.0925067002431975 0.0596515289009439 0.0605574722299792 0.0978468929468295
"(N0,kluyveri)" 0.0748244089929778 0.152287243823091 0.196441316572735 0.312870675865366 0.411782061091571 0.0951397704041005 0.25823441106689 0.366661347544117 0.154377608032082 0.39379305390582 0.290314296329375 0.554377845928077 0.341162589553735 0.283791917383625 0.557657434761715 0.324188271987825 0.535849052909578 0.469568432210588
"(N1,N2)" 0.0215834853520442 0.0416891841662913 0.0724703511292645 0.149202422763448 0.247500057602036 0.0388156939367493 0.109134790268223 0.217984550145846 0.0550087907421003 0.21989911900304 0.132980264531491 0.26953401919285 0.186244886375994 0.143084075095376 0.347913579914208 0.161964545801701 0.347702601875455 0.256003169131385
"(N1,castellii)" 0.046347301114741 0.100761599059292 0.150280471906121 0.235415333958101 0.34092047710374 0.0631278366388159 0.189062157823132 0.320164466254723 0.103013332176505 0.334848895084014 0.216843205623023 0.435726463226112 0.277589562750183 0.219154431447172 0.465150734518517 0.264536743086881 0.475291580679599 0.371721539263759
"(N2,N3)" 0.00588122110072569 0.0090165838115413 0.0125588163796383 0.0105667181067752 0.0147023149094188 0.00532630417831132 0.0102073345420924 0.0146634247128884 0.00742817276635309 0.0185491636307406 0.0151882734830279 0.0193114180398432 0.00606722542004902 0.0132095426223895 0.0185305254738845 0.0147249360957553 0.0166768751321717 0.0212438323068245
"(N2,bayanus)" 0.0247638157626968 0.0590724148930003 0.0778101207768562 0.0862129111946532 0.0934204195017033 0.0243121427020666 0.0799273675549093 0.102179916108877 0.0480045414344045 0.114949776080974 0.0838629410915318 0.166192444033262 0.0913446763741892 0.0760703563517968 0.11723715460431 0.10257219728518 0.127588978804143 0.115718370132374
"(N3,N4)" 0.00332077545645928 0.0117054269116903 0.0192069786741143 0.0204237439817341 0.0139854922676544 0.00279263981348327 0.0144724827213599 0.0200350742915144 0.00767513769345634 0.027121172133497 0.0166152447461645 0.0351981331794208 0.0241319030287052 0.0120032143270171 0.0212574547402689 0.016388214785674 0.021284040480978 0.0221640374609058
"(N3,kudriavzevii)" 0.0188825946619711 0.050055831081459 0.0652513043972179 0.0756461930878779 0.0787181045922845 0.0189858385237553 0.069720033012817 0.0875164913959889 0.0405763686680514 0.0964006124502331 0.0686746676085039 0.146881025993419 0.0852774509541402 0.0628608137294072 0.0987066291304251 0.0878472611894247 0.110912103671972 0.0944745378255495
"(N4,N5)" 0.00363881663361365 0.0165442143783494 0.0193172970544897 0.0214109435889822 0.0272284822838642 0.00826153755619986 0.0200522551300472 0.0243871646157739 0.0101467934925026 0.0321601342680952 0.0202597095594249 0.0392035882921311 0.0233933276811135 0.0188393151087192 0.0317707545399787 0.0265865241586383 0.0224895161945259 0.0271692506442471
"(N4,mikatae)" 0.0155618192055118 0.0383504041697687 0.0460443257231036 0.0552224491061438 0.0647326123246302 0.016193198710272 0.055247550291457 0.0674814171044745 0.0329012309745951 0.069279440316736 0.0520594228623394 0.111682892813998 0.061145547925435 0.0508575994023901 0.0774491743901562 0.0714590464037507 0.0896280631909938 0.0723105003646437
"(N5,cerevisiae)" 0.0119230025718982 0.0218061897914194 0.0267270286686139 0.0338115055171616 0.037504130040766 0.00793166115407218 0.0351952951614098 0.0430942524887006 0.0227544374820925 0.0371193060486409 0.0317997133029145 0.0724793045218669 0.0377522202443215 0.0320182842936709 0.0456784198501776 0.0448725222451124 0.067138546996468 0.0451412497203966
"(N5,paradoxus)" 0.0119230025718982 0.0218061897914194 0.0267270286686139 0.0338115055171616 0.037504130040766 0.00793166115407218 0.0351952951614098 0.0430942524887006 0.0227544374820925 0.0371193060486409 0.0317997133029145 0.0724793045218669 0.0377522202443215 0.0320182842936709 0.0456784198501776 0.0448725222451124 0.067138546996468 0.0451412497203966
