"YLR406C_YDL075W" "YER131W_YGL189C" "YDR502C_YLR180W" "YML026C_YDR450W" "YHR106W_YDR353W" "YIL057C_YER067W" "YNL069C_YIL133C" "YGR043C_YLR354C" "YDR099W_YER177W" "YMR143W_YDL083C" "YJR048W_YEL039C" "YBR191W_YPL079W" "YDR418W_YEL054C" "YPL232W_YMR183C" "YLR284C_YOR180C" "YBL087C_YER117W" "YGL062W_YBR218C" "YER102W_YBL072C" "YDR438W_YML018C"
"length" 113 119 382 141 319 157 198 332 255 134 109 160 164 285 269 137 1131 199 345
"ll" -1214.63770009766 -1238.20691804837 -6195.68978187052 -1703.80806715622 -6355.47567062395 -3986.41454762974 -2423.26702452051 -7571.49562164502 -3995.94961917779 -1269.38723482814 -2125.57856156718 -1560.20887813918 -1793.85672615705 -6515.6827689683 -9446.96360721733 -1435.38905651098 -20991.6479069269 -2216.5997031345 -11057.2662394446
"pi_a" 0.321142531599451 0.325035958951115 0.275972487974268 0.322847430095062 0.323157521683065 0.323297679054762 0.278428925469925 0.32310295047541 0.282338286877477 0.290468169279882 0.323791050219989 0.30357261769557 0.298806016289378 0.323123182182816 0.323024163178838 0.26455906697087 0.321101713047858 0.297412170817903 0.323002726273746
"pi_c" 0.184504232111677 0.235079570383962 0.194546464600159 0.185811177431021 0.172049167913766 0.172716256297773 0.202509513885977 0.166942596148057 0.201477064939458 0.201706985228638 0.168039747002015 0.211050955066157 0.209574042441501 0.168578997243228 0.166627793842978 0.184306543144017 0.172487107786329 0.205622825169975 0.166201750905329
"pi_g" 0.200712844324616 0.180449668327143 0.172623971266029 0.202181254793569 0.202161910117642 0.202153127818449 0.195866644801709 0.202165323040479 0.176490939693369 0.181088486659959 0.202122021348213 0.180600640527029 0.178987791352639 0.202164058161483 0.202170244001957 0.218502114687081 0.201023821594873 0.201768143194258 0.202171581605877
"pi_t" 0.293640391964256 0.25943480233778 0.356857076159544 0.289160137680347 0.302631400285528 0.301832936829016 0.32319491584239 0.307789130336053 0.339693708489696 0.32673635883152 0.306047181429783 0.304775786711243 0.312632149916483 0.306133762412474 0.308177798976227 0.332632275198031 0.305387357570939 0.295196860817864 0.308623941215048
"kappa" 5.66887042954927 6.90460154813288 5.38969693243287 5.85872720801415 5.03352403211257 4.72092295808285 4.52703232309425 4.86996505961768 5.56768869592435 6.4985032143642 4.85425015312311 6.20602116018973 6.34600670223022 4.90162103010862 4.54601830042439 7.88842193658666 5.05168307565643 5.66627001023593 4.54046079574106
"omega" 0.0753136776453519 0.057795883231001 0.0814939819260359 0.0862404391197998 0.088029558380651 0.104543581172782 0.159550231344863 0.101194786870505 0.0805117907182016 0.0720901686148741 0.0913280441801981 0.0835541472037346 0.0798176904349278 0.0966112716606105 0.112924621103073 0.0487077834570498 0.0843517162379835 0.101136100367631 0.110926889913873
"tau" 0 0 0 0 0 0 0 0 0 0 0 0 0 0 0 0 0 0 0
"(N0,N1)" 0.0190915465627758 4.14335931945626e-05 0.0571122953024867 0.0215214763251477 0.0575950371520716 0.0558241751297001 0.0296316125074536 0.056382727701568 0.0576158945312346 0.0017982669112654 0.0569663501190268 0.0069364617529544 0.0136362440710291 0.0568769189687866 0.0541193426819353 0.00454367816846121 0.0576412120420437 0.00784997548837905 0.0543605188144495
"(N0,kluyveri)" 0.313129829254751 0.233584349957063 0.367324806166975 0.138329343741466 0.370406369007907 0.359111442466269 0.295596067180543 0.362572834883681 0.370695994675925 0.181837800175347 0.366796530623 0.194866389714804 0.256037610305023 0.365764565564046 0.347966857715146 0.23670877608608 0.370553809714899 0.260975046221476 0.349503557189629
"(N1,N2)" 0.0660722539612705 0.117791005023069 0.102368938361339 0.0385593686518273 0.103230008250955 0.100072986333445 0.157258891213338 0.101050460990846 0.103295490527757 0.0783997786344739 0.102181423131649 0.0860394443604714 0.112793147141567 0.101938658378712 0.0969847188425451 0.109618472891342 0.103285718540917 0.0921102355462124 0.0974143910169133
"(N1,castellii)" 0.171232792755506 0.233542916363868 0.2189483914608 0.0824102991658891 0.220774034801511 0.21408695418548 0.265964454673089 0.216087283477376 0.221021283984178 0.180039533264082 0.218830403444722 0.18061233341978 0.222708382938268 0.217996126516577 0.207357820349237 0.223465668209067 0.22079013720993 0.208877926487859 0.208266849862709
"(N2,N3)" 0.0194437121595354 0.0290864196064779 0.0261633768756498 0.00985019085757326 0.0263821950233168 0.0255804243177152 0.0263050053698127 0.0258231845730787 0.0264073103583736 0.0201198471336232 0.0261375554106649 0.0186315558964689 0.0177627271500736 0.0260509053489712 0.0247814370508735 0.0278367353641405 0.0263883690087962 0.0282729354009171 0.0248904727494774
"(N2,bayanus)" 0.105160538794235 0.115751911340799 0.116579453099461 0.0438509305140618 0.117544026550556 0.114013967852035 0.108705563459751 0.11503682248653 0.117725793456421 0.101639754629608 0.116648980313073 0.0945728890593085 0.109915235796702 0.116057468137866 0.110373101506692 0.113847195317726 0.117504418669013 0.116767690941647 0.110852458845796
"(N3,N4)" 0.0150995620092283 0.0224151714810652 0.0168388539070011 0.0063381023504253 0.0169792877717254 0.0164648855614481 0.00881714296066044 0.0166188824753286 0.0169981158074964 0.0136353915844188 0.0168292650311721 0.0184198103632878 0.0192783271865792 0.0167656719862998 0.015947574542024 0.0163773348422662 0.016980699083719 0.0245592165672566 0.0160175026724007
"(N3,kudriavzevii)" 0.0857168266346999 0.0866654917343215 0.0904160762238111 0.0340007396564885 0.0911618315272392 0.0884335435343202 0.0824005580899384 0.089213637913451 0.0913184830980478 0.0815199074959849 0.0905114249024081 0.0759413331628397 0.0921525086466281 0.0900065627888944 0.0855916644558188 0.0860104599535852 0.0911160496602171 0.0884947555407297 0.0859619860963186
"(N4,N5)" 0.014237031850194 0.0116928355796689 0.0164709784361667 0.00574981872372137 0.0164913742662679 0.0164627788429526 0.0360332245277266 0.0159552224719754 0.0155236322100928 0.0132150532577441 0.0154459599191931 0.0163934225882195 0.0199526353626019 0.0161658208585338 0.0150519437284473 0.0101627759918381 0.0157355874394672 0.0208093309153684 0.0150470309829526
"(N4,mikatae)" 0.0706172646254716 0.0642503202532563 0.07357722231681 0.0276626373060632 0.0741825437555137 0.0719686579728721 0.073583415129278 0.0725947554381224 0.0743203672905515 0.0678845159115661 0.073682159871236 0.0575215227995519 0.0728741814600489 0.0732408908025946 0.0696440899137948 0.0696331251113191 0.074135350576498 0.0639355389734731 0.069944483423918
"(N5,cerevisiae)" 0.0563802327752776 0.0525574846735874 0.0571062438806433 0.0219128185823418 0.0576911694892459 0.0555058791299194 0.0375501906015514 0.056639532966147 0.0587967350804587 0.054669462653822 0.0582361999520429 0.0411281002113324 0.052921546097447 0.0570750699440608 0.0545921461853476 0.0594703491194809 0.0583997631370308 0.0431262080581047 0.0548974524409653
"(N5,paradoxus)" 0.0563802327752776 0.0525574846735874 0.0571062438806433 0.0219128185823418 0.0576911694892459 0.0555058791299194 0.0375501906015514 0.056639532966147 0.0587967350804587 0.054669462653822 0.0582361999520429 0.0411281002113324 0.052921546097447 0.0570750699440608 0.0545921461853476 0.0594703491194809 0.0583997631370308 0.0431262080581047 0.0548974524409653
