"YLR406C_YDL075W" "YER131W_YGL189C" "YDR502C_YLR180W" "YML026C_YDR450W" "YHR106W_YDR353W" "YIL057C_YER067W" "YNL069C_YIL133C" "YGR043C_YLR354C" "YDR099W_YER177W" "YMR143W_YDL083C" "YJR048W_YEL039C" "YBR191W_YPL079W" "YDR418W_YEL054C" "YPL232W_YMR183C" "YLR284C_YOR180C" "YBL087C_YER117W" "YGL062W_YBR218C" "YER102W_YBL072C" "YDR438W_YML018C"
"length" 113 119 382 141 319 157 198 332 255 134 109 160 164 285 269 137 1131 199 345
"ll" -1197.21771232708 -1222.21884704723 -5953.73069890882 -1387.97588037719 -5834.30370909506 -3394.25990958495 -2369.17302696514 -6849.22838659862 -3786.63705991825 -1224.02743162591 -1932.76280394994 -1490.9661574287 -1759.65332168463 -5677.62120333613 -9415.86864244957 -1388.06490668876 -18951.8809611207 -2067.56247751126 -11145.1300095552
"pi_a" 0.32283537330865 0.328730102739336 0.256609085728015 0.298605134032923 0.287521433176299 0.284465467656507 0.280013998219621 0.280790057417654 0.294202910326918 0.295705862899779 0.302665497249057 0.301870341322666 0.300331630699794 0.320655022732305 0.323038620546043 0.264514686606537 0.281512666092167 0.296131850767429 0.323014732377067
"pi_c" 0.185819207383628 0.236338200460112 0.207592510091688 0.218785281352363 0.210020313979182 0.215625792203187 0.204665656691003 0.227091457060015 0.224785813246166 0.205725907176058 0.200844013879414 0.216802071762814 0.20962668108997 0.205375044554822 0.166965987240651 0.189037853597221 0.207064605251372 0.213549547088894 0.166068841395739
"pi_g" 0.202187055386906 0.181783148425972 0.216204593722294 0.201007910971072 0.213381601776906 0.231592587135681 0.201428470189067 0.196845079427247 0.173159777439568 0.190436027958635 0.224652575521245 0.184434744713175 0.184832343126257 0.217429371194103 0.202169341583185 0.223490579480678 0.196748029583743 0.203196773150377 0.202170832527616
"pi_t" 0.289158363920816 0.25314854837458 0.319593810458003 0.281601673643641 0.289076651067613 0.268316153004626 0.313891874900309 0.295273406095084 0.307851498987348 0.308132201965528 0.271837913350284 0.296892842201345 0.30520934508398 0.25654056151877 0.307826050630121 0.322956880315564 0.314674699072719 0.287121828993299 0.308745593699578
"kappa" 5.85777944028329 6.7940974161162 4.31140559912311 5.69249654977628 3.6766339711125 2.19956468471617 5.24688049100602 2.98864014582951 4.80911434218811 7.83351137163181 2.8096382104379 8.05813090348838 8.41548172912516 3.03815958007997 4.58095879848683 7.78038170354736 3.4396396034609 7.09806107745003 4.55004087416901
"omega" 0.086247984497917 0.0522653604656713 0.0699513161018789 0.0822615504548507 0.0586037262657934 0.0393026591603126 0.174976623926747 0.104777698219706 0.0389386505002956 0.0554776126166668 0.0658695683841524 0.0889641445060146 0.075152292348743 0.0502951179721811 0.115945360072307 0.0538015842794851 0.0469850138635806 0.186556743100332 0.113025042877089
"tau" 1.74824889733616 1.26592887485298 1.86144499841029 3.71000619959493 0.170491011770656 0.298864729282244 1.31828495752931 0.056981036828761 0.404154729542597 3.59209541988564 0.401342707262951 3.79066695809139 1.32148418650999 0.248549650322774 3.50074840279907 2.776143209441 1.08878681454635 4.96568387894688 3.42043594316909
"(N0,N1)" 0.0424461467463898 0.0193684322285998 0.237484175847693 0.0495606619709566 0.0664860657400685 0.48132474069453 0.0681042369027497 0.252642420399023 0.0828114599336072 0.0131778123171199 0.0167606981803694 0.00357566761828793 0.0112715691917036 0.260774512583795 0.0537980020348358 0.00913264646056733 0.129296859110534 0.0360193395145275 0.0540958343061328
"(N0,kluyveri)" 0.272935174228994 0.222618865199979 0.684593138399066 0.212883726367871 0.83605156611883 4.52834452998752 0.298579366411021 1.14483553069931 0.663791623875511 0.168687803419063 0.849650532939059 0.181579731967269 0.247881993939471 2.13133189626424 0.34591008491635 0.231004740221043 0.824015232478738 0.220855932867721 0.347809590990285
"(N1,N2)" 0.0760797763046855 0.11667475158299 0.244490499089735 0.0834528423065803 0.41833331655404 2.64157541690524 0.146001069880996 0.580088448759308 0.363498111773157 0.0920089513413718 0.592047935737139 0.118338356763518 0.156103352239971 1.54384663349238 0.0964105467922958 0.139153536313287 0.402484967809199 0.10028764943013 0.0969414837864739
"(N1,castellii)" 0.162616085677345 0.203250432971379 0.447108962551374 0.14025030122885 0.769565500378761 3.05402909841646 0.230475129508272 0.892193110300283 0.580980163941904 0.155509991101943 0.83288983475869 0.178004064348981 0.236610424747768 1.87055738368044 0.20613664162537 0.221872093760476 0.694718373368203 0.184836593353193 0.207261165951932
"(N2,N3)" 0.0194492349698988 0.017661916328573 0.0488225700273073 0.00256294471526015 0.0630479886881046 0.0822988479560585 0.0190131620038523 0.0410373196881143 0.0398137912280229 0.0161399005053449 0.0302683289956456 0.00409640964029291 0.00715815021854329 0.071055914192323 0.0246352282421746 0.0205483799554033 0.0458453511573886 0.0199734604941395 0.0247700597090902
"(N2,bayanus)" 0.0865363093726594 0.0865756813883891 0.202618463461639 0.0567974589222698 0.351232183824722 0.412453681511217 0.0844740596272759 0.312104661540975 0.217482052168747 0.063501039760571 0.240841899021551 0.0596657075854636 0.0805070725077969 0.326710750188062 0.109726094833074 0.0827185574471886 0.292233405559004 0.0845489439230633 0.110319682165458
"(N3,N4)" 0.0125054324914922 0.0181802825435536 0.0413764505147994 4.5002033679278e-05 0.0766363698430668 0.0790313604853907 0.00799814665949471 0.0491515568118642 0.0258624116891076 0.0119366047243559 0.0233610787421843 0.0173036889782242 0.0183642254276167 0.0411679636949411 0.0158536447917188 0.0157748139477397 0.0624534685680215 0.0225434124534998 0.0159401480355985
"(N3,kudriavzevii)" 0.0670870744027606 0.0689137650598161 0.153795893434332 0.0542345142070097 0.288184195136617 0.330154833555159 0.0654608976234236 0.27106734185286 0.177668260940724 0.0473611392552261 0.210573570025905 0.0555692979451707 0.0733489222892536 0.255654835995739 0.0850908665908998 0.0621701774917853 0.246388054401616 0.0645754834289238 0.0855496224563678
"(N4,N5)" 0.0113457660509129 0.00929863030459325 0.0400885842009859 0.0160503497131758 0.095634853830598 0.100439302774657 0.02917121269573 0.0851284471564182 0.0500580107532101 0.00754029013105899 0.0662796241808712 0.0201429765604613 0.018989100492945 0.0858495127090206 0.0150105784859739 0.00798393263685846 0.0725172369596398 0.02373634885712 0.0150138979503901
"(N4,mikatae)" 0.0545816419112684 0.0507334825162625 0.112419442919532 0.0541895121733304 0.21154782529355 0.251123473069768 0.0574627509639289 0.221915785040996 0.151805849251617 0.0354245345308702 0.187212491283721 0.0382656089669466 0.0549846968616369 0.214486872300798 0.069237221799181 0.0463953635440456 0.183934585833594 0.042032070975424 0.0696094744207693
"(N5,cerevisiae)" 0.0432358758603555 0.0414348522116692 0.0723308587185463 0.0381391624601546 0.115912971462952 0.150684170295111 0.0282915382681989 0.136787337884578 0.101747838498407 0.0278842443998112 0.12093286710285 0.0181226324064853 0.0359955963686918 0.128637359591777 0.0542266433132071 0.0384114309071871 0.111417348873954 0.018295722118304 0.0545955764703792
"(N5,paradoxus)" 0.0432358758603555 0.0414348522116692 0.0723308587185463 0.0381391624601546 0.115912971462952 0.150684170295111 0.0282915382681989 0.136787337884578 0.101747838498407 0.0278842443998112 0.12093286710285 0.0181226324064853 0.0359955963686918 0.128637359591777 0.0542266433132071 0.0384114309071871 0.111417348873954 0.018295722118304 0.0545955764703792
