2.000000000000001332e+00
2.011309881611257566e+00
2.022147513049339818e+00
2.032529533992376791e+00
2.042471996063480066e+00
2.051990384033401504e+00
2.061099636240378619e+00
2.069814164256808198e+00
2.078147871831290239e+00
2.086114173133425620e+00
2.093726010327702003e+00
2.100995870501790819e+00
2.107935801973584766e+00
2.114557430000360227e+00
2.120871971912547949e+00
2.126890251693736023e+00
2.132622714027671673e+00
2.138079437832248075e+00
2.143270149299691951e+00
2.148204234461404294e+00
2.152890751295235106e+00
2.157338441392247397e+00
2.161555741199427505e+00
2.165550792854100237e+00
2.169331454625259337e+00
2.172905310976430915e+00
2.176279682264097293e+00
2.179461634085227306e+00
2.182457986286889362e+00
2.185275321650480329e+00
2.187919994262572665e+00
2.190398137583990934e+00
2.192715672228223944e+00
2.194878313459907027e+00
2.196891578423674218e+00
2.198760793113309298e+00
2.200491099090731151e+00
2.202087459964015892e+00
2.203554667633278452e+00
2.204897348312928607e+00
2.206119968338500215e+00
2.207226839765907833e+00
2.208222125770753053e+00
2.209109845854946297e+00
2.209893880867687788e+00
2.210577977847583142e+00
2.211165754692380858e+00
2.211660704662631094e+00
2.212066200725271159e+00
2.212385499742976158e+00
2.212621746514852106e+00
2.212777977673873853e+00
2.212857125446233475e+00
2.212862021277621771e+00
2.212795399331229262e+00
2.212659899862119417e+00
2.212458072472413662e+00
2.212192379251606500e+00
2.211865197806128780e+00
2.211478824182163905e+00
2.211035475685535712e+00
2.210537293602386377e+00
2.209986345824182408e+00
2.209384629380508169e+00
2.208734072882922561e+00
2.208036538883087374e+00
2.207293826148217786e+00
2.206507671856821062e+00
2.205679753717566527e+00
2.204811692014025049e+00
2.203905051577936369e+00
2.202961343693536467e+00
2.201982027935404318e+00
2.200968513942197724e+00
2.199922163128547936e+00
2.198844290337321983e+00
2.197736165434356348e+00
2.196599014847711473e+00
2.195434023053413508e+00
2.194242334009567585e+00
2.193025052540686026e+00
2.191783245673967873e+00
2.190517943929271016e+00
2.189230142564342785e+00
2.187920802776967655e+00
2.186590852865484713e+00
2.185241189349180324e+00
2.183872678049952221e+00
2.182486155136611039e+00
2.181082428133136464e+00
2.179662276892146089e+00
2.178226454534808454e+00
2.176775688358365990e+00
2.175310680712410960e+00
2.173832109845012184e+00
2.172340630719733490e+00
2.170836875804578181e+00
2.169321455833836954e+00
2.167794960543765193e+00
2.166257959383050657e+00
0.000000000000000000e+00
1.628058451604788917e-02
3.207085464986089013e-02
4.738752231224468286e-02
6.224671098210100145e-02
7.666397691316080565e-02
9.065432955779281765e-02
1.042322512375717519e-01
1.174117160891082201e-01
1.302062083125521963e-01
1.426287397491094455e-01
1.546918668128765550e-01
1.664077068013449234e-01
1.777879536079486344e-01
1.888438928591525678e-01
1.995864164976952904e-01
2.100260368327666605e-01
2.201729000771017186e-01
2.300367993902033559e-01
2.396271874461682605e-01
2.489531885438702741e-01
2.580236102765910422e-01
2.668469547775177420e-01
2.754314295569060267e-01
2.837849579461027560e-01
2.919151891630372142e-01
2.998295080132356571e-01
3.075350442398803175e-01
3.150386815359146886e-01
3.223470662307031942e-01
3.294666156632819476e-01
3.364035262537769522e-01
3.431637812841248913e-01
3.497531583988190973e-01
3.561772368359877872e-01
3.624414043987256862e-01
3.685508641762322291e-01
3.745106410239352757e-01
3.803255878114470967e-01
3.860003914468637110e-01
3.915395786855870863e-01
3.969475217315654447e-01
4.022284436385241690e-01
4.073864235184987970e-01
4.124254015646962590e-01
4.173491838954486721e-01
4.221614472257748663e-01
4.268657433728199613e-01
4.314655036012082223e-01
4.359640428141278723e-01
4.403645635957315618e-01
4.446701601102527879e-01
4.488838218630213373e-01
4.530084373283733146e-01
4.570467974492675167e-01
4.610015990132413921e-01
4.648754479091676828e-01
4.686708622691093118e-01
4.723902754994114828e-01
4.760360392050141387e-01
4.796104260108288719e-01
4.831156322838731088e-01
4.865537807597297149e-01
4.899269230767553940e-01
4.932370422213532835e-01
4.964860548874847068e-01
4.996758137534964561e-01
5.028081096792116345e-01
5.058846738261396636e-01
5.089071797035414901e-01
5.118772451430002590e-01
5.147964342040417529e-01
5.176662590132580233e-01
5.204881815393049838e-01
5.232636153060461481e-01
5.259939270460473049e-01
5.286804382965325511e-01
5.313244269398446074e-01
5.339271286903771729e-01
5.364897385298743604e-01
5.390134120929214179e-01
5.414992670043927703e-01
5.439483841705451406e-01
5.463618090254095394e-01
5.487405527340369904e-01
5.510855933541372043e-01
5.533978769575663703e-01
5.556783187130795998e-01
5.579278039317120408e-01
5.601471890760979511e-01
5.623373027350021536e-01
5.644989465642729076e-01
5.666328961954080201e-01
5.687399021128585197e-01
5.708206905011677934e-01
5.728759640630057826e-01
5.749064028091118717e-01
5.769126648211272412e-01
5.788953869882710324e-01
5.808551857187639333e-01
