2.000000000000001332e+00
2.078147871831290239e+00
2.132622714027671673e+00
2.169331454625259337e+00
2.192715672228223944e+00
2.206119968338500215e+00
2.212066200725271159e+00
2.212458072472413662e+00
2.208734072882922561e+00
2.201982027935404318e+00
2.193025052540686026e+00
2.182486155136611039e+00
2.170836875804578181e+00
2.158433960595572465e+00
2.145547055659204450e+00
2.132379649564703161e+00
2.119084931281424833e+00
2.105777813770280282e+00
2.092544061732198646e+00
2.079447229352171522e+00
2.066533939665288866e+00
2.053837906528609203e+00
2.041383002055688678e+00
2.029185598554765324e+00
2.017256358404090122e+00
2.005601603349950857e+00
1.994224363028393121e+00
1.983125178549460799e+00
1.972302718839175295e+00
1.961754253680916493e+00
1.951476016960122184e+00
1.941463485686623525e+00
1.931711594337804261e+00
1.922214899474221861e+00
1.912967706079447439e+00
1.903964164405833159e+00
1.895198344068285357e+00
1.886664290568687452e+00
1.878356068239747323e+00
1.870267792682306807e+00
1.862393655068086407e+00
1.854727940140686648e+00
1.847265039332963710e+00
1.839999460099484896e+00
1.832925832316483206e+00
1.826038912411573456e+00
1.819333585738483805e+00
1.812804867598047931e+00
1.806447903218541651e+00
1.800257966939713183e+00
1.794230460791608639e+00
1.788360912617627418e+00
1.782644973858781290e+00
1.777078417090856677e+00
1.771657133386185912e+00
1.766377129556254033e+00
1.761234525319098854e+00
1.756225550425768667e+00
1.751346541772628829e+00
1.746593940520269062e+00
1.741964289234955610e+00
1.737454229065017008e+00
1.733060496961388530e+00
1.728779922949359449e+00
1.724609427456613275e+00
1.720546018701228697e+00
1.716586790142075492e+00
1.712728917993250111e+00
1.708969658803345615e+00
1.705306347099781572e+00
1.701736393098106870e+00
1.698257280475636621e+00
1.694866564208718618e+00
1.691561868472524655e+00
1.688340884602264502e+00
1.685201369114521786e+00
1.682141141787320215e+00
1.679158083797529954e+00
1.676250135914128858e+00
1.673415296745828007e+00
1.670651621041604029e+00
1.667957218042599887e+00
1.665330249884029445e+00
1.662768930045396720e+00
1.660271521847942022e+00
1.657836336997541071e+00
1.655461734171948418e+00
1.653146117650919900e+00
1.650887935987884525e+00
1.648685680721960534e+00
1.646537885129027767e+00
1.644443123010604468e+00
1.642400007519450034e+00
1.640407190020646055e+00
1.638463358987137131e+00
1.636567238928596346e+00
1.634717589352586042e+00
1.632913203757039744e+00
1.631152908653025646e+00
1.629435562616914135e+00
0.000000000000000000e+00
1.174117160891082201e-01
2.100260368327666605e-01
2.837849579461027560e-01
3.431637812841248913e-01
3.915395786855870863e-01
4.314655036012082223e-01
4.648754479091676828e-01
4.932370422213532835e-01
5.176662590132580233e-01
5.390134120929214179e-01
5.579278039317120408e-01
5.749064028091118717e-01
5.903305530623326192e-01
6.044937025100473038e-01
6.176223758169493427e-01
6.298920615686297575e-01
6.414392632513724601e-01
6.523706528803009386e-01
6.627700332760017021e-01
6.727036407495097237e-01
6.822241892906877325e-01
6.913739592104850562e-01
7.001871593576610708e-01
7.086917364116694928e-01
7.169107627964668161e-01
7.248635030679356772e-01
7.325662346593482255e-01
7.400328807207272597e-01
7.472754990300909395e-01
7.543046605134603455e-01
7.611297429777490464e-01
7.677591596271803320e-01
7.742005373399283297e-01
7.804608561801190669e-01
7.865465589484426090e-01
7.924636375336564509e-01
7.982177012664490867e-01
8.038140312822291689e-01
8.092576239834532448e-01
8.145532259892739324e-01
8.197053624202103039e-01
8.247183599500377271e-01
8.295963657370188926e-01
8.343433630996429651e-01
8.389631846112665103e-01
8.434595231404115045e-01
8.478359412491082159e-01
8.520958792728156039e-01
8.562426623364338685e-01
8.602795065070858449e-01
8.642095242423748491e-01
8.680357292599956143e-01
8.717610409288043538e-01
8.753882882612843419e-01
8.789202135714112574e-01
8.823594758493782386e-01
8.857086538947336329e-01
8.889702492415948454e-01
8.921466889033523584e-01
8.952403279593303953e-01
8.982534520018237156e-01
9.011882794588085277e-01
9.040469638050043777e-01
9.068315956719313897e-01
9.095442048659094780e-01
9.121867623016124416e-01
9.147611818576524279e-01
9.172693221597862934e-01
9.197129882965956460e-01
9.220939334718547542e-01
9.244138605973251099e-01
9.266744238292594638e-01
9.288772300515865110e-01
9.310238403084053482e-01
9.331157711882024364e-01
9.351544961619823182e-01
9.371414468773079376e-01
9.390780144101138482e-01
9.409655504759995015e-01
9.428053686026045543e-01
9.445987452645648874e-01
9.463469209824291184e-01
9.480511013869199477e-01
9.497124582496979661e-01
9.513321304819130075e-01
9.529112251015986468e-01
9.544508181710182892e-01
9.559519557049852567e-01
9.574156545511255390e-01
9.588429032430316745e-01
9.602346628272113715e-01
9.615918676646810770e-01
9.629154262080525939e-01
9.642062217548944547e-01
9.654651131781486484e-01
9.666929356343421098e-01
9.678905012502976302e-01
9.690585997890430736e-01
9.701979992955751531e-01
