2.000000000000001332e+00
2.152890751295235106e+00
2.206119968338500215e+00
2.211035475685536156e+00
2.193025052540686026e+00
2.164711002198895784e+00
2.132379649564704049e+00
2.099147343237823371e+00
2.066533939665288866e+00
2.035251330285814397e+00
2.005601603349950857e+00
1.977679500667493206e+00
1.951476016960122628e+00
1.926931698648124636e+00
1.903964164405833159e+00
1.882482319803970849e+00
1.862393655068086407e+00
1.843607923079523703e+00
1.826038912411573456e+00
1.809605214553891894e+00
1.794230460791608639e+00
1.779843282279345296e+00
1.766377129556254033e+00
1.753770025156688117e+00
1.741964289234956942e+00
1.730906259755091270e+00
1.720546018701228697e+00
1.710837130170938636e+00
1.701736393098106870e+00
1.693203609616417360e+00
1.685201369114521786e+00
1.677694847514933585e+00
1.670651621041604029e+00
1.664041493618011902e+00
1.657836336997541515e+00
1.652009942733609904e+00
1.646537885129027767e+00
1.641397394348446337e+00
1.636567238928596346e+00
1.632027616973183104e+00
1.627760055370982784e+00
1.623747316425148579e+00
1.619973311328564591e+00
1.616423019963807217e+00
1.613082416546955722e+00
1.609938400672226599e+00
1.606978733348890298e+00
1.604191977654218615e+00
1.601567443655430356e+00
1.599095137280833967e+00
1.596765712845177099e+00
1.594570428957180042e+00
1.592501107558367046e+00
1.590550095861345659e+00
1.588710230974059723e+00
1.586974807012330402e+00
1.585337544518613972e+00
1.583792562018332184e+00
1.582334349558362163e+00
1.580957744083643535e+00
1.579657906519021049e+00
1.578430300433295352e+00
1.577270672171683819e+00
1.576175032351471827e+00
1.575139638623352045e+00
1.574160979608306254e+00
1.573235759926578048e+00
1.572360886241251032e+00
1.571533454244859795e+00
1.570750736522695146e+00
1.570010171231139173e+00
1.569309351534063035e+00
1.568646015744401101e+00
1.568018038121759217e+00
1.567423420280658286e+00
1.566860283167051282e+00
1.566326859564016294e+00
1.565821487090219399e+00
1.565342601657312205e+00
1.564888731354922013e+00
1.564458490734129459e+00
1.564050575462256454e+00
1.563663757323872083e+00
1.563296879544627593e+00
1.562948852416028434e+00
1.562618649201238386e+00
1.562305302302631427e+00
1.562007899674053624e+00
1.561725581461254952e+00
1.561457536855304307e+00
1.561203001145093694e+00
1.560961252955516576e+00
1.560731611659359919e+00
1.560513434951277256e+00
1.560306116573401569e+00
1.560109084182561556e+00
1.559921797350019679e+00
1.559743745685024274e+00
1.559574447074166814e+00
1.559413446029211281e+00
0.000000000000000000e+00
2.489531885438702741e-01
3.915395786855870863e-01
4.796104260108288719e-01
5.390134120929214179e-01
5.827926576268868120e-01
6.176223758169493427e-01
6.469762300446777470e-01
6.727036407495097237e-01
6.958207551177388872e-01
7.169107627964668161e-01
7.363282759554679036e-01
7.543046605134601235e-01
7.710029033486180960e-01
7.865465589484426090e-01
8.010352644865020855e-01
8.145532259892739324e-01
8.271739841786154290e-01
8.389631846112665103e-01
8.499802598269227127e-01
8.602795065070858449e-01
8.699108178763558241e-01
8.789202135714112574e-01
8.873502460015950666e-01
8.952403279593303953e-01
9.026270074074754790e-01
9.095442048659094780e-01
9.160234228623068686e-01
9.220939334718547542e-01
9.277829479434481774e-01
9.331157711882024364e-01
9.381159431507183344e-01
9.428053686026045543e-01
9.472044365814028533e-01
9.513321304819130075e-01
9.552061296534793966e-01
9.588429032430316745e-01
9.622577969361296724e-01
9.654651131781486484e-01
9.684781853999265833e-01
9.713094467231210283e-01
9.739704935780587602e-01
9.764721446295182572e-01
9.788244953725969699e-01
9.810369687309556941e-01
9.831183619626687742e-01
9.850768901544274536e-01
9.869202265624140713e-01
9.886555400377603497e-01
9.902895297557656740e-01
9.918284574509218521e-01
9.932781773440293449e-01
9.946441639332189721e-01
9.959315378074833358e-01
9.971450896289799637e-01
9.982893024192650566e-01
9.993683722741619757e-01
1.000386227622543256e+00
1.001346547135448795e+00
1.002252776383967037e+00
1.003108143336816527e+00
1.003915672781704904e+00
1.004678199748261003e+00
1.005398382004452529e+00
1.006078711693071615e+00
1.006721526169874759e+00
1.007329018100385554e+00
1.007903244868183945e+00
1.008446137343552040e+00
1.008959508057755361e+00
1.009445058824951280e+00
1.009904387850576013e+00
1.010338996362269537e+00
1.010750294796757709e+00
1.011139608573657478e+00
1.011508183484978396e+00
1.011857190726956679e+00
1.012187731598976903e+00
1.012500841892548298e+00
1.012797495991652807e+00
1.013078610704248650e+00
1.013345048843333984e+00
1.013597622574632595e+00
1.013837096546769789e+00
1.014064190818708688e+00
1.014279583598092449e+00
1.014483913803334358e+00
1.014677783461195970e+00
1.014861759950951070e+00
1.015036378105372394e+00
1.015202142178049272e+00
1.015359527685969487e+00
1.015508983135576804e+00
1.015650931640041277e+00
1.015785772434882661e+00
1.015913882298643323e+00
1.016035616884801707e+00
1.016151311970751037e+00
1.016261284629231154e+00
1.016365834327229711e+00
