0.000000000000000000e+00
1.705159902794103344e-01
2.947068204316982687e-01
3.867599131237006160e-01
4.562770320449406336e-01
5.098231109023680929e-01
5.519275221816400956e-01
5.857410069936326291e-01
6.134722617197709837e-01
6.366812973660734842e-01
6.564784067798106193e-01
6.736601818909404571e-01
6.888031254062707553e-01
7.023284538689948953e-01
7.145471898326708482e-01
7.256916867792725379e-01
7.359377675635332405e-01
7.454203397679761700e-01
7.542444596753036246e-01
7.624932087857533292e-01
7.702333301118187148e-01
7.775192843970674117e-01
7.843961877976086683e-01
7.909019546776914211e-01
7.970688731417490125e-01
8.029247738592517614e-01
8.084939057782193350e-01
8.137975993588241197e-01
8.188547747618356576e-01
8.236823360626619461e-01
8.282954809877770552e-01
8.327079474615928234e-01
8.369322124123115270e-01
8.409796541174267004e-01
8.448606863837826442e-01
8.485848707093207599e-01
8.521610110214138389e-01
8.555972344589560796e-01
8.589010608411671299e-01
8.620794628596477605e-01
8.651389185807322191e-01
8.680854575092292746e-01
8.709247012113063846e-01
8.736618993013495205e-01
8.763019614492145726e-01
8.788494859488531485e-01
8.813087852985418413e-01
8.836839091707646698e-01
8.859786650917991224e-01
8.881966371039057284e-01
8.903412026443447980e-01
8.924155478433789535e-01
8.944226814166281736e-01
8.963654473045685744e-01
8.982465361928038128e-01
9.000684960303800830e-01
9.018337416493666936e-01
9.035445635767891392e-01
9.052031361194994297e-01
9.068115247934195322e-01
9.083716931606079514e-01
9.098855091306129461e-01
9.113547507764448996e-01
9.127811117100943505e-01
9.141662060577783189e-01
9.155115730708844879e-01
9.168186814048779887e-01
9.180889330951349514e-01
9.193236672557524303e-01
9.205241635247880527e-01
9.216916452770721468e-01
9.228272826236828541e-01
9.239321952153415340e-01
9.250074548653435258e-01
9.260540880061869373e-01
9.270730779927414122e-01
9.280653672636333118e-01
9.290318593714721462e-01
9.299734208915918510e-01
9.308908832181408410e-01
9.317850442555809520e-01
9.326566700129751419e-01
9.335064961078159973e-01
9.343352291855910874e-01
9.351435482607688421e-01
9.359321059844359914e-01
9.367015298433934989e-01
9.374524232951473302e-01
9.381853668428806747e-01
9.389009190541894867e-01
9.395996175270706630e-01
9.402819798063998258e-01
9.409485042538930921e-01
9.415996708743393784e-01
9.422359421006780700e-01
9.428577635403326829e-01
9.434655646850290678e-01
9.440597595861839331e-01
9.446407474978056884e-01
9.452089134887186050e-01
0.000000000000000000e+00
1.505935536801691343e-01
2.368450747932810962e-01
2.901197564790495287e-01
3.260530450849897788e-01
3.525354219565546288e-01
3.736041661112254886e-01
3.913605212244852805e-01
4.069232148685842931e-01
4.209069217007989083e-01
4.336644172848412859e-01
4.454102090433192940e-01
4.562842518653590362e-01
4.663851376723215925e-01
4.757876054521056330e-01
4.845519264393719494e-01
4.927290374581987376e-01
5.003634238140742818e-01
5.074947949709769368e-01
5.141591020947036128e-01
5.203891896339163381e-01
5.262152383548910350e-01
5.316650858630306287e-01
5.367644724132725198e-01
5.415372390839583439e-01
5.460054939976584087e-01
5.501897559180051189e-01
5.541090809479556345e-01
5.577811759739002007e-01
5.612225012737535046e-01
5.644483639681541209e-01
5.674730035369480730e-01
5.703096703322132477e-01
5.729706978277141483e-01
5.754675692139276100e-01
5.778109788549630199e-01
5.800108890548854035e-01
5.820765825279898831e-01
5.840167109251670485e-01
5.858393397335246444e-01
5.875519898367465021e-01
5.891616759979819706e-01
5.906749425044707236e-01
5.920978961929710405e-01
5.934362370569974399e-01
5.946952866205031940e-01
5.958800142478328787e-01
5.969950615462040755e-01
5.980447650046333274e-01
5.990331770018868518e-01
5.999640853056764644e-01
6.008410311757850231e-01
6.016673261750525858e-01
6.024460677841656508e-01
6.031801539087223718e-01
6.038722963603342375e-01
6.045250333871967641e-01
6.051407413238640842e-01
6.057216454246017179e-01
6.062698299398574520e-01
6.067872474908581060e-01
6.072757277931928321e-01
6.077369857764398642e-01
6.081726291433380283e-01
6.085841654087802421e-01
6.089730084558808709e-01
6.093404846436041300e-01
6.096878384979043108e-01
6.100162380159426245e-01
6.103267796107677556e-01
6.106204927218624734e-01
6.108983441150575011e-01
6.111612418936254176e-01
6.114100392407690876e-01
6.116455379122378577e-01
6.118684914964751531e-01
6.120796084584110286e-01
6.122795549818728089e-01
6.124689576245082590e-01
6.126484057981157472e-01
6.128184540863469421e-01
6.129796244109186887e-01
6.131324080566514789e-01
6.132772675649348360e-01
6.134146385045549099e-01
6.135449311281367946e-01
6.136685319219709056e-01
6.137858050563256285e-01
6.138970937429573116e-01
6.140027215060127608e-01
6.141029933720727474e-01
6.141981969847443157e-01
6.142886036487636980e-01
6.143744693082955344e-01
6.144560354637442767e-01
6.145335300311287607e-01
6.146071681477667248e-01
6.146771529277903490e-01
6.147436761707544273e-01
6.148069190263687478e-01
