

TREE #  1

  0  0.0000  16428.166079  x:  0.09477   0.01179   0.07165   0.02466   0.00324   0.03254   0.04080   0.02711   0.06997   0.07687   0.09115   0.18343   0.01287   0.10118   0.01524   0.01026   0.02026   0.06356   0.05022   0.07269   0.08848   0.09689   0.22084   0.16183   1.63734  
  1 99.0000  16340.978512  x:  0.09745   0.03343   0.08056   0.03569   0.04122   0.03214   0.03936   0.02806   0.07394   0.07770   0.09217   0.18513   0.03004   0.11194   0.02805   0.03704   0.02828   0.06398   0.04844   0.07384   0.08760   0.09472   0.22230   0.16451   1.64137  
  2 4822.6112  16309.108716  x:  0.10336   0.05458   0.09870   0.04303   0.02229   0.02197   0.03472   0.03100   0.07873   0.06817   0.08784   0.18802   0.04888   0.13630   0.03428   0.03646   0.02802   0.06431   0.04282   0.07209   0.07812   0.08159   0.22469   0.17042   1.65679  
  3 1239.6448  16300.503626  x:  0.10544   0.05325   0.10607   0.04290   0.02252   0.03669   0.03890   0.02892   0.08423   0.06736   0.08325   0.18780   0.04751   0.15185   0.03359   0.03372   0.02775   0.06507   0.04554   0.07188   0.07253   0.06948   0.22407   0.17250   1.67873  
  4 656.9534  16281.955670  x:  0.10796   0.03482   0.11651   0.03930   0.02845   0.02460   0.03795   0.02556   0.08551   0.06970   0.07569   0.18401   0.02872   0.18497   0.03923   0.03733   0.02910   0.06445   0.04908   0.07337   0.07101   0.05300   0.21911   0.17501   1.75263  
  5 836.1670  16265.138503  x:  0.11037   0.02771   0.12143   0.04516   0.02750   0.02932   0.03840   0.04105   0.08215   0.07095   0.07952   0.17989   0.01515   0.21013   0.04817   0.03822   0.02547   0.06244   0.04409   0.07242   0.07789   0.06599   0.21397   0.17743   1.85187  
  6 1329.6246  16230.594284  x:  0.11247   0.03895   0.11616   0.04631   0.02673   0.03417   0.02903   0.02034   0.07148   0.07317   0.08969   0.17411   0.01228   0.22905   0.03620   0.03275   0.03100   0.06417   0.04508   0.07260   0.08726   0.08899   0.20885   0.17953   2.05305  
  7 2121.6024  16196.590607  x:  0.11222   0.05365   0.10379   0.03574   0.02966   0.02627   0.04599   0.02789   0.06832   0.07390   0.09432   0.17008   0.02105   0.22927   0.00916   0.03137   0.03393   0.06691   0.05072   0.07358   0.08813   0.09694   0.20721   0.17928   2.27372  
  8 4561.5689  16155.847072  x:  0.10594   0.05723   0.08548   0.01884   0.02366   0.02680   0.04135   0.02839   0.09180   0.06984   0.08928   0.17218   0.03959   0.18880   0.02691   0.04189   0.02080   0.06401   0.04852   0.07240   0.07401   0.09157   0.21171   0.17300   2.55103  
  9 3045.0878  16130.571750  x:  0.10049   0.05121   0.08279   0.04465   0.01983   0.02608   0.03721   0.03224   0.10091   0.07027   0.08974   0.17973   0.04895   0.14597   0.03476   0.04060   0.02881   0.06300   0.04544   0.07361   0.06399   0.07372   0.21758   0.16755   2.74194  
 10 4333.2408  16123.278152  x:  0.10188   0.04923   0.09647   0.04394   0.02255   0.02726   0.03971   0.03158   0.09012   0.06965   0.08457   0.19005   0.05394   0.12881   0.04049   0.03566   0.02415   0.06503   0.04309   0.07201   0.07432   0.06642   0.22504   0.16894   2.79370  
 11 968.4762  16122.402516  x:  0.10282   0.04767   0.09904   0.04176   0.02160   0.02842   0.03854   0.03291   0.08787   0.06893   0.08327   0.19288   0.05471   0.12666   0.04107   0.03700   0.02809   0.06490   0.04470   0.07271   0.07423   0.06715   0.22838   0.16988   2.80007  
 12 328.5931  16121.891660  x:  0.10443   0.04508   0.10059   0.04180   0.02246   0.02840   0.03717   0.03313   0.08679   0.06889   0.08352   0.19639   0.05531   0.12616   0.03910   0.03779   0.02653   0.06379   0.04502   0.07263   0.07095   0.06908   0.23420   0.17149   2.80366  
 13 154.5751  16121.741157  x:  0.10522   0.04406   0.10003   0.04218   0.02214   0.02808   0.03882   0.03213   0.08777   0.06895   0.08380   0.19794   0.05539   0.12652   0.03940   0.03815   0.02692   0.06421   0.04432   0.07272   0.07120   0.06991   0.23789   0.17227   2.80474  
 14 88.2791  16121.682750  x:  0.10553   0.04420   0.09895   0.04227   0.02233   0.02802   0.03812   0.03256   0.08849   0.06907   0.08387   0.19859   0.05517   0.12694   0.03937   0.03768   0.02693   0.06469   0.04459   0.07265   0.07227   0.06947   0.24026   0.17259   2.80517  
 15 53.5484  16121.667625  x:  0.10542   0.04477   0.09834   0.04232   0.02224   0.02813   0.03817   0.03257   0.08797   0.06903   0.08376   0.19863   0.05457   0.12707   0.03956   0.03779   0.02692   0.06412   0.04448   0.07263   0.07228   0.06905   0.24121   0.17247   2.80530  
 16 20.4142  16121.663035  x:  0.10528   0.04507   0.09832   0.04235   0.02225   0.02810   0.03825   0.03258   0.08781   0.06902   0.08375   0.19859   0.05423   0.12706   0.03976   0.03771   0.02688   0.06441   0.04467   0.07261   0.07204   0.06907   0.24152   0.17233   2.80535  
 17 10.9967  16121.656856  x:  0.10503   0.04533   0.09864   0.04221   0.02228   0.02811   0.03815   0.03261   0.08797   0.06902   0.08376   0.19845   0.05381   0.12698   0.03959   0.03775   0.02694   0.06461   0.04429   0.07269   0.07195   0.06909   0.24182   0.17209   2.80545  
 18  6.4311  16121.637831  x:  0.10458   0.04563   0.09948   0.04227   0.02215   0.02802   0.03823   0.03253   0.08853   0.06899   0.08389   0.19790   0.05341   0.12686   0.03940   0.03792   0.02681   0.06415   0.04479   0.07272   0.07226   0.06929   0.24238   0.17163   2.80580  
 19  8.6438  16121.510165  x:  0.10402   0.04502   0.10040   0.04194   0.02285   0.02782   0.03830   0.03259   0.08842   0.06905   0.08377   0.19468   0.05442   0.12714   0.03983   0.03640   0.02753   0.06335   0.04456   0.07200   0.07200   0.06971   0.24401   0.17107   2.80818  
 20 10.5604  16121.125828  x:  0.10385   0.04313   0.10135   0.04250   0.02201   0.02848   0.03798   0.03253   0.08642   0.06895   0.08373   0.18783   0.05636   0.12778   0.03929   0.03823   0.02679   0.06504   0.04444   0.07206   0.07260   0.06915   0.24674   0.17088   2.81538  
 21 72.9429  16116.377292  x:  0.11948   0.04764   0.10764   0.04190   0.02238   0.02771   0.03812   0.03236   0.08613   0.07105   0.08533   0.17523   0.04770   0.13205   0.04025   0.03473   0.02576   0.06388   0.04455   0.08591   0.07222   0.06922   0.24466   0.18623   2.90900  
 22 77.7576  16106.309366  x:  0.13106   0.05117   0.11561   0.04239   0.02161   0.02686   0.03756   0.03106   0.08532   0.06638   0.08533   0.17406   0.03294   0.14804   0.03558   0.03730   0.02907   0.06482   0.04451   0.06404   0.07443   0.07029   0.23542   0.19728   3.09177  
 23 889.5267  16096.209059  x:  0.11411   0.04722   0.11921   0.04357   0.02026   0.02683   0.03665   0.03060   0.07806   0.07204   0.08196   0.19294   0.03660   0.18008   0.03343   0.03408   0.02805   0.06510   0.04436   0.07383   0.07802   0.07414   0.22644   0.17976   3.28694  
 24 1002.7205  16096.084961  x:  0.11371   0.04675   0.11922   0.04317   0.02071   0.02687   0.03673   0.03055   0.07777   0.06937   0.08415   0.19329   0.03661   0.18054   0.03360   0.03380   0.02805   0.06512   0.04435   0.07447   0.07811   0.07360   0.22633   0.17935   3.28927  
 25 78.2767  16096.079778  x:  0.11369   0.04675   0.11930   0.04296   0.02062   0.02689   0.03673   0.03057   0.07770   0.06977   0.08482   0.19334   0.03666   0.18057   0.03371   0.03384   0.02809   0.06511   0.04435   0.07437   0.07806   0.07339   0.22634   0.17934   3.28938  
 26 11.7852  16091.246313  x:  0.11488   0.04025   0.11001   0.04341   0.02210   0.02690   0.03722   0.02774   0.08431   0.07085   0.08543   0.19335   0.04001   0.16812   0.03335   0.03523   0.02903   0.06514   0.04592   0.07257   0.07654   0.07110   0.23730   0.17892   3.58316  
 27  0.2161  16090.857165  x:  0.11550   0.04291   0.10995   0.04247   0.02132   0.02770   0.03701   0.02969   0.08239   0.07053   0.08553   0.19281   0.03884   0.16658   0.03496   0.03519   0.02852   0.06506   0.04540   0.07293   0.07637   0.07212   0.23488   0.17943   3.63665  
 28  0.0470  16090.845905  x:  0.11527   0.04249   0.11044   0.04223   0.02131   0.02749   0.03718   0.02959   0.08252   0.07056   0.08559   0.19301   0.03945   0.16653   0.03476   0.03519   0.02826   0.06501   0.04527   0.07310   0.07648   0.07227   0.23449   0.17923   3.64555  
 29  0.0080  16090.845660  x:  0.11528   0.04255   0.11046   0.04217   0.02132   0.02751   0.03719   0.02957   0.08256   0.07057   0.08559   0.19304   0.03935   0.16652   0.03472   0.03517   0.02824   0.06502   0.04530   0.07311   0.07648   0.07226   0.23459   0.17930   3.64615  
 30  0.0006  16090.845643  x:  0.11525   0.04254   0.11044   0.04215   0.02131   0.02751   0.03718   0.02958   0.08256   0.07056   0.08558   0.19303   0.03936   0.16653   0.03472   0.03517   0.02824   0.06503   0.04530   0.07310   0.07648   0.07226   0.23461   0.17934   3.64602  
 31  0.0001  16090.845640  x:  0.11520   0.04253   0.11043   0.04215   0.02131   0.02751   0.03719   0.02957   0.08256   0.07057   0.08558   0.19303   0.03935   0.16654   0.03472   0.03517   0.02824   0.06502   0.04530   0.07310   0.07648   0.07226   0.23459   0.17938   3.64593  
 32  0.0001  16090.845640  x:  0.11517   0.04253   0.11044   0.04215   0.02131   0.02751   0.03719   0.02958   0.08256   0.07057   0.08558   0.19303   0.03935   0.16653   0.03472   0.03516   0.02824   0.06502   0.04530   0.07310   0.07648   0.07226   0.23460   0.17941   3.64594  
 33  0.0000  16090.845640  x:  0.11509   0.04253   0.11044   0.04215   0.02131   0.02751   0.03719   0.02958   0.08256   0.07057   0.08558   0.19303   0.03935   0.16653   0.03472   0.03516   0.02824   0.06502   0.04530   0.07310   0.07648   0.07226   0.23460   0.17949   3.64594  

TREE #  2

  0  0.0000  16222.533808  x:  0.12446   0.01179   0.07165   0.02466   0.00324   0.03254   0.04080   0.02711   0.06997   0.07687   0.09115   0.18343   0.01287   0.10118   0.01524   0.01026   0.02026   0.06356   0.05022   0.07269   0.08848   0.09689   0.22084   0.13215   3.64594  
  1 99.0000  16125.546155  x:  0.12827   0.03747   0.08251   0.03695   0.04002   0.03239   0.03935   0.02820   0.07474   0.07819   0.09284   0.18613   0.03495   0.11364   0.02907   0.04081   0.02940   0.06426   0.04845   0.07422   0.08780   0.09497   0.22358   0.13596   3.64584  
  2 4737.0355  16097.536154  x:  0.13586   0.05453   0.10088   0.04271   0.02085   0.02273   0.03524   0.03082   0.07996   0.06958   0.08947   0.19124   0.05270   0.13725   0.03294   0.03726   0.02782   0.06497   0.04332   0.07251   0.07861   0.08287   0.22922   0.14355   3.64568  
  3 1152.3766  16094.045785  x:  0.13837   0.05244   0.10587   0.04267   0.02136   0.03191   0.03784   0.02961   0.08335   0.06976   0.08722   0.19273   0.05168   0.14710   0.03286   0.03495   0.02853   0.06551   0.04505   0.07280   0.07561   0.07614   0.23140   0.14605   3.64563  
  4 485.2473  16091.652579  x:  0.14117   0.04420   0.11019   0.04146   0.02444   0.02728   0.03782   0.02790   0.08390   0.07111   0.08466   0.19388   0.04459   0.15967   0.03526   0.03663   0.02913   0.06531   0.04658   0.07366   0.07522   0.06969   0.23386   0.14886   3.64559  
  5 337.0403  16091.340034  x:  0.14186   0.04297   0.11065   0.04225   0.02423   0.02786   0.03772   0.03024   0.08337   0.07096   0.08490   0.19390   0.04259   0.16241   0.03648   0.03748   0.02850   0.06496   0.04564   0.07341   0.07607   0.07036   0.23428   0.14954   3.64558  
  6 165.0975  16091.254465  x:  0.14230   0.04315   0.11057   0.04290   0.02403   0.02834   0.03699   0.02928   0.08272   0.07073   0.08529   0.19374   0.04155   0.16383   0.03654   0.03760   0.02854   0.06493   0.04530   0.07318   0.07659   0.07143   0.23442   0.14998   3.64558  
  7 80.7169  16091.215163  x:  0.14270   0.04393   0.11021   0.04298   0.02423   0.02813   0.03760   0.02936   0.08222   0.07061   0.08552   0.19342   0.04077   0.16498   0.03563   0.03733   0.02886   0.06510   0.04560   0.07306   0.07671   0.07225   0.23447   0.15039   3.64559  
  8 46.8603  16091.208149  x:  0.14280   0.04425   0.10997   0.04262   0.02432   0.02814   0.03736   0.02945   0.08238   0.07066   0.08545   0.19318   0.04056   0.16530   0.03532   0.03739   0.02863   0.06504   0.04557   0.07309   0.07665   0.07238   0.23442   0.15048   3.64560  
  9 20.4508  16091.206857  x:  0.14280   0.04433   0.10986   0.04252   0.02422   0.02814   0.03740   0.02943   0.08251   0.07070   0.08547   0.19300   0.04049   0.16539   0.03541   0.03746   0.02873   0.06502   0.04556   0.07316   0.07661   0.07241   0.23435   0.15048   3.64560  
 10  8.1384  16091.206344  x:  0.14277   0.04437   0.10979   0.04257   0.02423   0.02812   0.03743   0.02941   0.08256   0.07075   0.08554   0.19283   0.04047   0.16545   0.03547   0.03742   0.02867   0.06502   0.04555   0.07316   0.07658   0.07235   0.23426   0.15046   3.64561  
 11  4.9888  16091.206166  x:  0.14275   0.04438   0.10978   0.04259   0.02423   0.02813   0.03739   0.02943   0.08253   0.07073   0.08556   0.19272   0.04048   0.16548   0.03547   0.03741   0.02870   0.06504   0.04557   0.07315   0.07659   0.07229   0.23419   0.15044   3.64562  
 12  2.8503  16091.206081  x:  0.14274   0.04437   0.10982   0.04256   0.02423   0.02814   0.03742   0.02942   0.08249   0.07071   0.08554   0.19266   0.04049   0.16549   0.03547   0.03743   0.02869   0.06503   0.04555   0.07314   0.07661   0.07229   0.23413   0.15042   3.64563  
 13  1.8454  16091.205978  x:  0.14272   0.04435   0.10990   0.04256   0.02424   0.02813   0.03740   0.02943   0.08250   0.07072   0.08552   0.19261   0.04050   0.16551   0.03546   0.03740   0.02869   0.06502   0.04557   0.07315   0.07661   0.07234   0.23404   0.15041   3.64566  
 14  1.1372  16091.205877  x:  0.14273   0.04433   0.10994   0.04259   0.02423   0.02813   0.03741   0.02942   0.08253   0.07073   0.08554   0.19260   0.04050   0.16550   0.03541   0.03744   0.02869   0.06503   0.04555   0.07316   0.07660   0.07235   0.23398   0.15041   3.64569  
 15  1.0121  16091.204422  x:  0.14292   0.04432   0.10991   0.04249   0.02422   0.02813   0.03741   0.02942   0.08255   0.07064   0.08565   0.19282   0.04047   0.16549   0.03549   0.03745   0.02868   0.06511   0.04559   0.07306   0.07655   0.07232   0.23353   0.15060   3.64629  
 16  0.7977  16091.201830  x:  0.14307   0.04432   0.10978   0.04252   0.02423   0.02812   0.03740   0.02943   0.08247   0.07078   0.08563   0.19305   0.04054   0.16555   0.03547   0.03732   0.02874   0.06491   0.04544   0.07319   0.07662   0.07222   0.23317   0.15075   3.64736  
 17  7.4577  16091.193035  x:  0.14310   0.04426   0.10946   0.04273   0.02398   0.02813   0.03738   0.02944   0.08236   0.07099   0.08531   0.19334   0.04082   0.16586   0.03548   0.03739   0.02852   0.06494   0.04584   0.07345   0.07683   0.07223   0.23286   0.15078   3.65101  
 18 17.4687  16091.151737  x:  0.14261   0.04377   0.10882   0.04308   0.02377   0.02791   0.03734   0.02948   0.08272   0.07061   0.08459   0.19385   0.04124   0.16691   0.03528   0.03706   0.02869   0.06550   0.04522   0.07303   0.07651   0.07246   0.23288   0.15027   3.66809  
 19 63.4161  16091.095640  x:  0.14238   0.04401   0.10987   0.04270   0.02323   0.02775   0.03730   0.02950   0.08275   0.07025   0.08561   0.19393   0.04077   0.16727   0.03523   0.03690   0.02858   0.06443   0.04563   0.07291   0.07627   0.07230   0.23389   0.15002   3.69112  
 20 135.8252  16091.075995  x:  0.14276   0.04426   0.11057   0.04237   0.02303   0.02773   0.03726   0.02953   0.08257   0.07071   0.08583   0.19361   0.04050   0.16703   0.03536   0.03668   0.02852   0.06514   0.04534   0.07324   0.07655   0.07213   0.23446   0.15039   3.69903  
 21 104.5404  16091.069701  x:  0.14341   0.04412   0.11065   0.04262   0.02299   0.02770   0.03725   0.02954   0.08264   0.07060   0.08544   0.19302   0.04050   0.16664   0.03535   0.03668   0.02853   0.06503   0.04537   0.07313   0.07648   0.07213   0.23478   0.15103   3.70121  
 22 18.3966  16091.067808  x:  0.14351   0.04389   0.11059   0.04253   0.02302   0.02769   0.03725   0.02954   0.08263   0.07046   0.08566   0.19291   0.04076   0.16672   0.03530   0.03665   0.02850   0.06506   0.04536   0.07333   0.07646   0.07222   0.23487   0.15114   3.70085  
 23  1.7340  16091.055144  x:  0.14367   0.04353   0.11058   0.04228   0.02278   0.02766   0.03724   0.02955   0.08260   0.07105   0.08602   0.19280   0.04128   0.16699   0.03513   0.03670   0.02859   0.06499   0.04537   0.07270   0.07652   0.07232   0.23500   0.15129   3.69690  
 24  6.9702  16090.908451  x:  0.14366   0.04377   0.11134   0.04258   0.02158   0.02712   0.03706   0.02966   0.08293   0.07028   0.08542   0.19303   0.04053   0.16812   0.03514   0.03569   0.02834   0.06497   0.04512   0.07306   0.07661   0.07183   0.23464   0.15122   3.64947  
 25 55.2884  16090.906854  x:  0.14366   0.04376   0.11135   0.04258   0.02154   0.02714   0.03704   0.02967   0.08272   0.07036   0.08538   0.19303   0.04050   0.16812   0.03517   0.03574   0.02832   0.06498   0.04510   0.07312   0.07627   0.07186   0.23463   0.15121   3.64894  
 26 12.2507  16090.846468  x:  0.14366   0.04248   0.11062   0.04213   0.02141   0.02751   0.03717   0.02957   0.08255   0.07051   0.08557   0.19303   0.03921   0.16680   0.03474   0.03515   0.02822   0.06505   0.04533   0.07306   0.07644   0.07221   0.23461   0.15112   3.64465  
 27  0.0028  16090.845645  x:  0.14358   0.04253   0.11044   0.04215   0.02130   0.02752   0.03719   0.02957   0.08256   0.07057   0.08558   0.19303   0.03935   0.16655   0.03472   0.03517   0.02824   0.06503   0.04530   0.07310   0.07648   0.07226   0.23460   0.15101   3.64601  
 28  0.0014  16090.845640  x:  0.14357   0.04253   0.11044   0.04215   0.02131   0.02751   0.03719   0.02958   0.08256   0.07057   0.08558   0.19303   0.03935   0.16653   0.03472   0.03516   0.02824   0.06502   0.04530   0.07310   0.07648   0.07226   0.23460   0.15101   3.64595  
 29  0.0001  16090.845640  x:  0.14357   0.04253   0.11044   0.04215   0.02131   0.02751   0.03719   0.02958   0.08256   0.07057   0.08558   0.19303   0.03935   0.16653   0.03472   0.03516   0.02824   0.06502   0.04530   0.07310   0.07648   0.07226   0.23460   0.15101   3.64594  
 30  0.0000  16090.845640  x:  0.14357   0.04253   0.11044   0.04215   0.02131   0.02751   0.03719   0.02958   0.08256   0.07057   0.08558   0.19303   0.03935   0.16653   0.03472   0.03516   0.02824   0.06502   0.04530   0.07310   0.07648   0.07226   0.23460   0.15101   3.64594  
 31  0.0000  16090.845640  x:  0.14357   0.04253   0.11044   0.04215   0.02131   0.02751   0.03719   0.02958   0.08256   0.07057   0.08558   0.19303   0.03935   0.16653   0.03472   0.03516   0.02824   0.06502   0.04530   0.07310   0.07648   0.07226   0.23460   0.15102   3.64594  