     2    852    547


 1

     1     42    -3.7138629698   0.024383149736      20.7744  AAAAAAAAAAAAA
     2      2    -5.8774561993   0.002801903702       2.3872  AAAAAAAAAAAAC
     3      3    -5.2544900191   0.005224009758       4.4509  AAAAAAAAAAAAG
     4      5    -5.5818510520   0.003765588763       3.2083  AAAAAAAAAAAAT
     5      4    -6.2565380833   0.001917873837       1.6340  AAAAAAAAAAACA
     6      1    -8.3083142683   0.000246459157       0.2100  AAAAAAAAAAACC
     7      3    -5.5617756525   0.003841948372       3.2733  AAAAAAAAAAAGA
     8      1    -7.6875576079   0.000458496634       0.3906  AAAAAAAAAAAGC
     9      1    -7.3919524606   0.000616191688       0.5250  AAAAAAAAAAAGT
    10      2    -5.9609329360   0.002577506202       2.1960  AAAAAAAAAAATA
    11      1    -6.2598373298   0.001911556725       1.6286  AAAAAAAAAACAA
    12      1    -8.7582412748   0.000157160768       0.1339  AAAAAAAAAACCA
    13      3    -5.5551555168   0.003867466967       3.2951  AAAAAAAAAAGAA
    14      1    -7.6666918320   0.000468164030       0.3989  AAAAAAAAAAGAC
    15      1    -6.8733422982   0.001035011959       0.8818  AAAAAAAAAAGAG
    16      3    -5.9642321825   0.002569016386       2.1888  AAAAAAAAAATAA
    17      2    -8.1722216983   0.000282389934       0.2406  AAAAAAAAAATTA
    18      1   -10.0010772677   0.000045351048       0.0386  AAAAAAAAGATAA
    19      1    -8.2936417459   0.000250101994       0.2131  AAAAAAAATAAAA
    20      1    -9.6135337910   0.000066818285       0.0569  AAAAAAAGAAACA
    21      1   -10.2298072130   0.000036078725       0.0307  AAAAAAAGAAGAG
    22      1   -11.3948619831   0.000011253155       0.0096  AAAAAAAGAATAC
    23      2    -9.9558938764   0.000047447161       0.0404  AAAAAACAAATAA
    24      1    -6.9098892356   0.000997868319       0.8502  AAAAAAGAAAAAA
    25      1    -8.4504070314   0.000213813369       0.1822  AAAAAAGAAAAAG
    26      1   -12.7739088563   0.000002833752       0.0024  AAAAAAGAGACAA
    27      1    -8.7939811653   0.000151643048       0.1292  AAAAAGAAAAAGA
    28      1    -9.6964944034   0.000061498707       0.0524  AAAAATAAAAATA
    29      1    -9.0442321710   0.000118070085       0.1006  AAAAGAAAAATAA
    30      1   -13.3610570355   0.000001575312       0.0013  AAAAGAAGAAAGG
    31      1   -14.0738773644   0.000000772312       0.0007  AAAAGAGAAAGGT
    32      1    -9.5415420462   0.000071806034       0.0612  AAAATAAAAATAA
    33      1   -11.6079994394   0.000009093057       0.0077  AAAATAAAAATAC
    34      1   -11.7046608400   0.000008255253       0.0070  AAACACACACTCC
    35      1    -9.4583888802   0.000078032209       0.0665  AAAGAAAAAAAAC
    36      1   -10.4542363832   0.000028825897       0.0246  AAAGAAAAAAGAG
    37      1   -10.4656207642   0.000028499593       0.0243  AAAGAGAAAGAAA
    38      1   -13.0066445686   0.000002245360       0.0019  AAAGAGAGAAGGG
    39      1    -9.9762307069   0.000046491981       0.0396  AAAGAGAGAGATA
    40      1    -9.8296333289   0.000053832492       0.0459  AAAGAGAGAGGGA
    41      1   -11.9207132806   0.000006651200       0.0057  AAAGGGAGAGGGG
    42      1   -14.5596712556   0.000000475133       0.0004  AAATACATATACC
    43      1   -13.5723625882   0.000001275257       0.0011  AAATACATATATT
    44      1   -10.7463700271   0.000021523396       0.0183  AACAAACACAATA
    45      1   -14.6166969442   0.000000448796       0.0004  AAGACAGAGAATT
    46      1   -10.9163056651   0.000018159701       0.0155  AAGAGAGAGACAG
    47      1   -14.7547423429   0.000000390928       0.0003  AAGAGGGGGGGAG
    48      1   -23.7218782462   0.000000000050       0.0000  AAGGGGAGAACTC
    49      1   -15.8668241854   0.000000128566       0.0001  AAGGGGGAGGAAT
    50      1   -12.3674100742   0.000004255024       0.0036  AATAAAAATAGGG
    51      1   -14.1366352220   0.000000725333       0.0006  AATACATATATTA
    52      1    -8.0813659257   0.000309248337       0.2635  AATATATATAAAA
    53      1    -9.9121449892   0.000049568997       0.0422  AATATATATAAAT
    54      1   -10.9380511005   0.000017769073       0.0151  ACAAAAAAAAAGG
    55      1    -8.4610621054   0.000211547266       0.1802  ACACACACACAAG
    56      2    -6.9107513053   0.000997008457       0.8495  ACACACACACCCC
    57      2    -8.5679072810   0.000190110081       0.1620  ACACACACACGCC
    58      1   -10.5348366248   0.000026593689       0.0227  ACACACACACGGT
    59      1    -9.8092110759   0.000054943176       0.0468  ACACACACACTAT
    60      1    -8.2545072174   0.000260083658       0.2216  ACACACACACTTT
    61      1   -13.1752824449   0.000001896914       0.0016  ACACACAGACAAC
    62      1   -11.0526378502   0.000015845297       0.0135  ACACACATACTTT
    63      1   -19.9054817148   0.000000002265       0.0000  ACACAGGCGCATG
    64      1   -13.1287852165   0.000001987197       0.0017  ACACTCACACCGC
    65      1    -9.7406464195   0.000058842486       0.0501  ACATATATATATA
    66      1   -12.9990511337   0.000002262475       0.0019  ACATATATATCGA
    67      1   -10.5474878917   0.000026259364       0.0224  ACATATATATTCT
    68      1   -18.7213701363   0.000000007403       0.0000  ACATCTGTATGTC
    69      1   -19.6694529967   0.000000002869       0.0000  ACCATCCACAAAT
    70      1   -20.8659136909   0.000000000867       0.0000  ACGAACAGGGATA
    71      1   -17.1227199899   0.000000036618       0.0000  ACGCATGTGCACT
    72      1   -11.9471273076   0.000006477815       0.0055  ACGCGCGCGCGTA
    73      1   -15.2966968280   0.000000227368       0.0002  ACGCGCGGGCACA
    74      1   -13.8053800572   0.000001010182       0.0009  ACTCACACTCCAC
    75      1   -11.2411703084   0.000013122657       0.0112  AGAAAAAAAAACT
    76      1   -13.0510241030   0.000002147891       0.0018  AGAAAGAAAAATT
    77      1    -9.3969745403   0.000082974723       0.0707  AGAAAGAGAGAAA
    78      1   -10.4738500612   0.000028266023       0.0241  AGAAAGAGAGAAG
    79      1   -11.0840065204   0.000015355966       0.0131  AGAAAGAGAGGGT
    80      1   -12.9838437854   0.000002297144       0.0020  AGACACACACCAA
    81      1   -17.0384755453   0.000000039837       0.0000  AGAGAAGGGGAGT
    82      1    -6.1388523907   0.002157398048       1.8381  AGAGAGAGAGAAA
    83      1    -8.1886078593   0.000277800352       0.2367  AGAGAGAGAGAAC
    84      1    -7.2156551971   0.000734988873       0.6262  AGAGAGAGAGAAG
    85      1    -9.5617807227   0.000070367382       0.0600  AGAGAGAGAGACT
    86      2    -6.3257340933   0.001789651997       1.5248  AGAGAGAGAGAGA
    87      4    -6.4092868546   0.001646198062       1.4026  AGAGAGAGAGAGG
    88      1    -7.6990242756   0.000453269233       0.3862  AGAGAGAGAGAGT
    89      1    -8.5707000250   0.000189579893       0.1615  AGAGAGAGAGCGA
    90      1    -7.4951906242   0.000555750767       0.4735  AGAGAGAGAGGAG
    91      4    -6.1076083408   0.002225867969       1.8964  AGAGAGAGAGGGG
    92      1    -7.8256945678   0.000399341120       0.3402  AGAGAGAGAGGGT
    93      1    -8.2774268261   0.000254190435       0.2166  AGAGAGAGAGGTG
    94      1   -10.0847068250   0.000041712621       0.0355  AGAGAGAGAGTAC
    95      1    -8.9976560553   0.000123699409       0.1054  AGAGAGAGAGTAG
    96      1   -15.1852381619   0.000000254176       0.0002  AGAGTGTGAGTGA
    97      1   -17.7245792540   0.000000020059       0.0000  AGCAGACACAAGC
    98      1   -14.6375964214   0.000000439514       0.0004  AGCGAGACAGGGG
    99      1   -10.8816730423   0.000018799636       0.0160  AGCGCGCGCGAGG
   100      1   -22.9425900601   0.000000000109       0.0000  AGGATGTAGGATA
   101      1   -14.3195973773   0.000000604057       0.0005  AGGGAAAGAGAAT
   102      1   -14.6069890619   0.000000453174       0.0004  AGGGAAAGAGGGC
   103      1    -9.9850994689   0.000046081478       0.0393  AGGGAGAGAGAGG
   104      1   -13.7038869808   0.000001118092       0.0010  AGGGGGAGGGATA
   105      1    -9.6501528184   0.000064415722       0.0549  AGGGGGGGGGGAA
   106      1    -8.6842159060   0.000169236078       0.1442  AGGGGGGGGGGAG
   107      1   -16.0173414570   0.000000110600       0.0001  AGTATGTGTGTAC
   108      1   -24.0067407741   0.000000000037       0.0000  AGTTCTACCTTTC
   109      1   -11.1089279011   0.000014978003       0.0128  ATAAAAAAAAGAT
   110      1   -13.2020873177   0.000001846742       0.0016  ATAAATAAAAATG
   111      1   -18.3879095971   0.000000010333       0.0000  ATAAGGAGAAAAC
   112      1   -10.8820550693   0.000018792456       0.0160  ATACACACACATC
   113      1   -15.2851400807   0.000000230011       0.0002  ATACACACATGTT
   114      1   -13.8296613972   0.000000985949       0.0008  ATACATACACTCG
   115      1   -11.1066396761   0.000015012315       0.0128  ATACATATATATC
   116      1   -15.9149066764   0.000000122530       0.0001  ATACTTACACAAT
   117      1   -15.0832450037   0.000000281469       0.0002  ATACTTATACTTC
   118      1   -16.8037038773   0.000000050378       0.0000  ATATACCTATTCG
   119      2    -6.6206666916   0.001332542255       1.1353  ATATATATATAAA
   120      2    -8.2454400841   0.000262452595       0.2236  ATATATATATACT
   121      1    -8.8204182994   0.000147686570       0.1258  ATATATATATAGG
   122      2    -6.8406901702   0.001069365101       0.9111  ATATATATATATA
   123      1    -7.9790334832   0.000342570363       0.2919  ATATATATATATG
   124      1    -6.8319731419   0.001078727534       0.9191  ATATATATATATT
   125      1    -8.6713953905   0.000171419740       0.1460  ATATATATATCCT
   126      1    -9.3310882235   0.000088625740       0.0755  ATATATATATGGA
   127      1    -8.8733299434   0.000140075367       0.1193  ATATATATATGGG
   128      1    -8.4407670871   0.000215884485       0.1839  ATATATATATGTA
   129      1    -8.5642847430   0.000190800011       0.1626  ATATATATATTAT
   130      1    -7.9669892294   0.000346721314       0.2954  ATATATATATTTA
   131      1    -6.2156765874   0.001997864163       1.7022  ATATATATATTTT
   132      1    -9.4103001057   0.000081876372       0.0698  ATATATGTATTTT
   133      1   -20.3084508063   0.000000001514       0.0000  ATATGCTCACACT
   134      1   -19.3928926377   0.000000003782       0.0000  ATATGTACGTTCA
   135      1   -14.2017237840   0.000000679626       0.0006  ATATGTGTATCCC
   136      1   -20.9975400128   0.000000000760       0.0000  ATCTGCATCCTTT
   137      1    -9.7916420354   0.000055917004       0.0476  ATGTATATATTTT
   138      2   -11.9890706633   0.000006211733       0.0053  ATGTATATGTTTA
   139      1   -25.2905568964   0.000000000010       0.0000  ATGTGCATTCGCT
   140      1   -11.4480690337   0.000010670058       0.0091  ATGTGTGTGTAAG
   141      1   -17.7520754519   0.000000019515       0.0000  ATTGTTTTTTGAG
   142      1   -20.2319400233   0.000000001634       0.0000  ATTTCATTCTCTA
   143      1   -15.6305897446   0.000000162825       0.0001  ATTTCCTTTTCCT
   144      1   -10.8018213376   0.000020362383       0.0173  ATTTTTTTTTATA
   145      1    -7.5668888192   0.000517299359       0.4407  CAAAAAAAAAAAA
   146      1   -16.3785994256   0.000000077066       0.0001  CAAAAGAAAATTG
   147      1   -15.8731155337   0.000000127760       0.0001  CAAATAAGAAAAG
   148      1   -17.4719593089   0.000000025824       0.0000  CACACAAGCATTG
   149      2    -6.6320084115   0.001317514316       1.1225  CACACACACAAAA
   150      1    -8.5306898687   0.000197318799       0.1681  CACACACACAAAC
   151      1    -9.1009791362   0.000111556526       0.0950  CACACACACAACA
   152      1    -9.5535889169   0.000070946186       0.0604  CACACACACAACC
   153      1    -8.8420405584   0.000144527529       0.1231  CACACACACAATA
   154      3    -7.3720714278   0.000628564803       0.5355  CACACACACACAA
   155      2    -8.5136709058   0.000200705699       0.1710  CACACACACACAG
   156      1    -8.9268600512   0.000132774275       0.1131  CACACACACACCA
   157      1    -8.7710044604   0.000155167643       0.1322  CACACACACACGC
   158      1    -9.5115078118   0.000073995386       0.0630  CACACACACACGG
   159      1    -7.8627184634   0.000384826312       0.3279  CACACACACATAA
   160      1    -8.3365382974   0.000239600334       0.2041  CACACACACATAT
   161      1   -13.3374688967   0.000001612913       0.0014  CACACACATAATT
   162      1   -19.5282766337   0.000000003304       0.0000  CACTCACATCTAT
   163      1   -14.8008933976   0.000000373296       0.0003  CAGACACACAATG
   164      1   -12.1888211112   0.000005087006       0.0043  CAGAGAGAGACCC
   165      1   -11.8038911957   0.000007475413       0.0064  CAGAGAGAGAGAC
   166      1   -20.5157658288   0.000000001231       0.0000  CATCTTTTCCATT
   167      1   -18.6826809492   0.000000007695       0.0000  CATTCATACTTTT
   168      1   -23.8211288790   0.000000000045       0.0000  CCAACGTCCACTA
   169      1   -14.9670905412   0.000000316137       0.0003  CCACCAACACCTT
   170      1   -18.1041662546   0.000000013723       0.0000  CCAGGGGGGGGAA
   171      1   -14.5016648809   0.000000503509       0.0004  CCATATATATTAT
   172      1   -12.3910653155   0.000004155552       0.0035  CCCACACACACAG
   173      1   -21.9659498016   0.000000000289       0.0000  CCCCATTTCTCGG
   174      1   -17.5811259777   0.000000023153       0.0000  CCCCCATCTCATC
   175      1   -13.5629870856   0.000001287270       0.0011  CCCCCCACCCAAA
   176      1   -10.6541039625   0.000023603774       0.0201  CCCCCCCCCCAAG
   177      1    -6.7529112355   0.001167475871       0.9947  CCCCCCCCCCACC
   178      2    -8.9701184083   0.000127153135       0.1083  CCCCCCCCCCACG
   179      1    -9.4415213878   0.000079359580       0.0676  CCCCCCCCCCAGC
   180      2    -8.9999492808   0.000123416063       0.1052  CCCCCCCCCCCAG
   181      6    -6.3510669330   0.001744884468       1.4866  CCCCCCCCCCCCA
   182     40    -4.3479096284   0.012933820834      11.0196  CCCCCCCCCCCCC
   183      4    -6.6654140635   0.001274228905       1.0856  CCCCCCCCCCCCG
   184      4    -5.2789411450   0.005097825794       4.3433  CCCCCCCCCCCCT
   185      1    -8.9999492808   0.000123416063       0.1052  CCCCCCCCCCCGA
   186      2    -7.0651739422   0.000854346301       0.7279  CCCCCCCCCCCGC
   187      3    -6.4177929896   0.001632254665       1.3907  CCCCCCCCCCCTT
   188      1   -10.6499935282   0.000023700995       0.0202  CCCCCCCCCCGAA
   189      1   -10.2047706863   0.000036993413       0.0315  CCCCCCCCCCGAT
   190      1    -8.9701184083   0.000127153135       0.1083  CCCCCCCCCCGCA
   191      3    -9.1705996340   0.000104054097       0.0887  CCCCCCCCCCGCG
   192      1    -9.7226323860   0.000059912081       0.0510  CCCCCCCCCCGGC
   193      1   -10.3002388252   0.000033625064       0.0286  CCCCCCCCCCGGG
   194      2    -7.9745857657   0.000344097412       0.2932  CCCCCCCCCCTAC
   195      1    -7.5417789333   0.000530453141       0.4519  CCCCCCCCCCTCA
   196      1    -5.5943185741   0.003718932649       3.1685  CCCCCCCCCCTCC
   197      1    -7.8561260638   0.000387371621       0.3300  CCCCCCCCCCTCG
   198      1    -6.7704493573   0.001147179042       0.9774  CCCCCCCCCCTTC
   199      1   -12.0577205128   0.000005799606       0.0049  CCCCCCCCCGCCG
   200      1   -10.1357528146   0.000039636791       0.0338  CCCCCCCCCTTCT
   201      1    -7.8381080617   0.000394414543       0.3360  CCCCCCCCTCCCC
   202      1    -9.8595981768   0.000052243338       0.0445  CCCCCCCCTCTCT
   203      1   -11.3270503779   0.000012042718       0.0103  CCCCCGCCCCGCC
   204      1    -9.4358687025   0.000079809445       0.0680  CCCCCTCCCCACC
   205      1    -7.0309776189   0.000884067077       0.7532  CCCCCTCCCCCCC
   206      1    -8.1105811260   0.000300344285       0.2559  CCCCTCCCCCTCC
   207      1   -11.7937388796   0.000007551692       0.0064  CCCCTCTCTCCTC
   208      1   -16.0839386609   0.000000103475       0.0001  CCCCTCTTTCCGC
   209      1   -12.7558412173   0.000002885417       0.0025  CCCGCCCGCGCGC
   210      1   -13.8290055810   0.000000986596       0.0008  CCCGCGCGCGAAC
   211      1   -12.5442726995   0.000003565263       0.0030  CCGCGCGCGCATC
   212      1   -18.9321439699   0.000000005996       0.0000  CCTACTCATATGC
   213      1    -8.6188190436   0.000180673496       0.1539  CCTCCCCCCCTCC
   214      1    -8.5126462063   0.000200911468       0.1712  CCTCCCTCTCCCT
   215      1   -14.6701319223   0.000000425444       0.0004  CCTCCCTTCCCTT
   216      1   -13.5159808540   0.000001349224       0.0011  CCTCCCTTTCTCA
   217      1   -15.6351238850   0.000000162088       0.0001  CCTCCGCCTCGCT
   218      1   -12.4695380360   0.000003841921       0.0033  CCTCCTCCTCTCT
   219      1   -17.1475085849   0.000000035722       0.0000  CCTCCTTTTTATC
   220      1   -13.2624063672   0.000001738642       0.0015  CCTCTCCCTCATT
   221      1   -11.1637518059   0.000014178954       0.0121  CCTCTCCCTCTTT
   222      1   -15.4707260774   0.000000191051       0.0002  CCTCTCTTCCTTC
   223      1   -11.3511732345   0.000011755689       0.0100  CCTCTCTTTCCTC
   224      1   -15.7784023342   0.000000140452       0.0001  CCTCTTTTTCGCT
   225      1   -16.8927295159   0.000000046087       0.0000  CCTTTATTTCTTT
   226      1   -17.0972999849   0.000000037561       0.0000  CCTTTCACTCTCG
   227      1   -12.0198484087   0.000006023462       0.0051  CCTTTCTCTCTTC
   228      1   -15.6038386335   0.000000167240       0.0001  CCTTTTTCTTATC
   229      1   -20.6714210660   0.000000001053       0.0000  CCTTTTTTCCGCC
   230      1   -10.4867394160   0.000027904031       0.0238  CCTTTTTTTTTTC
   231      1   -23.2948420846   0.000000000076       0.0000  CGACCGTGATCTT
   232      1   -11.2840543552   0.000012571800       0.0107  CGCACACACAAAG
   233      1   -11.9681914291   0.000006342793       0.0054  CGCACACACACCA
   234      1   -19.8430660457   0.000000002411       0.0000  CGCCTCCCTCTAG
   235      1   -10.3903889763   0.000030726380       0.0262  CGCGCGCGCGAAC
   236      1   -10.3200328353   0.000032966033       0.0281  CGCGCGCGCGAAT
   237      1    -9.3540207783   0.000086616452       0.0738  CGCGCGCGCGCAA
   238      1    -8.8395321724   0.000144890515       0.1234  CGCGCGCGCGCAC
   239      1    -9.5160071820   0.000073663202       0.0628  CGCGCGCGCGCCA
   240      1    -7.7169812772   0.000445202520       0.3793  CGCGCGCGCGCCC
   241      1    -9.5573175070   0.000070682149       0.0602  CGCGCGCGCGCCG
   242      3    -7.9729371466   0.000344665166       0.2937  CGCGCGCGCGCGC
   243      1   -10.6205271365   0.000024409769       0.0208  CGCGCGCGCGGTC
   244      1    -9.4532083405   0.000078437507       0.0668  CGCGCGCGCGGTG
   245      1   -17.0123054817   0.000000040893       0.0000  CGGAGGCGGGAGG
   246      1   -17.0281935606   0.000000040248       0.0000  CGGGAGCGGGGAA
   247      1   -11.8590636749   0.000007074147       0.0060  CGGGGGGGGGGAC
   248      1   -12.6750946661   0.000003128069       0.0027  CGTGCGTGTGGAA
   249      1   -14.1221840380   0.000000735891       0.0006  CGTGTGCGCGTTT
   250      1   -15.5772918610   0.000000171739       0.0001  CTAAAAAAAAACC
   251      1   -19.3206617834   0.000000004066       0.0000  CTATACAGATTGT
   252      1   -13.5352396636   0.000001323488       0.0011  CTATATATATTGG
   253      1   -11.6969034817   0.000008319541       0.0071  CTATCTCTCTTTA
   254      1   -16.9561770406   0.000000043254       0.0000  CTATTTCCCTTCC
   255      1   -15.5777005269   0.000000171669       0.0001  CTCCCCTTCCCAT
   256      1    -9.3087721358   0.000090625753       0.0772  CTCCCTCTCTCTC
   257      1   -18.0825343173   0.000000014023       0.0000  CTCCCTTCCTCAA
   258      1   -13.1711519945   0.000001904765       0.0016  CTCCTCTCCCCTC
   259      1   -16.9624013138   0.000000042986       0.0000  CTCCTTATCTTTA
   260      1   -15.6427063404   0.000000160864       0.0001  CTCGCCTTCTTTT
   261      1   -17.6027670393   0.000000022658       0.0000  CTCTCACACTAGT
   262      1   -13.5249827663   0.000001337133       0.0011  CTCTCCCCCCTCG
   263      1   -12.0459460375   0.000005868297       0.0050  CTCTCCCCCTTTC
   264      1   -10.6938551086   0.000022683901       0.0193  CTCTCCCTCTTTG
   265      1   -18.4868520221   0.000000009360       0.0000  CTCTCCTTGTGTT
   266      1    -9.9162492176   0.000049365971       0.0421  CTCTCTCCCTTCT
   267      1   -10.8632581935   0.000019149036       0.0163  CTCTCTCTCCTCT
   268      1    -8.0665217049   0.000313873128       0.2674  CTCTCTCTCTCAT
   269      3    -6.0441430364   0.002371712440       2.0207  CTCTCTCTCTCCC
   270      1    -8.5838586096   0.000187101631       0.1594  CTCTCTCTCTTAC
   271      1    -8.1237680716   0.000296409661       0.2525  CTCTCTCTCTTGT
   272      4    -5.3854087470   0.004582966666       3.9047  CTCTCTCTCTTTT
   273      1   -10.9604143798   0.000017376108       0.0148  CTCTCTCTTTATT
   274      1    -9.4734395310   0.000076866567       0.0655  CTCTGTCTCTTTT
   275      1   -15.1151050453   0.000000272642       0.0002  CTCTTCCTTTTTC
   276      1   -17.4581752123   0.000000026182       0.0000  CTGTATGCGTATC
   277      1   -15.2473089543   0.000000238879       0.0002  CTGTTTGTGTTAA
   278      1   -14.2809691864   0.000000627847       0.0005  CTTCCCCCCCTGT
   279      1   -14.0500907096   0.000000790903       0.0007  CTTCCCCTCCTCC
   280      1   -13.6656402402   0.000001161684       0.0010  CTTCTCTTTCCTT
   281      1   -11.2452737225   0.000013068919       0.0111  CTTTCTCTCTCGC
   282      1   -10.4146013583   0.000029991356       0.0256  CTTTCTCTCTTTA
   283      1   -12.7935524869   0.000002778630       0.0024  CTTTCTTCTTTCT
   284      1   -10.9569569768   0.000017436289       0.0149  CTTTCTTTTTCTG
   285      1   -10.6391039015   0.000023960500       0.0204  CTTTCTTTTTTAT
   286      1    -8.2002960775   0.000274572263       0.2339  CTTTCTTTTTTTT
   287      1   -13.1626648961   0.000001921000       0.0016  CTTTTCTTTTTCG
   288      1   -14.6428836060   0.000000437196       0.0004  CTTTTTCTTTAAC
   289      1   -10.3319092507   0.000032576830       0.0278  CTTTTTTTTCTTT
   290      1    -7.6925545797   0.000456211254       0.3887  CTTTTTTTTTCTT
   291      1   -10.1893313417   0.000037568999       0.0320  CTTTTTTTTTTCG
   292      1    -6.2749820008   0.001882824943       1.6042  CTTTTTTTTTTTT
   293      1    -6.7424163537   0.001179792913       1.0052  GAAAAAAAAAAAA
   294      1    -8.6046661999   0.000183248720       0.1561  GAAAAAAAAAAAT
   295      1   -10.4434876048   0.000029137411       0.0248  GAAAAAAAAAATG
   296      1   -10.5884574297   0.000025205271       0.0215  GAAAAAAAAAGTA
   297      1   -15.6157828284   0.000000165254       0.0001  GAAAAAGAGATTA
   298      1   -14.3089173463   0.000000610543       0.0005  GAAAAGAAAAATC
   299      1   -10.5373167015   0.000026527816       0.0226  GAAACAAAAAAAA
   300      1   -11.1795048337   0.000013957343       0.0119  GAAAGAGAGAAAC
   301      1   -17.8830686429   0.000000017119       0.0000  GAAGAGAAAGTCA
   302      1   -12.4573275366   0.000003889120       0.0033  GAGAAAAAGATAA
   303      1   -13.0476563006   0.000002155137       0.0018  GAGAAAGAGACGT
   304      1    -9.0697005303   0.000115101003       0.0981  GAGAAAGAGAGAA
   305      1    -8.7058018997   0.000165622095       0.1411  GAGAGAAAGAAAA
   306      1    -9.9137603729   0.000049488988       0.0422  GAGAGAAAGAAAG
   307      3    -5.8408893804   0.002906256708       2.4761  GAGAGAGAGAAAA
   308      1    -7.9244161831   0.000361801014       0.3083  GAGAGAGAGAAAC
   309      1    -7.7538418984   0.000429090846       0.3656  GAGAGAGAGAAGG
   310      1    -8.0562642599   0.000317109233       0.2702  GAGAGAGAGAATA
   311      1    -7.9892596318   0.000339085038       0.2889  GAGAGAGAGACAA
   312      1   -10.6001817960   0.000024911481       0.0212  GAGAGAGAGACCG
   313      2    -6.3402266991   0.001763902316       1.5028  GAGAGAGAGAGAA
   314      1    -8.0320723925   0.000324874244       0.2768  GAGAGAGAGAGAC
   315      5    -6.4720702176   0.001546021816       1.3172  GAGAGAGAGAGAG
   316      1    -7.7364672452   0.000436611294       0.3720  GAGAGAGAGAGAT
   317      1    -8.6681711220   0.000171973335       0.1465  GAGAGAGAGAGCA
   318      1   -10.0250866499   0.000044275165       0.0377  GAGAGAGAGATTG
   319      1    -9.5380473706   0.000072057412       0.0614  GAGAGAGAGATTT
   320      1   -14.2743800698   0.000000631998       0.0005  GAGAGAGGGGAGG
   321      1    -9.5841404083   0.000068811450       0.0586  GAGAGGGAGAGGG
   322      1   -11.8333400555   0.000007258480       0.0062  GAGGGGGGGGGCC
   323      1    -9.8713397572   0.000051633506       0.0440  GAGGGGGGGGGCG
   324      1   -12.2989852928   0.000004556365       0.0039  GCACGCGCGCGTT
   325      1   -16.8036610778   0.000000050381       0.0000  GCATCTATATTCC
   326      1   -15.9503916418   0.000000118259       0.0001  GCATGCACATAAA
   327      1   -24.1747587468   0.000000000032       0.0000  GCCCCGTTCTCTG
   328      1   -19.1119830947   0.000000005009       0.0000  GCCCTCCTCTTTC
   329      1   -27.1892295767   0.000000000002       0.0000  GCGAATGACGATA
   330      1   -14.8928849171   0.000000340488       0.0003  GCGAGAAAGAGCG
   331      1   -13.7073171808   0.000001114263       0.0009  GCGCACGCACCCC
   332      1   -20.7047446612   0.000000001019       0.0000  GCGCACGCATTGC
   333      1   -14.8326743957   0.000000361619       0.0003  GCGCGCACACGAG
   334      1   -12.0285714257   0.000005971148       0.0051  GCGCGCACGCCCA
   335      1    -9.0516648104   0.000117195766       0.0999  GCGCGCGCGCAAA
   336      1   -10.3877317967   0.000030808134       0.0262  GCGCGCGCGCAAC
   337      2    -9.1194018180   0.000109520171       0.0933  GCGCGCGCGCACA
   338      1   -10.6579651517   0.000023512811       0.0200  GCGCGCGCGCCAA
   339      1    -9.1855040475   0.000102514732       0.0873  GCGCGCGCGCGAA
   340      1    -7.9804764940   0.000342076386       0.2914  GCGCGCGCGCGCC
   341      3    -7.9628156349   0.000348171412       0.2966  GCGCGCGCGCGCG
   342      2    -7.6872955803   0.000458616788       0.3907  GCGCGCGCGCGGG
   343      1   -14.2999360030   0.000000616051       0.0005  GCGTGCGTGCTTT
   344      1   -18.6791551650   0.000000007722       0.0000  GCGTGTACGCTTA
   345      1   -12.5183949288   0.000003658728       0.0031  GCGTGTGTGTCCA
   346      1   -13.0022368291   0.000002255279       0.0019  GCGTGTGTGTTGC
   347      1   -22.5267440957   0.000000000165       0.0000  GCTGTCCATGACC
   348      1    -9.1268803649   0.000108704174       0.0926  GGAGAGAGAGAAA
   349      1    -9.1465840012   0.000106583270       0.0908  GGAGAGAGAGAGA
   350      1   -13.7378147061   0.000001080794       0.0009  GGAGGAAGAGAAG
   351      1   -11.7842576974   0.000007623632       0.0065  GGAGGGGGAGGCA
   352      1   -11.4145217036   0.000011034082       0.0094  GGAGGGGGGGTAG
   353      1   -22.1862895047   0.000000000232       0.0000  GGATCTTTATTCA
   354      1   -19.0744288508   0.000000005201       0.0000  GGGAAGGAAACAG
   355      1   -16.0976564569   0.000000102065       0.0001  GGGCCCGCGCCGG
   356      1    -7.2431588226   0.000715049474       0.6092  GGGGAGGGGGGGG
   357      1   -11.3624287104   0.000011624115       0.0099  GGGGGAGGGGCAG
   358      1   -12.0302484202   0.000005961142       0.0051  GGGGGCGGGGAGC
   359      1   -10.2660039818   0.000034796144       0.0296  GGGGGGAGGGAAG
   360      1    -7.5184717265   0.000542961726       0.4626  GGGGGGGAGGGGG
   361      2    -7.3968016615   0.000613210884       0.5225  GGGGGGGGGGAAG
   362      5    -5.9725613003   0.002547707611       2.1706  GGGGGGGGGGAGG
   363      1    -9.3079929745   0.000090696393       0.0773  GGGGGGGGGGCAA
   364      2    -6.9822947014   0.000928170883       0.7908  GGGGGGGGGGCGG
   365      1    -7.0191027613   0.000894627828       0.7622  GGGGGGGGGGGAA
   366      2    -5.9751664769   0.002541079021       2.1650  GGGGGGGGGGGAG
   367      1    -6.9770006733   0.000933097675       0.7950  GGGGGGGGGGGCG
   368      3    -5.6408274560   0.003549929780       3.0245  GGGGGGGGGGGGA
   369      1    -6.5732889104   0.001397194599       1.1904  GGGGGGGGGGGGC
   370     32    -4.4873478028   0.011250442668       9.5854  GGGGGGGGGGGGG
   371      3    -6.2776837631   0.001877744863       1.5998  GGGGGGGGGGGGT
   372      1    -7.8067412453   0.000406982144       0.3467  GGGGGGGGGGGTA
   373      1    -7.8001693274   0.000409665605       0.3490  GGGGGGGGGGTGA
   374      1    -6.6866895541   0.001247405413       1.0628  GGGGGGGGGGTGG
   375      1    -8.8538592812   0.000142829452       0.1217  GGGGGGGGGGTTG
   376      1   -10.0003932345   0.000045382080       0.0387  GGGGGTGGGGGGT
   377      1   -13.4796788586   0.000001399104       0.0012  GTAAAAAAAAAGG
   378      1   -18.3243285514   0.000000011011       0.0000  GTACCTCTATTTC
   379      1   -14.7483592542   0.000000393431       0.0003  GTATATACATTGT
   380      1   -12.8981613240   0.000002502648       0.0021  GTATATATGTTTT
   381      1   -16.5009440592   0.000000068192       0.0001  GTATGTACATTCG
   382      1   -11.8596443250   0.000007070041       0.0060  GTATGTGTATGTA
   383      1   -12.3596914072   0.000004287995       0.0037  GTCTTTCTCTTCT
   384      1   -13.4274956671   0.000001474052       0.0013  GTGAGGGGGAGGA
   385      1   -12.1099442493   0.000005504502       0.0047  GTGCGCGCGCATG
   386      1   -13.3519151890   0.000001589780       0.0014  GTGTATGTGTCGA
   387      1   -23.1761995814   0.000000000086       0.0000  GTGTCCTTTTAAC
   388      1    -8.9103528173   0.000134984201       0.1150  GTGTGTGTGTCCC
   389      1    -9.1955402266   0.000101491021       0.0865  GTGTGTGTGTGCC
   390      1    -8.3954756138   0.000225887016       0.1925  GTGTGTGTGTGGA
   391      2    -7.3100543535   0.000668780701       0.5698  GTGTGTGTGTGGG
   392      1    -7.3592893923   0.000636650708       0.5424  GTGTGTGTGTGTT
   393      1    -8.6260359983   0.000179374278       0.1528  GTGTGTGTGTTTG
   394      1   -14.1207621428   0.000000736938       0.0006  GTTCTCTCTCACC
   395      1   -17.5507178883   0.000000023868       0.0000  GTTTGCATTTCTT
   396      1   -20.0408773942   0.000000001979       0.0000  GTTTTAATGTTTT
   397      1    -7.2712836719   0.000695218988       0.5923  TAAAAAAAAAAAA
   398      1   -14.9622603060   0.000000317668       0.0003  TAAAAACAAATTT
   399      1   -13.6415339286   0.000001190028       0.0010  TAAATAAAAAGAC
   400      1   -14.4629771771   0.000000523370       0.0004  TAAATATAAAACT
   401      1   -16.4648098330   0.000000070701       0.0001  TAAATATACAAGG
   402      1   -23.3111585292   0.000000000075       0.0000  TAAGCCAAAGTCA
   403      1   -20.0707251615   0.000000001920       0.0000  TAATTACATTAAT
   404      1    -9.7307216590   0.000059429391       0.0506  TACACACACACAA
   405      1   -11.8224529500   0.000007337936       0.0063  TACATATATAGAG
   406      1   -19.9614444783   0.000000002142       0.0000  TAGAGGAAAATAT
   407      1   -22.1794317101   0.000000000233       0.0000  TAGCTTATACTTG
   408      1    -9.6578667210   0.000063920737       0.0545  TATACATATATAT
   409      1   -15.8340759324   0.000000132846       0.0001  TATATAACTACAA
   410      1   -12.9941437675   0.000002273605       0.0019  TATATACATACTG
   411      1   -15.2189835050   0.000000245742       0.0002  TATATATAGAGTG
   412      1    -7.7005802608   0.000452564501       0.3856  TATATATATAGAA
   413      1    -8.7999807783   0.000150735972       0.1284  TATATATATAGGG
   414      1    -7.7563083921   0.000428033801       0.3647  TATATATATATAC
   415      1    -7.9766905590   0.000343373920       0.2926  TATATATATATAG
   416      1    -9.0773621949   0.000114222507       0.0973  TATATATATATGC
   417      1    -8.2173801197   0.000269921301       0.2300  TATATATATATTA
   418      1    -6.5967727110   0.001364765430       1.1628  TATATATATATTT
   419      1   -12.1304928365   0.000005392546       0.0046  TATATGTATATGG
   420      1   -19.2395297779   0.000000004409       0.0000  TATGAGTATGATG
   421      1   -15.1469262288   0.000000264103       0.0002  TATGCGTGTGAGC
   422      1   -19.9126936074   0.000000002249       0.0000  TATGTTCTTTCAA
   423      1   -19.1219380522   0.000000004960       0.0000  TATTCACATACTG
   424      1   -14.3404835792   0.000000591571       0.0005  TATTTATTTATTT
   425      1   -15.4031782239   0.000000204402       0.0002  TATTTCTCTTACC
   426      1   -14.3796230234   0.000000568865       0.0005  TCACTCAAACTTT
   427      1   -11.2901811199   0.000012495011       0.0106  TCATTTTTATTTT
   428      2    -6.8181830191   0.001093706362       0.9318  TCCCCCCCCCCCC
   429      1   -13.7196576711   0.000001100597       0.0009  TCCCCCTTCCTCT
   430      1   -20.4372405611   0.000000001331       0.0000  TCCCCCTTCTATA
   431      1   -18.6693730450   0.000000007798       0.0000  TCCCCTCTCTAGA
   432      1    -9.0240966287   0.000120471587       0.1026  TCCCTCTCTCCCC
   433      1   -11.9520526561   0.000006445988       0.0055  TCCCTTCCCCTCC
   434      1   -18.0694913909   0.000000014208       0.0000  TCCTCCATCTTAT
   435      1   -17.8392741667   0.000000017886       0.0000  TCCTCCTCCTCGA
   436      1    -9.8476021857   0.000052873823       0.0450  TCCTCTCTCTTTT
   437      1   -14.0286892937   0.000000808012       0.0007  TCCTTCCCCTCTT
   438      1   -19.2546929820   0.000000004343       0.0000  TCCTTCTCCATGT
   439      1   -13.2552956331   0.000001751049       0.0015  TCGCGCGCGCATG
   440      1   -22.1097700563   0.000000000250       0.0000  TCGTCTTTATAGT
   441      1   -18.9061649044   0.000000006154       0.0000  TCTACCTGTAACT
   442      1   -10.9603890106   0.000017376549       0.0148  TCTCCCCCCCTCC
   443      1    -9.0949898233   0.000112226678       0.0956  TCTCCCTCTCCCT
   444      1   -16.4040904124   0.000000075127       0.0001  TCTCTCCTCCCCG
   445      1   -14.9368025017   0.000000325859       0.0003  TCTCTCTCACGAT
   446      3    -5.6977411549   0.003353532018       2.8572  TCTCTCTCTCCCC
   447      1    -6.3925968515   0.001673903673       1.4262  TCTCTCTCTCCCT
   448      1    -7.6261555561   0.000487531548       0.4154  TCTCTCTCTCTAT
   449      3    -5.8032493174   0.003017733224       2.5711  TCTCTCTCTCTCT
   450      2    -5.6591058969   0.003485632020       2.9698  TCTCTCTCTCTTT
   451      1   -12.2616059917   0.000004729902       0.0040  TCTCTCTCTTCTA
   452      1    -8.5002849804   0.000203410393       0.1733  TCTCTCTTTCCCC
   453      1   -10.8051830375   0.000020294046       0.0173  TCTCTCTTTCGCC
   454      1   -15.6971365279   0.000000152342       0.0001  TCTCTCTTTTACG
   455      1   -16.2514434023   0.000000087516       0.0001  TCTCTTTATCTAG
   456      1   -12.1962290049   0.000005049461       0.0043  TCTCTTTCTCACG
   457      1    -9.5004471036   0.000074818371       0.0637  TCTCTTTCTCCTC
   458      1   -10.2501274461   0.000035352995       0.0301  TCTCTTTCTCTTA
   459      1   -15.0184846467   0.000000300300       0.0003  TCTCTTTTTCAGT
   460      1   -14.1517140705   0.000000714478       0.0006  TCTTCCTTTTATT
   461      1   -19.1533210980   0.000000004806       0.0000  TCTTGTGTTTAAT
   462      1   -15.8480145293   0.000000131007       0.0001  TCTTGTGTTTTTC
   463      1   -16.7405933243   0.000000053660       0.0000  TCTTTACCTCCTC
   464      1   -15.0143079499   0.000000301557       0.0003  TCTTTCACTCCAC
   465      1   -18.0487427273   0.000000014505       0.0000  TCTTTCTCCGCCT
   466      1   -12.5783510918   0.000003445812       0.0029  TCTTTCTTTCCTT
   467      1   -15.7256892345   0.000000148054       0.0001  TCTTTTTTTCACA
   468      1    -7.9501921066   0.000352594422       0.3004  TCTTTTTTTTTCT
   469      1   -17.8474743328   0.000000017739       0.0000  TGTACACACATCA
   470      1   -14.1385943223   0.000000723913       0.0006  TGTATATGTATAC
   471      1   -12.0977272866   0.000005572163       0.0047  TGTATGTGTGTTA
   472      1   -14.1702988016   0.000000701322       0.0006  TGTCTGTCTCTTA
   473      1   -11.3154292117   0.000012183485       0.0104  TGTGCGTGTGCTT
   474      1    -9.6940243501   0.000061650800       0.0525  TGTGCGTGTGGGG
   475      1   -16.6870765201   0.000000056610       0.0000  TGTGCTTGTGGAC
   476      1   -12.2016490202   0.000005022167       0.0043  TGTGTCTGTGTTC
   477      1   -10.9194249375   0.000018103144       0.0154  TGTGTGCGTGAGG
   478      1   -15.5352029205   0.000000179121       0.0002  TGTGTGTATAGGC
   479      1    -9.9427753629   0.000048073697       0.0410  TGTGTGTGTGATG
   480      1    -7.9849831505   0.000340538234       0.2901  TGTGTGTGTGGGA
   481      1    -6.8879138221   0.001020039607       0.8691  TGTGTGTGTGGGG
   482      1    -8.8155529163   0.000148406873       0.1264  TGTGTGTGTGTAA
   483      1    -7.4218573803   0.000598037331       0.5095  TGTGTGTGTGTGG
   484      1    -8.8394427948   0.000144903465       0.1235  TGTGTGTGTGTTA
   485      1   -20.3324704478   0.000000001478       0.0000  TTACCTTTACAAA
   486      1   -12.0677414312   0.000005741779       0.0049  TTATTTCTTTTTC
   487      1   -18.8692644439   0.000000006385       0.0000  TTCCTTGCCCCTG
   488      1   -16.0082060697   0.000000111615       0.0001  TTCCTTTTCTAAA
   489      1   -12.5796234843   0.000003441430       0.0029  TTCCTTTTTTTTG
   490      1   -15.0281090447   0.000000297423       0.0003  TTCTATTTCCTTT
   491      1   -14.1831944643   0.000000692336       0.0006  TTCTCCTTTTCTT
   492      1   -10.3428820858   0.000032221324       0.0275  TTCTCTTTCTTTC
   493      2    -9.6391394977   0.000065129074       0.0555  TTCTCTTTTTTTT
   494      1   -12.2944824158   0.000004576929       0.0039  TTCTTCTTTTTAT
   495      1   -15.1890925395   0.000000253198       0.0002  TTCTTTCACTGTC
   496      1    -9.5928770537   0.000068212887       0.0581  TTCTTTCTCTCTC
   497      1    -8.4258615426   0.000219126462       0.1867  TTCTTTCTCTTTC
   498      1    -7.1272368671   0.000802934941       0.6841  TTCTTTCTCTTTT
   499      1   -11.9101756578   0.000006721658       0.0057  TTCTTTCTTTATT
   500      1   -14.8352004632   0.000000360707       0.0003  TTCTTTTTTCCTG
   501      1    -9.6168878914   0.000066594545       0.0567  TTCTTTTTTTTGT
   502      1    -6.8368635347   0.001073465011       0.9146  TTCTTTTTTTTTT
   503      1   -14.6927988744   0.000000415909       0.0004  TTGTATGTGTTAA
   504      1   -16.5420031898   0.000000065448       0.0001  TTTACTTCTTGTT
   505      1   -15.6752319742   0.000000155716       0.0001  TTTATATTTATCG
   506      1   -12.6563018073   0.000003187410       0.0027  TTTCCCTTTTTTT
   507      2   -12.3462910627   0.000004345842       0.0037  TTTCCTCTTTTTT
   508      1   -12.5842469500   0.000003425555       0.0029  TTTCTCCCTCTAT
   509      1    -9.9363360213   0.000048384259       0.0412  TTTCTCTCTCTCA
   510      1   -13.5098027254   0.000001357586       0.0012  TTTCTCTTTCGTC
   511      1   -13.4318065910   0.000001467711       0.0013  TTTCTCTTTTTCA
   512      1    -9.7948476829   0.000055738041       0.0475  TTTCTTTCTTTTT
   513      1    -9.3094492689   0.000090564408       0.0772  TTTCTTTTTTATT
   514      1   -16.6021441347   0.000000061628       0.0001  TTTGCTTATATTC
   515      1   -10.7171796307   0.000022160932       0.0189  TTTGTGTGTGTGT
   516      1   -10.9299880644   0.000017912925       0.0153  TTTTCCTTTTTCT
   517      1   -17.5048928925   0.000000024987       0.0000  TTTTCTCTATATA
   518      1   -14.1765837917   0.000000696928       0.0006  TTTTCTTTATCCT
   519      1    -6.3431610772   0.001758733947       1.4984  TTTTCTTTTTTTT
   520      1   -15.2064613815   0.000000248839       0.0002  TTTTGTATTTATC
   521      1   -12.8167791321   0.000002714836       0.0023  TTTTTCTCTCATT
   522      2    -6.5028812182   0.001499113691       1.2772  TTTTTCTTTTTTT
   523      1   -11.7702406716   0.000007731245       0.0066  TTTTTTATTTATA
   524      1   -11.1550779908   0.000014302475       0.0122  TTTTTTATTTATC
   525      1    -8.9241904405   0.000133129204       0.1134  TTTTTTCTTTTAT
   526      1   -10.2098843789   0.000036804723       0.0314  TTTTTTGTTTATT
   527      1   -10.9624255214   0.000017341198       0.0148  TTTTTTTCTTATA
   528      1   -11.5213940899   0.000009915671       0.0084  TTTTTTTCTTCCA
   529      1    -9.4011814942   0.000082626385       0.0704  TTTTTTTCTTGTT
   530      1    -6.6210967459   0.001331969312       1.1348  TTTTTTTCTTTTT
   531      1   -10.2588519464   0.000035045899       0.0299  TTTTTTTTTCCTC
   532      1    -8.9218187674   0.000133445318       0.1137  TTTTTTTTTTAAA
   533      2    -7.8506653946   0.000389492716       0.3318  TTTTTTTTTTATA
   534      1    -7.2346705990   0.000721144807       0.6144  TTTTTTTTTTATC
   535      1    -8.2668775396   0.000256886157       0.2189  TTTTTTTTTTATG
   536      1    -5.9749393082   0.002541656340       2.1655  TTTTTTTTTTATT
   537      1    -5.1013215022   0.006088695023       5.1876  TTTTTTTTTTCTT
   538      1   -10.1504989897   0.000039056588       0.0333  TTTTTTTTTTGAG
   539      1    -7.5490177295   0.000526627163       0.4487  TTTTTTTTTTGTC
   540      3    -6.2892864388   0.001856083904       1.5814  TTTTTTTTTTGTT
   541      4    -8.3019430105   0.000248034425       0.2113  TTTTTTTTTTTAG
   542      3    -5.9748600456   0.002541857806       2.1657  TTTTTTTTTTTAT
   543      3    -5.1127872081   0.006019282529       5.1284  TTTTTTTTTTTCT
   544      1    -5.6030894929   0.003686456822       3.1409  TTTTTTTTTTTTA
   545      6    -4.8207590614   0.008060666276       6.8677  TTTTTTTTTTTTC
   546      2    -5.9174366234   0.002692092186       2.2937  TTTTTTTTTTTTG
   547     85    -3.5091804677   0.029921425968      25.4931  TTTTTTTTTTTTT

 2

     1     42    -3.7138582398   0.024383265070      20.7745  AAAAAAAAAAAAA
     2      2    -5.8774523347   0.002801914530       2.3872  AAAAAAAAAAAAC
     3      3    -5.2544884077   0.005224018176       4.4509  AAAAAAAAAAAAG
     4      5    -5.5818471874   0.003765603316       3.2083  AAAAAAAAAAAAT
     5      4    -6.2565313726   0.001917886707       1.6340  AAAAAAAAAAACA
     6      1    -8.3083083921   0.000246460606       0.2100  AAAAAAAAAAACC
     7      3    -5.5617721119   0.003841961975       3.2734  AAAAAAAAAAAGA
     8      1    -7.6875550495   0.000458497807       0.3906  AAAAAAAAAAAGC
     9      1    -7.3919499022   0.000616193265       0.5250  AAAAAAAAAAAGT
    10      2    -5.9609262253   0.002577523499       2.1961  AAAAAAAAAAATA
    11      1    -6.2598340024   0.001911563085       1.6287  AAAAAAAAAACAA
    12      1    -8.7582364873   0.000157161521       0.1339  AAAAAAAAAACCA
    13      3    -5.5551546379   0.003867470366       3.2951  AAAAAAAAAAGAA
    14      1    -7.6666925369   0.000468163700       0.3989  AAAAAAAAAAGAC
    15      1    -6.8733470550   0.001035007035       0.8818  AAAAAAAAAAGAG
    16      3    -5.9642288551   0.002569024934       2.1888  AAAAAAAAAATAA
    17      2    -8.1722168651   0.000282391299       0.2406  AAAAAAAAAATTA
    18      1   -10.0010950501   0.000045350242       0.0386  AAAAAAAAGATAA
    19      1    -8.2936562253   0.000250098373       0.2131  AAAAAAAATAAAA
    20      1    -9.6135313238   0.000066818450       0.0569  AAAAAAAGAAACA
    21      1   -10.2298162173   0.000036078400       0.0307  AAAAAAAGAAGAG
    22      1   -11.3948652278   0.000011253119       0.0096  AAAAAAAGAATAC
    23      2    -9.9558910974   0.000047447292       0.0404  AAAAAACAAATAA
    24      1    -6.9098877776   0.000997869774       0.8502  AAAAAAGAAAAAA
    25      1    -8.4504086919   0.000213813014       0.1822  AAAAAAGAAAAAG
    26      1   -12.7739189380   0.000002833724       0.0024  AAAAAAGAGACAA
    27      1    -8.7939812867   0.000151643030       0.1292  AAAAAGAAAAAGA
    28      1    -9.6964881302   0.000061499093       0.0524  AAAAATAAAAATA
    29      1    -9.0442297403   0.000118070372       0.1006  AAAAGAAAAATAA
    30      1   -13.3610619562   0.000001575305       0.0013  AAAAGAAGAAAGG
    31      1   -14.0738754322   0.000000772313       0.0007  AAAAGAGAAAGGT
    32      1    -9.5415367018   0.000071806418       0.0612  AAAATAAAAATAA
    33      1   -11.6079964538   0.000009093084       0.0077  AAAATAAAAATAC
    34      1   -11.7046607941   0.000008255253       0.0070  AAACACACACTCC
    35      1    -9.4583845665   0.000078032546       0.0665  AAAGAAAAAAAAC
    36      1   -10.4542406911   0.000028825773       0.0246  AAAGAAAAAAGAG
    37      1   -10.4656276105   0.000028499398       0.0243  AAAGAGAAAGAAA
    38      1   -13.0066465347   0.000002245356       0.0019  AAAGAGAGAAGGG
    39      1    -9.9762304327   0.000046491994       0.0396  AAAGAGAGAGATA
    40      1    -9.8296410004   0.000053832079       0.0459  AAAGAGAGAGGGA
    41      1   -11.9207162596   0.000006651180       0.0057  AAAGGGAGAGGGG
    42      1   -14.5596863846   0.000000475126       0.0004  AAATACATATACC
    43      1   -13.5723617358   0.000001275258       0.0011  AAATACATATATT
    44      1   -10.7463614995   0.000021523580       0.0183  AACAAACACAATA
    45      1   -14.6166894773   0.000000448800       0.0004  AAGACAGAGAATT
    46      1   -10.9163067674   0.000018159681       0.0155  AAGAGAGAGACAG
    47      1   -14.7547372266   0.000000390930       0.0003  AAGAGGGGGGGAG
    48      1   -23.7218878661   0.000000000050       0.0000  AAGGGGAGAACTC
    49      1   -15.8668309444   0.000000128565       0.0001  AAGGGGGAGGAAT
    50      1   -12.3674072091   0.000004255037       0.0036  AATAAAAATAGGG
    51      1   -14.1366263322   0.000000725339       0.0006  AATACATATATTA
    52      1    -8.0813564937   0.000309251253       0.2635  AATATATATAAAA
    53      1    -9.9121368134   0.000049569402       0.0422  AATATATATAAAT
    54      1   -10.9380501706   0.000017769089       0.0151  ACAAAAAAAAAGG
    55      1    -8.4610643269   0.000211546796       0.1802  ACACACACACAAG
    56      2    -6.9107503927   0.000997009367       0.8495  ACACACACACCCC
    57      2    -8.5679032007   0.000190110856       0.1620  ACACACACACGCC
    58      1   -10.5348414750   0.000026593560       0.0227  ACACACACACGGT
    59      1    -9.8092155599   0.000054942929       0.0468  ACACACACACTAT
    60      1    -8.2545141528   0.000260081854       0.2216  ACACACACACTTT
    61      1   -13.1752799740   0.000001896918       0.0016  ACACACAGACAAC
    62      1   -11.0526491012   0.000015845118       0.0135  ACACACATACTTT
    63      1   -19.9055003694   0.000000002265       0.0000  ACACAGGCGCATG
    64      1   -13.1287806815   0.000001987206       0.0017  ACACTCACACCGC
    65      1    -9.7406533714   0.000058842077       0.0501  ACATATATATATA
    66      1   -12.9990582523   0.000002262459       0.0019  ACATATATATCGA
    67      1   -10.5474938095   0.000026259209       0.0224  ACATATATATTCT
    68      1   -18.7213742662   0.000000007403       0.0000  ACATCTGTATGTC
    69      1   -19.6694668377   0.000000002869       0.0000  ACCATCCACAAAT
    70      1   -20.8659469393   0.000000000867       0.0000  ACGAACAGGGATA
    71      1   -17.1227265554   0.000000036618       0.0000  ACGCATGTGCACT
    72      1   -11.9471289795   0.000006477804       0.0055  ACGCGCGCGCGTA
    73      1   -15.2967016602   0.000000227367       0.0002  ACGCGCGGGCACA
    74      1   -13.8053675624   0.000001010195       0.0009  ACTCACACTCCAC
    75      1   -11.2411673076   0.000013122696       0.0112  AGAAAAAAAAACT
    76      1   -13.0510515098   0.000002147832       0.0018  AGAAAGAAAAATT
    77      1    -9.3969764850   0.000082974562       0.0707  AGAAAGAGAGAAA
    78      1   -10.4738506384   0.000028266007       0.0241  AGAAAGAGAGAAG
    79      1   -11.0840091472   0.000015355925       0.0131  AGAAAGAGAGGGT
    80      1   -12.9838447363   0.000002297142       0.0020  AGACACACACCAA
    81      1   -17.0384926401   0.000000039836       0.0000  AGAGAAGGGGAGT
    82      1    -6.1388548155   0.002157392817       1.8381  AGAGAGAGAGAAA
    83      1    -8.1886101674   0.000277799711       0.2367  AGAGAGAGAGAAC
    84      1    -7.2156562539   0.000734988097       0.6262  AGAGAGAGAGAAG
    85      1    -9.5617802203   0.000070367418       0.0600  AGAGAGAGAGACT
    86      2    -6.3257394214   0.001789642461       1.5248  AGAGAGAGAGAGA
    87      4    -6.4092835934   0.001646203431       1.4026  AGAGAGAGAGAGG
    88      1    -7.6990257304   0.000453268574       0.3862  AGAGAGAGAGAGT
    89      1    -8.5707061792   0.000189578726       0.1615  AGAGAGAGAGCGA
    90      1    -7.4951936427   0.000555749090       0.4735  AGAGAGAGAGGAG
    91      4    -6.1076098046   0.002225864711       1.8964  AGAGAGAGAGGGG
    92      1    -7.8256976747   0.000399339880       0.3402  AGAGAGAGAGGGT
    93      1    -8.2774264439   0.000254190533       0.2166  AGAGAGAGAGGTG
    94      1   -10.0847121228   0.000041712400       0.0355  AGAGAGAGAGTAC
    95      1    -8.9976584332   0.000123699115       0.1054  AGAGAGAGAGTAG
    96      1   -15.1852363990   0.000000254177       0.0002  AGAGTGTGAGTGA
    97      1   -17.7245778916   0.000000020059       0.0000  AGCAGACACAAGC
    98      1   -14.6375980895   0.000000439513       0.0004  AGCGAGACAGGGG
    99      1   -10.8816649223   0.000018799789       0.0160  AGCGCGCGCGAGG
   100      1   -22.9425872101   0.000000000109       0.0000  AGGATGTAGGATA
   101      1   -14.3196069400   0.000000604051       0.0005  AGGGAAAGAGAAT
   102      1   -14.6069973860   0.000000453171       0.0004  AGGGAAAGAGGGC
   103      1    -9.9850980780   0.000046081542       0.0393  AGGGAGAGAGAGG
   104      1   -13.7038877423   0.000001118091       0.0010  AGGGGGAGGGATA
   105      1    -9.6501487765   0.000064415983       0.0549  AGGGGGGGGGGAA
   106      1    -8.6842078252   0.000169237446       0.1442  AGGGGGGGGGGAG
   107      1   -16.0173396212   0.000000110601       0.0001  AGTATGTGTGTAC
   108      1   -24.0067473232   0.000000000037       0.0000  AGTTCTACCTTTC
   109      1   -11.1089278887   0.000014978003       0.0128  ATAAAAAAAAGAT
   110      1   -13.2021230670   0.000001846676       0.0016  ATAAATAAAAATG
   111      1   -18.3879200183   0.000000010333       0.0000  ATAAGGAGAAAAC
   112      1   -10.8820518867   0.000018792515       0.0160  ATACACACACATC
   113      1   -15.2851414655   0.000000230010       0.0002  ATACACACATGTT
   114      1   -13.8296951492   0.000000985916       0.0008  ATACATACACTCG
   115      1   -11.1066365923   0.000015012362       0.0128  ATACATATATATC
   116      1   -15.9149358072   0.000000122527       0.0001  ATACTTACACAAT
   117      1   -15.0832595110   0.000000281464       0.0002  ATACTTATACTTC
   118      1   -16.8037138793   0.000000050378       0.0000  ATATACCTATTCG
   119      2    -6.6206666856   0.001332542263       1.1353  ATATATATATAAA
   120      2    -8.2454345432   0.000262454049       0.2236  ATATATATATACT
   121      1    -8.8204202156   0.000147686287       0.1258  ATATATATATAGG
   122      2    -6.8406948090   0.001069360140       0.9111  ATATATATATATA
   123      1    -7.9790373544   0.000342569036       0.2919  ATATATATATATG
   124      1    -6.8319648022   0.001078736530       0.9191  ATATATATATATT
   125      1    -8.6714004875   0.000171418866       0.1460  ATATATATATCCT
   126      1    -9.3310962576   0.000088625028       0.0755  ATATATATATGGA
   127      1    -8.8733365475   0.000140074442       0.1193  ATATATATATGGG
   128      1    -8.4407754577   0.000215882677       0.1839  ATATATATATGTA
   129      1    -8.5642838143   0.000190800188       0.1626  ATATATATATTAT
   130      1    -7.9669925490   0.000346720163       0.2954  ATATATATATTTA
   131      1    -6.2156769941   0.001997863351       1.7022  ATATATATATTTT
   132      1    -9.4103037634   0.000081876073       0.0698  ATATATGTATTTT
   133      1   -20.3084503052   0.000000001514       0.0000  ATATGCTCACACT
   134      1   -19.3929215315   0.000000003782       0.0000  ATATGTACGTTCA
   135      1   -14.2017286004   0.000000679622       0.0006  ATATGTGTATCCC
   136      1   -20.9975329924   0.000000000760       0.0000  ATCTGCATCCTTT
   137      1    -9.7916443087   0.000055916877       0.0476  ATGTATATATTTT
   138      2   -11.9890676390   0.000006211752       0.0053  ATGTATATGTTTA
   139      1   -25.2905745796   0.000000000010       0.0000  ATGTGCATTCGCT
   140      1   -11.4480713410   0.000010670034       0.0091  ATGTGTGTGTAAG
   141      1   -17.7520718779   0.000000019515       0.0000  ATTGTTTTTTGAG
   142      1   -20.2319479324   0.000000001634       0.0000  ATTTCATTCTCTA
   143      1   -15.6305911620   0.000000162825       0.0001  ATTTCCTTTTCCT
   144      1   -10.8018183107   0.000020362444       0.0173  ATTTTTTTTTATA
   145      1    -7.5668779632   0.000517304975       0.4407  CAAAAAAAAAAAA
   146      1   -16.3785976113   0.000000077066       0.0001  CAAAAGAAAATTG
   147      1   -15.8731118647   0.000000127760       0.0001  CAAATAAGAAAAG
   148      1   -17.4719686205   0.000000025824       0.0000  CACACAAGCATTG
   149      2    -6.6320090000   0.001317513541       1.1225  CACACACACAAAA
   150      1    -8.5306928054   0.000197318219       0.1681  CACACACACAAAC
   151      1    -9.1009779792   0.000111556655       0.0950  CACACACACAACA
   152      1    -9.5535891984   0.000070946166       0.0604  CACACACACAACC
   153      1    -8.8420394187   0.000144527693       0.1231  CACACACACAATA
   154      3    -7.3720621423   0.000628570640       0.5355  CACACACACACAA
   155      2    -8.5136678342   0.000200706316       0.1710  CACACACACACAG
   156      1    -8.9268555036   0.000132774879       0.1131  CACACACACACCA
   157      1    -8.7710086581   0.000155166991       0.1322  CACACACACACGC
   158      1    -9.5115046930   0.000073995617       0.0630  CACACACACACGG
   159      1    -7.8627153251   0.000384827520       0.3279  CACACACACATAA
   160      1    -8.3365473518   0.000239598165       0.2041  CACACACACATAT
   161      1   -13.3374930089   0.000001612874       0.0014  CACACACATAATT
   162      1   -19.5283123617   0.000000003303       0.0000  CACTCACATCTAT
   163      1   -14.8008949896   0.000000373296       0.0003  CAGACACACAATG
   164      1   -12.1888153059   0.000005087036       0.0043  CAGAGAGAGACCC
   165      1   -11.8038864032   0.000007475449       0.0064  CAGAGAGAGAGAC
   166      1   -20.5157929529   0.000000001231       0.0000  CATCTTTTCCATT
   167      1   -18.6827060880   0.000000007695       0.0000  CATTCATACTTTT
   168      1   -23.8211374347   0.000000000045       0.0000  CCAACGTCCACTA
   169      1   -14.9670873237   0.000000316138       0.0003  CCACCAACACCTT
   170      1   -18.1041595055   0.000000013723       0.0000  CCAGGGGGGGGAA
   171      1   -14.5016604583   0.000000503511       0.0004  CCATATATATTAT
   172      1   -12.3910609115   0.000004155570       0.0035  CCCACACACACAG
   173      1   -21.9659485849   0.000000000289       0.0000  CCCCATTTCTCGG
   174      1   -17.5811391033   0.000000023153       0.0000  CCCCCATCTCATC
   175      1   -13.5629902264   0.000001287266       0.0011  CCCCCCACCCAAA
   176      1   -10.6541057390   0.000023603732       0.0201  CCCCCCCCCCAAG
   177      1    -6.7529056784   0.001167482359       0.9947  CCCCCCCCCCACC
   178      2    -8.9701158067   0.000127153466       0.1083  CCCCCCCCCCACG
   179      1    -9.4415145050   0.000079360126       0.0676  CCCCCCCCCCAGC
   180      2    -8.9999416932   0.000123417000       0.1052  CCCCCCCCCCCAG
   181      6    -6.3510608526   0.001744895078       1.4867  CCCCCCCCCCCCA
   182     40    -4.3479022927   0.012933915712      11.0197  CCCCCCCCCCCCC
   183      4    -6.6654079831   0.001274236653       1.0856  CCCCCCCCCCCCG
   184      4    -5.2789371617   0.005097846100       4.3434  CCCCCCCCCCCCT
   185      1    -8.9999416932   0.000123417000       0.1052  CCCCCCCCCCCGA
   186      2    -7.0651648350   0.000854354081       0.7279  CCCCCCCCCCCGC
   187      3    -6.4177904948   0.001632258738       1.3907  CCCCCCCCCCCTT
   188      1   -10.6499944830   0.000023700972       0.0202  CCCCCCCCCCGAA
   189      1   -10.2047686514   0.000036993488       0.0315  CCCCCCCCCCGAT
   190      1    -8.9701158067   0.000127153466       0.1083  CCCCCCCCCCGCA
   191      3    -9.1705983906   0.000104054226       0.0887  CCCCCCCCCCGCG
   192      1    -9.7226258556   0.000059912472       0.0510  CCCCCCCCCCGGC
   193      1   -10.3002415263   0.000033624973       0.0286  CCCCCCCCCCGGG
   194      2    -7.9745810709   0.000344099028       0.2932  CCCCCCCCCCTAC
   195      1    -7.5417777428   0.000530453773       0.4519  CCCCCCCCCCTCA
   196      1    -5.5943153374   0.003718944686       3.1685  CCCCCCCCCCTCC
   197      1    -7.8561248734   0.000387372082       0.3300  CCCCCCCCCCTCG
   198      1    -6.7704483527   0.001147180194       0.9774  CCCCCCCCCCTTC
   199      1   -12.0577093012   0.000005799671       0.0049  CCCCCCCCCGCCG
   200      1   -10.1357530191   0.000039636783       0.0338  CCCCCCCCCTTCT
   201      1    -7.8381220259   0.000394409036       0.3360  CCCCCCCCTCCCC
   202      1    -9.8596214779   0.000052242121       0.0445  CCCCCCCCTCTCT
   203      1   -11.3270452782   0.000012042780       0.0103  CCCCCGCCCCGCC
   204      1    -9.4358665074   0.000079809620       0.0680  CCCCCTCCCCACC
   205      1    -7.0309736398   0.000884070595       0.7532  CCCCCTCCCCCCC
   206      1    -8.1105787670   0.000300344993       0.2559  CCCCTCCCCCTCC
   207      1   -11.7937371632   0.000007551705       0.0064  CCCCTCTCTCCTC
   208      1   -16.0839380126   0.000000103475       0.0001  CCCCTCTTTCCGC
   209      1   -12.7558717637   0.000002885329       0.0025  CCCGCCCGCGCGC
   210      1   -13.8290061127   0.000000986595       0.0008  CCCGCGCGCGAAC
   211      1   -12.5442640124   0.000003565294       0.0030  CCGCGCGCGCATC
   212      1   -18.9321673956   0.000000005996       0.0000  CCTACTCATATGC
   213      1    -8.6188176868   0.000180673741       0.1539  CCTCCCCCCCTCC
   214      1    -8.5126437900   0.000200911953       0.1712  CCTCCCTCTCCCT
   215      1   -14.6701425390   0.000000425440       0.0004  CCTCCCTTCCCTT
   216      1   -13.5159852380   0.000001349218       0.0011  CCTCCCTTTCTCA
   217      1   -15.6351173062   0.000000162089       0.0001  CCTCCGCCTCGCT
   218      1   -12.4695380456   0.000003841921       0.0033  CCTCCTCCTCTCT
   219      1   -17.1475139111   0.000000035721       0.0000  CCTCCTTTTTATC
   220      1   -13.2624076027   0.000001738640       0.0015  CCTCTCCCTCATT
   221      1   -11.1637538024   0.000014178926       0.0121  CCTCTCCCTCTTT
   222      1   -15.4707473056   0.000000191047       0.0002  CCTCTCTTCCTTC
   223      1   -11.3511719615   0.000011755704       0.0100  CCTCTCTTTCCTC
   224      1   -15.7784102932   0.000000140451       0.0001  CCTCTTTTTCGCT
   225      1   -16.8927272219   0.000000046087       0.0000  CCTTTATTTCTTT
   226      1   -17.0972974139   0.000000037561       0.0000  CCTTTCACTCTCG
   227      1   -12.0198453210   0.000006023480       0.0051  CCTTTCTCTCTTC
   228      1   -15.6038445980   0.000000167239       0.0001  CCTTTTTCTTATC
   229      1   -20.6714387144   0.000000001053       0.0000  CCTTTTTTCCGCC
   230      1   -10.4867375307   0.000027904083       0.0238  CCTTTTTTTTTTC
   231      1   -23.2948426686   0.000000000076       0.0000  CGACCGTGATCTT
   232      1   -11.2840607876   0.000012571719       0.0107  CGCACACACAAAG
   233      1   -11.9681897177   0.000006342803       0.0054  CGCACACACACCA
   234      1   -19.8430837216   0.000000002411       0.0000  CGCCTCCCTCTAG
   235      1   -10.3903956307   0.000030726176       0.0262  CGCGCGCGCGAAC
   236      1   -10.3200400643   0.000032965795       0.0281  CGCGCGCGCGAAT
   237      1    -9.3540177216   0.000086616717       0.0738  CGCGCGCGCGCAA
   238      1    -8.8395360514   0.000144889953       0.1234  CGCGCGCGCGCAC
   239      1    -9.5160052105   0.000073663347       0.0628  CGCGCGCGCGCCA
   240      1    -7.7169794749   0.000445203323       0.3793  CGCGCGCGCGCCC
   241      1    -9.5573118272   0.000070682550       0.0602  CGCGCGCGCGCCG
   242      3    -7.9729405650   0.000344663987       0.2937  CGCGCGCGCGCGC
   243      1   -10.6205293440   0.000024409715       0.0208  CGCGCGCGCGGTC
   244      1    -9.4532060175   0.000078437689       0.0668  CGCGCGCGCGGTG
   245      1   -17.0122968546   0.000000040893       0.0000  CGGAGGCGGGAGG
   246      1   -17.0281874574   0.000000040249       0.0000  CGGGAGCGGGGAA
   247      1   -11.8590534868   0.000007074219       0.0060  CGGGGGGGGGGAC
   248      1   -12.6751005758   0.000003128051       0.0027  CGTGCGTGTGGAA
   249      1   -14.1221933843   0.000000735884       0.0006  CGTGTGCGCGTTT
   250      1   -15.5772808129   0.000000171741       0.0001  CTAAAAAAAAACC
   251      1   -19.3206597227   0.000000004066       0.0000  CTATACAGATTGT
   252      1   -13.5352354468   0.000001323494       0.0011  CTATATATATTGG
   253      1   -11.6969055120   0.000008319524       0.0071  CTATCTCTCTTTA
   254      1   -16.9561857231   0.000000043254       0.0000  CTATTTCCCTTCC
   255      1   -15.5777061037   0.000000171668       0.0001  CTCCCCTTCCCAT
   256      1    -9.3087756091   0.000090625438       0.0772  CTCCCTCTCTCTC
   257      1   -18.0825429546   0.000000014023       0.0000  CTCCCTTCCTCAA
   258      1   -13.1711519044   0.000001904765       0.0016  CTCCTCTCCCCTC
   259      1   -16.9624029673   0.000000042986       0.0000  CTCCTTATCTTTA
   260      1   -15.6427112424   0.000000160863       0.0001  CTCGCCTTCTTTT
   261      1   -17.6027732314   0.000000022658       0.0000  CTCTCACACTAGT
   262      1   -13.5249837261   0.000001337132       0.0011  CTCTCCCCCCTCG
   263      1   -12.0459600938   0.000005868215       0.0050  CTCTCCCCCTTTC
   264      1   -10.6938618141   0.000022683749       0.0193  CTCTCCCTCTTTG
   265      1   -18.4868782551   0.000000009359       0.0000  CTCTCCTTGTGTT
   266      1    -9.9162571205   0.000049365581       0.0421  CTCTCTCCCTTCT
   267      1   -10.8632601574   0.000019148998       0.0163  CTCTCTCTCCTCT
   268      1    -8.0665186271   0.000313874094       0.2674  CTCTCTCTCTCAT
   269      3    -6.0441438621   0.002371710481       2.0207  CTCTCTCTCTCCC
   270      1    -8.5838623042   0.000187100939       0.1594  CTCTCTCTCTTAC
   271      1    -8.1237681815   0.000296409628       0.2525  CTCTCTCTCTTGT
   272      4    -5.3854104161   0.004582959016       3.9047  CTCTCTCTCTTTT
   273      1   -10.9604361194   0.000017375731       0.0148  CTCTCTCTTTATT
   274      1    -9.4734391480   0.000076866597       0.0655  CTCTGTCTCTTTT
   275      1   -15.1151313746   0.000000272635       0.0002  CTCTTCCTTTTTC
   276      1   -17.4581766444   0.000000026182       0.0000  CTGTATGCGTATC
   277      1   -15.2473016614   0.000000238881       0.0002  CTGTTTGTGTTAA
   278      1   -14.2809744621   0.000000627844       0.0005  CTTCCCCCCCTGT
   279      1   -14.0500967945   0.000000790898       0.0007  CTTCCCCTCCTCC
   280      1   -13.6656463646   0.000001161676       0.0010  CTTCTCTTTCCTT
   281      1   -11.2452763372   0.000013068885       0.0111  CTTTCTCTCTCGC
   282      1   -10.4146063863   0.000029991205       0.0256  CTTTCTCTCTTTA
   283      1   -12.7935582190   0.000002778614       0.0024  CTTTCTTCTTTCT
   284      1   -10.9569586650   0.000017436259       0.0149  CTTTCTTTTTCTG
   285      1   -10.6391015902   0.000023960556       0.0204  CTTTCTTTTTTAT
   286      1    -8.2002952915   0.000274572479       0.2339  CTTTCTTTTTTTT
   287      1   -13.1626642892   0.000001921001       0.0016  CTTTTCTTTTTCG
   288      1   -14.6428837827   0.000000437196       0.0004  CTTTTTCTTTAAC
   289      1   -10.3318997905   0.000032577138       0.0278  CTTTTTTTTCTTT
   290      1    -7.6925500496   0.000456213321       0.3887  CTTTTTTTTTCTT
   291      1   -10.1893264740   0.000037569182       0.0320  CTTTTTTTTTTCG
   292      1    -6.2749741591   0.001882839707       1.6042  CTTTTTTTTTTTT
   293      1    -6.7424089775   0.001179801615       1.0052  GAAAAAAAAAAAA
   294      1    -8.6046597723   0.000183249898       0.1561  GAAAAAAAAAAAT
   295      1   -10.4434819686   0.000029137575       0.0248  GAAAAAAAAAATG
   296      1   -10.5884517719   0.000025205413       0.0215  GAAAAAAAAAGTA
   297      1   -15.6157862194   0.000000165253       0.0001  GAAAAAGAGATTA
   298      1   -14.3089127014   0.000000610546       0.0005  GAAAAGAAAAATC
   299      1   -10.5373081106   0.000026528044       0.0226  GAAACAAAAAAAA
   300      1   -11.1795105355   0.000013957263       0.0119  GAAAGAGAGAAAC
   301      1   -17.8830728961   0.000000017119       0.0000  GAAGAGAAAGTCA
   302      1   -12.4573224156   0.000003889140       0.0033  GAGAAAAAGATAA
   303      1   -13.0476621874   0.000002155124       0.0018  GAGAAAGAGACGT
   304      1    -9.0696987155   0.000115101212       0.0981  GAGAAAGAGAGAA
   305      1    -8.7058076407   0.000165621144       0.1411  GAGAGAAAGAAAA
   306      1    -9.9137706039   0.000049488482       0.0422  GAGAGAAAGAAAG
   307      3    -5.8408918729   0.002906249464       2.4761  GAGAGAGAGAAAA
   308      1    -7.9244200518   0.000361799614       0.3083  GAGAGAGAGAAAC
   309      1    -7.7538475000   0.000429088443       0.3656  GAGAGAGAGAAGG
   310      1    -8.0562649409   0.000317109017       0.2702  GAGAGAGAGAATA
   311      1    -7.9892605273   0.000339084735       0.2889  GAGAGAGAGACAA
   312      1   -10.6001854643   0.000024911389       0.0212  GAGAGAGAGACCG
   313      2    -6.3402240068   0.001763907065       1.5028  GAGAGAGAGAGAA
   314      1    -8.0320736380   0.000324873839       0.2768  GAGAGAGAGAGAC
   315      5    -6.4720754899   0.001546013665       1.3172  GAGAGAGAGAGAG
   316      1    -7.7364684907   0.000436610751       0.3720  GAGAGAGAGAGAT
   317      1    -8.6681678197   0.000171973903       0.1465  GAGAGAGAGAGCA
   318      1   -10.0250903144   0.000044275003       0.0377  GAGAGAGAGATTG
   319      1    -9.5380522601   0.000072057059       0.0614  GAGAGAGAGATTT
   320      1   -14.2743948805   0.000000631988       0.0005  GAGAGAGGGGAGG
   321      1    -9.5841491726   0.000068810847       0.0586  GAGAGGGAGAGGG
   322      1   -11.8333352772   0.000007258515       0.0062  GAGGGGGGGGGCC
   323      1    -9.8713339531   0.000051633806       0.0440  GAGGGGGGGGGCG
   324      1   -12.2989837300   0.000004556373       0.0039  GCACGCGCGCGTT
   325      1   -16.8036606458   0.000000050381       0.0000  GCATCTATATTCC
   326      1   -15.9504089936   0.000000118257       0.0001  GCATGCACATAAA
   327      1   -24.1747620416   0.000000000032       0.0000  GCCCCGTTCTCTG
   328      1   -19.1119909018   0.000000005009       0.0000  GCCCTCCTCTTTC
   329      1   -27.1892644439   0.000000000002       0.0000  GCGAATGACGATA
   330      1   -14.8928898623   0.000000340487       0.0003  GCGAGAAAGAGCG
   331      1   -13.7073371756   0.000001114241       0.0009  GCGCACGCACCCC
   332      1   -20.7047639185   0.000000001019       0.0000  GCGCACGCATTGC
   333      1   -14.8326936375   0.000000361612       0.0003  GCGCGCACACGAG
   334      1   -12.0285764606   0.000005971118       0.0051  GCGCGCACGCCCA
   335      1    -9.0516714157   0.000117194992       0.0999  GCGCGCGCGCAAA
   336      1   -10.3877321643   0.000030808123       0.0262  GCGCGCGCGCAAC
   337      2    -9.1194110524   0.000109519159       0.0933  GCGCGCGCGCACA
   338      1   -10.6579678300   0.000023512748       0.0200  GCGCGCGCGCCAA
   339      1    -9.1855052399   0.000102514609       0.0873  GCGCGCGCGCGAA
   340      1    -7.9804657163   0.000342080073       0.2915  GCGCGCGCGCGCC
   341      3    -7.9628193606   0.000348170115       0.2966  GCGCGCGCGCGCG
   342      2    -7.6872940628   0.000458617484       0.3907  GCGCGCGCGCGGG
   343      1   -14.2999489163   0.000000616043       0.0005  GCGTGCGTGCTTT
   344      1   -18.6791696156   0.000000007722       0.0000  GCGTGTACGCTTA
   345      1   -12.5184025442   0.000003658700       0.0031  GCGTGTGTGTCCA
   346      1   -13.0022410931   0.000002255269       0.0019  GCGTGTGTGTTGC
   347      1   -22.5267762479   0.000000000165       0.0000  GCTGTCCATGACC
   348      1    -9.1268800912   0.000108704204       0.0926  GGAGAGAGAGAAA
   349      1    -9.1465858401   0.000106583074       0.0908  GGAGAGAGAGAGA
   350      1   -13.7378192476   0.000001080789       0.0009  GGAGGAAGAGAAG
   351      1   -11.7842466633   0.000007623716       0.0065  GGAGGGGGAGGCA
   352      1   -11.4145200493   0.000011034100       0.0094  GGAGGGGGGGTAG
   353      1   -22.1862793081   0.000000000232       0.0000  GGATCTTTATTCA
   354      1   -19.0744861524   0.000000005201       0.0000  GGGAAGGAAACAG
   355      1   -16.0976497088   0.000000102066       0.0001  GGGCCCGCGCCGG
   356      1    -7.2431533520   0.000715053386       0.6092  GGGGAGGGGGGGG
   357      1   -11.3624287335   0.000011624115       0.0099  GGGGGAGGGGCAG
   358      1   -12.0302482274   0.000005961144       0.0051  GGGGGCGGGGAGC
   359      1   -10.2660067979   0.000034796046       0.0296  GGGGGGAGGGAAG
   360      1    -7.5184695704   0.000542962897       0.4626  GGGGGGGAGGGGG
   361      2    -7.3968011372   0.000613211206       0.5225  GGGGGGGGGGAAG
   362      5    -5.9725589021   0.002547713721       2.1707  GGGGGGGGGGAGG
   363      1    -9.3079945516   0.000090696250       0.0773  GGGGGGGGGGCAA
   364      2    -6.9822899267   0.000928175314       0.7908  GGGGGGGGGGCGG
   365      1    -7.0191008850   0.000894629506       0.7622  GGGGGGGGGGGAA
   366      2    -5.9751611467   0.002541092565       2.1650  GGGGGGGGGGGAG
   367      1    -6.9769922731   0.000933105513       0.7950  GGGGGGGGGGGCG
   368      3    -5.6408243652   0.003549940752       3.0245  GGGGGGGGGGGGA
   369      1    -6.5732836141   0.001397201999       1.1904  GGGGGGGGGGGGC
   370     32    -4.4873414114   0.011250514574       9.5854  GGGGGGGGGGGGG
   371      3    -6.2776784668   0.001877754808       1.5998  GGGGGGGGGGGGT
   372      1    -7.8067362238   0.000406984188       0.3468  GGGGGGGGGGGTA
   373      1    -7.8001684631   0.000409665960       0.3490  GGGGGGGGGGTGA
   374      1    -6.6866847794   0.001247411369       1.0628  GGGGGGGGGGTGG
   375      1    -8.8538528590   0.000142830370       0.1217  GGGGGGGGGGTTG
   376      1   -10.0003883382   0.000045382303       0.0387  GGGGGTGGGGGGT
   377      1   -13.4796762439   0.000001399107       0.0012  GTAAAAAAAAAGG
   378      1   -18.3243173733   0.000000011012       0.0000  GTACCTCTATTTC
   379      1   -14.7483593553   0.000000393431       0.0003  GTATATACATTGT
   380      1   -12.8981786803   0.000002502604       0.0021  GTATATATGTTTT
   381      1   -16.5009544832   0.000000068191       0.0001  GTATGTACATTCG
   382      1   -11.8596414862   0.000007070061       0.0060  GTATGTGTATGTA
   383      1   -12.3596852268   0.000004288021       0.0037  GTCTTTCTCTTCT
   384      1   -13.4275048851   0.000001474038       0.0013  GTGAGGGGGAGGA
   385      1   -12.1099551177   0.000005504442       0.0047  GTGCGCGCGCATG
   386      1   -13.3519201791   0.000001589772       0.0014  GTGTATGTGTCGA
   387      1   -23.1762027185   0.000000000086       0.0000  GTGTCCTTTTAAC
   388      1    -8.9103596025   0.000134983285       0.1150  GTGTGTGTGTCCC
   389      1    -9.1955368681   0.000101491362       0.0865  GTGTGTGTGTGCC
   390      1    -8.3954773438   0.000225886625       0.1925  GTGTGTGTGTGGA
   391      2    -7.3100532124   0.000668781464       0.5698  GTGTGTGTGTGGG
   392      1    -7.3592801543   0.000636656589       0.5424  GTGTGTGTGTGTT
   393      1    -8.6260393282   0.000179373680       0.1528  GTGTGTGTGTTTG
   394      1   -14.1207564631   0.000000736942       0.0006  GTTCTCTCTCACC
   395      1   -17.5507166930   0.000000023868       0.0000  GTTTGCATTTCTT
   396      1   -20.0408823970   0.000000001979       0.0000  GTTTTAATGTTTT
   397      1    -7.2712728159   0.000695226535       0.5923  TAAAAAAAAAAAA
   398      1   -14.9622554071   0.000000317669       0.0003  TAAAAACAAATTT
   399      1   -13.6415347732   0.000001190027       0.0010  TAAATAAAAAGAC
   400      1   -14.4629700703   0.000000523374       0.0004  TAAATATAAAACT
   401      1   -16.4648219911   0.000000070700       0.0001  TAAATATACAAGG
   402      1   -23.3111647580   0.000000000075       0.0000  TAAGCCAAAGTCA
   403      1   -20.0707405574   0.000000001920       0.0000  TAATTACATTAAT
   404      1    -9.7307102603   0.000059430068       0.0506  TACACACACACAA
   405      1   -11.8224639055   0.000007337856       0.0063  TACATATATAGAG
   406      1   -19.9614540475   0.000000002142       0.0000  TAGAGGAAAATAT
   407      1   -22.1794415986   0.000000000233       0.0000  TAGCTTATACTTG
   408      1    -9.6578720003   0.000063920400       0.0545  TATACATATATAT
   409      1   -15.8340747732   0.000000132846       0.0001  TATATAACTACAA
   410      1   -12.9941504349   0.000002273590       0.0019  TATATACATACTG
   411      1   -15.2190084341   0.000000245736       0.0002  TATATATAGAGTG
   412      1    -7.7005822503   0.000452563601       0.3856  TATATATATAGAA
   413      1    -8.7999881465   0.000150734862       0.1284  TATATATATAGGG
   414      1    -7.7563122884   0.000428032133       0.3647  TATATATATATAC
   415      1    -7.9766883854   0.000343374666       0.2926  TATATATATATAG
   416      1    -9.0773672593   0.000114221929       0.0973  TATATATATATGC
   417      1    -8.2173760263   0.000269922406       0.2300  TATATATATATTA
   418      1    -6.5967725259   0.001364765683       1.1628  TATATATATATTT
   419      1   -12.1304966032   0.000005392526       0.0046  TATATGTATATGG
   420      1   -19.2395355086   0.000000004409       0.0000  TATGAGTATGATG
   421      1   -15.1469347401   0.000000264101       0.0002  TATGCGTGTGAGC
   422      1   -19.9126908339   0.000000002249       0.0000  TATGTTCTTTCAA
   423      1   -19.1219328335   0.000000004960       0.0000  TATTCACATACTG
   424      1   -14.3404832119   0.000000591572       0.0005  TATTTATTTATTT
   425      1   -15.4031898648   0.000000204399       0.0002  TATTTCTCTTACC
   426      1   -14.3796246767   0.000000568864       0.0005  TCACTCAAACTTT
   427      1   -11.2901680860   0.000012495174       0.0106  TCATTTTTATTTT
   428      2    -6.8181730154   0.001093717303       0.9318  TCCCCCCCCCCCC
   429      1   -13.7196640074   0.000001100590       0.0009  TCCCCCTTCCTCT
   430      1   -20.4372557166   0.000000001331       0.0000  TCCCCCTTCTATA
   431      1   -18.6693772429   0.000000007798       0.0000  TCCCCTCTCTAGA
   432      1    -9.0240990163   0.000120471299       0.1026  TCCCTCTCTCCCC
   433      1   -11.9520532687   0.000006445984       0.0055  TCCCTTCCCCTCC
   434      1   -18.0695177677   0.000000014207       0.0000  TCCTCCATCTTAT
   435      1   -17.8392806760   0.000000017885       0.0000  TCCTCCTCCTCGA
   436      1    -9.8475992384   0.000052873979       0.0450  TCCTCTCTCTTTT
   437      1   -14.0287051543   0.000000807999       0.0007  TCCTTCCCCTCTT
   438      1   -19.2546881553   0.000000004343       0.0000  TCCTTCTCCATGT
   439      1   -13.2552970817   0.000001751046       0.0015  TCGCGCGCGCATG
   440      1   -22.1097714759   0.000000000250       0.0000  TCGTCTTTATAGT
   441      1   -18.9062080722   0.000000006154       0.0000  TCTACCTGTAACT
   442      1   -10.9603848747   0.000017376621       0.0148  TCTCCCCCCCTCC
   443      1    -9.0949941383   0.000112226194       0.0956  TCTCCCTCTCCCT
   444      1   -16.4041035717   0.000000075126       0.0001  TCTCTCCTCCCCG
   445      1   -14.9368245422   0.000000325851       0.0003  TCTCTCTCACGAT
   446      3    -5.6977416027   0.003353530516       2.8572  TCTCTCTCTCCCC
   447      1    -6.3926017745   0.001673895433       1.4262  TCTCTCTCTCCCT
   448      1    -7.6261566436   0.000487531018       0.4154  TCTCTCTCTCTAT
   449      3    -5.8032533158   0.003017721158       2.5711  TCTCTCTCTCTCT
   450      2    -5.6591076203   0.003485626013       2.9698  TCTCTCTCTCTTT
   451      1   -12.2616081074   0.000004729892       0.0040  TCTCTCTCTTCTA
   452      1    -8.5002897176   0.000203409429       0.1733  TCTCTCTTTCCCC
   453      1   -10.8051865754   0.000020293974       0.0173  TCTCTCTTTCGCC
   454      1   -15.6971547929   0.000000152339       0.0001  TCTCTCTTTTACG
   455      1   -16.2514486053   0.000000087516       0.0001  TCTCTTTATCTAG
   456      1   -12.1962370043   0.000005049421       0.0043  TCTCTTTCTCACG
   457      1    -9.5004533217   0.000074817906       0.0637  TCTCTTTCTCCTC
   458      1   -10.2501344408   0.000035352748       0.0301  TCTCTTTCTCTTA
   459      1   -15.0184954226   0.000000300297       0.0003  TCTCTTTTTCAGT
   460      1   -14.1517371424   0.000000714461       0.0006  TCTTCCTTTTATT
   461      1   -19.1533136398   0.000000004806       0.0000  TCTTGTGTTTAAT
   462      1   -15.8480101330   0.000000131008       0.0001  TCTTGTGTTTTTC
   463      1   -16.7405986723   0.000000053660       0.0000  TCTTTACCTCCTC
   464      1   -15.0143069450   0.000000301557       0.0003  TCTTTCACTCCAC
   465      1   -18.0487684740   0.000000014505       0.0000  TCTTTCTCCGCCT
   466      1   -12.5783623605   0.000003445773       0.0029  TCTTTCTTTCCTT
   467      1   -15.7256954556   0.000000148053       0.0001  TCTTTTTTTCACA
   468      1    -7.9501920304   0.000352594449       0.3004  TCTTTTTTTTTCT
   469      1   -17.8474745021   0.000000017739       0.0000  TGTACACACATCA
   470      1   -14.1386060198   0.000000723905       0.0006  TGTATATGTATAC
   471      1   -12.0977256406   0.000005572172       0.0047  TGTATGTGTGTTA
   472      1   -14.1703325105   0.000000701298       0.0006  TGTCTGTCTCTTA
   473      1   -11.3154335548   0.000012183432       0.0104  TGTGCGTGTGCTT
   474      1    -9.6940247042   0.000061650778       0.0525  TGTGCGTGTGGGG
   475      1   -16.6870815162   0.000000056610       0.0000  TGTGCTTGTGGAC
   476      1   -12.2016521259   0.000005022152       0.0043  TGTGTCTGTGTTC
   477      1   -10.9194289163   0.000018103072       0.0154  TGTGTGCGTGAGG
   478      1   -15.5352187363   0.000000179118       0.0002  TGTGTGTATAGGC
   479      1    -9.9427751712   0.000048073707       0.0410  TGTGTGTGTGATG
   480      1    -7.9849865676   0.000340537070       0.2901  TGTGTGTGTGGGA
   481      1    -6.8879134224   0.001020040015       0.8691  TGTGTGTGTGGGG
   482      1    -8.8155507906   0.000148407188       0.1264  TGTGTGTGTGTAA
   483      1    -7.4218477123   0.000598043112       0.5095  TGTGTGTGTGTGG
   484      1    -8.8394416288   0.000144903634       0.1235  TGTGTGTGTGTTA
   485      1   -20.3324779340   0.000000001478       0.0000  TTACCTTTACAAA
   486      1   -12.0677416615   0.000005741778       0.0049  TTATTTCTTTTTC
   487      1   -18.8692989127   0.000000006385       0.0000  TTCCTTGCCCCTG
   488      1   -16.0082032366   0.000000111616       0.0001  TTCCTTTTCTAAA
   489      1   -12.5796206048   0.000003441440       0.0029  TTCCTTTTTTTTG
   490      1   -15.0280949283   0.000000297428       0.0003  TTCTATTTCCTTT
   491      1   -14.1832002619   0.000000692332       0.0006  TTCTCCTTTTCTT
   492      1   -10.3428808446   0.000032221364       0.0275  TTCTCTTTCTTTC
   493      2    -9.6391376721   0.000065129193       0.0555  TTCTCTTTTTTTT
   494      1   -12.2944806955   0.000004576936       0.0039  TTCTTCTTTTTAT
   495      1   -15.1890950774   0.000000253198       0.0002  TTCTTTCACTGTC
   496      1    -9.5928811818   0.000068212605       0.0581  TTCTTTCTCTCTC
   497      1    -8.4258605641   0.000219126676       0.1867  TTCTTTCTCTTTC
   498      1    -7.1272326561   0.000802938322       0.6841  TTCTTTCTCTTTT
   499      1   -11.9101822860   0.000006721614       0.0057  TTCTTTCTTTATT
   500      1   -14.8352010543   0.000000360707       0.0003  TTCTTTTTTCCTG
   501      1    -9.6168826837   0.000066594892       0.0567  TTCTTTTTTTTGT
   502      1    -6.8368600824   0.001073468717       0.9146  TTCTTTTTTTTTT
   503      1   -14.6927916272   0.000000415912       0.0004  TTGTATGTGTTAA
   504      1   -16.5420013697   0.000000065449       0.0001  TTTACTTCTTGTT
   505      1   -15.6752341873   0.000000155716       0.0001  TTTATATTTATCG
   506      1   -12.6563003832   0.000003187415       0.0027  TTTCCCTTTTTTT
   507      2   -12.3462868272   0.000004345860       0.0037  TTTCCTCTTTTTT
   508      1   -12.5842498997   0.000003425545       0.0029  TTTCTCCCTCTAT
   509      1    -9.9363385209   0.000048384138       0.0412  TTTCTCTCTCTCA
   510      1   -13.5098127429   0.000001357572       0.0012  TTTCTCTTTCGTC
   511      1   -13.4318074998   0.000001467710       0.0013  TTTCTCTTTTTCA
   512      1    -9.7948512215   0.000055737844       0.0475  TTTCTTTCTTTTT
   513      1    -9.3094450048   0.000090564794       0.0772  TTTCTTTTTTATT
   514      1   -16.6021816961   0.000000061626       0.0001  TTTGCTTATATTC
   515      1   -10.7171796990   0.000022160931       0.0189  TTTGTGTGTGTGT
   516      1   -10.9299888781   0.000017912910       0.0153  TTTTCCTTTTTCT
   517      1   -17.5049098486   0.000000024987       0.0000  TTTTCTCTATATA
   518      1   -14.1766047763   0.000000696913       0.0006  TTTTCTTTATCCT
   519      1    -6.3431566224   0.001758741782       1.4984  TTTTCTTTTTTTT
   520      1   -15.2064591122   0.000000248839       0.0002  TTTTGTATTTATC
   521      1   -12.8167805033   0.000002714832       0.0023  TTTTTCTCTCATT
   522      2    -6.5028792411   0.001499116655       1.2772  TTTTTCTTTTTTT
   523      1   -11.7702413306   0.000007731240       0.0066  TTTTTTATTTATA
   524      1   -11.1550785018   0.000014302467       0.0122  TTTTTTATTTATC
   525      1    -8.9241865533   0.000133129722       0.1134  TTTTTTCTTTTAT
   526      1   -10.2098810938   0.000036804844       0.0314  TTTTTTGTTTATT
   527      1   -10.9624299298   0.000017341121       0.0148  TTTTTTTCTTATA
   528      1   -11.5214018875   0.000009915594       0.0084  TTTTTTTCTTCCA
   529      1    -9.4011819423   0.000082626348       0.0704  TTTTTTTCTTGTT
   530      1    -6.6210956680   0.001331970748       1.1348  TTTTTTTCTTTTT
   531      1   -10.2588542033   0.000035045820       0.0299  TTTTTTTTTCCTC
   532      1    -8.9218222706   0.000133444850       0.1137  TTTTTTTTTTAAA
   533      2    -7.8506655036   0.000389492673       0.3318  TTTTTTTTTTATA
   534      1    -7.2346705494   0.000721144843       0.6144  TTTTTTTTTTATC
   535      1    -8.2668765327   0.000256886416       0.2189  TTTTTTTTTTATG
   536      1    -5.9749354590   0.002541666123       2.1655  TTTTTTTTTTATT
   537      1    -5.1013200544   0.006088703838       5.1876  TTTTTTTTTTCTT
   538      1   -10.1505029767   0.000039056432       0.0333  TTTTTTTTTTGAG
   539      1    -7.5490176799   0.000526627190       0.4487  TTTTTTTTTTGTC
   540      3    -6.2892825895   0.001856091048       1.5814  TTTTTTTTTTGTT
   541      4    -8.3019371485   0.000248035879       0.2113  TTTTTTTTTTTAG
   542      3    -5.9748529153   0.002541875930       2.1657  TTTTTTTTTTTAT
   543      3    -5.1127832533   0.006019306333       5.1284  TTTTTTTTTTTCT
   544      1    -5.6030851057   0.003686472996       3.1409  TTTTTTTTTTTTA
   545      6    -4.8207568238   0.008060684312       6.8677  TTTTTTTTTTTTC
   546      2    -5.9174322362   0.002692103997       2.2937  TTTTTTTTTTTTG
   547     85    -3.5091750929   0.029921586790      25.4932  TTTTTTTTTTTTT