

TREE #  1

  0  0.0000   7951.966397  x:  0.18912   0.07123   0.21538   0.00981   0.01751   0.02809   0.04694   0.05284   0.08786   0.10695   0.12844   0.31642   0.09479   0.14339   0.01412   0.00254   0.02215   0.04501   0.04253   0.07188   0.09141   0.08787   0.32111   0.23393   2.12606  
  1 99.0000   7936.141613  x:  0.19015   0.07391   0.21769   0.01771   0.02982   0.03229   0.05075   0.04939   0.08922   0.10760   0.12837   0.31711   0.09710   0.14564   0.01948   0.03285   0.02662   0.05010   0.03864   0.07366   0.09228   0.08944   0.32178   0.23496   2.12716  
  2 1557.0141   7927.064725  x:  0.19389   0.08399   0.22566   0.03279   0.04838   0.03951   0.06156   0.03722   0.09188   0.10674   0.12408   0.31964   0.10556   0.15399   0.02452   0.02389   0.02619   0.06338   0.02514   0.07508   0.08812   0.08748   0.32416   0.23870   2.13173  
  3 484.3587   7924.004686  x:  0.19925   0.09704   0.23671   0.03638   0.04709   0.03424   0.06532   0.03384   0.08937   0.09953   0.10950   0.32282   0.11620   0.16568   0.02695   0.02399   0.02789   0.06673   0.03427   0.07790   0.08530   0.08277   0.32726   0.24406   2.14088  
  4 221.1152   7922.535019  x:  0.20264   0.10431   0.24417   0.03768   0.04441   0.03488   0.06391   0.03859   0.08842   0.09611   0.09959   0.32467   0.12164   0.17278   0.02720   0.02550   0.02441   0.06230   0.02841   0.07811   0.08494   0.08004   0.32905   0.24745   2.14963  
  5 245.5879   7921.959500  x:  0.20427   0.10597   0.24903   0.04057   0.04388   0.03886   0.05822   0.03827   0.08946   0.09874   0.09692   0.32516   0.12165   0.17569   0.02670   0.02472   0.02798   0.05944   0.02924   0.07711   0.08639   0.08051   0.32936   0.24907   2.16128  
  6 99.9956   7920.500225  x:  0.20763   0.10462   0.26233   0.04730   0.04182   0.03606   0.05632   0.03861   0.09030   0.10792   0.09489   0.32486   0.11487   0.18044   0.02348   0.02519   0.02179   0.06098   0.03176   0.07293   0.09055   0.08531   0.32862   0.25243   2.20910  
  7 137.3253   7918.257387  x:  0.21195   0.09958   0.28077   0.04848   0.03733   0.03164   0.06351   0.04119   0.09030   0.11435   0.09154   0.32324   0.10194   0.18544   0.01916   0.02478   0.02976   0.06278   0.02771   0.07429   0.09205   0.09154   0.32666   0.25676   2.29371  
  8 486.9815   7914.982820  x:  0.21640   0.09152   0.29905   0.03768   0.04086   0.04136   0.06676   0.03569   0.09022   0.10654   0.09000   0.31991   0.08653   0.18888   0.01673   0.02571   0.02513   0.06153   0.03018   0.08007   0.08603   0.09357   0.32390   0.26121   2.42329  
  9 549.3746   7912.147347  x:  0.21885   0.08963   0.30451   0.03616   0.04861   0.03413   0.05813   0.03799   0.08688   0.09308   0.10275   0.31759   0.08509   0.18948   0.02545   0.02436   0.02584   0.06002   0.02900   0.07943   0.08252   0.08925   0.32318   0.26366   2.54141  
 10 522.6414   7909.724998  x:  0.21874   0.09524   0.29487   0.03466   0.04551   0.03909   0.06215   0.04226   0.08998   0.09126   0.11492   0.31741   0.09869   0.18605   0.02426   0.02518   0.02683   0.06293   0.03073   0.07471   0.08747   0.07542   0.32498   0.26354   2.64752  
 11 407.0329   7907.932929  x:  0.21708   0.10161   0.27988   0.02969   0.04052   0.03759   0.06234   0.03402   0.09132   0.09736   0.11641   0.31861   0.11329   0.18131   0.02924   0.02621   0.02602   0.06133   0.02734   0.07545   0.08989   0.07523   0.32771   0.26188   2.72615  
 12 494.5803   7906.804538  x:  0.21463   0.10606   0.26485   0.02947   0.04471   0.03773   0.06246   0.03938   0.09112   0.10368   0.11153   0.32101   0.12353   0.17643   0.03007   0.02513   0.02538   0.06086   0.02964   0.07954   0.08634   0.08086   0.33065   0.25944   2.77864  
 13 364.9938   7906.273206  x:  0.21235   0.10687   0.25501   0.03467   0.04507   0.03629   0.06046   0.03812   0.08958   0.10182   0.10625   0.32377   0.12615   0.17286   0.02302   0.02576   0.02573   0.06118   0.02885   0.07978   0.08345   0.08254   0.33287   0.25716   2.80274  
 14 175.0643   7906.082753  x:  0.21104   0.10659   0.25025   0.03800   0.04380   0.03748   0.06120   0.03829   0.08943   0.09829   0.10291   0.32620   0.12568   0.17160   0.02399   0.02543   0.02592   0.06152   0.02919   0.07773   0.08512   0.08544   0.33450   0.25585   2.81170  
 15 87.2108   7906.042652  x:  0.21051   0.10639   0.24868   0.03812   0.04494   0.03685   0.06149   0.03813   0.08994   0.09832   0.10163   0.32880   0.12403   0.17199   0.02439   0.02520   0.02592   0.06076   0.02934   0.07796   0.08679   0.08403   0.33599   0.25531   2.81364  
 16 20.8433   7906.013038  x:  0.21011   0.10662   0.24737   0.03819   0.04421   0.03704   0.06100   0.03832   0.08994   0.09895   0.10154   0.33251   0.12197   0.17287   0.02541   0.02531   0.02583   0.06169   0.02919   0.07831   0.08594   0.08279   0.33799   0.25491   2.81508  
 17 19.5639   7906.006029  x:  0.21014   0.10704   0.24715   0.03824   0.04418   0.03709   0.06141   0.03821   0.08978   0.09903   0.10214   0.33390   0.12153   0.17315   0.02533   0.02535   0.02584   0.06105   0.02931   0.07807   0.08549   0.08299   0.33861   0.25495   2.81541  
 18 11.3914   7906.002270  x:  0.21032   0.10757   0.24712   0.03771   0.04434   0.03709   0.06128   0.03822   0.08974   0.09884   0.10258   0.33500   0.12138   0.17323   0.02487   0.02535   0.02590   0.06127   0.02924   0.07797   0.08577   0.08356   0.33897   0.25512   2.81559  
 19  6.8253   7906.001768  x:  0.21046   0.10765   0.24713   0.03780   0.04428   0.03708   0.06127   0.03823   0.08990   0.09878   0.10266   0.33519   0.12136   0.17304   0.02486   0.02535   0.02586   0.06125   0.02925   0.07819   0.08582   0.08360   0.33889   0.25526   2.81564  
 20  1.4456   7906.000517  x:  0.21093   0.10771   0.24715   0.03777   0.04432   0.03705   0.06128   0.03823   0.08994   0.09883   0.10250   0.33561   0.12128   0.17239   0.02497   0.02535   0.02588   0.06126   0.02925   0.07799   0.08572   0.08347   0.33856   0.25573   2.81579  
 21  1.6567   7905.998629  x:  0.21126   0.10753   0.24707   0.03788   0.04430   0.03718   0.06131   0.03821   0.08933   0.09891   0.10252   0.33580   0.12131   0.17231   0.02500   0.02531   0.02586   0.06126   0.02925   0.07818   0.08592   0.08341   0.33839   0.25606   2.81607  
 22  1.1224   7905.965018  x:  0.21431   0.10383   0.24570   0.03797   0.04427   0.03704   0.06133   0.03818   0.09000   0.09897   0.10251   0.33683   0.12253   0.17535   0.02460   0.02517   0.02588   0.06135   0.02918   0.07800   0.08581   0.08384   0.33752   0.25910   2.82147  
 23  2.4700   7905.394314  x:  0.21145   0.10301   0.26295   0.04093   0.04354   0.03696   0.06162   0.03780   0.09029   0.10098   0.09984   0.34320   0.12325   0.18045   0.02357   0.02224   0.02578   0.06210   0.02852   0.07724   0.08697   0.08481   0.33047   0.25614   2.91567  
 24  7.5300   7905.246098  x:  0.21637   0.10943   0.26293   0.04170   0.04334   0.03694   0.06172   0.03770   0.09047   0.10156   0.09958   0.33527   0.11649   0.18044   0.02318   0.02149   0.02582   0.06232   0.02836   0.07690   0.08741   0.08506   0.33862   0.26103   2.93977  
 25 23.4991   7905.245868  x:  0.21638   0.10914   0.26316   0.04169   0.04335   0.03694   0.06172   0.03769   0.09046   0.10156   0.09957   0.33531   0.11673   0.18018   0.02318   0.02149   0.02582   0.06232   0.02836   0.07690   0.08741   0.08507   0.33911   0.26104   2.93981  
 26  0.4945   7905.185074  x:  0.21594   0.10920   0.26021   0.03967   0.04254   0.03695   0.06175   0.03771   0.09021   0.10034   0.10046   0.33555   0.11726   0.17886   0.02303   0.02048   0.02550   0.06178   0.02899   0.07765   0.08677   0.08480   0.33906   0.26056   2.95665  
 27  0.0148   7905.177098  x:  0.21577   0.10860   0.26020   0.03933   0.04222   0.03678   0.06150   0.03794   0.09031   0.10089   0.10082   0.33542   0.11708   0.17862   0.02300   0.02001   0.02566   0.06164   0.02889   0.07735   0.08709   0.08495   0.33924   0.26046   2.94639  
 28  0.0071   7905.176822  x:  0.21574   0.10868   0.26021   0.03943   0.04220   0.03679   0.06152   0.03789   0.09028   0.10085   0.10068   0.33538   0.11702   0.17868   0.02294   0.02000   0.02559   0.06165   0.02891   0.07738   0.08706   0.08497   0.33918   0.26043   2.94401  
 29  0.0021   7905.176819  x:  0.21574   0.10870   0.26021   0.03943   0.04221   0.03679   0.06152   0.03789   0.09029   0.10084   0.10068   0.33538   0.11705   0.17867   0.02295   0.02000   0.02559   0.06166   0.02891   0.07738   0.08706   0.08496   0.33919   0.26043   2.94402  
 30  0.0000   7905.176819  x:  0.21574   0.10870   0.26021   0.03943   0.04221   0.03679   0.06152   0.03789   0.09029   0.10084   0.10068   0.33539   0.11705   0.17867   0.02295   0.02000   0.02559   0.06166   0.02891   0.07738   0.08706   0.08496   0.33919   0.26044   2.94401  

TREE #  2

  0  0.0000   7938.238045  x:  0.22223   0.07123   0.21538   0.00981   0.01751   0.02809   0.04694   0.05284   0.08786   0.10695   0.12844   0.31642   0.09479   0.14339   0.01412   0.00254   0.02215   0.04501   0.04253   0.07188   0.09141   0.08787   0.32111   0.20082   2.94401  
  1 99.0000   7921.557988  x:  0.22366   0.07463   0.21803   0.01839   0.02955   0.03251   0.05086   0.04943   0.08939   0.10774   0.12854   0.31752   0.09752   0.14598   0.01898   0.03464   0.02660   0.05013   0.03865   0.07373   0.09237   0.08963   0.32215   0.20224   2.94388  
  2 1621.4217   7911.045193  x:  0.22925   0.08812   0.22779   0.03551   0.04910   0.04075   0.06259   0.03664   0.09278   0.10725   0.12444   0.32191   0.10820   0.15620   0.02335   0.02528   0.02605   0.06432   0.02437   0.07546   0.08807   0.08827   0.32616   0.20783   2.94341  
  3 505.9590   7907.473835  x:  0.23686   0.10398   0.24028   0.03901   0.04729   0.03511   0.06592   0.03405   0.09041   0.10018   0.11021   0.32763   0.12044   0.16925   0.02510   0.02539   0.02789   0.06741   0.03498   0.07837   0.08556   0.08479   0.33149   0.21545   2.94281  
  4 246.8433   7906.016825  x:  0.24128   0.11167   0.24760   0.03929   0.04414   0.03515   0.06410   0.03839   0.08943   0.09714   0.10140   0.33100   0.12581   0.17605   0.02491   0.02700   0.02447   0.06261   0.02881   0.07838   0.08546   0.08295   0.33458   0.21987   2.94247  
  5 247.5454   7905.838525  x:  0.24264   0.11235   0.25006   0.04008   0.04383   0.03754   0.06099   0.03812   0.08999   0.09869   0.10021   0.33208   0.12547   0.17726   0.02453   0.02662   0.02664   0.06110   0.02908   0.07779   0.08622   0.08324   0.33544   0.22123   2.94239  
  6 66.0635   7905.753511  x:  0.24422   0.11171   0.25307   0.04127   0.04356   0.03712   0.06016   0.03818   0.09021   0.10104   0.10004   0.33333   0.12336   0.17791   0.02380   0.02670   0.02511   0.06141   0.02979   0.07666   0.08716   0.08424   0.33639   0.22281   2.94232  
  7 37.2538   7905.687000  x:  0.24606   0.11029   0.25653   0.04136   0.04280   0.03614   0.06135   0.03860   0.09020   0.10237   0.09972   0.33469   0.12018   0.17831   0.02315   0.02661   0.02641   0.06179   0.02910   0.07677   0.08744   0.08535   0.33747   0.22464   2.94226  
  8 44.8128   7905.650287  x:  0.24743   0.10885   0.25895   0.04038   0.04297   0.03707   0.06186   0.03785   0.09026   0.10145   0.09949   0.33555   0.11754   0.17842   0.02281   0.02674   0.02590   0.06168   0.02930   0.07743   0.08683   0.08557   0.33826   0.22602   2.94225  
  9 30.1012   7905.639854  x:  0.24801   0.10828   0.25980   0.04042   0.04364   0.03676   0.06134   0.03821   0.09006   0.10055   0.10000   0.33576   0.11665   0.17849   0.02328   0.02661   0.02596   0.06162   0.02934   0.07744   0.08660   0.08531   0.33859   0.22659   2.94225  
 10 15.3457   7905.638449  x:  0.24819   0.10818   0.25993   0.04043   0.04347   0.03676   0.06137   0.03807   0.09006   0.10040   0.10028   0.33569   0.11659   0.17852   0.02338   0.02664   0.02599   0.06166   0.02929   0.07725   0.08676   0.08488   0.33869   0.22678   2.94227  
 11  4.5546   7905.638070  x:  0.24830   0.10814   0.25995   0.04035   0.04347   0.03684   0.06145   0.03818   0.09010   0.10047   0.10036   0.33561   0.11662   0.17853   0.02351   0.02663   0.02598   0.06167   0.02933   0.07725   0.08680   0.08475   0.33874   0.22688   2.94229  
 12  2.6828   7905.637798  x:  0.24842   0.10810   0.25995   0.04023   0.04350   0.03678   0.06142   0.03811   0.09011   0.10060   0.10042   0.33547   0.11669   0.17853   0.02362   0.02664   0.02596   0.06165   0.02930   0.07732   0.08677   0.08467   0.33881   0.22701   2.94232  
 13  2.1133   7905.637561  x:  0.24857   0.10805   0.25993   0.04022   0.04350   0.03678   0.06140   0.03815   0.09011   0.10063   0.10046   0.33526   0.11679   0.17847   0.02348   0.02665   0.02597   0.06168   0.02930   0.07734   0.08668   0.08466   0.33889   0.22715   2.94239  
 14  1.2429   7905.637168  x:  0.24879   0.10796   0.25990   0.04027   0.04345   0.03681   0.06141   0.03813   0.09009   0.10055   0.10048   0.33489   0.11694   0.17836   0.02347   0.02664   0.02597   0.06168   0.02930   0.07728   0.08668   0.08488   0.33903   0.22738   2.94252  
 15  2.2049   7905.636828  x:  0.24886   0.10791   0.25992   0.04029   0.04356   0.03678   0.06145   0.03812   0.09010   0.10050   0.10037   0.33468   0.11698   0.17826   0.02339   0.02661   0.02598   0.06161   0.02932   0.07729   0.08688   0.08489   0.33910   0.22744   2.94268  
 16  1.1609   7905.634898  x:  0.24872   0.10782   0.26021   0.04050   0.04345   0.03681   0.06129   0.03817   0.09011   0.10049   0.09984   0.33409   0.11687   0.17788   0.02357   0.02658   0.02596   0.06193   0.02926   0.07740   0.08695   0.08468   0.33932   0.22731   2.94369  
 17  1.1954   7905.630927  x:  0.24840   0.10788   0.26085   0.04102   0.04339   0.03680   0.06149   0.03811   0.09009   0.10062   0.09951   0.33331   0.11673   0.17742   0.02380   0.02651   0.02594   0.06149   0.02936   0.07733   0.08656   0.08438   0.33970   0.22698   2.94580  
 18  6.9735   7905.607257  x:  0.24697   0.10936   0.26371   0.03966   0.04373   0.03687   0.06150   0.03806   0.08990   0.10067   0.10069   0.33165   0.11706   0.17738   0.02338   0.02622   0.02603   0.06178   0.02918   0.07676   0.08665   0.08491   0.34126   0.22556   2.95825  
 19  8.1698   7905.591635  x:  0.24685   0.10971   0.26415   0.04012   0.04330   0.03693   0.06142   0.03810   0.09038   0.10051   0.10156   0.33168   0.11720   0.17780   0.02323   0.02594   0.02581   0.06167   0.02914   0.07810   0.08710   0.08519   0.34156   0.22545   2.96627  
 20 21.6272   7905.504154  x:  0.24918   0.10869   0.26082   0.04072   0.04362   0.03684   0.06164   0.03793   0.09132   0.10054   0.10021   0.33552   0.11708   0.18059   0.02322   0.02465   0.02585   0.06196   0.02882   0.07723   0.08668   0.08505   0.34027   0.22779   3.01003  
 21 34.7359   7905.497093  x:  0.24948   0.10883   0.26061   0.04085   0.04363   0.03713   0.06171   0.03788   0.09002   0.10072   0.10023   0.33604   0.11715   0.18027   0.02326   0.02452   0.02582   0.06197   0.02880   0.07741   0.08685   0.08499   0.34002   0.22810   3.01301  
 22 16.4396   7905.488921  x:  0.25008   0.10986   0.26084   0.04068   0.04364   0.03707   0.06171   0.03788   0.09037   0.10068   0.10041   0.33718   0.11752   0.17794   0.02335   0.02440   0.02581   0.06198   0.02877   0.07738   0.08683   0.08495   0.33941   0.22870   3.01392  
 23  3.2028   7905.360489  x:  0.24871   0.10797   0.25897   0.04122   0.04382   0.03724   0.06201   0.03759   0.09045   0.10076   0.10004   0.34138   0.12022   0.17552   0.02349   0.02234   0.02569   0.06230   0.02833   0.07741   0.08683   0.08475   0.34902   0.22737   2.98332  
 24  1.8829   7905.239388  x:  0.24901   0.11012   0.26124   0.04149   0.04403   0.03745   0.06222   0.03737   0.09053   0.10072   0.09996   0.33576   0.11789   0.17921   0.02338   0.02046   0.02556   0.06256   0.02788   0.07745   0.08684   0.08483   0.34021   0.22770   2.95277  
 25 15.3199   7905.239198  x:  0.24896   0.10974   0.26148   0.04148   0.04403   0.03745   0.06222   0.03737   0.09053   0.10072   0.09995   0.33585   0.11825   0.17920   0.02338   0.02046   0.02556   0.06256   0.02788   0.07746   0.08684   0.08483   0.34001   0.22765   2.95273  
 26  0.2180   7905.178203  x:  0.24891   0.10916   0.26036   0.03959   0.04226   0.03679   0.06163   0.03777   0.09026   0.10081   0.10055   0.33533   0.11697   0.17901   0.02295   0.02004   0.02564   0.06177   0.02909   0.07739   0.08702   0.08495   0.33900   0.22764   2.94140  
 27  0.0236   7905.176829  x:  0.24876   0.10875   0.26022   0.03943   0.04219   0.03678   0.06152   0.03790   0.09028   0.10084   0.10066   0.33541   0.11704   0.17870   0.02295   0.01999   0.02559   0.06165   0.02890   0.07739   0.08706   0.08496   0.33923   0.22748   2.94419  
 28  0.0028   7905.176819  x:  0.24873   0.10870   0.26021   0.03943   0.04221   0.03679   0.06152   0.03789   0.09029   0.10084   0.10068   0.33539   0.11705   0.17868   0.02295   0.02000   0.02559   0.06166   0.02891   0.07738   0.08706   0.08496   0.33919   0.22744   2.94402  
 29  0.0002   7905.176819  x:  0.24873   0.10870   0.26021   0.03943   0.04221   0.03679   0.06152   0.03789   0.09029   0.10084   0.10068   0.33538   0.11705   0.17867   0.02295   0.02000   0.02559   0.06166   0.02891   0.07738   0.08706   0.08496   0.33919   0.22744   2.94400  