t: 10
custom state probability requests:
[0, 0, 0, 10]	4.27269523375e-10
[6, 0, 0, 4]	0.00012185117912
[4, 0, 0, 6]	0.00876714664858
cumulative probabilities for constrained states:
[4, 0, 0, 6]	0.00876714664858	0.00876714664858
[4, 1, 0, 5]	0.00507950512166	0.0138466517702
[4, 0, 1, 5]	0.00247480222325	0.0163214539935
[4, 2, 0, 4]	0.00105475700432	0.0173762109978
[4, 1, 1, 4]	0.000188532804189	0.017564743802
[4, 0, 2, 4]	1.61715201033e-05	0.0175809153221
[4, 3, 0, 3]	5.01761227682e-06	0.0175859329344
[4, 2, 1, 3]	9.49455969192e-07	0.0175868823904
[4, 1, 2, 3]	8.93942169483e-08	0.0175869717846
[4, 0, 3, 3]	4.78150175753e-09	0.0175869765661

t: 25
custom state probability requests:
[0, 0, 0, 10]	7.85122364783e-09
[6, 0, 0, 4]	9.14250863738e-06
[4, 0, 0, 6]	0.00179032451313
cumulative probabilities for constrained states:
[4, 0, 0, 6]	0.00179032451313	0.00179032451313
[4, 1, 0, 5]	0.00103077852383	0.00282110303696
[4, 0, 1, 5]	0.000515185874101	0.00333628891107
[4, 2, 0, 4]	0.000230538717691	0.00356682762876
[4, 1, 1, 4]	5.66335223211e-05	0.00362346115108
[4, 0, 2, 4]	9.9984796116e-06	0.00363345963069
[4, 3, 0, 3]	2.06607964865e-06	0.00363552571034
[4, 2, 1, 3]	5.00586098348e-07	0.00363602629644
[4, 1, 2, 3]	8.53407967649e-08	0.00363611163723
[4, 0, 3, 3]	1.01334153622e-08	0.00363612177065

