     2    354     81


 1

     1    102    -1.5508984192   0.212057371809      75.0683  AAAAAAAAAAAAA
     2      3    -4.7943857092   0.008276081187       2.9297  AAAAAAAAAAAAG
     3      1   -13.2252339573   0.000001804487       0.0006  AAAAAAAAAATTT
     4      1    -5.9367433054   0.002640615341       0.9348  AAAAAAAAAGAAA
     5      1    -5.1816456474   0.005618752317       1.9890  AAAAAAGAAAAAA
     6      1   -10.4123509447   0.000030058925       0.0106  AAAAGGAAAAAAA
     7      1   -15.4255030968   0.000000199889       0.0001  AAGGAGAGAGGAG
     8      1    -5.3815388002   0.004600736865       1.6287  AGAGAGAGAGGGG
     9      1   -12.3403303453   0.000004371824       0.0015  AGGGGGGGGAGGA
    10      1   -18.0239175333   0.000000014870       0.0000  ATATACATATAAT
    11      1    -7.4705646557   0.000569606574       0.2016  ATATATATATAAA
    12      1    -7.8552604168   0.000387707094       0.1372  ATTTTTTTTTTTT
    13      1    -7.7905758185   0.000413614648       0.1464  CAAAAAAAAAAAA
    14      1    -7.7057030701   0.000450252028       0.1594  CACACACACAAAA
    15     54    -1.9622913744   0.140536031038      49.7498  CCCCCCCCCCCCC
    16      1    -5.2183080017   0.005416486063       1.9174  CCCCCCCCCCCCT
    17      1   -14.0647044032   0.000000779429       0.0003  CCCCCCCCCCGGG
    18      1   -13.4757836843   0.000001404564       0.0005  CCCCCCCCCCGTT
    19      2    -4.5985480045   0.010066441566       3.5635  CCCCCCCCCCTCC
    20      1    -7.8283670489   0.000398275314       0.1410  CCCCCCCCCCTCT
    21      1   -13.2941687913   0.000001684286       0.0006  CCCCCCCCTCTTT
    22      1    -5.6102382019   0.003660197388       1.2957  CCCCCCTCCCCCC
    23      1    -9.0483476903   0.000117585164       0.0416  CCCCCCTCTCCCC
    24      1    -7.0001690391   0.000911727835       0.3228  CCCCCTCCCCCCC
    25      1    -5.8339687074   0.002926439720       1.0360  CCCCTCCCCCCCC
    26      1    -9.4336245328   0.000079988752       0.0283  CCCCTCTCTCCCC
    27      1   -14.5655287909   0.000000472358       0.0002  CCCTTCTTTTCCC
    28      1   -15.5044212994   0.000000184721       0.0001  CCGCGCGCGCCTT
    29      1   -15.4403989995   0.000000196934       0.0001  CCTCACTCTCCTC
    30      1   -11.4829491172   0.000010304302       0.0036  CCTCCCCCACCCC
    31      1    -5.5219338721   0.003998108630       1.4153  CCTCCCCCCCCCC
    32      1    -8.4764298622   0.000208321112       0.0737  CCTCTCTCTCTCC
    33      1   -17.2762592324   0.000000031406       0.0000  CCTTTTCTCTCCT
    34      1    -7.0815337380   0.000840483079       0.2975  CTCCCCCCCCCCC
    35      1   -10.5164430127   0.000027087369       0.0096  CTCTCTTTCTCTT
    36      1   -16.0244685089   0.000000109815       0.0000  CTTTCTCTCCTCC
    37      1   -11.2280115222   0.000013296476       0.0047  CTTTCTCTCTCTC
    38      1   -16.3688195528   0.000000077824       0.0000  CTTTTTCCTTCTT
    39      1   -11.9877702562   0.000006219816       0.0022  CTTTTTTTATTTT
    40      1   -11.9284209085   0.000006600132       0.0023  CTTTTTTTTTCCT
    41      1    -8.3500735338   0.000236379136       0.0837  CTTTTTTTTTCTT
    42      2    -5.3647305167   0.004678720908       1.6563  GAAAAAAAAAAAA
    43      1    -6.5475204340   0.001433666064       0.5075  GAGAGAGAGAGAA
    44      1    -5.1989189621   0.005522531261       1.9550  GAGAGAGAGAGGG
    45      1   -12.2094793607   0.000004982995       0.0018  GAGGGGGGGGAAG
    46      1    -8.4281905500   0.000218616709       0.0774  GGAGAGAGAGGGA
    47      1   -11.7466222265   0.000007916018       0.0028  GGAGAGGGAGGGA
    48      1   -17.2360309798   0.000000032695       0.0000  GGGAAAAAGGGGG
    49      1   -10.7928042731   0.000020546822       0.0073  GGGAGGAGGGGGG
    50      1    -8.5715560838   0.000189417671       0.0671  GGGGGGAGAGGGG
    51      1    -8.0835010420   0.000308588760       0.1092  GGGGGGGGAGAGG
    52      2    -4.3512283176   0.012890968648       4.5634  GGGGGGGGGGAGG
    53     67    -2.1701189189   0.114164039839      40.4141  GGGGGGGGGGGGG
    54      1   -14.3673724534   0.000000575877       0.0002  TATATATATAATA
    55      1   -12.0542231360   0.000005819925       0.0021  TATATATATAATT
    56      1   -17.6473011550   0.000000021671       0.0000  TCACCCACACTTC
    57      1    -9.0938856067   0.000112350669       0.0398  TCCCTCCCCCCCC
    58      1   -15.4203792412   0.000000200916       0.0001  TCCCTCCCTCCCT
    59      1   -18.6686187839   0.000000007804       0.0000  TCCCTCCTCCATT
    60      1   -17.5634532535   0.000000023566       0.0000  TCCCTCTTCCCTT
    61      1    -9.7210013502   0.000060009880       0.0212  TCTCTCTCTCCTC
    62      1   -12.5336111412   0.000003603478       0.0013  TCTCTCTTTCCTT
    63      1    -9.6939198438   0.000061657243       0.0218  TCTTTTTTTTCTT
    64      1   -15.1161870906   0.000000272347       0.0001  TCTTTTTTTTGCC
    65      1   -13.0873866068   0.000002071191       0.0007  TTATCTCTATTTT
    66      1    -8.2318988981   0.000266030685       0.0942  TTATTTATATTTT
    67      1   -19.8543030864   0.000000002384       0.0000  TTCCTTCCCTATT
    68      1   -10.6282557054   0.000024221844       0.0086  TTCCTTTCTCTTT
    69      1    -9.9641356799   0.000047057717       0.0167  TTCTTTTCTTTTT
    70      1   -11.3250163143   0.000012067239       0.0043  TTCTTTTTTTCTC
    71      1   -14.5255337338   0.000000491633       0.0002  TTTCCTTTTCCTT
    72      1    -7.8802643550   0.000378133082       0.1339  TTTTATTTTTTTT
    73      1    -5.8485466559   0.002884087686       1.0210  TTTTCTTTTTTTT
    74      1   -14.8348982144   0.000000360816       0.0001  TTTTTTCTCTCTC
    75      1   -12.5876068818   0.000003414065       0.0012  TTTTTTCTTCCTT
    76      1    -8.8414991799   0.000144605794       0.0512  TTTTTTCTTTTTC
    77      1    -5.6242532166   0.003609257463       1.2777  TTTTTTCTTTTTT
    78      1   -12.9272917195   0.000002430796       0.0009  TTTTTTTTCTCCT
    79      4    -4.6107595986   0.009944261791       3.5203  TTTTTTTTTTCTT
    80      1    -6.9945473798   0.000916867692       0.3246  TTTTTTTTTTGTT
    81     46    -2.0144927185   0.133388051501      47.2194  TTTTTTTTTTTTT

 2

     1    102    -1.5509088703   0.212055155574      75.0675  AAAAAAAAAAAAA
     2      3    -4.7943644655   0.008276257004       2.9298  AAAAAAAAAAAAG
     3      1   -13.2251170091   0.000001804699       0.0006  AAAAAAAAAATTT
     4      1    -5.9367366270   0.002640632976       0.9348  AAAAAAAAAGAAA
     5      1    -5.1815850938   0.005619092563       1.9892  AAAAAAGAAAAAA
     6      1   -10.4118563681   0.000030073795       0.0106  AAAAGGAAAAAAA
     7      1   -15.4254947065   0.000000199891       0.0001  AAGGAGAGAGGAG
     8      1    -5.3814990277   0.004600919852       1.6287  AGAGAGAGAGGGG
     9      1   -12.3402354475   0.000004372238       0.0015  AGGGGGGGGAGGA
    10      1   -18.0233144156   0.000000014879       0.0000  ATATACATATAAT
    11      1    -7.4705354293   0.000569623222       0.2016  ATATATATATAAA
    12      1    -7.8551765860   0.000387739597       0.1373  ATTTTTTTTTTTT
    13      1    -7.7904910685   0.000413649704       0.1464  CAAAAAAAAAAAA
    14      1    -7.7056257515   0.000450286842       0.1594  CACACACACAAAA
    15     54    -1.9623026798   0.140534442233      49.7492  CCCCCCCCCCCCC
    16      1    -5.2182873838   0.005416597740       1.9175  CCCCCCCCCCCCT
    17      1   -14.0645889118   0.000000779519       0.0003  CCCCCCCCCCGGG
    18      1   -13.4756788212   0.000001404711       0.0005  CCCCCCCCCCGTT
    19      2    -4.5985555467   0.010066365643       3.5635  CCCCCCCCCCTCC
    20      1    -7.8283384318   0.000398286711       0.1410  CCCCCCCCCCTCT
    21      1   -13.2939629994   0.000001684633       0.0006  CCCCCCCCTCTTT
    22      1    -5.6101774215   0.003660419863       1.2958  CCCCCCTCCCCCC
    23      1    -9.0483189016   0.000117588549       0.0416  CCCCCCTCTCCCC
    24      1    -6.9996830966   0.000912170990       0.3229  CCCCCTCCCCCCC
    25      1    -5.8339679436   0.002926441955       1.0360  CCCCTCCCCCCCC
    26      1    -9.4337591461   0.000079977985       0.0283  CCCCTCTCTCCCC
    27      1   -14.5657042478   0.000000472275       0.0002  CCCTTCTTTTCCC
    28      1   -15.5043981795   0.000000184725       0.0001  CCGCGCGCGCCTT
    29      1   -15.4404032358   0.000000196933       0.0001  CCTCACTCTCCTC
    30      1   -11.4828397675   0.000010305428       0.0036  CCTCCCCCACCCC
    31      1    -5.5219859655   0.003997900361       1.4153  CCTCCCCCCCCCC
    32      1    -8.4765010814   0.000208306276       0.0737  CCTCTCTCTCTCC
    33      1   -17.2761922705   0.000000031408       0.0000  CCTTTTCTCTCCT
    34      1    -7.0819007429   0.000840174674       0.2974  CTCCCCCCCCCCC
    35      1   -10.5162574489   0.000027092396       0.0096  CTCTCTTTCTCTT
    36      1   -16.0244922298   0.000000109812       0.0000  CTTTCTCTCCTCC
    37      1   -11.2279149835   0.000013297760       0.0047  CTTTCTCTCTCTC
    38      1   -16.3686839664   0.000000077834       0.0000  CTTTTTCCTTCTT
    39      1   -11.9875274375   0.000006221326       0.0022  CTTTTTTTATTTT
    40      1   -11.9283949407   0.000006600303       0.0023  CTTTTTTTTTCCT
    41      1    -8.3500226082   0.000236391174       0.0837  CTTTTTTTTTCTT
    42      2    -5.3646830122   0.004678943173       1.6563  GAAAAAAAAAAAA
    43      1    -6.5474066133   0.001433829255       0.5076  GAGAGAGAGAGAA
    44      1    -5.1989259008   0.005522492941       1.9550  GAGAGAGAGAGGG
    45      1   -12.2095713077   0.000004982537       0.0018  GAGGGGGGGGAAG
    46      1    -8.4282588754   0.000218601772       0.0774  GGAGAGAGAGGGA
    47      1   -11.7466568090   0.000007915744       0.0028  GGAGAGGGAGGGA
    48      1   -17.2359074963   0.000000032699       0.0000  GGGAAAAAGGGGG
    49      1   -10.7925569617   0.000020551904       0.0073  GGGAGGAGGGGGG
    50      1    -8.5714909689   0.000189430005       0.0671  GGGGGGAGAGGGG
    51      1    -8.0833551098   0.000308633796       0.1093  GGGGGGGGAGAGG
    52      2    -4.3512386402   0.012890835580       4.5634  GGGGGGGGGGAGG
    53     67    -2.1701330620   0.114162425222      40.4135  GGGGGGGGGGGGG
    54      1   -14.3672125494   0.000000575969       0.0002  TATATATATAATA
    55      1   -12.0541580318   0.000005820304       0.0021  TATATATATAATT
    56      1   -17.6473269604   0.000000021670       0.0000  TCACCCACACTTC
    57      1    -9.0938733401   0.000112352047       0.0398  TCCCTCCCCCCCC
    58      1   -15.4202296774   0.000000200946       0.0001  TCCCTCCCTCCCT
    59      1   -18.6686632212   0.000000007804       0.0000  TCCCTCCTCCATT
    60      1   -17.5636077633   0.000000023563       0.0000  TCCCTCTTCCCTT
    61      1    -9.7209206312   0.000060014724       0.0212  TCTCTCTCTCCTC
    62      1   -12.5335959023   0.000003603533       0.0013  TCTCTCTTTCCTT
    63      1    -9.6942840633   0.000061634791       0.0218  TCTTTTTTTTCTT
    64      1   -15.1160221212   0.000000272392       0.0001  TCTTTTTTTTGCC
    65      1   -13.0876462972   0.000002070654       0.0007  TTATCTCTATTTT
    66      1    -8.2319710802   0.000266011483       0.0942  TTATTTATATTTT
    67      1   -19.8543190561   0.000000002384       0.0000  TTCCTTCCCTATT
    68      1   -10.6283492660   0.000024219577       0.0086  TTCCTTTCTCTTT
    69      1    -9.9641722884   0.000047055995       0.0167  TTCTTTTCTTTTT
    70      1   -11.3250290396   0.000012067085       0.0043  TTCTTTTTTTCTC
    71      1   -14.5259639892   0.000000491421       0.0002  TTTCCTTTTCCTT
    72      1    -7.8802282828   0.000378146723       0.1339  TTTTATTTTTTTT
    73      1    -5.8485460579   0.002884089410       1.0210  TTTTCTTTTTTTT
    74      1   -14.8348217900   0.000000360843       0.0001  TTTTTTCTCTCTC
    75      1   -12.5875252314   0.000003414344       0.0012  TTTTTTCTTCCTT
    76      1    -8.8414065881   0.000144619184       0.0512  TTTTTTCTTTTTC
    77      1    -5.6241925885   0.003609476293       1.2778  TTTTTTCTTTTTT
    78      1   -12.9270914999   0.000002431283       0.0009  TTTTTTTTCTCCT
    79      4    -4.6107674120   0.009944184092       3.5202  TTTTTTTTTTCTT
    80      1    -6.9945224010   0.000916890594       0.3246  TTTTTTTTTTGTT
    81     46    -2.0145042918   0.133386507771      47.2188  TTTTTTTTTTTTT