

TREE #  1

  0  0.0000   1388.512648  x:  0.03388   0.04303   0.00000   0.02460   0.01255   0.03780   0.02262   0.03077   0.03725   0.03186   0.07966   0.05025   1.91078  
  1 99.0000   1385.466688  x:  0.03276   0.04313   0.01078   0.02286   0.01231   0.03599   0.02069   0.02945   0.03597   0.03010   0.07933   0.04913   1.91097  
  2 1425.7773   1374.604823  x:  0.02475   0.04263   0.01094   0.00955   0.00939   0.02325   0.00731   0.02117   0.02571   0.01466   0.07682   0.04112   1.91239  
  3 630.2034   1373.807400  x:  0.02234   0.04294   0.01103   0.00925   0.01185   0.02088   0.01088   0.02107   0.02374   0.01092   0.07576   0.03871   1.91318  
  4 265.4177   1373.635887  x:  0.02031   0.04367   0.01099   0.01137   0.01137   0.01973   0.01060   0.02193   0.02324   0.01129   0.07433   0.03667   1.91447  
  5 91.6215   1373.561902  x:  0.01916   0.04460   0.01096   0.01034   0.01119   0.02014   0.01097   0.02210   0.02339   0.01239   0.07266   0.03553   1.91656  
  6 54.4805   1373.449485  x:  0.01914   0.04641   0.01095   0.01039   0.01193   0.02149   0.01020   0.02228   0.02436   0.01127   0.06921   0.03551   1.92307  
  7 54.5988   1373.242898  x:  0.02080   0.04796   0.01097   0.01060   0.01025   0.02023   0.01120   0.02172   0.02385   0.01099   0.06488   0.03717   1.93843  
  8 105.6247   1372.899926  x:  0.02221   0.04788   0.01088   0.01065   0.01288   0.01814   0.01044   0.02142   0.02238   0.01294   0.06190   0.03857   1.96798  
  9 250.6076   1365.624888  x:  0.02122   0.02630   0.01139   0.01132   0.01130   0.02532   0.01053   0.02364   0.01762   0.01221   0.05533   0.03757   2.57290  
 10 654.9017   1352.455368  x:  0.01851   0.04507   0.01079   0.00914   0.01124   0.01323   0.01143   0.02136   0.03842   0.01086   0.08002   0.03484   3.89462  
 11 5237.6178   1350.209148  x:  0.01867   0.05640   0.01070   0.01124   0.01102   0.02010   0.01128   0.01853   0.02668   0.01147   0.08732   0.03500   4.09498  
 12 2342.3058   1350.088407  x:  0.01904   0.05737   0.01077   0.01042   0.01079   0.02016   0.01101   0.02152   0.02544   0.01114   0.08789   0.03537   4.10583  
 13 238.9948   1343.157196  x:  0.02411   0.04784   0.00635   0.01091   0.01332   0.02285   0.01085   0.02384   0.03039   0.01428   0.06023   0.03889   6.28886  
 14  0.5656   1341.461506  x:  0.02169   0.04839   0.00522   0.00990   0.01188   0.02068   0.00957   0.02124   0.02105   0.01221   0.06900   0.03616   6.99735  
 15  0.7541   1340.786384  x:  0.02181   0.04380   0.00457   0.01109   0.01130   0.02083   0.01152   0.02219   0.02500   0.01297   0.07699   0.03607   7.79853  
 16  0.5733   1340.356019  x:  0.02139   0.04609   0.00492   0.01001   0.01187   0.02045   0.01062   0.02197   0.02321   0.01185   0.07325   0.03545   9.13010  
 17  0.4548   1340.287513  x:  0.02212   0.04659   0.00561   0.01067   0.01183   0.02072   0.01091   0.02217   0.02406   0.01274   0.07369   0.03630   9.36253  
 18  0.1848   1340.282691  x:  0.02194   0.04632   0.00580   0.01054   0.01162   0.02070   0.01082   0.02209   0.02430   0.01249   0.07351   0.03622   9.43058  
 19  0.0610   1340.282341  x:  0.02190   0.04629   0.00586   0.01056   0.01163   0.02069   0.01084   0.02209   0.02414   0.01248   0.07354   0.03629   9.44555  
 20  0.0122   1340.282328  x:  0.02184   0.04626   0.00587   0.01055   0.01164   0.02070   0.01083   0.02210   0.02414   0.01248   0.07353   0.03635   9.44147  
 21  0.0036   1340.282328  x:  0.02181   0.04626   0.00587   0.01056   0.01164   0.02070   0.01083   0.02210   0.02415   0.01248   0.07353   0.03639   9.44007  
 22  0.0022   1340.282328  x:  0.02179   0.04626   0.00587   0.01056   0.01164   0.02070   0.01083   0.02210   0.02415   0.01248   0.07353   0.03641   9.43978  
 23  0.0013   1340.282328  x:  0.02179   0.04626   0.00587   0.01056   0.01164   0.02070   0.01083   0.02210   0.02415   0.01248   0.07353   0.03641   9.43975  
 24  0.0010   1340.282328  x:  0.02179   0.04626   0.00587   0.01056   0.01164   0.02070   0.01083   0.02210   0.02415   0.01248   0.07353   0.03641   9.43975  
 25  0.0010   1340.282328  x:  0.02179   0.04626   0.00587   0.01056   0.01164   0.02070   0.01083   0.02210   0.02415   0.01248   0.07353   0.03641   9.43975  
 26  0.0011   1340.282328  x:  0.02179   0.04626   0.00587   0.01056   0.01164   0.02070   0.01083   0.02210   0.02415   0.01248   0.07353   0.03641   9.43975  
 27  0.0009   1340.282328  x:  0.02179   0.04626   0.00587   0.01056   0.01164   0.02070   0.01083   0.02210   0.02415   0.01248   0.07353   0.03641   9.43975  
 28  0.0002   1340.282328  x:  0.02179   0.04626   0.00587   0.01056   0.01164   0.02070   0.01083   0.02210   0.02415   0.01248   0.07353   0.03641   9.43975  
check convergence!


TREE #  2

  0  0.0000   1348.212281  x:  0.04323   0.04123   0.00000   0.02117   0.00616   0.02133   0.01558   0.03105   0.02383   0.02323   0.07562   0.02624   9.43975  
  1 99.0000   1344.092848  x:  0.04296   0.04150   0.00737   0.02049   0.00776   0.02122   0.01508   0.03042   0.02389   0.02274   0.07558   0.02597   9.43975  
  2 1723.4392   1340.894125  x:  0.04002   0.04295   0.00681   0.01194   0.01614   0.02000   0.00986   0.02422   0.02275   0.01386   0.07510   0.02303   9.43975  
  3 374.5367   1340.465537  x:  0.03871   0.04398   0.00721   0.00930   0.01334   0.02043   0.01046   0.02203   0.02346   0.01135   0.07477   0.02172   9.43975  
  4 170.6716   1340.412828  x:  0.03763   0.04517   0.00719   0.01019   0.01304   0.02048   0.00982   0.02126   0.02391   0.01142   0.07433   0.02064   9.43975  
  5 47.0354   1340.399618  x:  0.03720   0.04593   0.00713   0.01008   0.01330   0.02052   0.01032   0.02125   0.02392   0.01175   0.07399   0.02021   9.43975  
  6 29.4111   1340.395921  x:  0.03720   0.04648   0.00714   0.00995   0.01322   0.02042   0.01018   0.02163   0.02382   0.01171   0.07367   0.02022   9.43975  
  7 11.5258   1340.395350  x:  0.03730   0.04661   0.00714   0.01002   0.01325   0.02048   0.01023   0.02159   0.02381   0.01162   0.07350   0.02032   9.43975  
  8  4.6866   1340.395167  x:  0.03735   0.04663   0.00714   0.00999   0.01324   0.02048   0.01020   0.02153   0.02382   0.01167   0.07339   0.02036   9.43975  
  9  3.2876   1340.395079  x:  0.03734   0.04657   0.00714   0.00999   0.01324   0.02045   0.01021   0.02154   0.02384   0.01166   0.07325   0.02035   9.43975  
 10  1.2408   1340.395055  x:  0.03733   0.04655   0.00714   0.00999   0.01324   0.02048   0.01020   0.02155   0.02381   0.01167   0.07323   0.02034   9.43975  
 11  0.5042   1340.391499  x:  0.03733   0.04653   0.00715   0.01011   0.01306   0.02023   0.01030   0.02142   0.02335   0.01170   0.07322   0.02033   9.43974  
 12  0.0358   1340.319158  x:  0.03771   0.04637   0.00708   0.01049   0.01157   0.02067   0.01079   0.02211   0.02405   0.01224   0.07335   0.02064   9.43952  
 13  2.0424   1340.291424  x:  0.03798   0.04627   0.00617   0.01083   0.01173   0.02084   0.01104   0.02243   0.02437   0.01275   0.07350   0.02054   9.43402  
 14  0.0018   1340.282549  x:  0.03792   0.04630   0.00583   0.01058   0.01158   0.02072   0.01089   0.02210   0.02419   0.01251   0.07351   0.02022   9.43283  
 15  0.0010   1340.282332  x:  0.03798   0.04626   0.00587   0.01056   0.01164   0.02070   0.01084   0.02210   0.02415   0.01248   0.07352   0.02020   9.43424  
 16  0.0016   1340.282329  x:  0.03809   0.04625   0.00587   0.01056   0.01164   0.02070   0.01083   0.02210   0.02414   0.01248   0.07353   0.02011   9.43608  
 17  0.0010   1340.282328  x:  0.03815   0.04625   0.00587   0.01056   0.01164   0.02070   0.01083   0.02210   0.02415   0.01248   0.07353   0.02005   9.43679  
 18  0.0006   1340.282328  x:  0.03828   0.04626   0.00587   0.01056   0.01164   0.02070   0.01084   0.02210   0.02415   0.01248   0.07353   0.01992   9.43810  
 19  0.0014   1340.282328  x:  0.03843   0.04626   0.00587   0.01056   0.01164   0.02070   0.01083   0.02210   0.02415   0.01248   0.07353   0.01977   9.43895  
 20  0.0007   1340.282328  x:  0.03880   0.04625   0.00587   0.01056   0.01164   0.02070   0.01083   0.02210   0.02415   0.01248   0.07353   0.01940   9.43818  
 21  0.0001   1340.282328  x:  0.03880   0.04625   0.00587   0.01056   0.01164   0.02070   0.01083   0.02210   0.02415   0.01248   0.07353   0.01940   9.43827  
 22  0.0005   1340.282328  x:  0.03880   0.04625   0.00587   0.01056   0.01164   0.02070   0.01083   0.02210   0.02415   0.01248   0.07353   0.01940   9.43828  
 23  0.0007   1340.282328  x:  0.03880   0.04625   0.00587   0.01056   0.01164   0.02070   0.01083   0.02210   0.02415   0.01248   0.07353   0.01939   9.43828  
 24  0.0014   1340.282328  x:  0.03881   0.04625   0.00587   0.01056   0.01164   0.02070   0.01083   0.02210   0.02415   0.01248   0.07353   0.01939   9.43828  
 25  0.0027   1340.282328  x:  0.03882   0.04625   0.00587   0.01056   0.01164   0.02070   0.01083   0.02210   0.02415   0.01248   0.07353   0.01938   9.43829  
 26  0.0047   1340.282328  x:  0.03883   0.04625   0.00587   0.01056   0.01164   0.02070   0.01083   0.02210   0.02415   0.01248   0.07353   0.01937   9.43829  
 27  0.0077   1340.282328  x:  0.03884   0.04625   0.00587   0.01056   0.01164   0.02070   0.01083   0.02210   0.02415   0.01248   0.07353   0.01936   9.43829  
 28  0.0125   1340.282328  x:  0.03884   0.04625   0.00587   0.01056   0.01164   0.02070   0.01083   0.02210   0.02415   0.01248   0.07353   0.01935   9.43830  
 29  0.0202   1340.282328  x:  0.03885   0.04625   0.00587   0.01056   0.01164   0.02070   0.01083   0.02210   0.02415   0.01248   0.07353   0.01935   9.43830  
 30  0.0316   1340.282328  x:  0.03887   0.04625   0.00587   0.01056   0.01164   0.02070   0.01083   0.02210   0.02415   0.01248   0.07353   0.01933   9.43830  
 31  0.0658   1340.282328  x:  0.03887   0.04625   0.00587   0.01056   0.01164   0.02070   0.01083   0.02210   0.02415   0.01248   0.07353   0.01933   9.43830  
 32  0.1153   1340.282328  x:  0.03887   0.04625   0.00587   0.01056   0.01164   0.02070   0.01083   0.02210   0.02415   0.01248   0.07353   0.01933   9.43830  
 33  0.1627   1340.282328  x:  0.03887   0.04625   0.00587   0.01056   0.01164   0.02070   0.01083   0.02210   0.02415   0.01248   0.07353   0.01933   9.43830  