     2    918    551


 1

     1     65    -3.5633376401   0.028344064380      26.0199  AAAAAAAAAAAAA
     2      1    -6.5257350542   0.001465241719       1.3451  AAAAAAAAAAAAC
     3      4    -5.2503062167   0.005245911767       4.8157  AAAAAAAAAAAAG
     4      3    -5.9118610546   0.002707144054       2.4852  AAAAAAAAAAAAT
     5      1    -6.4754066825   0.001540872164       1.4145  AAAAAAAAAAACA
     6      7    -5.2042603364   0.005493111994       5.0427  AAAAAAAAAAAGA
     7      1    -6.5649221405   0.001408933646       1.2934  AAAAAAAAAAAGG
     8      4    -5.8615326828   0.002846876978       2.6134  AAAAAAAAAAATA
     9      1    -9.5112642830   0.000074013409       0.0679  AAAAAAAAAACCA
    10      4    -5.3414669246   0.004788840687       4.3962  AAAAAAAAAAGAA
    11      1    -9.3324385399   0.000088506148       0.0812  AAAAAAAAAAGCG
    12      1    -6.8786465751   0.001029536503       0.9451  AAAAAAAAAAGGA
    13      2    -6.0350832016   0.002393297393       2.1970  AAAAAAAAAATAA
    14      1    -8.9064238554   0.000135515592       0.1244  AAAAAAAAAATAC
    15      1    -7.6716764088   0.000465836237       0.4276  AAAAAAAAAATAG
    16      1    -8.2190573288   0.000269468966       0.2474  AAAAAAAAAATAT
    17      1    -7.6563617031   0.000473025290       0.4342  AAAAAAAAAATGA
    18      1    -9.4717013733   0.000077000290       0.0707  AAAAAAAAAGAAG
    19      1    -8.2200321302   0.000269206415       0.2471  AAAAAAAGAAGAA
    20      1   -13.0267363917   0.000002200697       0.0020  AAAAAAATAACAC
    21      1    -6.6857514673   0.001248576137       1.1462  AAAAAGAAAAAAA
    22      1    -9.6477863469   0.000064568341       0.0593  AAAAAGAAAAAAC
    23      1   -12.6314921812   0.000003267478       0.0030  AAAAAGAAAACCA
    24      1   -13.2117595141   0.000001828966       0.0017  AAAAAGAAAACTT
    25      1   -17.3629428218   0.000000028798       0.0000  AAAAAGATAGGGT
    26      1    -9.1535589744   0.000105842441       0.0972  AAAAATAAAAAAG
    27      1   -11.5747079844   0.000009400873       0.0086  AAAAATAAAATAG
    28      1   -10.7305580212   0.000021866429       0.0201  AAAAGAAAGAAAA
    29      1   -15.5379099446   0.000000178637       0.0002  AAAAGAACAAAGC
    30      1   -12.8302537688   0.000002678500       0.0025  AAAAGGAAAAAGG
    31      1   -17.3312933082   0.000000029725       0.0000  AAAAGGGGAGAAG
    32      1   -13.5386671920   0.000001318960       0.0012  AAACAAAAACGAC
    33      1   -16.3352953949   0.000000080477       0.0001  AAACATAAAAATT
    34      1   -10.7244221184   0.000022001012       0.0202  AAAGAAAAAAGTA
    35      1    -7.3697689256   0.000630013742       0.5784  AAAGAAAAAGAAA
    36      1   -11.7056231632   0.000008247313       0.0076  AAAGAGAGAGATC
    37      1    -9.5029502099   0.000074631327       0.0685  AAAGAGAGAGGGA
    38      1   -10.8675925936   0.000019066216       0.0175  AAAGAGAGAGGTG
    39      1   -18.8718996180   0.000000006369       0.0000  AAAGAGTGGGAGC
    40      1   -16.3619689561   0.000000078359       0.0001  AAATAAACATACC
    41      1   -14.0546108288   0.000000787336       0.0007  AAATAAGAGAAAA
    42      1   -12.7193301366   0.000002992713       0.0027  AAATAGAGATAGA
    43      1   -12.1801503976   0.000005131306       0.0047  AAATATATATTTC
    44      1    -8.8604760034   0.000141887509       0.1303  AACAAAAACAAAA
    45      1    -6.9793932095   0.000930867874       0.8545  AAGAAAAAAAAAA
    46      1    -7.3997231198   0.000611422028       0.5613  AAGAAAAAGAAAA
    47      1    -9.2633236001   0.000094839592       0.0871  AAGAAAGAGAAAG
    48      1    -9.8716634281   0.000051616796       0.0474  AAGAGAAAGAAAA
    49      1   -20.1916753152   0.000000001702       0.0000  AAGAGGAGAAACG
    50      1   -14.2345559859   0.000000657674       0.0006  AAGGGGAGGGAGG
    51      1   -13.2535306919   0.000001754142       0.0016  AAGTGTGTGTTTT
    52      1   -24.8141631303   0.000000000017       0.0000  ACAAACTGTATAA
    53      1   -16.5734811476   0.000000063420       0.0001  ACAATCACACACT
    54      1    -9.3082946112   0.000090669039       0.0832  ACACACACACAAC
    55      1    -8.2415717621   0.000263469812       0.2419  ACACACACACAGA
    56      1    -8.5177512362   0.000199888422       0.1835  ACACACACACATT
    57      1    -9.8540986763   0.000052531442       0.0482  ACACACACACCAC
    58      1   -10.6767828051   0.000023074492       0.0212  ACACACACACCAT
    59      1    -7.4468469576   0.000583277816       0.5354  ACACACACACCCC
    60      1    -8.5893821098   0.000186071024       0.1708  ACACACACACCCT
    61      1    -9.3179683521   0.000089796159       0.0824  ACACACACACTAA
    62      1   -13.6673534349   0.000001159695       0.0011  ACACACTCACGGA
    63      1   -18.5992396412   0.000000008365       0.0000  ACACGTGCGCAAT
    64      1   -11.9198447012   0.000006656980       0.0061  ACAGACACAGAAA
    65      1   -14.7066663322   0.000000410181       0.0004  ACATACACGCACA
    66      1   -15.0298838140   0.000000296896       0.0003  ACATGCACATATT
    67      1   -18.1232247954   0.000000013464       0.0000  ACATGCGTATGGA
    68      1   -13.0979332833   0.000002049462       0.0019  ACCCACACACTTT
    69      1   -15.2298377610   0.000000243089       0.0002  ACGAGCGCGCTTT
    70      1   -14.2129533236   0.000000672036       0.0006  ACGTATATATACT
    71      1   -16.1766846060   0.000000094309       0.0001  ACTAACAATAAAA
    72      1   -16.9488060581   0.000000043574       0.0000  ACTATGTATATCC
    73      1    -6.7721859709   0.001145188564       1.0513  AGAAAAAAAAAAA
    74      1   -10.1453379351   0.000039258682       0.0360  AGAAAGAAAAAAG
    75      1    -9.0086951881   0.000122341384       0.1123  AGAAAGAGAGAGA
    76      1   -14.3041625302   0.000000613453       0.0006  AGAAGAAGAAAAG
    77      1   -15.3019948564   0.000000226166       0.0002  AGAAGGAGAACAA
    78      1   -11.8786259192   0.000006937106       0.0064  AGAGAAAGAAAAA
    79      1    -8.3419930157   0.000238296940       0.2188  AGAGAAAGAGAAA
    80      1   -10.5891855122   0.000025186926       0.0231  AGAGAAAGAGAAT
    81      1    -9.3635905147   0.000085791509       0.0788  AGAGAGAAAGAAG
    82      1    -6.6686424844   0.001270121791       1.1660  AGAGAGAGAGAAG
    83      2    -6.0831372903   0.002281009227       2.0940  AGAGAGAGAGAGA
    84      1    -6.9494652510   0.000959147920       0.8805  AGAGAGAGAGGGA
    85      1    -8.0171416287   0.000329761257       0.3027  AGAGAGAGAGGGT
    86      1    -8.7644700736   0.000156184888       0.1434  AGAGAGAGAGGTA
    87      1    -7.9100994032   0.000367018096       0.3369  AGAGAGAGAGTAA
    88      1    -7.7165917181   0.000445375987       0.4089  AGAGAGAGAGTGG
    89      1   -12.6374930284   0.000003247929       0.0030  AGAGAGGAAGAAG
    90      1   -19.8712140669   0.000000002344       0.0000  AGAGAGTAAAACT
    91      1   -16.9094634653   0.000000045322       0.0000  AGAGGAAAAAGTA
    92      2    -8.6605771683   0.000173284264       0.1591  AGAGGGAGAGAAA
    93      1    -9.0947907728   0.000112249019       0.1030  AGAGGGAGAGAGG
    94      1   -10.2392298866   0.000035740363       0.0328  AGAGGGAGAGGAA
    95      1   -11.8753289193   0.000006960015       0.0064  AGAGGGAGAGTAG
    96      1   -14.0416406442   0.000000797614       0.0007  AGAGGGAGAGTCC
    97      1   -21.6646798017   0.000000000390       0.0000  AGCAAGCGTGTAT
    98      1   -17.0594256261   0.000000039011       0.0000  AGGAAAAGAAATT
    99      1   -14.8811166955   0.000000344519       0.0003  AGGAGGAGGAAGG
   100      1   -19.4589361170   0.000000003541       0.0000  AGGCCGAGGGAAG
   101      1   -13.2030498138   0.000001844966       0.0017  AGGGAGAAAGGAG
   102      1   -16.0473625353   0.000000107329       0.0001  AGGGGAGGGAGTG
   103      1   -12.3877467035   0.000004169365       0.0038  AGGGGGAGGGAAG
   104      1   -15.7550883428   0.000000143765       0.0001  AGGGGGAGGGCCG
   105      1   -17.5609631972   0.000000023625       0.0000  AGGGTGTGGGTTA
   106      1   -15.1633143405   0.000000259810       0.0002  AGTGAGTGTGTCA
   107      1   -16.2621237158   0.000000086586       0.0001  ATAAAGAAAACCA
   108      1   -22.6817965225   0.000000000141       0.0000  ATAAAGTCAATAT
   109      1   -18.8291862787   0.000000006646       0.0000  ATAAATCAAAACG
   110      1   -15.8521849850   0.000000130462       0.0001  ATAATAAAAATAT
   111      1   -15.4382601939   0.000000197355       0.0002  ATACACACATTTA
   112      1   -15.9967874278   0.000000112897       0.0001  ATACACAGACGTG
   113      1   -13.0604067315   0.000002127832       0.0020  ATACATATACCCT
   114      1   -13.1133515361   0.000002018105       0.0019  ATATACATATTCA
   115      1   -13.5640830352   0.000001285860       0.0012  ATATATAAATGGT
   116      1   -15.8953332422   0.000000124952       0.0001  ATATATACGTTGT
   117      1    -6.0816956767   0.002284299933       2.0970  ATATATATATAAA
   118      1    -7.6686340110   0.000467255654       0.4289  ATATATATATAAG
   119      2    -6.9129553271   0.000994813449       0.9132  ATATATATATATA
   120      3    -6.5129466226   0.001484100191       1.3624  ATATATATATATT
   121      1    -9.4616124441   0.000077781072       0.0714  ATATATATATGAT
   122      1   -10.5582821070   0.000025977440       0.0238  ATATATATATGGC
   123      1    -8.5048515541   0.000202483622       0.1859  ATATATATATGTA
   124      1    -7.6484292695   0.000476792454       0.4377  ATATATATATGTT
   125      2    -8.5598147011   0.000191654804       0.1759  ATATATATATTAT
   126      1    -8.3333973063   0.000240354100       0.2206  ATATATATATTTA
   127      1    -8.7081299892   0.000165236961       0.1517  ATATATATATTTG
   128      1    -6.0804009047   0.002287259496       2.0997  ATATATATATTTT
   129      1   -18.4247612197   0.000000009959       0.0000  ATATCTATGTTGG
   130      1   -16.7844850400   0.000000051356       0.0000  ATATGCATATGAC
   131      1    -9.2530036031   0.000095823404       0.0880  ATATGTATATTTT
   132      1    -9.3021398646   0.000091228805       0.0837  ATCTCTCTCTTTT
   133      1   -13.2777788458   0.000001712119       0.0016  ATCTTTCTCTATT
   134      1   -18.2469292374   0.000000011898       0.0000  ATGCGCACACAAC
   135      1   -17.6067922238   0.000000022567       0.0000  ATGTGCATGTGCT
   136      1    -9.7545158036   0.000058032010       0.0533  CAAAAAAAAAAAG
   137      1   -14.3593363533   0.000000580523       0.0005  CAAACAAAAAAAC
   138      1   -17.8973743605   0.000000016876       0.0000  CAAAGAAGAATAG
   139      1   -16.5059376330   0.000000067852       0.0001  CAAATATATAAAC
   140      1    -7.0489497171   0.000868320461       0.7971  CACACACACAAAA
   141      1    -9.6327747064   0.000065544929       0.0602  CACACACACAAAC
   142      2    -9.8222371694   0.000054232122       0.0498  CACACACACAACC
   143      1   -10.6094677732   0.000024681224       0.0227  CACACACACAAGT
   144      1   -10.4743608219   0.000028251590       0.0259  CACACACACAATC
   145      2    -7.5790207307   0.000511061445       0.4692  CACACACACACAA
   146      1    -7.2253854569   0.000727871922       0.6682  CACACACACACCC
   147      1    -9.2313019648   0.000097925657       0.0899  CACACACACAGAG
   148      1    -9.2039159790   0.000100644507       0.0924  CACACACACATAC
   149      1    -8.9556528839   0.000129005840       0.1184  CACACACACATAT
   150      1    -9.1824673886   0.000102826507       0.0944  CACACACACATCT
   151      1    -9.8744568772   0.000051472809       0.0473  CACACACACATGG
   152      1    -9.8687831611   0.000051765681       0.0475  CACACACACATTA
   153      1   -12.0259463990   0.000005986843       0.0055  CACACATACATCT
   154      1   -15.4044651951   0.000000204139       0.0002  CACGCAGGCGAAA
   155      1   -23.7661883749   0.000000000048       0.0000  CACGCATCTGTTG
   156      1   -16.6511600941   0.000000058680       0.0001  CACGCGCGCAAAC
   157      1   -19.6390217270   0.000000002957       0.0000  CACTCTTACTTCA
   158      1   -17.9368458528   0.000000016223       0.0000  CATAGAGATAGTT
   159      1   -14.3898104434   0.000000563099       0.0005  CATATACACACAT
   160      1   -13.6060796851   0.000001232976       0.0011  CATATACATAGAA
   161      1   -13.9617948292   0.000000863912       0.0008  CATATATGTATAG
   162      1   -18.5359501419   0.000000008911       0.0000  CATATGTATGAAT
   163      1   -17.9569126902   0.000000015901       0.0000  CATGCATGTAAAG
   164      1   -17.2330952666   0.000000032792       0.0000  CATGTATGTGGCG
   165      1   -16.5634465928   0.000000064060       0.0001  CCAATATATACCC
   166      1   -14.0106910583   0.000000822686       0.0008  CCACACACACGGA
   167      1   -24.3628724405   0.000000000026       0.0000  CCACAGTTACTAA
   168      1   -12.4087503450   0.000004082707       0.0037  CCCACACACACGT
   169      1    -9.5990567670   0.000067792651       0.0622  CCCCCCCCCCACA
   170      1    -7.2358921530   0.000720264427       0.6612  CCCCCCCCCCACC
   171      1    -7.0480171678   0.000869130590       0.7979  CCCCCCCCCCCAC
   172      2    -7.1011917899   0.000824122157       0.7565  CCCCCCCCCCCCA
   173     34    -4.5897436210   0.010155461687       9.3227  CCCCCCCCCCCCC
   174      3    -5.7943206222   0.003044798292       2.7951  CCCCCCCCCCCCT
   175      2    -7.2207455631   0.000731257017       0.6713  CCCCCCCCCCCGC
   176      1    -5.7452189405   0.003198034296       2.9358  CCCCCCCCCCCTC
   177      1    -7.4086205484   0.000606006074       0.5563  CCCCCCCCCCGCC
   178      1    -8.5495192535   0.000193638168       0.1778  CCCCCCCCCCGTC
   179      1   -10.3553036673   0.000031823560       0.0292  CCCCCCCCCCTAA
   180      1    -8.3658551761   0.000232677967       0.2136  CCCCCCCCCCTCA
   181      3    -5.8981151987   0.002744612997       2.5196  CCCCCCCCCCTCC
   182      3    -7.2574795788   0.000704882399       0.6471  CCCCCCCCCCTTT
   183      1    -9.4878538842   0.000075766533       0.0696  CCCCCCCTCCCAC
   184      1    -7.0296016407   0.000885284372       0.8127  CCCCCCCTCCCCC
   185      1    -9.6961857963   0.000061517689       0.0565  CCCCCCCTCCTTT
   186      1   -12.2366891134   0.000004849237       0.0045  CCCCCCTTCCTCT
   187      1   -12.3578187978   0.000004296032       0.0039  CCCCCTCCCCAAC
   188      1   -12.0522685251   0.000005831312       0.0054  CCCCCTCTCCCCA
   189      1   -15.5859596188   0.000000170257       0.0002  CCCCCTCTCCTAG
   190      1   -12.0225753556   0.000006007059       0.0055  CCCCTCTCCCTTT
   191      1   -18.2252108760   0.000000012159       0.0000  CCCGTCCGCGTAA
   192      1    -9.0958952068   0.000112125116       0.1029  CCCTCCCTCTCTC
   193      1   -17.6276580356   0.000000022101       0.0000  CCCTCCTTCTGGA
   194      1   -11.5068872302   0.000010060565       0.0092  CCCTCTCCCTCTT
   195      1    -9.8808456062   0.000051145011       0.0470  CCCTCTCTCTCCG
   196      1    -9.3152571025   0.000090039950       0.0827  CCCTCTCTCTTTC
   197      1   -14.4028359012   0.000000555812       0.0005  CCCTCTTCCTTTT
   198      1   -14.4008807104   0.000000556900       0.0005  CCGTCTCTCTCGC
   199      1    -9.1103505370   0.000110515968       0.1015  CCTCCCCCTCCTC
   200      1   -13.2111330786   0.000001830113       0.0017  CCTCCCCCTCGCA
   201      1   -11.7052356280   0.000008250509       0.0076  CCTCCCCCTCTAC
   202      1   -13.7967762935   0.000001018911       0.0009  CCTCTCACTCTTC
   203      1    -9.1040093047   0.000111219003       0.1021  CCTCTCTCTCTCT
   204      1   -16.9096752257   0.000000045313       0.0000  CCTGCACGTGCTT
   205      1   -15.2741398209   0.000000232555       0.0002  CCTTCCTTTCCTT
   206      1   -12.7848437834   0.000002802934       0.0026  CCTTCTCTCTCGC
   207      1   -13.2165347874   0.000001820253       0.0017  CCTTCTCTTTACC
   208      1   -11.8706997109   0.000006992309       0.0064  CCTTCTCTTTTCC
   209      1   -12.7093660199   0.000003022682       0.0028  CCTTCTTTTTTCT
   210      1   -24.8427683663   0.000000000016       0.0000  CCTTTACACCCAA
   211      1   -11.8364650656   0.000007235833       0.0066  CCTTTCTCTTTTT
   212      1   -17.1402210360   0.000000035983       0.0000  CGAAGAGAGAAGA
   213      1   -15.2624685049   0.000000235285       0.0002  CGAGTGAGAGTGT
   214      1    -9.8532710631   0.000052574936       0.0483  CGCACACACACCC
   215      1   -14.3523337639   0.000000584602       0.0005  CGCACGCGCAAAT
   216      2    -8.9100418290   0.000135026186       0.1240  CGCGCGCGCGAAA
   217      1    -8.9900284248   0.000124646550       0.1144  CGCGCGCGCGCAC
   218      1    -9.1935189634   0.000101696369       0.0934  CGCGCGCGCGCAG
   219      2    -9.7165698135   0.000060276406       0.0553  CGCGCGCGCGCCG
   220      1    -8.3817199876   0.000229015702       0.2102  CGCGCGCGCGCGC
   221      1    -7.9134575160   0.000365787675       0.3358  CGCGCGCGCGCGG
   222      1   -10.0161479681   0.000044672701       0.0410  CGCGCGCGCGGGC
   223      1    -7.4258409542   0.000595659743       0.5468  CGCGCGCGCGGGG
   224      1   -14.8893993482   0.000000341677       0.0003  CGCGCGTGTGGGA
   225      1   -14.8271417009   0.000000363625       0.0003  CGCGTGCACGTCT
   226      1   -17.0641496201   0.000000038827       0.0000  CGCTCTCTTTTAG
   227      1   -18.7892308262   0.000000006917       0.0000  CGTACGCATGTAT
   228      1   -26.6613150673   0.000000000003       0.0000  CGTATAAGAGTCG
   229      1   -22.3813954017   0.000000000190       0.0000  CGTCCACCTTTTC
   230      1   -13.1173352364   0.000002010082       0.0018  CTATATATATCGC
   231      1   -12.5873198301   0.000003415045       0.0031  CTCACACACAGCC
   232      1    -9.4808835261   0.000076296497       0.0700  CTCCCCCCCCTTC
   233      1   -10.1161405979   0.000040421829       0.0371  CTCCCTCTCCCTC
   234      1    -9.3887738227   0.000083657973       0.0768  CTCCCTCTCCTTT
   235      1   -20.1954696816   0.000000001695       0.0000  CTCCCTTTATACT
   236      1   -15.8395481113   0.000000132121       0.0001  CTCCTTTCTCTCT
   237      1   -15.7884717308   0.000000139045       0.0001  CTCTCTCCTCCTT
   238      1   -14.7987187008   0.000000374109       0.0003  CTCTCTCCTTCGC
   239      1    -9.5094472714   0.000074148014       0.0681  CTCTCTCTCTAAA
   240      1    -9.5823777128   0.000068932850       0.0633  CTCTCTCTCTATA
   241      1    -8.5538869037   0.000192794269       0.1770  CTCTCTCTCTATC
   242      1    -7.6597625986   0.000471419313       0.4328  CTCTCTCTCTATT
   243      2    -5.7999266475   0.003027776832       2.7795  CTCTCTCTCTCCC
   244      1    -6.1120903890   0.002215913846       2.0342  CTCTCTCTCTCTC
   245      1    -7.0211468643   0.000892800984       0.8196  CTCTCTCTCTTCC
   246      1    -6.7858646419   0.001129630555       1.0370  CTCTCTCTCTTTC
   247      1    -5.3632734137   0.004685543255       4.3013  CTCTCTCTCTTTT
   248      1    -8.6450381727   0.000175997957       0.1616  CTCTCTTTCTCCC
   249      1    -9.5275015686   0.000072821336       0.0668  CTCTCTTTCTCCT
   250      1   -13.4380680739   0.000001458550       0.0013  CTCTCTTTCTGAC
   251      1   -14.7754099897   0.000000382931       0.0004  CTCTTTCACTCAT
   252      1   -10.7154050338   0.000022200294       0.0204  CTCTTTCTCTCTA
   253      1   -14.5105842309   0.000000499038       0.0005  CTGTGTGTGTCGA
   254      1   -16.1974632887   0.000000092370       0.0001  CTTATATGTACTC
   255      1   -14.0090689969   0.000000824022       0.0008  CTTCCCCTCCTTT
   256      1   -13.1382105177   0.000001968556       0.0018  CTTCCTCTTCCCC
   257      1   -14.7126445732   0.000000407737       0.0004  CTTCTTCTTTTTC
   258      1   -15.8284849852   0.000000133591       0.0001  CTTCTTTCTCAGT
   259      1   -20.8136842883   0.000000000914       0.0000  CTTGCGCTTGATG
   260      1   -13.2303664926   0.000001795250       0.0016  CTTTCTCCTTTTC
   261      1   -14.1509011070   0.000000715059       0.0007  CTTTCTTTTTAGG
   262      2   -10.1567089215   0.000038814801       0.0356  CTTTCTTTTTCCT
   263      1   -10.2293117646   0.000036096604       0.0331  CTTTCTTTTTTCT
   264      1    -8.5305316438   0.000197350022       0.1812  CTTTCTTTTTTTT
   265      1   -18.6186858172   0.000000008204       0.0000  CTTTTCTATCTAT
   266      1   -18.7395270827   0.000000007270       0.0000  CTTTTTTCCTAAT
   267      1    -8.9940256770   0.000124149301       0.1140  CTTTTTTTTTATT
   268      1    -8.1612396736   0.000285508238       0.2621  CTTTTTTTTTTTC
   269      2    -6.2861582828   0.001861899115       1.7092  CTTTTTTTTTTTT
   270      1    -9.6109615097   0.000066990381       0.0615  GAAAAAAAAAAAC
   271      1   -11.9695349089   0.000006334277       0.0058  GAAAAAAGAATAA
   272      1   -16.3857132983   0.000000076520       0.0001  GAAAAAGTAAACA
   273      1   -17.6506182254   0.000000021599       0.0000  GAAAAGAGAGACT
   274      1   -14.3489631557   0.000000586576       0.0005  GAAAAGGAAAGAA
   275      1   -14.7566965816   0.000000390165       0.0004  GAAAGAGAAGAAG
   276      1   -15.0963771202   0.000000277796       0.0003  GAAATAAAAATTA
   277      1   -15.0598202856   0.000000288140       0.0003  GAGAAAAAAATTT
   278      1   -13.8223749485   0.000000993159       0.0009  GAGAAAGAGACCA
   279      1    -8.8675776578   0.000140883443       0.1293  GAGAAAGAGAGAA
   280      1    -9.1170457304   0.000109778514       0.1008  GAGAAAGAGAGAG
   281      1   -12.5111923491   0.000003685176       0.0034  GAGAGAAAAAGAG
   282      1    -7.8722330669   0.000381182206       0.3499  GAGAGAGAGAAAT
   283      1    -7.0773625743   0.000843996193       0.7748  GAGAGAGAGAAGG
   284      2    -5.8767114313   0.002803991247       2.5741  GAGAGAGAGAGAA
   285      2    -6.1087348053   0.002223362020       2.0410  GAGAGAGAGAGAG
   286      1    -8.4439803371   0.000215191907       0.1975  GAGAGAGAGAGGC
   287      3    -5.6166878340   0.003636666426       3.3385  GAGAGAGAGAGGG
   288      1    -7.5678113861   0.000516822336       0.4744  GAGAGAGAGAGTG
   289      1    -9.1268173923   0.000108711020       0.0998  GAGAGAGAGATTT
   290      1    -8.4906576399   0.000205378151       0.1885  GAGAGAGGGAGGG
   291      1   -17.4045817765   0.000000027624       0.0000  GAGAGATATATTT
   292      1   -12.9684165435   0.000002332858       0.0021  GAGAGTGAGATTT
   293      1   -19.3342777119   0.000000004011       0.0000  GAGGGGAAAAAAG
   294      1   -12.0701866097   0.000005727757       0.0053  GAGGGGGAGAGAA
   295      1   -16.5161584365   0.000000067162       0.0001  GATTGAGAGAGGC
   296      1   -13.5130360558   0.000001353203       0.0012  GCACACACACTGC
   297      1   -18.7854379045   0.000000006944       0.0000  GCATATATGTTGT
   298      1   -10.0938445314   0.000041333199       0.0379  GCGCGCGCGCCAC
   299      1    -7.9998824039   0.000335502079       0.3080  GCGCGCGCGCGCC
   300      1    -7.2443875110   0.000714171441       0.6556  GCGCGCGCGCGGG
   301      1   -10.4076924298   0.000030199281       0.0277  GCGCGCGCGCTTG
   302      1   -13.7201295407   0.000001100078       0.0010  GCGGGCGCGCCTT
   303      1   -19.6416032756   0.000000002950       0.0000  GCGTATGTATAAC
   304      1   -13.6714498381   0.000001154954       0.0011  GCGTGCGCGCCAT
   305      1   -11.7647701551   0.000007773655       0.0071  GCGTGTGTGTATG
   306      1   -17.6830083249   0.000000020911       0.0000  GCTCACACTCGGC
   307      1   -15.5040706691   0.000000184785       0.0002  GCTCGCGCTCAGC
   308      1   -10.3137406757   0.000033174114       0.0305  GCTCTCTCTCTCT
   309      1   -24.5771214211   0.000000000021       0.0000  GCTGTCGTGTTCT
   310      1   -11.4691745610   0.000010447221       0.0096  GGAAAGAGAGAAA
   311      1   -15.4921153245   0.000000187008       0.0002  GGAAAGGAGAAGG
   312      1   -18.6634005973   0.000000007845       0.0000  GGAAGAGACATAA
   313      1   -15.8484337667   0.000000130952       0.0001  GGAAGAGCGAGGA
   314      1   -16.1294509699   0.000000098871       0.0001  GGAGAGAGAATTG
   315      1   -10.1859177294   0.000037697464       0.0346  GGAGGGGGGGAAG
   316      1   -11.6840366938   0.000008427278       0.0077  GGAGGGGGGGACG
   317      1    -9.5302236401   0.000072623381       0.0667  GGCGCGCGCGGGG
   318      1   -13.2715593942   0.000001722800       0.0016  GGGAAAAAAAAAA
   319      1   -14.6367710900   0.000000439877       0.0004  GGGAGAAGGAAAA
   320      1    -9.4955146271   0.000075188322       0.0690  GGGAGAGAGAAGA
   321      1    -8.7889217208   0.000152412222       0.1399  GGGAGAGAGAGAA
   322      1   -10.2637488935   0.000034874701       0.0320  GGGAGAGAGAGAT
   323      1   -12.2518800054   0.000004776130       0.0044  GGGAGAGAGGGAG
   324      1    -7.6122845020   0.000494341244       0.4538  GGGAGGGGGAGGG
   325      1   -10.7565960512   0.000021304419       0.0196  GGGAGGGGGGATG
   326      1   -16.1929667679   0.000000092786       0.0001  GGGAGGGTGCGAG
   327      1   -12.3080241991   0.000004515367       0.0041  GGGAGTGGGGGGA
   328      1   -10.1933063022   0.000037419960       0.0344  GGGCGCGCGCGGA
   329      1   -10.1830807075   0.000037804565       0.0347  GGGGAGGGGGAAA
   330      1    -8.4527937640   0.000213303662       0.1958  GGGGAGGGGGGAG
   331      1   -11.7899058653   0.000007580694       0.0070  GGGGAGGGGGTAA
   332      1   -18.2596264119   0.000000011747       0.0000  GGGGGAAAAAGAA
   333      1   -11.8126912890   0.000007409917       0.0068  GGGGGAGGGGAAT
   334      1   -11.4532104731   0.000010615340       0.0097  GGGGGGAGGGGTT
   335      1   -14.4009291270   0.000000556873       0.0005  GGGGGGGAGAGAC
   336      1   -11.1720449141   0.000014061853       0.0129  GGGGGGGCGGGGC
   337      2    -7.2515626498   0.000709065502       0.6509  GGGGGGGGGGAAA
   338      1    -6.8726479089   0.001035730909       0.9508  GGGGGGGGGGAGA
   339      2    -5.5840715064   0.003757236721       3.4491  GGGGGGGGGGAGG
   340      1    -7.8309974134   0.000397229081       0.3647  GGGGGGGGGGATG
   341      1   -10.4238662628   0.000029714772       0.0273  GGGGGGGGGGCCC
   342      1    -7.0583132325   0.000860227875       0.7897  GGGGGGGGGGCGG
   343      1    -6.6592681549   0.001282084314       1.1770  GGGGGGGGGGGAA
   344      4    -5.4397773347   0.004340449631       3.9845  GGGGGGGGGGGAG
   345      1    -8.2983027368   0.000248938984       0.2285  GGGGGGGGGGGCA
   346      1    -6.8786856443   0.001029496281       0.9451  GGGGGGGGGGGCG
   347      1    -9.0690792050   0.000115172540       0.1057  GGGGGGGGGGGCT
   348      3    -5.4872149968   0.004139356257       3.7999  GGGGGGGGGGGGA
   349      1    -6.9300701481   0.000977932266       0.8977  GGGGGGGGGGGGC
   350     78    -3.9999344164   0.018316840134      16.8149  GGGGGGGGGGGGG
   351      2    -6.3161961485   0.001806803263       1.6586  GGGGGGGGGGGGT
   352      1    -9.2934799509   0.000092022269       0.0845  GGGGGGGGGGTGC
   353      2    -6.4444392328   0.001589335566       1.4590  GGGGGGGGGGTGG
   354      1   -20.4646463267   0.000000001295       0.0000  GGGGGGTTGAATA
   355      1   -13.1992490912   0.000001851991       0.0017  GGGGGTGGGGCTG
   356      1    -7.8960797169   0.000372199813       0.3417  GGGGGTGGGGGGG
   357      1   -13.1459444962   0.000001953389       0.0018  GTATATGTATATA
   358      1   -16.2282797654   0.000000089567       0.0001  GTATATGTATCCA
   359      1   -18.0693261402   0.000000014210       0.0000  GTATGCACACAAG
   360      1   -15.9544543122   0.000000117779       0.0001  GTATGTGAGTAAG
   361      1   -15.7087633998   0.000000150581       0.0001  GTATGTGGATAGG
   362      1   -19.6438032590   0.000000002943       0.0000  GTATTCACACTTC
   363      1   -27.2363396421   0.000000000001       0.0000  GTCACATCCGTTG
   364      1   -14.4108849739   0.000000551356       0.0005  GTCTCTCTCTAAC
   365      1   -25.3415839896   0.000000000010       0.0000  GTCTCTTCTCGAT
   366      1   -12.8127694177   0.000002725743       0.0025  GTGCGCGCGCTAA
   367      1   -12.0055002800   0.000006110510       0.0056  GTGCGCGTGCTTT
   368      1   -14.4890829825   0.000000509884       0.0005  GTGCGTGTGCAAC
   369      1   -12.8419667326   0.000002647309       0.0024  GTGCGTGTGCAAG
   370      1   -13.1881102311   0.000001872736       0.0017  GTGCGTGTGTACA
   371      1   -10.8947432358   0.000018555520       0.0170  GTGGGGGGGGGCG
   372      1   -16.0303773224   0.000000109168       0.0001  GTGGGTGCGGGTC
   373      1   -12.4688276005   0.000003844651       0.0035  GTGTGCGTGTTCC
   374      1   -12.9904977951   0.000002281910       0.0021  GTGTGGGTGTATA
   375      1   -12.8878264800   0.000002528646       0.0023  GTGTGTGCGTTAG
   376      1   -13.2330451560   0.000001790447       0.0016  GTGTGTGTGCCCC
   377      1    -9.8388818851   0.000053336915       0.0490  GTGTGTGTGTACG
   378      1    -8.0033282522   0.000334347980       0.3069  GTGTGTGTGTAGG
   379      1    -7.6907773171   0.000457022782       0.4195  GTGTGTGTGTATT
   380      1    -7.8742854807   0.000380400664       0.3492  GTGTGTGTGTCTT
   381      1    -9.8006364845   0.000055416317       0.0509  GTGTGTGTGTGAC
   382      1    -8.4942511097   0.000204641455       0.1879  GTGTGTGTGTGCT
   383      1    -8.3958966097   0.000225791938       0.2073  GTGTGTGTGTGGT
   384      1   -17.4345927662   0.000000026807       0.0000  GTGTGTTCGTCGT
   385      1   -11.6271479904   0.000008920594       0.0082  GTGTTTGTGTATT
   386      1   -10.4153840227   0.000029967892       0.0275  TAAAAAAAAAAAC
   387      1   -19.6786108532   0.000000002842       0.0000  TAAAAAGAGAGCC
   388      1   -23.2680054010   0.000000000078       0.0000  TAAGTTTGGGGTG
   389      1   -10.2660881137   0.000034793217       0.0319  TACACACACATAA
   390      1   -11.2581671442   0.000012901498       0.0118  TACACACACATCT
   391      1   -15.4371577228   0.000000197573       0.0002  TACACATATAATA
   392      1   -15.9719658246   0.000000115735       0.0001  TACATAAACATAC
   393      1   -12.7121474332   0.000003014286       0.0028  TACATATATAAAC
   394      1   -17.4881068439   0.000000025410       0.0000  TACCTTCTCTTTA
   395      1   -21.2404063190   0.000000000596       0.0000  TACGCTTGCGCTG
   396      1   -16.6501765865   0.000000058738       0.0001  TACTTACTCTCAA
   397      1   -16.2084623101   0.000000091360       0.0001  TATATAAGTATCA
   398      1   -11.9882171396   0.000006217037       0.0057  TATATACATAATA
   399      3    -6.2788637952   0.001875530371       1.7217  TATATATATAAAA
   400      1   -10.5328481589   0.000026646622       0.0245  TATATATATAACG
   401      1    -9.2001880033   0.000101020408       0.0927  TATATATATACAC
   402      1   -10.5973001357   0.000024983370       0.0229  TATATATATAGCG
   403      1    -8.7828021313   0.000153347782       0.1408  TATATATATAGTT
   404      2    -6.5804781368   0.001387185872       1.2734  TATATATATATAA
   405      1    -6.8872935629   0.001020672492       0.9370  TATATATATATAT
   406      1    -9.0238836317   0.000120497249       0.1106  TATATATATATCA
   407      1    -8.2927451012   0.000250326348       0.2298  TATATATATATGG
   408      1    -7.7633181566   0.000425043876       0.3902  TATATATATATGT
   409      1    -7.7207228506   0.000443539875       0.4072  TATATATATATTC
   410      2    -5.9110056260   0.002709460813       2.4873  TATATATATATTT
   411      1   -12.8415544482   0.000002648401       0.0024  TATATATGTAACT
   412      1   -13.4648306310   0.000001420033       0.0013  TATATATTTAATG
   413      1   -10.2187431742   0.000036480117       0.0335  TATATATTTATAA
   414      1    -9.4011315859   0.000082630509       0.0759  TATATGTATAAAA
   415      1   -11.3379347968   0.000011912351       0.0109  TATATGTATATGG
   416      1   -11.9580703775   0.000006407314       0.0059  TATATTTATATGA
   417      1   -14.2038281435   0.000000678197       0.0006  TATATTTTTTATT
   418      1   -13.8671998846   0.000000949624       0.0009  TATGTATGTACAA
   419      1   -14.8904196284   0.000000341329       0.0003  TATGTGTATACAT
   420      1   -14.9847246064   0.000000310611       0.0003  TATGTTTATATTA
   421      1   -19.0957647800   0.000000005091       0.0000  TATTCATTTATAC
   422      1   -13.7445246716   0.000001073566       0.0010  TATTTCTTTTCTC
   423      1   -14.9344812607   0.000000326616       0.0003  TATTTTGTTTTAA
   424      1   -16.0465009732   0.000000107422       0.0001  TCACACATATTTT
   425      1   -13.5775392742   0.000001268673       0.0012  TCCCCCTCTCCTC
   426      1   -10.5667690109   0.000025757904       0.0236  TCCCTCCCCCCCT
   427      1   -10.6450283030   0.000023818968       0.0219  TCCCTCTCTCCTT
   428      1   -13.0835681484   0.000002079115       0.0019  TCCCTCTTTCCTT
   429      1   -20.2689288752   0.000000001575       0.0000  TCCCTTGTCTTGT
   430      1   -12.2823843336   0.000004632637       0.0043  TCCTTCTCTCTCC
   431      1   -10.6401492603   0.000023935466       0.0220  TCCTTTCTCTTTT
   432      1    -9.9958712852   0.000045587761       0.0418  TCCTTTTTTTTTT
   433      1   -11.7406322706   0.000007963577       0.0073  TCGCGCGCGCCCT
   434      1   -10.5439403617   0.000026352686       0.0242  TCTATATATATTC
   435      1   -14.4738833109   0.000000517693       0.0005  TCTATCTCTCATG
   436      1   -11.0541142125   0.000015821920       0.0145  TCTATCTCTCCCT
   437      1   -11.3989038780   0.000011207763       0.0103  TCTCCCCCCCCTC
   438      1   -12.2871561654   0.000004610583       0.0042  TCTCCCCCCCTCT
   439      1   -13.5976793214   0.000001243377       0.0011  TCTCCCTTTCTTA
   440      1   -10.5205109095   0.000026977405       0.0248  TCTCTCCCTCCTC
   441      2    -8.7372190010   0.000160499617       0.1473  TCTCTCCCTCTTT
   442      1   -10.3495046851   0.000032008640       0.0294  TCTCTCTCTCAAC
   443      1    -6.9544065297   0.000954420193       0.8762  TCTCTCTCTCCCT
   444      1   -10.6646267327   0.000023356699       0.0214  TCTCTCTCTCGAA
   445      1   -10.3777654319   0.000031116715       0.0286  TCTCTCTCTCGGT
   446      2    -8.0421855554   0.000321605295       0.2952  TCTCTCTCTCTCA
   447      5    -5.9933482913   0.002495295072       2.2907  TCTCTCTCTCTCC
   448      2    -6.0144436054   0.002443207374       2.2429  TCTCTCTCTCTCT
   449      4    -5.2591684862   0.005199626483       4.7733  TCTCTCTCTCTTT
   450      1    -9.4659688132   0.000077442966       0.0711  TCTCTCTTTCCTT
   451      1   -10.3838171806   0.000030928973       0.0284  TCTCTCTTTCTTG
   452      1    -7.6973484484   0.000454029471       0.4168  TCTCTCTTTCTTT
   453      1   -12.7372258582   0.000002939633       0.0027  TCTCTCTTTTCCT
   454      1   -19.5849240052   0.000000003122       0.0000  TCTCTGTTTTAAC
   455      1    -9.6423992002   0.000064917119       0.0596  TCTCTTTCTCCCT
   456      1   -12.4011480213   0.000004113863       0.0038  TCTCTTTCTCTAG
   457      1    -7.9024340360   0.000369842235       0.3395  TCTCTTTCTCTTT
   458      1   -13.7891903429   0.000001026670       0.0009  TCTCTTTCTTTAT
   459      1    -9.7300164852   0.000059471314       0.0546  TCTTTCTCTCCTC
   460      1   -11.0476716797   0.000015924183       0.0146  TCTTTCTTTCTCC
   461      1   -11.1091072019   0.000014975318       0.0137  TCTTTCTTTTATT
   462      1    -9.1170388741   0.000109779267       0.1008  TCTTTTTTTTATT
   463      1   -22.7408825356   0.000000000133       0.0000  TGCCCATGTCTCT
   464      1   -16.8789773571   0.000000046725       0.0000  TGCGAGAGCGTAA
   465      1   -19.8617498164   0.000000002367       0.0000  TGCGCGTGTAATT
   466      1   -11.4136070712   0.000011044179       0.0101  TGGGGGGGGGTTT
   467      1    -9.4799781828   0.000076365603       0.0701  TGTATATATAAAA
   468      1   -11.9899121205   0.000006206508       0.0057  TGTATATATATCG
   469      1    -8.5393250116   0.000195622258       0.1796  TGTATATATATTT
   470      1   -15.0182905435   0.000000300358       0.0003  TGTATCTATAGGA
   471      1   -15.3622194050   0.000000212948       0.0002  TGTATGTATGATA
   472      1   -11.5055796408   0.000010073729       0.0092  TGTATGTGTGTGC
   473      1   -22.2741252968   0.000000000212       0.0000  TGTCAATGTGGCA
   474      1   -18.8215524608   0.000000006697       0.0000  TGTCTATATGAAT
   475      1   -20.9177852929   0.000000000823       0.0000  TGTCTCCCTTAGT
   476      1   -16.5807619661   0.000000062960       0.0001  TGTCTTTTTCATG
   477      1   -15.3891466374   0.000000207290       0.0002  TGTGTATATGCTA
   478      1   -15.1199073797   0.000000271336       0.0002  TGTGTGCATGGTT
   479      1   -10.7337002946   0.000021797827       0.0200  TGTGTGTGTGACC
   480      1    -8.8332155314   0.000145808633       0.1339  TGTGTGTGTGATT
   481      1    -8.3309528946   0.000240942343       0.2212  TGTGTGTGTGCGG
   482      1    -6.6557491229   0.001286603958       1.1811  TGTGTGTGTGGGG
   483      1    -8.0021363012   0.000334746744       0.3073  TGTGTGTGTGTGA
   484      1    -8.5799840218   0.000187827979       0.1724  TGTGTGTGTGTGC
   485      2    -6.9146367185   0.000993142183       0.9117  TGTGTGTGTGTGG
   486      1   -11.6850038436   0.000008419132       0.0077  TGTGTTTGTGTAT
   487      1   -15.8834979923   0.000000126440       0.0001  TGTTTATATTGTT
   488      1    -9.4133792952   0.000081624647       0.0749  TGTTTTTTTTTTC
   489      1   -14.0327240417   0.000000804758       0.0007  TTACATATACTTC
   490      1   -11.5469637179   0.000009665345       0.0089  TTATATATATAAG
   491      1   -12.4936483712   0.000003750399       0.0034  TTATATATATCAT
   492      1    -8.1071433460   0.000301378579       0.2767  TTATATATATTTT
   493      1   -16.7640245157   0.000000052418       0.0000  TTCCATCTCTGTT
   494      1   -15.1199566825   0.000000271323       0.0002  TTCCTCCCTCCTT
   495      1   -14.5817030600   0.000000464779       0.0004  TTCCTCTTCCTTC
   496      1   -14.7644994188   0.000000387132       0.0004  TTCCTTTCTTTTC
   497      1   -12.7354107524   0.000002944973       0.0027  TTCCTTTTTTTTG
   498      1   -11.1736363327   0.000014039492       0.0129  TTCTCTCTCTACT
   499      1   -12.8445644527   0.000002640441       0.0024  TTCTCTCTTTCCT
   500      1   -11.7908770995   0.000007573334       0.0070  TTCTTTCTCTATC
   501      1    -8.6214967740   0.000180190349       0.1654  TTCTTTTTTTCTT
   502      1   -25.5845727159   0.000000000008       0.0000  TTTAACTTAATAG
   503      1   -19.3345015899   0.000000004010       0.0000  TTTACCTCTCAGT
   504      1   -12.7832958930   0.000002807276       0.0026  TTTATATGTGTTT
   505      1   -16.0802272004   0.000000103859       0.0001  TTTATCTATAAGA
   506      1    -9.7131808646   0.000060481026       0.0555  TTTATTTTTTTAT
   507      1   -12.1155630496   0.000005473660       0.0050  TTTCCCTTTCTTT
   508      1   -12.8161643409   0.000002716505       0.0025  TTTCTCTCTCAGA
   509      1   -11.8506070996   0.000007134224       0.0065  TTTCTCTCTCAGT
   510      1    -8.0399977278   0.000322309682       0.2959  TTTCTCTCTCTCT
   511      1    -8.7207397896   0.000163166437       0.1498  TTTCTCTTTCTTT
   512      1   -15.0327739230   0.000000296039       0.0003  TTTCTCTTTTATG
   513      1   -14.4594716403   0.000000525208       0.0005  TTTCTGTCTCTAC
   514      1   -13.8335397649   0.000000982132       0.0009  TTTCTTCTTTCCC
   515      1   -13.9632097749   0.000000862691       0.0008  TTTCTTTCTCAAG
   516      1    -7.1537486082   0.000781927441       0.7178  TTTCTTTCTCTTT
   517      1   -16.6804353349   0.000000056987       0.0001  TTTCTTTTCCGTA
   518      1    -8.8992675620   0.000136488860       0.1253  TTTCTTTTTCTCT
   519      1    -7.0288246324   0.000885972512       0.8133  TTTCTTTTTCTTT
   520      1    -8.2321819447   0.000265955397       0.2441  TTTCTTTTTTTTC
   521      1    -7.3047479739   0.000672338937       0.6172  TTTGTTTTTTTTT
   522      1   -12.3337864030   0.000004400526       0.0040  TTTTCTCTTTTCC
   523      1   -15.7517252602   0.000000144249       0.0001  TTTTCTTTCTAAT
   524      1   -10.5168189272   0.000027077189       0.0249  TTTTCTTTCTTTT
   525      1   -17.2615232356   0.000000031872       0.0000  TTTTTATGTATAA
   526      1    -9.9112655628   0.000049612608       0.0455  TTTTTATTTTTGT
   527      1   -14.7517187366   0.000000392112       0.0004  TTTTTCTGTTTAC
   528      1    -9.7868852602   0.000056183622       0.0516  TTTTTTCTCTTTT
   529      1    -8.3547379224   0.000235279139       0.2160  TTTTTTCTTTTCT
   530      1    -6.4807950165   0.001532591759       1.4069  TTTTTTCTTTTTT
   531      1   -16.4283899722   0.000000073323       0.0001  TTTTTTTATCTGA
   532      1    -8.0910627046   0.000306264116       0.2812  TTTTTTTCTTCTT
   533      1    -6.0899951928   0.002265419805       2.0797  TTTTTTTCTTTTT
   534      1    -9.0894023847   0.000112855493       0.1036  TTTTTTTTCTTCT
   535      1   -10.7803413907   0.000020804497       0.0191  TTTTTTTTTCTCC
   536      1    -8.2720977563   0.000255548650       0.2346  TTTTTTTTTTAAT
   537      1    -8.1521510196   0.000288114952       0.2645  TTTTTTTTTTATA
   538      1    -5.7493364410   0.003184893460       2.9237  TTTTTTTTTTATT
   539      1   -10.0063386189   0.000045113067       0.0414  TTTTTTTTTTCAG
   540      1    -5.0036953526   0.006713093858       6.1626  TTTTTTTTTTCTT
   541      1    -7.7720694045   0.000421340440       0.3868  TTTTTTTTTTGCT
   542      1    -8.4769588824   0.000208210935       0.1911  TTTTTTTTTTGTG
   543      2    -5.9220648363   0.002679661398       2.4599  TTTTTTTTTTGTT
   544      1    -7.4233619888   0.000597138195       0.5482  TTTTTTTTTTTAC
   545      5    -5.5837191296   0.003758560917       3.4504  TTTTTTTTTTTAT
   546      5    -4.8766157689   0.007622767633       6.9977  TTTTTTTTTTTCT
   547      1    -5.7564475249   0.003162325751       2.9030  TTTTTTTTTTTGT
   548      1    -5.6329075097   0.003578156663       3.2847  TTTTTTTTTTTTA
   549      4    -4.9203053710   0.007296902244       6.6986  TTTTTTTTTTTTC
   550      2    -5.8056359050   0.003010539727       2.7637  TTTTTTTTTTTTG
   551    114    -3.0025568854   0.049659931148      45.5878  TTTTTTTTTTTTT

 2

     1     65    -3.5633384065   0.028344042655      26.0198  AAAAAAAAAAAAA
     2      1    -6.5257347556   0.001465242157       1.3451  AAAAAAAAAAAAC
     3      4    -5.2503060746   0.005245912513       4.8157  AAAAAAAAAAAAG
     4      3    -5.9118607559   0.002707144862       2.4852  AAAAAAAAAAAAT
     5      1    -6.4754103163   0.001540866565       1.4145  AAAAAAAAAAACA
     6      7    -5.2042635307   0.005493094447       5.0427  AAAAAAAAAAAGA
     7      1    -6.5649249631   0.001408929669       1.2934  AAAAAAAAAAAGG
     8      4    -5.8615363167   0.002846866633       2.6134  AAAAAAAAAAATA
     9      1    -9.5112674934   0.000074013171       0.0679  AAAAAAAAAACCA
    10      4    -5.3414669816   0.004788840414       4.3962  AAAAAAAAAAGAA
    11      1    -9.3324437842   0.000088505684       0.0812  AAAAAAAAAAGCG
    12      1    -6.8786492824   0.001029533716       0.9451  AAAAAAAAAAGGA
    13      2    -6.0350833891   0.002393296944       2.1970  AAAAAAAAAATAA
    14      1    -8.9064236678   0.000135515617       0.1244  AAAAAAAAAATAC
    15      1    -7.6716760658   0.000465836397       0.4276  AAAAAAAAAATAG
    16      1    -8.2190578009   0.000269468839       0.2474  AAAAAAAAAATAT
    17      1    -7.6563643540   0.000473024036       0.4342  AAAAAAAAAATGA
    18      1    -9.4716976864   0.000077000574       0.0707  AAAAAAAAAGAAG
    19      1    -8.2200345472   0.000269205764       0.2471  AAAAAAAGAAGAA
    20      1   -13.0267401121   0.000002200689       0.0020  AAAAAAATAACAC
    21      1    -6.6857460919   0.001248582849       1.1462  AAAAAGAAAAAAA
    22      1    -9.6477799076   0.000064568757       0.0593  AAAAAGAAAAAAC
    23      1   -12.6314892588   0.000003267487       0.0030  AAAAAGAAAACCA
    24      1   -13.2117586800   0.000001828968       0.0017  AAAAAGAAAACTT
    25      1   -17.3629385518   0.000000028799       0.0000  AAAAAGATAGGGT
    26      1    -9.1535525337   0.000105843123       0.0972  AAAAATAAAAAAG
    27      1   -11.5747013436   0.000009400936       0.0086  AAAAATAAAATAG
    28      1   -10.7305536221   0.000021866525       0.0201  AAAAGAAAGAAAA
    29      1   -15.5379076199   0.000000178637       0.0002  AAAAGAACAAAGC
    30      1   -12.8302430084   0.000002678528       0.0025  AAAAGGAAAAAGG
    31      1   -17.3312789917   0.000000029725       0.0000  AAAAGGGGAGAAG
    32      1   -13.5386608992   0.000001318968       0.0012  AAACAAAAACGAC
    33      1   -16.3352886684   0.000000080477       0.0001  AAACATAAAAATT
    34      1   -10.7244213987   0.000022001028       0.0202  AAAGAAAAAAGTA
    35      1    -7.3697641982   0.000630016721       0.5784  AAAGAAAAAGAAA
    36      1   -11.7056250696   0.000008247297       0.0076  AAAGAGAGAGATC
    37      1    -9.5029492983   0.000074631395       0.0685  AAAGAGAGAGGGA
    38      1   -10.8675927055   0.000019066214       0.0175  AAAGAGAGAGGTG
    39      1   -18.8718949690   0.000000006369       0.0000  AAAGAGTGGGAGC
    40      1   -16.3619716799   0.000000078358       0.0001  AAATAAACATACC
    41      1   -14.0546029032   0.000000787342       0.0007  AAATAAGAGAAAA
    42      1   -12.7193260269   0.000002992726       0.0027  AAATAGAGATAGA
    43      1   -12.1801470939   0.000005131323       0.0047  AAATATATATTTC
    44      1    -8.8604745538   0.000141887715       0.1303  AACAAAAACAAAA
    45      1    -6.9793938738   0.000930867255       0.8545  AAGAAAAAAAAAA
    46      1    -7.3997213619   0.000611423103       0.5613  AAGAAAAAGAAAA
    47      1    -9.2633169512   0.000094840222       0.0871  AAGAAAGAGAAAG
    48      1    -9.8716577901   0.000051617087       0.0474  AAGAGAAAGAAAA
    49      1   -20.1916654002   0.000000001702       0.0000  AAGAGGAGAAACG
    50      1   -14.2345428750   0.000000657683       0.0006  AAGGGGAGGGAGG
    51      1   -13.2535238527   0.000001754154       0.0016  AAGTGTGTGTTTT
    52      1   -24.8141637037   0.000000000017       0.0000  ACAAACTGTATAA
    53      1   -16.5734702700   0.000000063421       0.0001  ACAATCACACACT
    54      1    -9.3082993469   0.000090668610       0.0832  ACACACACACAAC
    55      1    -8.2415824018   0.000263467009       0.2419  ACACACACACAGA
    56      1    -8.5177556209   0.000199887546       0.1835  ACACACACACATT
    57      1    -9.8541017905   0.000052531278       0.0482  ACACACACACCAC
    58      1   -10.6767866042   0.000023074404       0.0212  ACACACACACCAT
    59      1    -7.4468468488   0.000583277879       0.5354  ACACACACACCCC
    60      1    -8.5893813928   0.000186071157       0.1708  ACACACACACCCT
    61      1    -9.3179760622   0.000089795467       0.0824  ACACACACACTAA
    62      1   -13.6673565135   0.000001159692       0.0011  ACACACTCACGGA
    63      1   -18.5992403404   0.000000008365       0.0000  ACACGTGCGCAAT
    64      1   -11.9198471706   0.000006656963       0.0061  ACAGACACAGAAA
    65      1   -14.7066719576   0.000000410179       0.0004  ACATACACGCACA
    66      1   -15.0298748779   0.000000296899       0.0003  ACATGCACATATT
    67      1   -18.1232226059   0.000000013464       0.0000  ACATGCGTATGGA
    68      1   -13.0979394179   0.000002049449       0.0019  ACCCACACACTTT
    69      1   -15.2298365773   0.000000243089       0.0002  ACGAGCGCGCTTT
    70      1   -14.2129515681   0.000000672038       0.0006  ACGTATATATACT
    71      1   -16.1766868663   0.000000094309       0.0001  ACTAACAATAAAA
    72      1   -16.9487934328   0.000000043575       0.0000  ACTATGTATATCC
    73      1    -6.7721837795   0.001145191074       1.0513  AGAAAAAAAAAAA
    74      1   -10.1453391257   0.000039258635       0.0360  AGAAAGAAAAAAG
    75      1    -9.0086970557   0.000122341156       0.1123  AGAAAGAGAGAGA
    76      1   -14.3041536894   0.000000613458       0.0006  AGAAGAAGAAAAG
    77      1   -15.3019877546   0.000000226168       0.0002  AGAAGGAGAACAA
    78      1   -11.8786226989   0.000006937128       0.0064  AGAGAAAGAAAAA
    79      1    -8.3419934569   0.000238296835       0.2188  AGAGAAAGAGAAA
    80      1   -10.5891843724   0.000025186955       0.0231  AGAGAAAGAGAAT
    81      1    -9.3635965807   0.000085790989       0.0788  AGAGAGAAAGAAG
    82      1    -6.6686461938   0.001270117080       1.1660  AGAGAGAGAGAAG
    83      2    -6.0831429199   0.002280996386       2.0940  AGAGAGAGAGAGA
    84      1    -6.9494664817   0.000959146740       0.8805  AGAGAGAGAGGGA
    85      1    -8.0171409375   0.000329761485       0.3027  AGAGAGAGAGGGT
    86      1    -8.7644758721   0.000156183982       0.1434  AGAGAGAGAGGTA
    87      1    -7.9101055544   0.000367015838       0.3369  AGAGAGAGAGTAA
    88      1    -7.7165907431   0.000445376421       0.4089  AGAGAGAGAGTGG
    89      1   -12.6374934394   0.000003247928       0.0030  AGAGAGGAAGAAG
    90      1   -19.8712114007   0.000000002344       0.0000  AGAGAGTAAAACT
    91      1   -16.9094525267   0.000000045323       0.0000  AGAGGAAAAAGTA
    92      2    -8.6605767320   0.000173284339       0.1591  AGAGGGAGAGAAA
    93      1    -9.0947825108   0.000112249946       0.1030  AGAGGGAGAGAGG
    94      1   -10.2392275707   0.000035740446       0.0328  AGAGGGAGAGGAA
    95      1   -11.8753239370   0.000006960050       0.0064  AGAGGGAGAGTAG
    96      1   -14.0416393291   0.000000797615       0.0007  AGAGGGAGAGTCC
    97      1   -21.6646769829   0.000000000390       0.0000  AGCAAGCGTGTAT
    98      1   -17.0594271545   0.000000039011       0.0000  AGGAAAAGAAATT
    99      1   -14.8811004007   0.000000344525       0.0003  AGGAGGAGGAAGG
   100      1   -19.4589254715   0.000000003541       0.0000  AGGCCGAGGGAAG
   101      1   -13.2030547327   0.000001844957       0.0017  AGGGAGAAAGGAG
   102      1   -16.0473508952   0.000000107331       0.0001  AGGGGAGGGAGTG
   103      1   -12.3877406363   0.000004169391       0.0038  AGGGGGAGGGAAG
   104      1   -15.7550800929   0.000000143766       0.0001  AGGGGGAGGGCCG
   105      1   -17.5609610527   0.000000023625       0.0000  AGGGTGTGGGTTA
   106      1   -15.1633150651   0.000000259810       0.0002  AGTGAGTGTGTCA
   107      1   -16.2621199003   0.000000086587       0.0001  ATAAAGAAAACCA
   108      1   -22.6817871027   0.000000000141       0.0000  ATAAAGTCAATAT
   109      1   -18.8291872592   0.000000006646       0.0000  ATAAATCAAAACG
   110      1   -15.8521758306   0.000000130463       0.0001  ATAATAAAAATAT
   111      1   -15.4382581601   0.000000197356       0.0002  ATACACACATTTA
   112      1   -15.9967951050   0.000000112896       0.0001  ATACACAGACGTG
   113      1   -13.0604041779   0.000002127838       0.0020  ATACATATACCCT
   114      1   -13.1133511739   0.000002018106       0.0019  ATATACATATTCA
   115      1   -13.5640897737   0.000001285851       0.0012  ATATATAAATGGT
   116      1   -15.8953407995   0.000000124951       0.0001  ATATATACGTTGT
   117      1    -6.0817036301   0.002284281765       2.0970  ATATATATATAAA
   118      1    -7.6686409364   0.000467252418       0.4289  ATATATATATAAG
   119      2    -6.9129631340   0.000994805682       0.9132  ATATATATATATA
   120      3    -6.5129456367   0.001484101654       1.3624  ATATATATATATT
   121      1    -9.4616165332   0.000077780754       0.0714  ATATATATATGAT
   122      1   -10.5582877126   0.000025977294       0.0238  ATATATATATGGC
   123      1    -8.5048578841   0.000202482340       0.1859  ATATATATATGTA
   124      1    -7.6484279480   0.000476793084       0.4377  ATATATATATGTT
   125      2    -8.5598180101   0.000191654170       0.1759  ATATATATATTAT
   126      1    -8.3333993957   0.000240353598       0.2206  ATATATATATTTA
   127      1    -8.7081304773   0.000165236880       0.1517  ATATATATATTTG
   128      1    -6.0804011020   0.002287259045       2.0997  ATATATATATTTT
   129      1   -18.4247611978   0.000000009959       0.0000  ATATCTATGTTGG
   130      1   -16.7844770291   0.000000051356       0.0000  ATATGCATATGAC
   131      1    -9.2529963444   0.000095824099       0.0880  ATATGTATATTTT
   132      1    -9.3021348019   0.000091229267       0.0837  ATCTCTCTCTTTT
   133      1   -13.2777683163   0.000001712137       0.0016  ATCTTTCTCTATT
   134      1   -18.2469241849   0.000000011898       0.0000  ATGCGCACACAAC
   135      1   -17.6067769316   0.000000022567       0.0000  ATGTGCATGTGCT
   136      1    -9.7545085840   0.000058032429       0.0533  CAAAAAAAAAAAG
   137      1   -14.3593290535   0.000000580527       0.0005  CAAACAAAAAAAC
   138      1   -17.8973641842   0.000000016876       0.0000  CAAAGAAGAATAG
   139      1   -16.5059352082   0.000000067852       0.0001  CAAATATATAAAC
   140      1    -7.0489501972   0.000868320044       0.7971  CACACACACAAAA
   141      1    -9.6327770870   0.000065544773       0.0602  CACACACACAAAC
   142      2    -9.8222447845   0.000054231709       0.0498  CACACACACAACC
   143      1   -10.6094717231   0.000024681126       0.0227  CACACACACAAGT
   144      1   -10.4743697523   0.000028251338       0.0259  CACACACACAATC
   145      2    -7.5790199054   0.000511061867       0.4692  CACACACACACAA
   146      1    -7.2253939439   0.000727865744       0.6682  CACACACACACCC
   147      1    -9.2313059672   0.000097925265       0.0899  CACACACACAGAG
   148      1    -9.2039229413   0.000100643807       0.0924  CACACACACATAC
   149      1    -8.9556587374   0.000129005085       0.1184  CACACACACATAT
   150      1    -9.1824753795   0.000102825685       0.0944  CACACACACATCT
   151      1    -9.8744609483   0.000051472599       0.0473  CACACACACATGG
   152      1    -9.8687872417   0.000051765470       0.0475  CACACACACATTA
   153      1   -12.0259486500   0.000005986829       0.0055  CACACATACATCT
   154      1   -15.4044602941   0.000000204140       0.0002  CACGCAGGCGAAA
   155      1   -23.7661880930   0.000000000048       0.0000  CACGCATCTGTTG
   156      1   -16.6511579787   0.000000058681       0.0001  CACGCGCGCAAAC
   157      1   -19.6390172363   0.000000002957       0.0000  CACTCTTACTTCA
   158      1   -17.9368431217   0.000000016223       0.0000  CATAGAGATAGTT
   159      1   -14.3898079518   0.000000563100       0.0005  CATATACACACAT
   160      1   -13.6060695805   0.000001232989       0.0011  CATATACATAGAA
   161      1   -13.9617921957   0.000000863914       0.0008  CATATATGTATAG
   162      1   -18.5359387921   0.000000008911       0.0000  CATATGTATGAAT
   163      1   -17.9569039417   0.000000015901       0.0000  CATGCATGTAAAG
   164      1   -17.2330959929   0.000000032792       0.0000  CATGTATGTGGCG
   165      1   -16.5634487925   0.000000064060       0.0001  CCAATATATACCC
   166      1   -14.0106934720   0.000000822684       0.0008  CCACACACACGGA
   167      1   -24.3628643079   0.000000000026       0.0000  CCACAGTTACTAA
   168      1   -12.4087526556   0.000004082697       0.0037  CCCACACACACGT
   169      1    -9.5990572145   0.000067792620       0.0622  CCCCCCCCCCACA
   170      1    -7.2358925396   0.000720264149       0.6612  CCCCCCCCCCACC
   171      1    -7.0480212123   0.000869127075       0.7979  CCCCCCCCCCCAC
   172      2    -7.1011916185   0.000824122299       0.7565  CCCCCCCCCCCCA
   173     34    -4.5897446339   0.010155451400       9.3227  CCCCCCCCCCCCC
   174      3    -5.7943205559   0.003044798494       2.7951  CCCCCCCCCCCCT
   175      2    -7.2207496076   0.000731254060       0.6713  CCCCCCCCCCCGC
   176      1    -5.7452225105   0.003198022879       2.9358  CCCCCCCCCCCTC
   177      1    -7.4086209349   0.000606005840       0.5563  CCCCCCCCCCGCC
   178      1    -8.5495222314   0.000193637591       0.1778  CCCCCCCCCCGTC
   179      1   -10.3553075741   0.000031823436       0.0292  CCCCCCCCCCTAA
   180      1    -8.3658545717   0.000232678108       0.2136  CCCCCCCCCCTCA
   181      3    -5.8981154489   0.002744612310       2.5196  CCCCCCCCCCTCC
   182      3    -7.2574844848   0.000704878941       0.6471  CCCCCCCCCCTTT
   183      1    -9.4878603712   0.000075766041       0.0696  CCCCCCCTCCCAC
   184      1    -7.0296050964   0.000885281312       0.8127  CCCCCCCTCCCCC
   185      1    -9.6961931174   0.000061517239       0.0565  CCCCCCCTCCTTT
   186      1   -12.2366861969   0.000004849251       0.0045  CCCCCCTTCCTCT
   187      1   -12.3578160197   0.000004296044       0.0039  CCCCCTCCCCAAC
   188      1   -12.0522639857   0.000005831339       0.0054  CCCCCTCTCCCCA
   189      1   -15.5859583769   0.000000170257       0.0002  CCCCCTCTCCTAG
   190      1   -12.0225707080   0.000006007086       0.0055  CCCCTCTCCCTTT
   191      1   -18.2252080904   0.000000012159       0.0000  CCCGTCCGCGTAA
   192      1    -9.0958989640   0.000112124694       0.1029  CCCTCCCTCTCTC
   193      1   -17.6276579217   0.000000022101       0.0000  CCCTCCTTCTGGA
   194      1   -11.5068853101   0.000010060584       0.0092  CCCTCTCCCTCTT
   195      1    -9.8808442722   0.000051145079       0.0470  CCCTCTCTCTCCG
   196      1    -9.3152575841   0.000090039906       0.0827  CCCTCTCTCTTTC
   197      1   -14.4028290636   0.000000555816       0.0005  CCCTCTTCCTTTT
   198      1   -14.4008837816   0.000000556898       0.0005  CCGTCTCTCTCGC
   199      1    -9.1103517495   0.000110515834       0.1015  CCTCCCCCTCCTC
   200      1   -13.2111304820   0.000001830117       0.0017  CCTCCCCCTCGCA
   201      1   -11.7052366125   0.000008250501       0.0076  CCTCCCCCTCTAC
   202      1   -13.7967707204   0.000001018917       0.0009  CCTCTCACTCTTC
   203      1    -9.1040087731   0.000111219062       0.1021  CCTCTCTCTCTCT
   204      1   -16.9096705447   0.000000045313       0.0000  CCTGCACGTGCTT
   205      1   -15.2741344794   0.000000232556       0.0002  CCTTCCTTTCCTT
   206      1   -12.7848466406   0.000002802926       0.0026  CCTTCTCTCTCGC
   207      1   -13.2165316697   0.000001820259       0.0017  CCTTCTCTTTACC
   208      1   -11.8706964281   0.000006992332       0.0064  CCTTCTCTTTTCC
   209      1   -12.7093573570   0.000003022708       0.0028  CCTTCTTTTTTCT
   210      1   -24.8427519701   0.000000000016       0.0000  CCTTTACACCCAA
   211      1   -11.8364597352   0.000007235872       0.0066  CCTTTCTCTTTTT
   212      1   -17.1402137942   0.000000035983       0.0000  CGAAGAGAGAAGA
   213      1   -15.2624624411   0.000000235286       0.0002  CGAGTGAGAGTGT
   214      1    -9.8532765062   0.000052574649       0.0483  CGCACACACACCC
   215      1   -14.3523336900   0.000000584603       0.0005  CGCACGCGCAAAT
   216      2    -8.9100482008   0.000135025326       0.1240  CGCGCGCGCGAAA
   217      1    -8.9900399175   0.000124645118       0.1144  CGCGCGCGCGCAC
   218      1    -9.1935211026   0.000101696151       0.0934  CGCGCGCGCGCAG
   219      2    -9.7165752704   0.000060276077       0.0553  CGCGCGCGCGCCG
   220      1    -8.3817283985   0.000229013776       0.2102  CGCGCGCGCGCGC
   221      1    -7.9134564890   0.000365788051       0.3358  CGCGCGCGCGCGG
   222      1   -10.0161499632   0.000044672611       0.0410  CGCGCGCGCGGGC
   223      1    -7.4258413513   0.000595659507       0.5468  CGCGCGCGCGGGG
   224      1   -14.8893943976   0.000000341679       0.0003  CGCGCGTGTGGGA
   225      1   -14.8271445863   0.000000363624       0.0003  CGCGTGCACGTCT
   226      1   -17.0641520071   0.000000038827       0.0000  CGCTCTCTTTTAG
   227      1   -18.7892358369   0.000000006917       0.0000  CGTACGCATGTAT
   228      1   -26.6612985505   0.000000000003       0.0000  CGTATAAGAGTCG
   229      1   -22.3813860474   0.000000000190       0.0000  CGTCCACCTTTTC
   230      1   -13.1173497699   0.000002010052       0.0018  CTATATATATCGC
   231      1   -12.5873235330   0.000003415033       0.0031  CTCACACACAGCC
   232      1    -9.4808833788   0.000076296509       0.0700  CTCCCCCCCCTTC
   233      1   -10.1161422375   0.000040421763       0.0371  CTCCCTCTCCCTC
   234      1    -9.3887690763   0.000083658370       0.0768  CTCCCTCTCCTTT
   235      1   -20.1954661319   0.000000001695       0.0000  CTCCCTTTATACT
   236      1   -15.8395445616   0.000000132121       0.0001  CTCCTTTCTCTCT
   237      1   -15.7884712916   0.000000139045       0.0001  CTCTCTCCTCCTT
   238      1   -14.7987326816   0.000000374104       0.0003  CTCTCTCCTTCGC
   239      1    -9.5094547558   0.000074147459       0.0681  CTCTCTCTCTAAA
   240      1    -9.5823814475   0.000068932593       0.0633  CTCTCTCTCTATA
   241      1    -8.5538919559   0.000192793295       0.1770  CTCTCTCTCTATC
   242      1    -7.6597625286   0.000471419346       0.4328  CTCTCTCTCTATT
   243      2    -5.7999337004   0.003027755478       2.7795  CTCTCTCTCTCCC
   244      1    -6.1120974242   0.002215898257       2.0342  CTCTCTCTCTCTC
   245      1    -7.0211527212   0.000892795755       0.8196  CTCTCTCTCTTCC
   246      1    -6.7858677099   0.001129627090       1.0370  CTCTCTCTCTTTC
   247      1    -5.3632739005   0.004685540975       4.3013  CTCTCTCTCTTTT
   248      1    -8.6450395000   0.000175997723       0.1616  CTCTCTTTCTCCC
   249      1    -9.5275003381   0.000072821426       0.0669  CTCTCTTTCTCCT
   250      1   -13.4380706277   0.000001458546       0.0013  CTCTCTTTCTGAC
   251      1   -14.7754093751   0.000000382932       0.0004  CTCTTTCACTCAT
   252      1   -10.7153999058   0.000022200408       0.0204  CTCTTTCTCTCTA
   253      1   -14.5105902054   0.000000499035       0.0005  CTGTGTGTGTCGA
   254      1   -16.1974692237   0.000000092369       0.0001  CTTATATGTACTC
   255      1   -14.0090688969   0.000000824022       0.0008  CTTCCCCTCCTTT
   256      1   -13.1382094794   0.000001968558       0.0018  CTTCCTCTTCCCC
   257      1   -14.7126306791   0.000000407742       0.0004  CTTCTTCTTTTTC
   258      1   -15.8284825155   0.000000133591       0.0001  CTTCTTTCTCAGT
   259      1   -20.8136830050   0.000000000914       0.0000  CTTGCGCTTGATG
   260      1   -13.2303693372   0.000001795244       0.0016  CTTTCTCCTTTTC
   261      1   -14.1509000471   0.000000715060       0.0007  CTTTCTTTTTAGG
   262      2   -10.1567064001   0.000038814899       0.0356  CTTTCTTTTTCCT
   263      1   -10.2293064073   0.000036096798       0.0331  CTTTCTTTTTTCT
   264      1    -8.5305232454   0.000197351680       0.1812  CTTTCTTTTTTTT
   265      1   -18.6186807762   0.000000008204       0.0000  CTTTTCTATCTAT
   266      1   -18.7395284499   0.000000007270       0.0000  CTTTTTTCCTAAT
   267      1    -8.9940198916   0.000124150019       0.1140  CTTTTTTTTTATT
   268      1    -8.1612340757   0.000285509837       0.2621  CTTTTTTTTTTTC
   269      2    -6.2861526202   0.001861909658       1.7092  CTTTTTTTTTTTT
   270      1    -9.6109547217   0.000066990836       0.0615  GAAAAAAAAAAAC
   271      1   -11.9695312574   0.000006334300       0.0058  GAAAAAAGAATAA
   272      1   -16.3857076838   0.000000076520       0.0001  GAAAAAGTAAACA
   273      1   -17.6506103856   0.000000021599       0.0000  GAAAAGAGAGACT
   274      1   -14.3489469539   0.000000586586       0.0005  GAAAAGGAAAGAA
   275      1   -14.7566923345   0.000000390166       0.0004  GAAAGAGAAGAAG
   276      1   -15.0963671173   0.000000277799       0.0003  GAAATAAAAATTA
   277      1   -15.0598229908   0.000000288139       0.0003  GAGAAAAAAATTT
   278      1   -13.8223705224   0.000000993164       0.0009  GAGAAAGAGACCA
   279      1    -8.8675698597   0.000140884541       0.1293  GAGAAAGAGAGAA
   280      1    -9.1170445358   0.000109778645       0.1008  GAGAAAGAGAGAG
   281      1   -12.5111935838   0.000003685171       0.0034  GAGAGAAAAAGAG
   282      1    -7.8722327258   0.000381182336       0.3499  GAGAGAGAGAAAT
   283      1    -7.0773681836   0.000843991459       0.7748  GAGAGAGAGAAGG
   284      2    -5.8767111636   0.002803991998       2.5741  GAGAGAGAGAGAA
   285      2    -6.1087410776   0.002223348074       2.0410  GAGAGAGAGAGAG
   286      1    -8.4439856692   0.000215190760       0.1975  GAGAGAGAGAGGC
   287      3    -5.6166948093   0.003636641059       3.3384  GAGAGAGAGAGGG
   288      1    -7.5678207372   0.000516817503       0.4744  GAGAGAGAGAGTG
   289      1    -9.1268247497   0.000108710220       0.0998  GAGAGAGAGATTT
   290      1    -8.4906668562   0.000205376258       0.1885  GAGAGAGGGAGGG
   291      1   -17.4045832949   0.000000027624       0.0000  GAGAGATATATTT
   292      1   -12.9684173871   0.000002332856       0.0021  GAGAGTGAGATTT
   293      1   -19.3342635063   0.000000004011       0.0000  GAGGGGAAAAAAG
   294      1   -12.0701767191   0.000005727813       0.0053  GAGGGGGAGAGAA
   295      1   -16.5161602212   0.000000067162       0.0001  GATTGAGAGAGGC
   296      1   -13.5130354840   0.000001353204       0.0012  GCACACACACTGC
   297      1   -18.7854366647   0.000000006944       0.0000  GCATATATGTTGT
   298      1   -10.0938477304   0.000041333067       0.0379  GCGCGCGCGCCAC
   299      1    -7.9998808624   0.000335502597       0.3080  GCGCGCGCGCGCC
   300      1    -7.2443960740   0.000714165326       0.6556  GCGCGCGCGCGGG
   301      1   -10.4077000736   0.000030199051       0.0277  GCGCGCGCGCTTG
   302      1   -13.7201291170   0.000001100078       0.0010  GCGGGCGCGCCTT
   303      1   -19.6415983383   0.000000002950       0.0000  GCGTATGTATAAC
   304      1   -13.6714497391   0.000001154954       0.0011  GCGTGCGCGCCAT
   305      1   -11.7647745941   0.000007773620       0.0071  GCGTGTGTGTATG
   306      1   -17.6830101930   0.000000020911       0.0000  GCTCACACTCGGC
   307      1   -15.5040724502   0.000000184785       0.0002  GCTCGCGCTCAGC
   308      1   -10.3137384704   0.000033174187       0.0305  GCTCTCTCTCTCT
   309      1   -24.5771124357   0.000000000021       0.0000  GCTGTCGTGTTCT
   310      1   -11.4691712334   0.000010447256       0.0096  GGAAAGAGAGAAA
   311      1   -15.4921082474   0.000000187009       0.0002  GGAAAGGAGAAGG
   312      1   -18.6633982598   0.000000007845       0.0000  GGAAGAGACATAA
   313      1   -15.8484349393   0.000000130952       0.0001  GGAAGAGCGAGGA
   314      1   -16.1294509315   0.000000098871       0.0001  GGAGAGAGAATTG
   315      1   -10.1859204164   0.000037697363       0.0346  GGAGGGGGGGAAG
   316      1   -11.6840397270   0.000008427253       0.0077  GGAGGGGGGGACG
   317      1    -9.5302302192   0.000072622903       0.0667  GGCGCGCGCGGGG
   318      1   -13.2715505376   0.000001722816       0.0016  GGGAAAAAAAAAA
   319      1   -14.6367642939   0.000000439880       0.0004  GGGAGAAGGAAAA
   320      1    -9.4955136813   0.000075188393       0.0690  GGGAGAGAGAAGA
   321      1    -8.7889193786   0.000152412579       0.1399  GGGAGAGAGAGAA
   322      1   -10.2637484909   0.000034874715       0.0320  GGGAGAGAGAGAT
   323      1   -12.2518780237   0.000004776139       0.0044  GGGAGAGAGGGAG
   324      1    -7.6122796873   0.000494343624       0.4538  GGGAGGGGGAGGG
   325      1   -10.7565954251   0.000021304432       0.0196  GGGAGGGGGGATG
   326      1   -16.1929666628   0.000000092786       0.0001  GGGAGGGTGCGAG
   327      1   -12.3080139498   0.000004515413       0.0041  GGGAGTGGGGGGA
   328      1   -10.1933056106   0.000037419986       0.0344  GGGCGCGCGCGGA
   329      1   -10.1830779492   0.000037804669       0.0347  GGGGAGGGGGAAA
   330      1    -8.4527897019   0.000213304529       0.1958  GGGGAGGGGGGAG
   331      1   -11.7899015933   0.000007580726       0.0070  GGGGAGGGGGTAA
   332      1   -18.2596151290   0.000000011748       0.0000  GGGGGAAAAAGAA
   333      1   -11.8126879265   0.000007409942       0.0068  GGGGGAGGGGAAT
   334      1   -11.4532081271   0.000010615364       0.0097  GGGGGGAGGGGTT
   335      1   -14.4009291598   0.000000556873       0.0005  GGGGGGGAGAGAC
   336      1   -11.1720474412   0.000014061817       0.0129  GGGGGGGCGGGGC
   337      2    -7.2515676372   0.000709061965       0.6509  GGGGGGGGGGAAA
   338      1    -6.8726485896   0.001035730204       0.9508  GGGGGGGGGGAGA
   339      2    -5.5840716286   0.003757236262       3.4491  GGGGGGGGGGAGG
   340      1    -7.8310005487   0.000397227836       0.3647  GGGGGGGGGGATG
   341      1   -10.4238734265   0.000029714559       0.0273  GGGGGGGGGGCCC
   342      1    -7.0583134920   0.000860227652       0.7897  GGGGGGGGGGCGG
   343      1    -6.6592710297   0.001282080628       1.1770  GGGGGGGGGGGAA
   344      4    -5.4397806717   0.004340435146       3.9845  GGGGGGGGGGGAG
   345      1    -8.2983058216   0.000248938216       0.2285  GGGGGGGGGGGCA
   346      1    -6.8786894310   0.001029492382       0.9451  GGGGGGGGGGGCG
   347      1    -9.0690823617   0.000115172177       0.1057  GGGGGGGGGGGCT
   348      3    -5.4872148626   0.004139356812       3.7999  GGGGGGGGGGGGA
   349      1    -6.9300698880   0.000977932520       0.8977  GGGGGGGGGGGGC
   350     78    -3.9999352727   0.018316824449      16.8148  GGGGGGGGGGGGG
   351      2    -6.3161958883   0.001806803733       1.6586  GGGGGGGGGGGGT
   352      1    -9.2934797119   0.000092022291       0.0845  GGGGGGGGGGTGC
   353      2    -6.4444394924   0.001589335154       1.4590  GGGGGGGGGGTGG
   354      1   -20.4646448749   0.000000001295       0.0000  GGGGGGTTGAATA
   355      1   -13.1992460053   0.000001851997       0.0017  GGGGGTGGGGCTG
   356      1    -7.8960742166   0.000372201860       0.3417  GGGGGTGGGGGGG
   357      1   -13.1459403040   0.000001953398       0.0018  GTATATGTATATA
   358      1   -16.2282757788   0.000000089567       0.0001  GTATATGTATCCA
   359      1   -18.0693198521   0.000000014210       0.0000  GTATGCACACAAG
   360      1   -15.9544655532   0.000000117778       0.0001  GTATGTGAGTAAG
   361      1   -15.7087709352   0.000000150580       0.0001  GTATGTGGATAGG
   362      1   -19.6437857616   0.000000002943       0.0000  GTATTCACACTTC
   363      1   -27.2363248504   0.000000000001       0.0000  GTCACATCCGTTG
   364      1   -14.4108881335   0.000000551354       0.0005  GTCTCTCTCTAAC
   365      1   -25.3415763410   0.000000000010       0.0000  GTCTCTTCTCGAT
   366      1   -12.8127729421   0.000002725734       0.0025  GTGCGCGCGCTAA
   367      1   -12.0055002150   0.000006110511       0.0056  GTGCGCGTGCTTT
   368      1   -14.4890834512   0.000000509884       0.0005  GTGCGTGTGCAAC
   369      1   -12.8419701221   0.000002647300       0.0024  GTGCGTGTGCAAG
   370      1   -13.1881153960   0.000001872726       0.0017  GTGCGTGTGTACA
   371      1   -10.8947438471   0.000018555509       0.0170  GTGGGGGGGGGCG
   372      1   -16.0303754401   0.000000109168       0.0001  GTGGGTGCGGGTC
   373      1   -12.4688248682   0.000003844662       0.0035  GTGTGCGTGTTCC
   374      1   -12.9904976740   0.000002281910       0.0021  GTGTGGGTGTATA
   375      1   -12.8878372655   0.000002528619       0.0023  GTGTGTGCGTTAG
   376      1   -13.2330473545   0.000001790443       0.0016  GTGTGTGTGCCCC
   377      1    -9.8388912658   0.000053336414       0.0490  GTGTGTGTGTACG
   378      1    -8.0033356024   0.000334345522       0.3069  GTGTGTGTGTAGG
   379      1    -7.6907761545   0.000457023313       0.4195  GTGTGTGTGTATT
   380      1    -7.8742851216   0.000380400801       0.3492  GTGTGTGTGTCTT
   381      1    -9.8006430638   0.000055415952       0.0509  GTGTGTGTGTGAC
   382      1    -8.4942532494   0.000204641017       0.1879  GTGTGTGTGTGCT
   383      1    -8.3959019003   0.000225790744       0.2073  GTGTGTGTGTGGT
   384      1   -17.4345929735   0.000000026807       0.0000  GTGTGTTCGTCGT
   385      1   -11.6271391903   0.000008920673       0.0082  GTGTTTGTGTATT
   386      1   -10.4153766670   0.000029968112       0.0275  TAAAAAAAAAAAC
   387      1   -19.6786039955   0.000000002842       0.0000  TAAAAAGAGAGCC
   388      1   -23.2679995671   0.000000000078       0.0000  TAAGTTTGGGGTG
   389      1   -10.2660857846   0.000034793298       0.0319  TACACACACATAA
   390      1   -11.2581753259   0.000012901392       0.0118  TACACACACATCT
   391      1   -15.4371532912   0.000000197574       0.0002  TACACATATAATA
   392      1   -15.9719602577   0.000000115735       0.0001  TACATAAACATAC
   393      1   -12.7121472530   0.000003014287       0.0028  TACATATATAAAC
   394      1   -17.4880929932   0.000000025411       0.0000  TACCTTCTCTTTA
   395      1   -21.2403925112   0.000000000596       0.0000  TACGCTTGCGCTG
   396      1   -16.6501673960   0.000000058739       0.0001  TACTTACTCTCAA
   397      1   -16.2084628685   0.000000091360       0.0001  TATATAAGTATCA
   398      1   -11.9882145126   0.000006217053       0.0057  TATATACATAATA
   399      3    -6.2788636901   0.001875530568       1.7217  TATATATATAAAA
   400      1   -10.5328516569   0.000026646529       0.0245  TATATATATAACG
   401      1    -9.2001939478   0.000101019807       0.0927  TATATATATACAC
   402      1   -10.5973074475   0.000024983188       0.0229  TATATATATAGCG
   403      1    -8.7828093298   0.000153346678       0.1408  TATATATATAGTT
   404      2    -6.5804766520   0.001387187931       1.2734  TATATATATATAA
   405      1    -6.8873006384   0.001020665270       0.9370  TATATATATATAT
   406      1    -9.0238874118   0.000120496794       0.1106  TATATATATATCA
   407      1    -8.2927489183   0.000250325392       0.2298  TATATATATATGG
   408      1    -7.7633282055   0.000425039605       0.3902  TATATATATATGT
   409      1    -7.7207298323   0.000443536778       0.4072  TATATATATATTC
   410      2    -5.9110135582   0.002709439321       2.4873  TATATATATATTT
   411      1   -12.8415643616   0.000002648375       0.0024  TATATATGTAACT
   412      1   -13.4648370605   0.000001420024       0.0013  TATATATTTAATG
   413      1   -10.2187444478   0.000036480071       0.0335  TATATATTTATAA
   414      1    -9.4011253394   0.000082631025       0.0759  TATATGTATAAAA
   415      1   -11.3379322273   0.000011912382       0.0109  TATATGTATATGG
   416      1   -11.9580656650   0.000006407344       0.0059  TATATTTATATGA
   417      1   -14.2038210482   0.000000678202       0.0006  TATATTTTTTATT
   418      1   -13.8671966102   0.000000949627       0.0009  TATGTATGTACAA
   419      1   -14.8904156257   0.000000341330       0.0003  TATGTGTATACAT
   420      1   -14.9847189949   0.000000310613       0.0003  TATGTTTATATTA
   421      1   -19.0957608422   0.000000005091       0.0000  TATTCATTTATAC
   422      1   -13.7445195007   0.000001073572       0.0010  TATTTCTTTTCTC
   423      1   -14.9344734320   0.000000326618       0.0003  TATTTTGTTTTAA
   424      1   -16.0465090027   0.000000107421       0.0001  TCACACATATTTT
   425      1   -13.5775331121   0.000001268681       0.0012  TCCCCCTCTCCTC
   426      1   -10.5667586995   0.000025758170       0.0236  TCCCTCCCCCCCT
   427      1   -10.6450331336   0.000023818853       0.0219  TCCCTCTCTCCTT
   428      1   -13.0835753896   0.000002079100       0.0019  TCCCTCTTTCCTT
   429      1   -20.2689165909   0.000000001575       0.0000  TCCCTTGTCTTGT
   430      1   -12.2823791738   0.000004632661       0.0043  TCCTTCTCTCTCC
   431      1   -10.6401408684   0.000023935667       0.0220  TCCTTTCTCTTTT
   432      1    -9.9958691846   0.000045587856       0.0418  TCCTTTTTTTTTT
   433      1   -11.7406330789   0.000007963571       0.0073  TCGCGCGCGCCCT
   434      1   -10.5439418505   0.000026352647       0.0242  TCTATATATATTC
   435      1   -14.4738846959   0.000000517692       0.0005  TCTATCTCTCATG
   436      1   -11.0541108382   0.000015821974       0.0145  TCTATCTCTCCCT
   437      1   -11.3989004960   0.000011207801       0.0103  TCTCCCCCCCCTC
   438      1   -12.2871545887   0.000004610591       0.0042  TCTCCCCCCCTCT
   439      1   -13.5976795651   0.000001243377       0.0011  TCTCCCTTTCTTA
   440      1   -10.5205075007   0.000026977497       0.0248  TCTCTCCCTCCTC
   441      2    -8.7372202220   0.000160499421       0.1473  TCTCTCCCTCTTT
   442      1   -10.3495073650   0.000032008554       0.0294  TCTCTCTCTCAAC
   443      1    -6.9544068914   0.000954419848       0.8762  TCTCTCTCTCCCT
   444      1   -10.6646330715   0.000023356551       0.0214  TCTCTCTCTCGAA
   445      1   -10.3777727649   0.000031116487       0.0286  TCTCTCTCTCGGT
   446      2    -8.0421865230   0.000321604984       0.2952  TCTCTCTCTCTCA
   447      5    -5.9933470368   0.002495298203       2.2907  TCTCTCTCTCTCC
   448      2    -6.0144483380   0.002443195811       2.2429  TCTCTCTCTCTCT
   449      4    -5.2591753060   0.005199591023       4.7732  TCTCTCTCTCTTT
   450      1    -9.4659761639   0.000077442397       0.0711  TCTCTCTTTCCTT
   451      1   -10.3838247696   0.000030928738       0.0284  TCTCTCTTTCTTG
   452      1    -7.6973576681   0.000454025285       0.4168  TCTCTCTTTCTTT
   453      1   -12.7372243471   0.000002939637       0.0027  TCTCTCTTTTCCT
   454      1   -19.5849167127   0.000000003122       0.0000  TCTCTGTTTTAAC
   455      1    -9.6423932773   0.000064917503       0.0596  TCTCTTTCTCCCT
   456      1   -12.4011478536   0.000004113864       0.0038  TCTCTTTCTCTAG
   457      1    -7.9024343842   0.000369842106       0.3395  TCTCTTTCTCTTT
   458      1   -13.7891894526   0.000001026671       0.0009  TCTCTTTCTTTAT
   459      1    -9.7300150386   0.000059471400       0.0546  TCTTTCTCTCCTC
   460      1   -11.0476690069   0.000015924225       0.0146  TCTTTCTTTCTCC
   461      1   -11.1091101025   0.000014975274       0.0137  TCTTTCTTTTATT
   462      1    -9.1170363269   0.000109779546       0.1008  TCTTTTTTTTATT
   463      1   -22.7408738653   0.000000000133       0.0000  TGCCCATGTCTCT
   464      1   -16.8789752432   0.000000046726       0.0000  TGCGAGAGCGTAA
   465      1   -19.8617463736   0.000000002367       0.0000  TGCGCGTGTAATT
   466      1   -11.4136196788   0.000011044040       0.0101  TGGGGGGGGGTTT
   467      1    -9.4799751361   0.000076365836       0.0701  TGTATATATAAAA
   468      1   -11.9899141966   0.000006206495       0.0057  TGTATATATATCG
   469      1    -8.5393299035   0.000195621301       0.1796  TGTATATATATTT
   470      1   -15.0182834877   0.000000300360       0.0003  TGTATCTATAGGA
   471      1   -15.3622247337   0.000000212947       0.0002  TGTATGTATGATA
   472      1   -11.5055801094   0.000010073724       0.0092  TGTATGTGTGTGC
   473      1   -22.2741112002   0.000000000212       0.0000  TGTCAATGTGGCA
   474      1   -18.8215457732   0.000000006697       0.0000  TGTCTATATGAAT
   475      1   -20.9177784810   0.000000000823       0.0000  TGTCTCCCTTAGT
   476      1   -16.5807546648   0.000000062961       0.0001  TGTCTTTTTCATG
   477      1   -15.3891459829   0.000000207290       0.0002  TGTGTATATGCTA
   478      1   -15.1199110836   0.000000271335       0.0002  TGTGTGCATGGTT
   479      1   -10.7337063731   0.000021797694       0.0200  TGTGTGTGTGACC
   480      1    -8.8332228545   0.000145807565       0.1339  TGTGTGTGTGATT
   481      1    -8.3309509314   0.000240942816       0.2212  TGTGTGTGTGCGG
   482      1    -6.6557489348   0.001286604200       1.1811  TGTGTGTGTGGGG
   483      1    -8.0021365835   0.000334746649       0.3073  TGTGTGTGTGTGA
   484      1    -8.5799882518   0.000187827184       0.1724  TGTGTGTGTGTGC
   485      2    -6.9146350347   0.000993143856       0.9117  TGTGTGTGTGTGG
   486      1   -11.6850075767   0.000008419100       0.0077  TGTGTTTGTGTAT
   487      1   -15.8834958317   0.000000126440       0.0001  TGTTTATATTGTT
   488      1    -9.4133756245   0.000081624947       0.0749  TGTTTTTTTTTTC
   489      1   -14.0327235981   0.000000804759       0.0007  TTACATATACTTC
   490      1   -11.5469636816   0.000009665346       0.0089  TTATATATATAAG
   491      1   -12.4936547040   0.000003750375       0.0034  TTATATATATCAT
   492      1    -8.1071489766   0.000301376882       0.2767  TTATATATATTTT
   493      1   -16.7640114278   0.000000052418       0.0000  TTCCATCTCTGTT
   494      1   -15.1199505721   0.000000271324       0.0002  TTCCTCCCTCCTT
   495      1   -14.5816996764   0.000000464781       0.0004  TTCCTCTTCCTTC
   496      1   -14.7644975846   0.000000387133       0.0004  TTCCTTTCTTTTC
   497      1   -12.7354066325   0.000002944986       0.0027  TTCCTTTTTTTTG
   498      1   -11.1736376910   0.000014039473       0.0129  TTCTCTCTCTACT
   499      1   -12.8445652850   0.000002640439       0.0024  TTCTCTCTTTCCT
   500      1   -11.7908703597   0.000007573386       0.0070  TTCTTTCTCTATC
   501      1    -8.6214966805   0.000180190365       0.1654  TTCTTTTTTTCTT
   502      1   -25.5845601682   0.000000000008       0.0000  TTTAACTTAATAG
   503      1   -19.3344928958   0.000000004010       0.0000  TTTACCTCTCAGT
   504      1   -12.7832895446   0.000002807294       0.0026  TTTATATGTGTTT
   505      1   -16.0802233805   0.000000103860       0.0001  TTTATCTATAAGA
   506      1    -9.7131807145   0.000060481035       0.0555  TTTATTTTTTTAT
   507      1   -12.1155560611   0.000005473698       0.0050  TTTCCCTTTCTTT
   508      1   -12.8161694696   0.000002716491       0.0025  TTTCTCTCTCAGA
   509      1   -11.8506094978   0.000007134207       0.0065  TTTCTCTCTCAGT
   510      1    -8.0399991531   0.000322309223       0.2959  TTTCTCTCTCTCT
   511      1    -8.7207400605   0.000163166393       0.1498  TTTCTCTTTCTTT
   512      1   -15.0327645266   0.000000296042       0.0003  TTTCTCTTTTATG
   513      1   -14.4594670391   0.000000525210       0.0005  TTTCTGTCTCTAC
   514      1   -13.8335352264   0.000000982137       0.0009  TTTCTTCTTTCCC
   515      1   -13.9632145844   0.000000862686       0.0008  TTTCTTTCTCAAG
   516      1    -7.1537495636   0.000781926694       0.7178  TTTCTTTCTCTTT
   517      1   -16.6804320546   0.000000056988       0.0001  TTTCTTTTCCGTA
   518      1    -8.8992653512   0.000136489161       0.1253  TTTCTTTTTCTCT
   519      1    -7.0288200809   0.000885976545       0.8133  TTTCTTTTTCTTT
   520      1    -8.2321781448   0.000265956407       0.2441  TTTCTTTTTTTTC
   521      1    -7.3047450266   0.000672340919       0.6172  TTTGTTTTTTTTT
   522      1   -12.3337817698   0.000004400547       0.0040  TTTTCTCTTTTCC
   523      1   -15.7517230202   0.000000144249       0.0001  TTTTCTTTCTAAT
   524      1   -10.5168144911   0.000027077309       0.0249  TTTTCTTTCTTTT
   525      1   -17.2615174200   0.000000031873       0.0000  TTTTTATGTATAA
   526      1    -9.9112628199   0.000049612744       0.0455  TTTTTATTTTTGT
   527      1   -14.7517182576   0.000000392112       0.0004  TTTTTCTGTTTAC
   528      1    -9.7868806695   0.000056183880       0.0516  TTTTTTCTCTTTT
   529      1    -8.3547353594   0.000235279742       0.2160  TTTTTTCTTTTCT
   530      1    -6.4807901004   0.001532599293       1.4069  TTTTTTCTTTTTT
   531      1   -16.4283920082   0.000000073323       0.0001  TTTTTTTATCTGA
   532      1    -8.0910650166   0.000306263408       0.2811  TTTTTTTCTTCTT
   533      1    -6.0899981740   0.002265413051       2.0796  TTTTTTTCTTTTT
   534      1    -9.0894074213   0.000112854924       0.1036  TTTTTTTTCTTCT
   535      1   -10.7803404800   0.000020804516       0.0191  TTTTTTTTTCTCC
   536      1    -8.2721008491   0.000255547859       0.2346  TTTTTTTTTTAAT
   537      1    -8.1521519729   0.000288114677       0.2645  TTTTTTTTTTATA
   538      1    -5.7493365608   0.003184893079       2.9237  TTTTTTTTTTATT
   539      1   -10.0063419398   0.000045112917       0.0414  TTTTTTTTTTCAG
   540      1    -5.0036953643   0.006713093780       6.1626  TTTTTTTTTTCTT
   541      1    -7.7720719141   0.000421339383       0.3868  TTTTTTTTTTGCT
   542      1    -8.4769600005   0.000208210702       0.1911  TTTTTTTTTTGTG
   543      2    -5.9220649561   0.002679661077       2.4599  TTTTTTTTTTGTT
   544      1    -7.4233649615   0.000597136420       0.5482  TTTTTTTTTTTAC
   545      5    -5.5837226062   0.003758547850       3.4503  TTTTTTTTTTTAT
   546      5    -4.8766188025   0.007622744508       6.9977  TTTTTTTTTTTCT
   547      1    -5.7564510015   0.003162314757       2.9030  TTTTTTTTTTTGT
   548      1    -5.6329071935   0.003578157795       3.2847  TTTTTTTTTTTTA
   549      4    -4.9203052712   0.007296902973       6.6986  TTTTTTTTTTTTC
   550      2    -5.8056355888   0.003010540679       2.7637  TTTTTTTTTTTTG
   551    114    -3.0025575648   0.049659897406      45.5878  TTTTTTTTTTTTT