

TREE #  1

  0  0.0000   8171.515666  x:  0.12640   0.06450   0.15504   0.00240   0.01452   0.03244   0.04473   0.04488   0.06752   0.07282   0.09394   0.25259   0.03784   0.17325   0.03630   0.00000   0.03566   0.06410   0.04413   0.08631   0.09063   0.08151   0.28168   0.14018   1.83680  
  1 99.0000   8141.901846  x:  0.12809   0.07011   0.15841   0.01638   0.02121   0.03356   0.04684   0.04158   0.06773   0.07283   0.09442   0.25362   0.04279   0.17683   0.04186   0.04556   0.03784   0.06568   0.03963   0.08897   0.09099   0.08145   0.28278   0.14187   1.83865  
  2 3066.8631   8119.256374  x:  0.13655   0.09692   0.17308   0.02865   0.03361   0.03594   0.05689   0.02483   0.06721   0.07065   0.08724   0.25871   0.06664   0.19548   0.05216   0.03992   0.03221   0.07415   0.01528   0.09301   0.07888   0.07241   0.28860   0.15033   1.84914  
  3 708.1733   8112.595060  x:  0.14195   0.11375   0.18348   0.02828   0.03258   0.03481   0.06105   0.02685   0.06372   0.06814   0.07782   0.26240   0.07996   0.20980   0.05830   0.03946   0.03522   0.08130   0.03128   0.09642   0.07097   0.06448   0.29318   0.15572   1.86130  
  4 539.3188   8110.003458  x:  0.14309   0.11875   0.18834   0.02345   0.02606   0.03398   0.05653   0.03427   0.06179   0.06822   0.07202   0.26398   0.08118   0.21815   0.05979   0.04133   0.03587   0.07743   0.02708   0.09674   0.07103   0.05940   0.29581   0.15686   1.87535  
  5 257.8357   8105.789263  x:  0.14236   0.12184   0.19763   0.02654   0.02716   0.03690   0.04258   0.03102   0.06696   0.07398   0.07261   0.26628   0.07197   0.23765   0.06202   0.04006   0.03604   0.06862   0.03070   0.09438   0.07598   0.05172   0.30173   0.15614   1.92572  
  6 254.7390   8095.877845  x:  0.13783   0.11895   0.21642   0.03108   0.02525   0.03449   0.06381   0.03483   0.07415   0.07849   0.07962   0.26903   0.03551   0.28499   0.06926   0.03794   0.03524   0.06312   0.03124   0.08902   0.08556   0.04647   0.31598   0.15161   2.08607  
  7 658.6392   8087.539562  x:  0.13720   0.11036   0.22157   0.01950   0.02727   0.03134   0.05972   0.02403   0.06488   0.06976   0.07895   0.26702   0.01317   0.30969   0.06945   0.04066   0.03818   0.08099   0.02712   0.09231   0.08046   0.05349   0.32462   0.15097   2.22462  
  8 878.9087   8082.066483  x:  0.14094   0.10308   0.21792   0.02203   0.03727   0.04052   0.05505   0.03638   0.05852   0.06530   0.08382   0.26308   0.01403   0.31571   0.06206   0.03987   0.03541   0.08801   0.02538   0.09602   0.07126   0.06016   0.32939   0.15472   2.33306  
  9 871.0551   8068.778684  x:  0.15520   0.09032   0.19632   0.02772   0.02313   0.03322   0.05589   0.03028   0.06214   0.06527   0.08939   0.25153   0.05100   0.30149   0.03861   0.04155   0.03073   0.07770   0.02758   0.10184   0.06066   0.07498   0.33505   0.16898   2.59267  
 10 977.8569   8061.809932  x:  0.16043   0.09155   0.18405   0.01849   0.03237   0.03470   0.05863   0.03040   0.06822   0.07158   0.08025   0.24869   0.07382   0.27830   0.04541   0.04086   0.04000   0.07427   0.02738   0.10077   0.07491   0.08434   0.33148   0.17420   2.73723  
 11 1070.8804   8055.692099  x:  0.15599   0.10343   0.18042   0.03039   0.02624   0.03539   0.05571   0.03134   0.05984   0.07000   0.07240   0.25590   0.08319   0.23580   0.05805   0.03823   0.03388   0.08312   0.02802   0.09127   0.08706   0.07333   0.31670   0.16977   2.86404  
 12 595.7467   8053.066865  x:  0.15016   0.11154   0.18268   0.02828   0.02942   0.03489   0.05738   0.03091   0.06407   0.06910   0.07087   0.26306   0.08240   0.21114   0.05743   0.03910   0.03802   0.08130   0.02733   0.09345   0.07810   0.05920   0.30729   0.16393   2.91802  
 13 437.4380   8052.670046  x:  0.14802   0.11476   0.18490   0.02604   0.02873   0.03524   0.05686   0.03086   0.06411   0.06965   0.07403   0.26630   0.08257   0.20658   0.06155   0.03938   0.03558   0.07860   0.02796   0.09585   0.07449   0.06247   0.30568   0.16180   2.92656  
 14 107.5686   8052.610801  x:  0.14687   0.11622   0.18613   0.02589   0.02862   0.03466   0.05661   0.03113   0.06340   0.06992   0.07595   0.26836   0.08343   0.20600   0.06000   0.03923   0.03676   0.07894   0.02776   0.09645   0.07550   0.06379   0.30584   0.16065   2.92786  
 15 28.6319   8052.587454  x:  0.14604   0.11683   0.18664   0.02527   0.02859   0.03529   0.05676   0.03099   0.06371   0.06977   0.07596   0.26972   0.08395   0.20586   0.05860   0.03947   0.03609   0.07925   0.02786   0.09615   0.07607   0.06450   0.30616   0.15982   2.92838  
 16 26.0094   8052.578823  x:  0.14539   0.11681   0.18654   0.02558   0.02888   0.03482   0.05666   0.03113   0.06384   0.06968   0.07526   0.27067   0.08418   0.20589   0.05829   0.03944   0.03605   0.07915   0.02787   0.09569   0.07579   0.06514   0.30659   0.15916   2.92860  
 17 10.9888   8052.575130  x:  0.14505   0.11667   0.18629   0.02583   0.02868   0.03516   0.05670   0.03105   0.06381   0.06964   0.07496   0.27121   0.08431   0.20594   0.05834   0.03938   0.03637   0.07908   0.02784   0.09570   0.07563   0.06532   0.30692   0.15882   2.92870  
 18  9.2480   8052.568288  x:  0.14456   0.11627   0.18524   0.02577   0.02879   0.03510   0.05678   0.03099   0.06354   0.06994   0.07496   0.27239   0.08463   0.20609   0.05864   0.03938   0.03612   0.07917   0.02785   0.09631   0.07572   0.06475   0.30794   0.15833   2.92894  
 19  5.5540   8052.561269  x:  0.14461   0.11623   0.18443   0.02556   0.02875   0.03500   0.05666   0.03109   0.06396   0.06930   0.07557   0.27338   0.08476   0.20613   0.05910   0.03941   0.03621   0.07934   0.02780   0.09591   0.07571   0.06437   0.30883   0.15839   2.92922  
 20  5.4046   8052.539289  x:  0.14576   0.11677   0.18367   0.02522   0.02883   0.03517   0.05685   0.03087   0.06321   0.07013   0.07586   0.27504   0.08385   0.20574   0.05894   0.03955   0.03636   0.07912   0.02778   0.09472   0.07523   0.06432   0.31025   0.15953   2.93024  
 21  4.1481   8052.462775  x:  0.14855   0.11835   0.18319   0.02619   0.02862   0.03500   0.05669   0.03110   0.06427   0.06983   0.07463   0.27800   0.08078   0.20466   0.05829   0.03925   0.03605   0.07913   0.02769   0.09679   0.07587   0.06526   0.31297   0.16233   2.93392  
 22 11.7767   8051.170651  x:  0.14800   0.12279   0.19243   0.02603   0.03179   0.03530   0.05812   0.02877   0.05864   0.06235   0.07369   0.27241   0.07698   0.21060   0.05849   0.03826   0.03563   0.07167   0.02777   0.09793   0.07746   0.06252   0.32609   0.16176   2.99598  
 23 11.1671   8047.873742  x:  0.14427   0.13260   0.21623   0.02620   0.02823   0.03517   0.05640   0.03010   0.06557   0.07140   0.07419   0.25673   0.06961   0.22990   0.06262   0.03637   0.03582   0.07882   0.02338   0.09737   0.07194   0.05738   0.35523   0.15799   3.16425  
 24 464.8101   8046.431253  x:  0.14881   0.13216   0.21099   0.02592   0.02838   0.03520   0.05652   0.02958   0.06592   0.07122   0.07459   0.27518   0.06860   0.25783   0.06265   0.03570   0.03561   0.07736   0.02224   0.09823   0.07079   0.05583   0.32132   0.16250   3.23630  
 25 70.7861   8046.429731  x:  0.14903   0.13125   0.21180   0.02590   0.02840   0.03519   0.05653   0.02956   0.06592   0.07122   0.07458   0.27561   0.06887   0.25765   0.06279   0.03569   0.03561   0.07740   0.02222   0.09821   0.07083   0.05571   0.32135   0.16273   3.23651  
 26  0.8154   8045.643810  x:  0.14896   0.13072   0.20739   0.02761   0.02904   0.03573   0.05628   0.02928   0.06481   0.07069   0.07399   0.27489   0.07544   0.25026   0.06267   0.03282   0.03530   0.07738   0.02324   0.09620   0.07661   0.05862   0.32431   0.16259   3.40176  
 27  0.3161   8045.561364  x:  0.14930   0.12953   0.20705   0.02619   0.02885   0.03555   0.05641   0.02971   0.06508   0.07067   0.07452   0.27559   0.07379   0.24838   0.06203   0.03212   0.03587   0.07730   0.02332   0.09716   0.07421   0.05818   0.32413   0.16292   3.42700  
 28  0.0172   8045.532406  x:  0.14944   0.12857   0.20670   0.02557   0.02842   0.03550   0.05644   0.02974   0.06501   0.07077   0.07506   0.27556   0.07245   0.24922   0.06147   0.03071   0.03559   0.07756   0.02367   0.09705   0.07497   0.05897   0.32405   0.16307   3.41730  
 29  0.0039   8045.527520  x:  0.14911   0.12887   0.20671   0.02567   0.02864   0.03554   0.05637   0.02968   0.06497   0.07068   0.07485   0.27548   0.07296   0.24900   0.06174   0.03028   0.03583   0.07736   0.02349   0.09693   0.07509   0.05865   0.32419   0.16275   3.41045  
 30  0.0048   8045.527285  x:  0.14917   0.12900   0.20672   0.02563   0.02862   0.03554   0.05637   0.02968   0.06503   0.07072   0.07485   0.27552   0.07316   0.24882   0.06175   0.03027   0.03577   0.07732   0.02351   0.09698   0.07502   0.05865   0.32401   0.16281   3.41027  
 31  0.0003   8045.527278  x:  0.14918   0.12901   0.20672   0.02564   0.02861   0.03554   0.05637   0.02969   0.06502   0.07072   0.07486   0.27551   0.07318   0.24881   0.06173   0.03026   0.03577   0.07733   0.02351   0.09698   0.07502   0.05866   0.32402   0.16283   3.41035  
 32  0.0001   8045.527277  x:  0.14918   0.12901   0.20673   0.02564   0.02861   0.03554   0.05637   0.02969   0.06502   0.07072   0.07486   0.27551   0.07319   0.24881   0.06172   0.03026   0.03577   0.07733   0.02351   0.09698   0.07502   0.05866   0.32402   0.16283   3.41034  
 33  0.0000   8045.527277  x:  0.14917   0.12901   0.20673   0.02564   0.02861   0.03554   0.05637   0.02969   0.06502   0.07072   0.07485   0.27551   0.07319   0.24881   0.06172   0.03026   0.03577   0.07733   0.02351   0.09698   0.07502   0.05866   0.32403   0.16283   3.41034  

TREE #  2

  0  0.0000   8109.654093  x:  0.17514   0.06641   0.15611   0.00145   0.01382   0.02957   0.04442   0.04345   0.06508   0.07401   0.09318   0.25888   0.03750   0.17695   0.03736   0.00000   0.03423   0.06189   0.04155   0.08595   0.09389   0.08506   0.29063   0.10125   3.41034  
  1 99.0000   8078.265000  x:  0.17706   0.07313   0.16027   0.02344   0.02196   0.03245   0.04703   0.04034   0.06612   0.07407   0.09421   0.26025   0.04369   0.18107   0.04283   0.04398   0.03718   0.06449   0.03708   0.08902   0.09408   0.08490   0.29213   0.10317   3.41023  
  2 2838.7235   8054.718534  x:  0.18645   0.10408   0.17755   0.02765   0.03265   0.03880   0.05864   0.02453   0.06873   0.07113   0.08453   0.26688   0.07237   0.20195   0.05196   0.03843   0.03325   0.07701   0.01344   0.09473   0.08013   0.07421   0.30009   0.11256   3.40970  
  3 691.7244   8049.133345  x:  0.19098   0.11880   0.18723   0.02827   0.03256   0.03711   0.06148   0.02663   0.06652   0.06939   0.07789   0.27076   0.08447   0.21392   0.05651   0.03744   0.03584   0.08331   0.02897   0.09773   0.07346   0.06756   0.30503   0.11709   3.40940  
  4 580.5030   8047.630855  x:  0.19206   0.12347   0.19250   0.02826   0.02722   0.03290   0.05676   0.03383   0.06302   0.06954   0.07438   0.27298   0.08573   0.22112   0.05830   0.03835   0.03607   0.07867   0.02655   0.09768   0.07342   0.06323   0.30849   0.11817   3.40925  
  5 209.0991   8047.072612  x:  0.19185   0.12464   0.19674   0.02912   0.02687   0.03543   0.05167   0.03172   0.06450   0.07120   0.07352   0.27473   0.08240   0.22767   0.05968   0.03780   0.03606   0.07427   0.02779   0.09655   0.07522   0.06035   0.31206   0.11796   3.40913  
  6 113.7606   8046.643055  x:  0.19076   0.12365   0.20208   0.02976   0.02819   0.03492   0.05597   0.03267   0.06635   0.07219   0.07389   0.27667   0.07377   0.23715   0.06167   0.03711   0.03596   0.07327   0.02780   0.09523   0.07716   0.05848   0.31765   0.11687   3.40896  
  7 85.9131   8046.489145  x:  0.19046   0.12259   0.20400   0.02900   0.02720   0.03395   0.05579   0.03085   0.06518   0.07107   0.07400   0.27712   0.06935   0.24137   0.06201   0.03764   0.03632   0.07543   0.02740   0.09557   0.07655   0.05848   0.32033   0.11657   3.40889  
  8 79.7953   8046.444695  x:  0.19066   0.12206   0.20443   0.02867   0.02801   0.03489   0.05507   0.03165   0.06452   0.07067   0.07429   0.27700   0.06785   0.24293   0.06166   0.03774   0.03620   0.07643   0.02714   0.09604   0.07561   0.05878   0.32144   0.11676   3.40885  
  9 45.4430   8046.430830  x:  0.19152   0.12172   0.20416   0.02865   0.02787   0.03467   0.05511   0.03159   0.06488   0.07087   0.07475   0.27628   0.06762   0.24393   0.06085   0.03783   0.03585   0.07596   0.02723   0.09656   0.07486   0.05951   0.32236   0.11763   3.40881  
 10 12.6444   8046.426958  x:  0.19201   0.12159   0.20392   0.02848   0.02781   0.03483   0.05520   0.03160   0.06485   0.07085   0.07465   0.27577   0.06766   0.24430   0.06070   0.03788   0.03620   0.07595   0.02718   0.09650   0.07526   0.05981   0.32278   0.11812   3.40878  
 11  8.7411   8046.425618  x:  0.19223   0.12154   0.20378   0.02862   0.02791   0.03473   0.05514   0.03159   0.06474   0.07084   0.07462   0.27544   0.06766   0.24442   0.06067   0.03782   0.03605   0.07607   0.02720   0.09631   0.07548   0.05976   0.32298   0.11834   3.40876  
 12  6.1207   8046.424966  x:  0.19232   0.12149   0.20368   0.02873   0.02781   0.03481   0.05518   0.03160   0.06478   0.07080   0.07452   0.27507   0.06757   0.24438   0.06079   0.03779   0.03605   0.07609   0.02719   0.09624   0.07537   0.05951   0.32309   0.11842   3.40872  
 13  2.4779   8046.424566  x:  0.19234   0.12150   0.20364   0.02869   0.02790   0.03473   0.05515   0.03158   0.06481   0.07084   0.07445   0.27481   0.06750   0.24433   0.06097   0.03780   0.03611   0.07606   0.02718   0.09628   0.07530   0.05941   0.32316   0.11845   3.40869  
 14  2.9745   8046.424056  x:  0.19232   0.12162   0.20373   0.02862   0.02786   0.03479   0.05517   0.03158   0.06475   0.07085   0.07456   0.27450   0.06746   0.24425   0.06115   0.03781   0.03599   0.07603   0.02720   0.09643   0.07537   0.05941   0.32325   0.11843   3.40861  
 15  1.5455   8046.422894  x:  0.19222   0.12192   0.20407   0.02862   0.02787   0.03475   0.05516   0.03158   0.06473   0.07086   0.07483   0.27400   0.06740   0.24405   0.06096   0.03777   0.03613   0.07605   0.02718   0.09651   0.07544   0.05931   0.32339   0.11833   3.40838  
 16  2.1873   8046.420535  x:  0.19203   0.12233   0.20467   0.02843   0.02787   0.03476   0.05514   0.03161   0.06489   0.07080   0.07466   0.27332   0.06732   0.24375   0.06066   0.03789   0.03601   0.07608   0.02718   0.09618   0.07539   0.05956   0.32361   0.11814   3.40787  
 17  3.8672   8046.417146  x:  0.19189   0.12250   0.20517   0.02888   0.02784   0.03478   0.05513   0.03159   0.06472   0.07087   0.07440   0.27290   0.06730   0.24352   0.06068   0.03765   0.03617   0.07602   0.02716   0.09604   0.07523   0.06015   0.32380   0.11800   3.40711  
 18  4.2837   8046.398450  x:  0.19171   0.12209   0.20608   0.02936   0.02799   0.03488   0.05540   0.03138   0.06441   0.07114   0.07289   0.27261   0.06755   0.24311   0.05992   0.03741   0.03592   0.07601   0.02708   0.09724   0.07558   0.06006   0.32422   0.11783   3.40290  
 19  5.1552   8046.232207  x:  0.19235   0.11961   0.20984   0.02940   0.02792   0.03461   0.05476   0.03158   0.06692   0.06948   0.07350   0.27371   0.07182   0.24246   0.06180   0.03632   0.03586   0.07756   0.02596   0.09800   0.07574   0.05930   0.32656   0.11858   3.36527  
 20 23.9667   8046.102400  x:  0.19286   0.11960   0.21093   0.02786   0.02863   0.03521   0.05601   0.03037   0.06431   0.07067   0.07454   0.27468   0.07407   0.24270   0.06235   0.03637   0.03588   0.07679   0.02542   0.09631   0.07430   0.05794   0.32735   0.11917   3.33649  
 21 127.4999   8045.966148  x:  0.19267   0.12777   0.20570   0.02827   0.02845   0.03534   0.05595   0.03021   0.06500   0.07134   0.07378   0.27507   0.07158   0.24614   0.06202   0.03553   0.03580   0.07776   0.02461   0.09684   0.07436   0.05844   0.32383   0.11908   3.30738  
 22 41.7288   8045.959379  x:  0.19254   0.12807   0.20545   0.02834   0.02873   0.03531   0.05607   0.03010   0.06484   0.07036   0.07374   0.27491   0.07159   0.24654   0.06195   0.03545   0.03578   0.07726   0.02465   0.09690   0.07438   0.05846   0.32348   0.11895   3.30642  
 23 12.0864   8045.944854  x:  0.19145   0.12725   0.20552   0.02827   0.02869   0.03534   0.05606   0.03009   0.06486   0.07056   0.07380   0.27324   0.07295   0.24907   0.06187   0.03541   0.03579   0.07739   0.02458   0.09688   0.07434   0.05850   0.32140   0.11787   3.30867  
 24  3.6518   8045.890700  x:  0.19421   0.12705   0.20943   0.02815   0.02881   0.03544   0.05621   0.02988   0.06488   0.07055   0.07373   0.27236   0.07195   0.25030   0.06217   0.03510   0.03575   0.07755   0.02424   0.09696   0.07426   0.05824   0.31573   0.12067   3.32783  
 25  6.0925   8045.682983  x:  0.19303   0.13127   0.20794   0.02809   0.02912   0.03569   0.05658   0.02930   0.06496   0.07049   0.07341   0.27524   0.07515   0.25002   0.06256   0.03397   0.03568   0.07813   0.02311   0.09727   0.07397   0.05798   0.32406   0.11963   3.41045  
 26 20.5606   8045.547869  x:  0.19180   0.12949   0.20710   0.02586   0.02882   0.03563   0.05663   0.02977   0.06524   0.07094   0.07521   0.27560   0.07291   0.24927   0.06169   0.03098   0.03559   0.07681   0.02279   0.09658   0.07566   0.05877   0.32437   0.11944   3.41653  
 27  0.0028   8045.527685  x:  0.19208   0.12881   0.20656   0.02567   0.02864   0.03558   0.05636   0.02959   0.06505   0.07075   0.07489   0.27546   0.07303   0.24860   0.06169   0.03025   0.03575   0.07730   0.02349   0.09696   0.07501   0.05873   0.32396   0.11985   3.41087  
 28  0.0047   8045.527284  x:  0.19214   0.12898   0.20671   0.02564   0.02861   0.03554   0.05636   0.02969   0.06501   0.07072   0.07485   0.27550   0.07319   0.24878   0.06172   0.03027   0.03578   0.07734   0.02350   0.09698   0.07501   0.05866   0.32401   0.11989   3.41029  
 29  0.0007   8045.527277  x:  0.19214   0.12901   0.20672   0.02564   0.02861   0.03554   0.05637   0.02969   0.06502   0.07072   0.07485   0.27551   0.07319   0.24881   0.06172   0.03026   0.03577   0.07733   0.02351   0.09698   0.07502   0.05866   0.32402   0.11987   3.41034  
 30  0.0001   8045.527277  x:  0.19215   0.12901   0.20673   0.02564   0.02861   0.03554   0.05637   0.02969   0.06502   0.07072   0.07485   0.27551   0.07319   0.24881   0.06172   0.03026   0.03577   0.07733   0.02351   0.09698   0.07502   0.05866   0.32403   0.11986   3.41034  