     2    993    280


 1

     1    157    -2.1211628124   0.119892135364     119.0529  AAAAAAA
     2      3    -5.5299712993   0.003966102918       3.9383  AAAAAAG
     3     10    -5.4804755583   0.004167347410       4.1382  AAAAACA
     4     14    -4.0122767583   0.018092156841      17.9655  AAAAAGA
     5      1    -7.4208123262   0.000598662639       0.5945  AAAAAGG
     6      8    -5.1762025563   0.005649419083       5.6099  AAAAATA
     7      1    -8.6713017031   0.000171435800       0.1702  AAAAGAG
     8      2    -6.5123985155   0.001484913859       1.4745  AAAAGGA
     9      2    -6.5317852101   0.001456403541       1.4462  AAAATAA
    10      1   -10.0197024855   0.000044514193       0.0442  AAACACA
    11      2    -5.1961551159   0.005537815800       5.4991  AAAGAAA
    12      1    -7.0853101702   0.000837315037       0.8315  AAAGAGA
    13      1    -8.2508696173   0.000261031461       0.2592  AAAGATA
    14      1    -8.2413688835   0.000263523270       0.2617  AAAGGAA
    15      3    -9.7814003381   0.000056492632       0.0561  AAAGGAG
    16      1   -12.7871263810   0.000002796543       0.0028  AAATATG
    17      1    -9.2631444767   0.000094856581       0.0942  AACCCCC
    18      1   -10.1166738115   0.000040400281       0.0401  AACGAAA
    19      1    -5.5780385240   0.003779972577       3.7535  AAGAAAA
    20      1    -6.0190439669   0.002431993550       2.4150  AAGAAAG
    21      1    -7.4688509497   0.000570583550       0.5666  AAGAAGA
    22      1    -8.7176603071   0.000163669680       0.1625  AAGAGAA
    23      1    -8.6941954583   0.000167555577       0.1664  AAGAGAG
    24      1    -9.1107754579   0.000110469018       0.1097  AAGAGGG
    25      2    -5.8836082082   0.002784719279       2.7652  AAGGAAG
    26      1    -9.7445381221   0.000058613933       0.0582  AAGGGAA
    27      2    -6.8115129026   0.001101025894       1.0933  AAGGGAG
    28      1    -6.6724655288   0.001265275329       1.2564  AAGGGGG
    29      1   -13.5492160075   0.000001305119       0.0013  AAGGTGA
    30      1   -11.6287225475   0.000008906559       0.0088  AAGGTTG
    31      1   -13.9417276366   0.000000881423       0.0009  AATTTCC
    32      1   -14.5748505733   0.000000467975       0.0005  ACAGCTG
    33      1    -9.2505733477   0.000096056562       0.0954  ACCACCC
    34      1    -7.1982146157   0.000747919942       0.7427  ACCCAAC
    35      1    -9.7346436246   0.000059196767       0.0588  ACCCATC
    36      1    -5.6350341286   0.003570555373       3.5456  ACCCCAC
    37      1    -8.9138265659   0.000134516113       0.1336  ACCCCAT
    38      6    -5.2392761135   0.005304095009       5.2670  ACCCCCC
    39      1    -6.7593577692   0.001159973906       1.1519  ACCCCGC
    40      1    -8.2369517117   0.000264689872       0.2628  ACCCTCC
    41      1   -12.6360670764   0.000003252564       0.0032  ACCTATC
    42      1   -12.2805226898   0.000004641269       0.0046  ACCTCTT
    43      1   -10.5216783628   0.000026945928       0.0268  ACGCCCG
    44      1    -8.6986801447   0.000166805825       0.1656  ACGGGAG
    45      1   -12.8704689359   0.000002572920       0.0026  ACGTCCG
    46      1   -12.5185575592   0.000003658133       0.0036  ACTCACC
    47      1    -9.3751255972   0.000084807583       0.0842  ACTCCAT
    48      1    -8.5678764531   0.000190115942       0.1888  ACTCCCC
    49      1    -8.8026401144   0.000150335647       0.1493  ACTTCCT
    50      2   -10.2733555748   0.000034541275       0.0343  ACTTCGT
    51      1   -12.2993775303   0.000004554579       0.0045  ACTTCTC
    52      1    -9.7998870890   0.000055457861       0.0551  ACTTCTT
    53      1    -8.4930010547   0.000204897428       0.2035  ACTTTAT
    54      1    -9.5168036671   0.000073604553       0.0731  ACTTTCT
    55      1    -5.2017240993   0.005507061510       5.4685  AGAAAAA
    56      2    -8.5550080684   0.000192578236       0.1912  AGAAACA
    57      3    -7.1929655703   0.000751856129       0.7466  AGAAGAA
    58      2    -9.5844861610   0.000068787662       0.0683  AGAAGAG
    59      2    -7.2409285477   0.000716646011       0.7116  AGAAGGA
    60      1    -7.6517421104   0.000475215530       0.4719  AGAGGAA
    61      1    -7.4515833021   0.000580521743       0.5765  AGAGGGA
    62      1    -7.0639004859   0.000855434966       0.8494  AGAGGGG
    63      1    -9.9424017471   0.000048091662       0.0478  AGAGGTA
    64      1   -11.1404966833   0.000014512551       0.0144  AGGAACG
    65      1    -9.0957230743   0.000112144418       0.1114  AGGAAGG
    66      1   -14.0306345495   0.000000806441       0.0008  AGGAGTC
    67      1    -9.5672069159   0.000069986589       0.0695  AGGGAGA
    68      1    -7.2311565941   0.000723683371       0.7186  AGGGGAA
    69     11    -4.1704359184   0.015445525667      15.3374  AGGGGAG
    70      2    -6.7550737704   0.001164953892       1.1568  AGGGGCG
    71     18    -3.9533646574   0.019190025169      19.0557  AGGGGGG
    72      1    -9.5117272268   0.000073979153       0.0735  AGGGGTA
    73      1    -6.4508007684   0.001579257043       1.5682  AGGGGTG
    74      1    -9.4809925564   0.000076288179       0.0758  AGGGTTG
    75      1   -13.3212357094   0.000001639309       0.0016  AGGTTTG
    76      1   -11.6384579975   0.000008820271       0.0088  AGTTGCT
    77      1   -14.9545015477   0.000000320142       0.0003  ATACCCT
    78      1   -10.0016322781   0.000045325885       0.0450  ATCCTCC
    79      1   -11.9230491664   0.000006635682       0.0066  ATCTCCT
    80      1   -13.2296516661   0.000001796533       0.0018  ATCTGTC
    81      1    -8.8048200453   0.000150008283       0.1490  ATTATTT
    82      1   -11.8519732615   0.000007124484       0.0071  ATTCCAC
    83      1   -12.7103814589   0.000003019614       0.0030  ATTCTGC
    84      1   -12.7069177636   0.000003030091       0.0030  ATTGCCT
    85      4    -8.3710805713   0.000231465304       0.2298  ATTTCCT
    86      1    -8.0592848967   0.000316152806       0.3139  ATTTCTT
    87      2    -8.5316441317   0.000197130595       0.1958  ATTTGGT
    88      6    -5.2530589953   0.005231490792       5.1949  ATTTTAT
    89      1   -10.7219436937   0.000022055607       0.0219  ATTTTCA
    90      2    -9.9281738215   0.000048780797       0.0484  ATTTTCC
    91      1    -6.3410675098   0.001762419832       1.7501  ATTTTCT
    92      3    -6.3774554173   0.001699441830       1.6875  ATTTTGT
    93      1    -9.1614396160   0.000105011613       0.1043  ATTTTTA
    94      2    -8.3680713392   0.000232162886       0.2305  ATTTTTC
    95      4    -4.7805464013   0.008391412636       8.3327  ATTTTTT
    96     12    -5.0876282406   0.006172642562       6.1294  CAAAAAA
    97      5    -5.6948973619   0.003363082342       3.3395  CAAAACA
    98      1   -10.5904855924   0.000025154202       0.0250  CAAAACC
    99      1    -6.4999736758   0.001503478770       1.4930  CAAAAGA
   100      2    -6.5382842189   0.001446969052       1.4368  CAAAATA
   101      1    -8.1624271767   0.000285169398       0.2832  CAAGAAA
   102      1    -9.8542244469   0.000052524835       0.0522  CACCTCC
   103      1    -8.8528504530   0.000142973615       0.1420  CAGGGCG
   104      1   -12.9426107225   0.000002393843       0.0024  CAGGGGT
   105      1    -9.6963300152   0.000061508818       0.0611  CAGGGTG
   106      1   -10.0551810477   0.000042962580       0.0427  CCAAACA
   107      1    -9.3536907326   0.000086645045       0.0860  CCCCAAC
   108      2    -7.0366243880   0.000879089023       0.8729  CCCCACC
   109      5    -5.6674283072   0.003456743537       3.4325  CCCCCAC
   110     78    -2.8323325592   0.058875363110      58.4632  CCCCCCC
   111      1    -6.0091112286   0.002456270273       2.4391  CCCCCGC
   112      1    -4.6003121691   0.010048698362       9.9784  CCCCCTC
   113      2    -7.3783073093   0.000624657343       0.6203  CCCCGCC
   114      2    -5.9022133734   0.002733388110       2.7143  CCCCTCC
   115      1    -8.7495399648   0.000158534240       0.1574  CCCTCCT
   116      1    -8.9444286252   0.000130461992       0.1295  CCCTCGC
   117      1    -8.7972438672   0.000151149088       0.1501  CCCTTCC
   118      1   -10.9615875243   0.000017355736       0.0172  CCCTTCT
   119      1    -7.5991032068   0.000500900436       0.4974  CCGCCCC
   120      1    -8.3402727509   0.000238707226       0.2370  CCTCCTT
   121      1    -9.4421742708   0.000079307784       0.0788  CCTCTCT
   122      1    -8.7724197962   0.000154948184       0.1539  CCTTCCC
   123      2    -6.4024445283   0.001657500510       1.6459  CCTTCCT
   124      2    -8.1109499069   0.000300233544       0.2981  CCTTCTT
   125      1    -9.5973697239   0.000067907116       0.0674  CGAAATA
   126      1    -8.9494432148   0.000129809416       0.1289  CGAAGGA
   127      1   -12.0935643069   0.000005595408       0.0056  CGAGATA
   128      1    -9.2531357843   0.000095810739       0.0951  CGAGGCG
   129      1    -8.3931892269   0.000226404072       0.2248  CGGGAGG
   130      1    -6.1426402326   0.002149241623       2.1342  CGGGGCG
   131      6    -5.6385907308   0.003557878884       3.5330  CGGGGGG
   132      1   -10.0469277475   0.000043318631       0.0430  CGGGGTA
   133      1    -6.9859056950   0.000924825308       0.9184  CGGGGTG
   134      1   -10.7753639223   0.000020908309       0.0208  CGTGGCG
   135      1    -5.7780168576   0.003094846849       3.0732  CTCCCCC
   136      3    -8.7588196418   0.000157069898       0.1560  CTTCCCT
   137      1    -7.8316892811   0.000396954346       0.3942  CTTCTCT
   138      1    -7.3562761356   0.000638571993       0.6341  CTTCTTT
   139      4    -6.0867311197   0.002272826382       2.2569  CTTTCCT
   140      6    -4.5885300735   0.010167793303      10.0966  CTTTTCT
   141      7    -4.1064450335   0.016466207418      16.3509  CTTTTTT
   142     14    -3.7348341251   0.023877131357      23.7100  GAAAAAA
   143      2    -6.6489889741   0.001295331057       1.2863  GAAAACA
   144      8    -4.2243768459   0.014634451388      14.5320  GAAAAGA
   145      1    -7.6319373440   0.000484720877       0.4813  GAAAAGG
   146      3    -6.3447159721   0.001756001425       1.7437  GAAAATA
   147      3    -6.5170584232   0.001478010395       1.4677  GAAAGAA
   148      1    -5.7227971668   0.003270549822       3.2477  GAAAGGA
   149      1    -9.3986462897   0.000082836126       0.0823  GAAATTA
   150      1   -14.4993163850   0.000000504693       0.0005  GACACTC
   151      1    -7.6277258148   0.000486766598       0.4834  GAGAAAG
   152      2    -7.6798738525   0.000462033179       0.4588  GAGAAGA
   153      1   -11.2704652154   0.000012743806       0.0127  GAGAGCG
   154      1    -5.4721856749   0.004202037825       4.1726  GAGGGGG
   155      1   -13.0603299280   0.000002127996       0.0021  GAGGGTT
   156      1   -12.3677151420   0.000004253726       0.0042  GCAATTA
   157      1   -16.5675920906   0.000000063795       0.0001  GCATCTG
   158      2    -5.5809590348   0.003768949232       3.7426  GCCCCCC
   159      4    -6.1186550660   0.002201414730       2.1860  GCCCCGC
   160      1    -8.5163153548   0.000200175644       0.1988  GCCTCCC
   161      1   -12.7240165319   0.000002978721       0.0030  GCTTACT
   162      1   -12.6410604516   0.000003236363       0.0032  GCTTCTC
   163      1    -9.6660723327   0.000063398375       0.0630  GGAAACA
   164      1    -7.1509657732   0.000784106447       0.7786  GGAAAGA
   165      2    -6.2445469047   0.001941009841       1.9274  GGAGGGA
   166      1    -8.2515584939   0.000260851705       0.2590  GGGAAGG
   167      5    -5.4632454582   0.004239773384       4.2101  GGGAGGG
   168      1   -11.2422441824   0.000013108572       0.0130  GGGAGTA
   169      1    -6.6154259365   0.001339544114       1.3302  GGGGAAG
   170      2    -5.5805819783   0.003770370606       3.7440  GGGGAGG
   171      1    -7.4538231125   0.000579222939       0.5752  GGGGCGG
   172      3    -4.2703025389   0.013977553760      13.8797  GGGGGAG
   173      4    -6.0624024073   0.002328799437       2.3125  GGGGGCG
   174      1    -5.8056309293   0.003010554707       2.9895  GGGGGGA
   175    108    -2.7445378976   0.064277997100      63.8281  GGGGGGG
   176      5    -5.7581294053   0.003157011568       3.1349  GGGGGTG
   177      1   -10.3382808837   0.000032369923       0.0321  GGGGGTT
   178      2    -6.9620080633   0.000947192641       0.9406  GGGTGGG
   179      1   -13.4038956909   0.000001509253       0.0015  GGGTTTG
   180      1   -11.2473236661   0.000013042156       0.0130  GTCTCCC
   181      1   -12.7069177636   0.000003030091       0.0030  GTTACCT
   182      1    -8.3806342316   0.000229264493       0.2277  GTTTAAT
   183      1    -9.2710772992   0.000094107078       0.0934  GTTTCAT
   184      2    -6.3774554173   0.001699441830       1.6875  GTTTTAT
   185      1   -10.2698567428   0.000034662341       0.0344  GTTTTCC
   186      1    -6.6827504311   0.001252328787       1.2436  GTTTTCT
   187      3    -5.7366688336   0.003225495060       3.2029  GTTTTGT
   188      1    -8.7097542605   0.000164968789       0.1638  GTTTTTC
   189      3    -5.1222293226   0.005962715251       5.9210  GTTTTTT
   190      5    -4.7833552386   0.008367875594       8.3093  TAAAAAA
   191      7    -6.5382842189   0.001446969052       1.4368  TAAAACA
   192      1    -6.1957006738   0.002038174604       2.0239  TAAAAGA
   193      6    -5.2836800803   0.005073724680       5.0382  TAAAATA
   194      1   -11.2365898799   0.000013182902       0.0131  TAAAGAG
   195      1    -8.1783049178   0.000280677308       0.2787  TAAAGGA
   196      1    -8.3574966753   0.000234630957       0.2330  TAAGATA
   197      1   -10.7575819377   0.000021283425       0.0211  TAAGGAA
   198      1   -15.4866699295   0.000000188029       0.0002  TAATCCC
   199      1    -8.7403754536   0.000159993806       0.1589  TAGAATA
   200      1   -10.8005196294   0.000020388906       0.0202  TAGAGTG
   201      1   -12.2762764443   0.000004661019       0.0046  TAGATCA
   202      1   -14.6470653301   0.000000435372       0.0004  TATGGCT
   203      1    -9.5615977484   0.000070380259       0.0699  TATTTGT
   204      1    -6.3591648944   0.001730811519       1.7187  TATTTTT
   205      2    -9.7984950194   0.000055535116       0.0551  TCAAATA
   206      1   -15.2351307510   0.000000241806       0.0002  TCAATCT
   207      1    -6.5652746687   0.001408437044       1.3986  TCCCCAC
   208      5    -4.2688755194   0.013997514240      13.8995  TCCCCCC
   209      1    -8.9831812979   0.000125502949       0.1246  TCCCCCG
   210      1    -7.5476895182   0.000527327100       0.5236  TCCCCCT
   211      1    -8.9154072198   0.000134303658       0.1334  TCCCCTA
   212      6    -4.5427960203   0.010643605174      10.5691  TCCCCTC
   213      1    -7.8213528569   0.000401078713       0.3983  TCCCCTT
   214      1    -8.7829714297   0.000153321823       0.1522  TCCCGCC
   215      4    -7.0591235129   0.000859531132       0.8535  TCCCTCC
   216      1    -5.9686043718   0.002557808679       2.5399  TCCCTTC
   217      1   -12.4394588337   0.000003959239       0.0039  TCCTCAT
   218      1    -7.2040445029   0.000743572338       0.7384  TCCTCCC
   219      1   -10.1780749249   0.000037994280       0.0377  TCCTCCT
   220      1    -7.4750559440   0.000567054043       0.5631  TCCTCTC
   221      1   -10.3609998130   0.000031642803       0.0314  TCCTCTT
   222      1    -9.8474094479   0.000052884015       0.0525  TCCTTCC
   223      1   -10.3524115048   0.000031915732       0.0317  TCGTTTT
   224      1    -8.0102928186   0.000332027481       0.3297  TCTCCCT
   225      1   -10.6424523522   0.000023880404       0.0237  TCTCCGT
   226      1   -10.1787768150   0.000037967622       0.0377  TCTCTCT
   227      3    -7.8101806897   0.000405584756       0.4027  TCTTCCT
   228      1   -10.3768925865   0.000031143887       0.0309  TCTTCTC
   229      1   -11.1103254407   0.000014957085       0.0149  TCTTTCC
   230      2    -7.6341474720   0.000483650765       0.4803  TCTTTCT
   231      3    -5.5795639880   0.003774210761       3.7478  TCTTTTT
   232      2    -8.3425137657   0.000238172879       0.2365  TGAAATA
   233      2    -9.4397191911   0.000079502730       0.0789  TGAAGAA
   234      1   -10.4823281820   0.000028027394       0.0278  TGAGGCA
   235      1   -15.3873660259   0.000000207660       0.0002  TGCTAGC
   236      1   -10.5076554919   0.000027326449       0.0271  TGGAAAG
   237      1    -9.3418092808   0.000087680654       0.0871  TGGGACG
   238      1    -8.0833028414   0.000308649928       0.3065  TGGGATG
   239      1   -10.0469277475   0.000043318631       0.0430  TGGGGCA
   240      2    -6.9859056950   0.000924825308       0.9184  TGGGGCG
   241      4    -5.3343177288   0.004823199720       4.7894  TGGGGGG
   242      1    -5.7314106380   0.003242500012       3.2198  TGGGGTG
   243      1    -9.2486771025   0.000096238882       0.0956  TGGGTCG
   244      1   -13.2616889702   0.000001739889       0.0017  TGGTCCG
   245      1    -6.7008478157   0.001229868758       1.2213  TGTTTTT
   246      1   -10.7116191907   0.000022284500       0.0221  TTAAACA
   247      1    -9.3805001803   0.000084353000       0.0838  TTAAATA
   248      1   -11.5063899736   0.000010065569       0.0100  TTATCCT
   249      1    -9.6173641175   0.000066562838       0.0661  TTATTAT
   250      1   -12.0346167289   0.000005935159       0.0059  TTCATCT
   251      1   -13.8403456380   0.000000975471       0.0010  TTCCCAA
   252      2    -7.2071549630   0.000741263079       0.7361  TTCCCCC
   253      1   -10.4572937004   0.000028737901       0.0285  TTCCCCT
   254      2   -10.7269653291   0.000021945130       0.0218  TTCCTCT
   255      1    -6.2699606124   0.001892303115       1.8791  TTCCTTC
   256      1   -11.7933508427   0.000007554623       0.0075  TTCTCAC
   257      1    -9.2722238403   0.000093999242       0.0933  TTCTTAC
   258      1    -8.8208892904   0.000147617027       0.1466  TTCTTAT
   259      1    -8.4874225729   0.000206043639       0.2046  TTCTTCC
   260      4    -8.0421299953   0.000321623164       0.3194  TTCTTCT
   261      2    -5.9573674742   0.002586712604       2.5686  TTCTTTT
   262      1    -9.7083965515   0.000060771079       0.0603  TTGTTCG
   263      1    -9.1804324321   0.000103035967       0.1023  TTGTTCT
   264      1   -11.0783283884   0.000015443407       0.0153  TTTACCT
   265      1   -13.8325527268   0.000000983102       0.0010  TTTCCCA
   266      3   -10.5040682602   0.000027424651       0.0272  TTTCCCC
   267      2    -9.9205050685   0.000049156323       0.0488  TTTCCCT
   268      1   -10.5765639239   0.000025506840       0.0253  TTTCCTC
   269      1    -8.8410711564   0.000144667702       0.1437  TTTCCTT
   270      1    -8.4349340398   0.000217147429       0.2156  TTTCTAT
   271      1   -11.8804614373   0.000006924384       0.0069  TTTCTGC
   272      1    -5.5715776356   0.003804473623       3.7778  TTTCTTT
   273      1   -13.4095849142   0.000001500691       0.0015  TTTGGGT
   274      1    -6.6870934803   0.001246901655       1.2382  TTTGTTT
   275      1    -7.0756841551   0.000845413962       0.8395  TTTTCCT
   276      3    -8.7542735843   0.000157785572       0.1567  TTTTCGT
   277      1    -5.6800489520   0.003413391347       3.3895  TTTTCTT
   278     10    -4.4060307893   0.012203520671      12.1181  TTTTTCT
   279      3    -5.5263265212   0.003980584858       3.9527  TTTTTGT
   280    123    -2.3210977489   0.098165765070      97.4786  TTTTTTT

 2

     1    157    -2.1211608066   0.119892375840     119.0531  AAAAAAA
     2      3    -5.5299780145   0.003966076284       3.9383  AAAAAAG
     3     10    -5.4804733954   0.004167356423       4.1382  AAAAACA
     4     14    -4.0122758610   0.018092173076      17.9655  AAAAAGA
     5      1    -7.4208201507   0.000598657954       0.5945  AAAAAGG
     6      8    -5.1762003934   0.005649431302       5.6099  AAAAATA
     7      1    -8.6713054228   0.000171435163       0.1702  AAAAGAG
     8      2    -6.5123934061   0.001484921446       1.4745  AAAAGGA
     9      2    -6.5317792148   0.001456412273       1.4462  AAAATAA
    10      1   -10.0196979042   0.000044514397       0.0442  AAACACA
    11      2    -5.1961514364   0.005537836176       5.4991  AAAGAAA
    12      1    -7.0853076242   0.000837317169       0.8315  AAAGAGA
    13      1    -8.2508657854   0.000261032461       0.2592  AAAGATA
    14      1    -8.2413643719   0.000263524459       0.2617  AAAGGAA
    15      3    -9.7814143734   0.000056491839       0.0561  AAAGGAG
    16      1   -12.7871305540   0.000002796532       0.0028  AAATATG
    17      1    -9.2631500962   0.000094856048       0.0942  AACCCCC
    18      1   -10.1166800652   0.000040400029       0.0401  AACGAAA
    19      1    -5.5780466012   0.003779942046       3.7535  AAGAAAA
    20      1    -6.0190484866   0.002431982559       2.4150  AAGAAAG
    21      1    -7.4688601353   0.000570578308       0.5666  AAGAAGA
    22      1    -8.7176653584   0.000163668853       0.1625  AAGAGAA
    23      1    -8.6941983538   0.000167555092       0.1664  AAGAGAG
    24      1    -9.1107788008   0.000110468649       0.1097  AAGAGGG
    25      2    -5.8836047617   0.002784728876       2.7652  AAGGAAG
    26      1    -9.7445512639   0.000058613163       0.0582  AAGGGAA
    27      2    -6.8115186579   0.001101019558       1.0933  AAGGGAG
    28      1    -6.6724710829   0.001265268302       1.2564  AAGGGGG
    29      1   -13.5492230785   0.000001305110       0.0013  AAGGTGA
    30      1   -11.6287192009   0.000008906589       0.0088  AAGGTTG
    31      1   -13.9417438329   0.000000881409       0.0009  AATTTCC
    32      1   -14.5748615934   0.000000467970       0.0005  ACAGCTG
    33      1    -9.2505719417   0.000096056698       0.0954  ACCACCC
    34      1    -7.1982047712   0.000747927305       0.7427  ACCCAAC
    35      1    -9.7346369067   0.000059197165       0.0588  ACCCATC
    36      1    -5.6350367764   0.003570545919       3.5456  ACCCCAC
    37      1    -8.9138379725   0.000134514579       0.1336  ACCCCAT
    38      6    -5.2392771660   0.005304089427       5.2670  ACCCCCC
    39      1    -6.7593614814   0.001159969600       1.1518  ACCCCGC
    40      1    -8.2369491451   0.000264690551       0.2628  ACCCTCC
    41      1   -12.6360591343   0.000003252589       0.0032  ACCTATC
    42      1   -12.2805333462   0.000004641220       0.0046  ACCTCTT
    43      1   -10.5216859036   0.000026945725       0.0268  ACGCCCG
    44      1    -8.6986867665   0.000166804721       0.1656  ACGGGAG
    45      1   -12.8704731776   0.000002572910       0.0026  ACGTCCG
    46      1   -12.5185628853   0.000003658114       0.0036  ACTCACC
    47      1    -9.3751355607   0.000084806738       0.0842  ACTCCAT
    48      1    -8.5678876629   0.000190113810       0.1888  ACTCCCC
    49      1    -8.8026401552   0.000150335641       0.1493  ACTTCCT
    50      2   -10.2733583447   0.000034541179       0.0343  ACTTCGT
    51      1   -12.2993887268   0.000004554528       0.0045  ACTTCTC
    52      1    -9.7998892913   0.000055457739       0.0551  ACTTCTT
    53      1    -8.4930083710   0.000204895929       0.2035  ACTTTAT
    54      1    -9.5168107263   0.000073604034       0.0731  ACTTTCT
    55      1    -5.2017267485   0.005507046921       5.4685  AGAAAAA
    56      2    -8.5550105247   0.000192577763       0.1912  AGAAACA
    57      3    -7.1929663223   0.000751855563       0.7466  AGAAGAA
    58      2    -9.5844961759   0.000068786973       0.0683  AGAAGAG
    59      2    -7.2409284879   0.000716646054       0.7116  AGAAGGA
    60      1    -7.6517514331   0.000475211099       0.4719  AGAGGAA
    61      1    -7.4515915801   0.000580516937       0.5765  AGAGGGA
    62      1    -7.0639115150   0.000855425532       0.8494  AGAGGGG
    63      1    -9.9424104645   0.000048091243       0.0478  AGAGGTA
    64      1   -11.1404926331   0.000014512610       0.0144  AGGAACG
    65      1    -9.0957193881   0.000112144831       0.1114  AGGAAGG
    66      1   -14.0306427843   0.000000806435       0.0008  AGGAGTC
    67      1    -9.5672115313   0.000069986266       0.0695  AGGGAGA
    68      1    -7.2311674761   0.000723675496       0.7186  AGGGGAA
    69     11    -4.1704380102   0.015445493358      15.3374  AGGGGAG
    70      2    -6.7550751334   0.001164952304       1.1568  AGGGGCG
    71     18    -3.9533655034   0.019190008934      19.0557  AGGGGGG
    72      1    -9.5117373806   0.000073978401       0.0735  AGGGGTA
    73      1    -6.4508021314   0.001579254891       1.5682  AGGGGTG
    74      1    -9.4809862733   0.000076288659       0.0758  AGGGTTG
    75      1   -13.3212335774   0.000001639313       0.0016  AGGTTTG
    76      1   -11.6384576250   0.000008820274       0.0088  AGTTGCT
    77      1   -14.9545183918   0.000000320136       0.0003  ATACCCT
    78      1   -10.0016342441   0.000045325796       0.0450  ATCCTCC
    79      1   -11.9230553381   0.000006635641       0.0066  ATCTCCT
    80      1   -13.2296547746   0.000001796528       0.0018  ATCTGTC
    81      1    -8.8048189741   0.000150008444       0.1490  ATTATTT
    82      1   -11.8519902006   0.000007124363       0.0071  ATTCCAC
    83      1   -12.7103929084   0.000003019580       0.0030  ATTCTGC
    84      1   -12.7069113672   0.000003030111       0.0030  ATTGCCT
    85      4    -8.3710760677   0.000231466346       0.2298  ATTTCCT
    86      1    -8.0592826250   0.000316153525       0.3139  ATTTCTT
    87      2    -8.5316375013   0.000197131902       0.1958  ATTTGGT
    88      6    -5.2530617826   0.005231476210       5.1949  ATTTTAT
    89      1   -10.7219552317   0.000022055353       0.0219  ATTTTCA
    90      2    -9.9281857786   0.000048780214       0.0484  ATTTTCC
    91      1    -6.3410707581   0.001762414107       1.7501  ATTTTCT
    92      3    -6.3774592705   0.001699435281       1.6875  ATTTTGT
    93      1    -9.1614492630   0.000105010600       0.1043  ATTTTTA
    94      2    -8.3680814060   0.000232160549       0.2305  ATTTTTC
    95      4    -4.7805477587   0.008391401245       8.3327  ATTTTTT
    96     12    -5.0876295783   0.006172634306       6.1294  CAAAAAA
    97      5    -5.6948999920   0.003363073496       3.3395  CAAAACA
    98      1   -10.5904965368   0.000025153927       0.0250  CAAAACC
    99      1    -6.4999768253   0.001503474035       1.4929  CAAAAGA
   100      2    -6.5382880918   0.001446963449       1.4368  CAAAATA
   101      1    -8.1624268425   0.000285169493       0.2832  CAAGAAA
   102      1    -9.8542235989   0.000052524880       0.0522  CACCTCC
   103      1    -8.8528575257   0.000142972604       0.1420  CAGGGCG
   104      1   -12.9426248598   0.000002393809       0.0024  CAGGGGT
   105      1    -9.6963383331   0.000061508306       0.0611  CAGGGTG
   106      1   -10.0551854733   0.000042962390       0.0427  CCAAACA
   107      1    -9.3536837052   0.000086645653       0.0860  CCCCAAC
   108      2    -7.0366178752   0.000879094748       0.8729  CCCCACC
   109      5    -5.6674254288   0.003456753488       3.4326  CCCCCAC
   110     78    -2.8323300723   0.058875509527      58.4634  CCCCCCC
   111      1    -6.0091083501   0.002456277344       2.4391  CCCCCGC
   112      1    -4.6003104606   0.010048715530       9.9784  CCCCCTC
   113      2    -7.3783007965   0.000624661412       0.6203  CCCCGCC
   114      2    -5.9022076185   0.002733403840       2.7143  CCCCTCC
   115      1    -8.7495448981   0.000158533458       0.1574  CCCTCCT
   116      1    -8.9444239919   0.000130462596       0.1295  CCCTCGC
   117      1    -8.7972372378   0.000151150091       0.1501  CCCTTCC
   118      1   -10.9615983521   0.000017355548       0.0172  CCCTTCT
   119      1    -7.5991105349   0.000500896766       0.4974  CCGCCCC
   120      1    -8.3402783684   0.000238705886       0.2370  CCTCCTT
   121      1    -9.4421766072   0.000079307599       0.0788  CCTCTCT
   122      1    -8.7724253785   0.000154947319       0.1539  CCTTCCC
   123      2    -6.4024410174   0.001657506329       1.6459  CCTTCCT
   124      2    -8.1109474929   0.000300234269       0.2981  CCTTCTT
   125      1    -9.5973780225   0.000067906553       0.0674  CGAAATA
   126      1    -8.9494432946   0.000129809406       0.1289  CGAAGGA
   127      1   -12.0935707703   0.000005595372       0.0056  CGAGATA
   128      1    -9.2531484071   0.000095809529       0.0951  CGAGGCG
   129      1    -8.3931864947   0.000226404690       0.2248  CGGGAGG
   130      1    -6.1426426723   0.002149236379       2.1342  CGGGGCG
   131      6    -5.6385916605   0.003557875576       3.5330  CGGGGGG
   132      1   -10.0469402189   0.000043318090       0.0430  CGGGGTA
   133      1    -6.9859093750   0.000924821904       0.9183  CGGGGTG
   134      1   -10.7753762316   0.000020908052       0.0208  CGTGGCG
   135      1    -5.7780192209   0.003094839535       3.0732  CTCCCCC
   136      3    -8.7588186198   0.000157070058       0.1560  CTTCCCT
   137      1    -7.8316900111   0.000396954056       0.3942  CTTCTCT
   138      1    -7.3562757774   0.000638572222       0.6341  CTTCTTT
   139      4    -6.0867228909   0.002272845085       2.2569  CTTTCCT
   140      6    -4.5885324657   0.010167768979      10.0966  CTTTTCT
   141      7    -4.1064463781   0.016466185277      16.3509  CTTTTTT
   142     14    -3.7348353639   0.023877101778      23.7100  GAAAAAA
   143      2    -6.6489905278   0.001295329044       1.2863  GAAAACA
   144      8    -4.2243790154   0.014634419638      14.5320  GAAAAGA
   145      1    -7.6319482297   0.000484715601       0.4813  GAAAAGG
   146      3    -6.3447175258   0.001755998697       1.7437  GAAAATA
   147      3    -6.5170538174   0.001478017203       1.4677  GAAAGAA
   148      1    -5.7227891307   0.003270576105       3.2477  GAAAGGA
   149      1    -9.3986403711   0.000082836616       0.0823  GAAATTA
   150      1   -14.4993207887   0.000000504690       0.0005  GACACTC
   151      1    -7.6277335213   0.000486762847       0.4834  GAGAAAG
   152      2    -7.6798860958   0.000462027523       0.4588  GAGAAGA
   153      1   -11.2704653199   0.000012743805       0.0127  GAGAGCG
   154      1    -5.4721878112   0.004202028848       4.1726  GAGGGGG
   155      1   -13.0603402297   0.000002127974       0.0021  GAGGGTT
   156      1   -12.3677143624   0.000004253730       0.0042  GCAATTA
   157      1   -16.5676083765   0.000000063794       0.0001  GCATCTG
   158      2    -5.5809600873   0.003768945265       3.7426  GCCCCCC
   159      4    -6.1186575515   0.002201409259       2.1860  GCCCCGC
   160      1    -8.5163146516   0.000200175785       0.1988  GCCTCCC
   161      1   -12.7240144924   0.000002978727       0.0030  GCTTACT
   162      1   -12.6410716481   0.000003236327       0.0032  GCTTCTC
   163      1    -9.6660776804   0.000063398036       0.0630  GGAAACA
   164      1    -7.1509706001   0.000784102662       0.7786  GGAAAGA
   165      2    -6.2445516710   0.001941000590       1.9274  GGAGGGA
   166      1    -8.2515518480   0.000260853438       0.2590  GGGAAGG
   167      5    -5.4632410293   0.004239792162       4.2101  GGGAGGG
   168      1   -11.2422487692   0.000013108512       0.0130  GGGAGTA
   169      1    -6.6154203620   0.001339551581       1.3302  GGGGAAG
   170      2    -5.5805760369   0.003770393008       3.7440  GGGGAGG
   171      1    -7.4538163870   0.000579226835       0.5752  GGGGCGG
   172      3    -4.2703008268   0.013977577691      13.8797  GGGGGAG
   173      4    -6.0623994973   0.002328806214       2.3125  GGGGGCG
   174      1    -5.8056370345   0.003010536327       2.9895  GGGGGGA
   175    108    -2.7445352114   0.064278169766      63.8282  GGGGGGG
   176      5    -5.7581264953   0.003157020755       3.1349  GGGGGTG
   177      1   -10.3382863888   0.000032369744       0.0321  GGGGGTT
   178      2    -6.9620029146   0.000947197518       0.9406  GGGTGGG
   179      1   -13.4038913997   0.000001509260       0.0015  GGGTTTG
   180      1   -11.2473274735   0.000013042106       0.0130  GTCTCCC
   181      1   -12.7069113672   0.000003030111       0.0030  GTTACCT
   182      1    -8.3806278311   0.000229265960       0.2277  GTTTAAT
   183      1    -9.2710759744   0.000094107202       0.0934  GTTTCAT
   184      2    -6.3774592705   0.001699435281       1.6875  GTTTTAT
   185      1   -10.2698686999   0.000034661926       0.0344  GTTTTCC
   186      1    -6.6827536794   0.001252324719       1.2436  GTTTTCT
   187      3    -5.7366714584   0.003225486594       3.2029  GTTTTGT
   188      1    -8.7097643273   0.000164967128       0.1638  GTTTTTC
   189      3    -5.1222306800   0.005962707157       5.9210  GTTTTTT
   190      5    -4.7833565763   0.008367864401       8.3093  TAAAAAA
   191      7    -6.5382880918   0.001446963449       1.4368  TAAAACA
   192      1    -6.1957038233   0.002038168184       2.0239  TAAAAGA
   193      6    -5.2836828364   0.005073710696       5.0382  TAAAATA
   194      1   -11.2365965290   0.000013182814       0.0131  TAAAGAG
   195      1    -8.1783006337   0.000280678511       0.2787  TAAAGGA
   196      1    -8.3574977686   0.000234630700       0.2330  TAAGATA
   197      1   -10.7575810953   0.000021283443       0.0211  TAAGGAA
   198      1   -15.4866824325   0.000000188027       0.0002  TAATCCC
   199      1    -8.7403882920   0.000159991752       0.1589  TAGAATA
   200      1   -10.8005248572   0.000020388799       0.0202  TAGAGTG
   201      1   -12.2762782631   0.000004661011       0.0046  TAGATCA
   202      1   -14.6470781278   0.000000435366       0.0004  TATGGCT
   203      1    -9.5615999423   0.000070380104       0.0699  TATTTGT
   204      1    -6.3591674216   0.001730807145       1.7187  TATTTTT
   205      2    -9.7985018268   0.000055534738       0.0551  TCAAATA
   206      1   -15.2351383504   0.000000241804       0.0002  TCAATCT
   207      1    -6.5652761951   0.001408434894       1.3986  TCCCCAC
   208      5    -4.2688765673   0.013997499572      13.8995  TCCCCCC
   209      1    -8.9831907084   0.000125501768       0.1246  TCCCCCG
   210      1    -7.5476993250   0.000527321929       0.5236  TCCCCCT
   211      1    -8.9154179212   0.000134302220       0.1334  TCCCCTA
   212      6    -4.5427983590   0.010643580282      10.5691  TCCCCTC
   213      1    -7.8213639536   0.000401074263       0.3983  TCCCCTT
   214      1    -8.7829682195   0.000153322315       0.1522  TCCCGCC
   215      4    -7.0591193310   0.000859534726       0.8535  TCCCTCC
   216      1    -5.9685964150   0.002557829031       2.5399  TCCCTTC
   217      1   -12.4394677841   0.000003959203       0.0039  TCCTCAT
   218      1    -7.2040437962   0.000743572864       0.7384  TCCTCCC
   219      1   -10.1780833970   0.000037993959       0.0377  TCCTCCT
   220      1    -7.4750565460   0.000567053702       0.5631  TCCTCTC
   221      1   -10.3610095559   0.000031642495       0.0314  TCCTCTT
   222      1    -9.8474058545   0.000052884205       0.0525  TCCTTCC
   223      1   -10.3524239703   0.000031915334       0.0317  TCGTTTT
   224      1    -8.0103011904   0.000332024701       0.3297  TCTCCCT
   225      1   -10.6424611329   0.000023880194       0.0237  TCTCCGT
   226      1   -10.1787794879   0.000037967520       0.0377  TCTCTCT
   227      3    -7.8101806809   0.000405584760       0.4027  TCTTCCT
   228      1   -10.3769027733   0.000031143569       0.0309  TCTTCTC
   229      1   -11.1103367433   0.000014956916       0.0149  TCTTTCC
   230      2    -7.6341509278   0.000483649093       0.4803  TCTTTCT
   231      3    -5.5795667327   0.003774200402       3.7478  TCTTTTT
   232      2    -8.3425209421   0.000238171170       0.2365  TGAAATA
   233      2    -9.4397213754   0.000079502557       0.0789  TGAAGAA
   234      1   -10.4823392827   0.000028027083       0.0278  TGAGGCA
   235      1   -15.3873656141   0.000000207660       0.0002  TGCTAGC
   236      1   -10.5076544782   0.000027326477       0.0271  TGGAAAG
   237      1    -9.3418076582   0.000087680796       0.0871  TGGGACG
   238      1    -8.0833000437   0.000308650792       0.3065  TGGGATG
   239      1   -10.0469402189   0.000043318090       0.0430  TGGGGCA
   240      2    -6.9859093750   0.000924821904       0.9183  TGGGGCG
   241      4    -5.3343186585   0.004823195236       4.7894  TGGGGGG
   242      1    -5.7314132035   0.003242491694       3.2198  TGGGGTG
   243      1    -9.2486684543   0.000096239714       0.0956  TGGGTCG
   244      1   -13.2616807563   0.000001739904       0.0017  TGGTCCG
   245      1    -6.7008503429   0.001229865650       1.2213  TGTTTTT
   246      1   -10.7116264671   0.000022284338       0.0221  TTAAACA
   247      1    -9.3805052966   0.000084352569       0.0838  TTAAATA
   248      1   -11.5063945459   0.000010065523       0.0100  TTATCCT
   249      1    -9.6173715453   0.000066562344       0.0661  TTATTAT
   250      1   -12.0346232843   0.000005935120       0.0059  TTCATCT
   251      1   -13.8403598208   0.000000975457       0.0010  TTCCCAA
   252      2    -7.2071607618   0.000741258781       0.7361  TTCCCCC
   253      1   -10.4573079232   0.000028737493       0.0285  TTCCCCT
   254      2   -10.7269722903   0.000021944977       0.0218  TTCCTCT
   255      1    -6.2699571766   0.001892309617       1.8791  TTCCTTC
   256      1   -11.7933537949   0.000007554601       0.0075  TTCTCAC
   257      1    -9.2722281833   0.000093998834       0.0933  TTCTTAC
   258      1    -8.8208970746   0.000147615878       0.1466  TTCTTAT
   259      1    -8.4874281299   0.000206042494       0.2046  TTCTTCC
   260      4    -8.0421390252   0.000321620260       0.3194  TTCTTCT
   261      2    -5.9573755771   0.002586691645       2.5686  TTCTTTT
   262      1    -9.7084017235   0.000060770765       0.0603  TTGTTCG
   263      1    -9.1804411057   0.000103035074       0.1023  TTGTTCT
   264      1   -11.0783211715   0.000015443518       0.0153  TTTACCT
   265      1   -13.8325667566   0.000000983088       0.0010  TTTCCCA
   266      3   -10.5040837588   0.000027424226       0.0272  TTTCCCC
   267      2    -9.9205051067   0.000049156321       0.0488  TTTCCCT
   268      1   -10.5765780102   0.000025506480       0.0253  TTTCCTC
   269      1    -8.8410661472   0.000144668427       0.1437  TTTCCTT
   270      1    -8.4349300336   0.000217148299       0.2156  TTTCTAT
   271      1   -11.8804667104   0.000006924348       0.0069  TTTCTGC
   272      1    -5.5715739454   0.003804487662       3.7779  TTTCTTT
   273      1   -13.4095818181   0.000001500696       0.0015  TTTGGGT
   274      1    -6.6870890684   0.001246907157       1.2382  TTTGTTT
   275      1    -7.0756789644   0.000845418350       0.8395  TTTTCCT
   276      3    -8.7542680194   0.000157786450       0.1567  TTTTCGT
   277      1    -5.6800437505   0.003413409102       3.3895  TTTTCTT
   278     10    -4.4060297332   0.012203533559      12.1181  TTTTTCT
   279      3    -5.5263242194   0.003980594021       3.9527  TTTTTGT
   280    123    -2.3210957659   0.098165959740      97.4788  TTTTTTT