

TREE #  1

  0  0.0000   4980.364696  x:  0.10202   0.11636   0.01363   0.02260   0.02070   0.05760   0.05693   0.07772   0.08234   0.10454   0.27708   0.12733   2.02795  
  1 99.0000   4969.538523  x:  0.10181   0.12805   0.03670   0.03867   0.03630   0.05517   0.05214   0.07762   0.07997   0.09760   0.27969   0.12712   2.03060  
  2 741.0493   4961.779304  x:  0.09805   0.15629   0.04309   0.03828   0.02841   0.05017   0.04297   0.07095   0.06730   0.06494   0.28705   0.12336   2.03979  
  3 354.1298   4960.181019  x:  0.09465   0.16713   0.04359   0.03593   0.03028   0.05478   0.05227   0.07331   0.06912   0.05596   0.29024   0.11996   2.04646  
  4 239.4929   4959.021525  x:  0.08799   0.18022   0.04521   0.03286   0.02736   0.05246   0.05169   0.07725   0.07849   0.05917   0.29475   0.11330   2.06149  
  5 135.3272   4958.036359  x:  0.08231   0.18890   0.03732   0.03429   0.03326   0.05309   0.04862   0.07713   0.07700   0.06411   0.29905   0.10762   2.08599  
  6 136.1979   4956.374807  x:  0.07910   0.19593   0.03705   0.03880   0.02885   0.05664   0.05317   0.06996   0.06995   0.07412   0.30528   0.10441   2.14101  
  7 221.5031   4943.687475  x:  0.09732   0.19065   0.04135   0.02322   0.03565   0.04286   0.05856   0.07589   0.06292   0.07735   0.33663   0.12262   2.62059  
  8 430.8293   4933.844036  x:  0.10786   0.17748   0.03501   0.04134   0.02752   0.05173   0.05220   0.08364   0.07766   0.06493   0.35452   0.13316   3.02208  
  9 3278.5405   4930.753327  x:  0.09836   0.16639   0.04247   0.03413   0.02978   0.06214   0.04502   0.07549   0.08167   0.05833   0.34438   0.12367   3.13869  
 10 687.1343   4929.287311  x:  0.08988   0.16100   0.04330   0.03698   0.02939   0.05380   0.04918   0.07471   0.08085   0.05373   0.32819   0.11518   3.19401  
 11 372.7910   4928.287878  x:  0.09125   0.16891   0.04379   0.03657   0.02758   0.05631   0.04809   0.08169   0.07677   0.05552   0.30070   0.11655   3.23294  
 12 140.4796   4928.085208  x:  0.09343   0.17234   0.04247   0.03652   0.02872   0.05548   0.04868   0.07736   0.07967   0.05576   0.29357   0.11874   3.24097  
 13 78.3068   4925.427515  x:  0.08903   0.19313   0.04229   0.03639   0.03047   0.05366   0.05190   0.07405   0.07370   0.06587   0.31491   0.11400   3.60978  
 14  0.2242   4925.109509  x:  0.09302   0.19122   0.04341   0.03570   0.03025   0.05358   0.05062   0.07636   0.07451   0.06122   0.31307   0.11799   3.74914  
 15  0.1009   4925.098561  x:  0.09242   0.19006   0.04360   0.03555   0.03038   0.05353   0.05085   0.07577   0.07475   0.06156   0.31288   0.11740   3.76923  
 16  0.0177   4925.098314  x:  0.09243   0.18992   0.04350   0.03560   0.03033   0.05353   0.05088   0.07582   0.07468   0.06162   0.31321   0.11743   3.77146  
 17  0.0018   4925.098300  x:  0.09242   0.18993   0.04346   0.03559   0.03033   0.05354   0.05087   0.07582   0.07470   0.06163   0.31318   0.11743   3.77142  
 18  0.0001   4925.098300  x:  0.09241   0.18992   0.04346   0.03558   0.03033   0.05354   0.05087   0.07582   0.07470   0.06164   0.31317   0.11745   3.77136  
 19  0.0000   4925.098300  x:  0.09240   0.18992   0.04346   0.03558   0.03033   0.05354   0.05087   0.07582   0.07470   0.06164   0.31317   0.11746   3.77137  
 20  0.0000   4925.098300  x:  0.09240   0.18992   0.04346   0.03558   0.03033   0.05354   0.05087   0.07582   0.07470   0.06164   0.31317   0.11746   3.77137  

TREE #  2

  0  0.0000   4947.345321  x:  0.10872   0.11636   0.01363   0.02260   0.02070   0.05760   0.05693   0.07772   0.08234   0.10454   0.27708   0.12063   3.77137  
  1 99.0000   4935.705967  x:  0.10983   0.13125   0.03814   0.03965   0.03730   0.05548   0.05246   0.07826   0.08039   0.09786   0.28134   0.12173   3.77128  
  2 749.3077   4927.197860  x:  0.10942   0.16683   0.04363   0.03849   0.02863   0.05060   0.04375   0.07205   0.06790   0.06486   0.29357   0.12132   3.77108  
  3 364.0397   4925.861177  x:  0.10712   0.17709   0.04341   0.03604   0.03036   0.05498   0.05265   0.07451   0.07046   0.05801   0.29817   0.11902   3.77100  
  4 217.5783   4925.332479  x:  0.10272   0.18497   0.04400   0.03388   0.02865   0.05322   0.05195   0.07716   0.07726   0.06071   0.30318   0.11462   3.77093  
  5 99.0902   4925.194312  x:  0.09986   0.18740   0.04118   0.03453   0.03082   0.05359   0.05082   0.07693   0.07637   0.06260   0.30619   0.11176   3.77090  
  6 53.1685   4925.162401  x:  0.09896   0.18779   0.04138   0.03517   0.03006   0.05401   0.05146   0.07602   0.07543   0.06376   0.30772   0.11087   3.77089  
  7 30.9462   4925.151825  x:  0.09884   0.18686   0.04177   0.03464   0.03028   0.05349   0.05167   0.07604   0.07507   0.06365   0.30993   0.11075   3.77086  
  8  9.5151   4925.144510  x:  0.09890   0.18598   0.04172   0.03506   0.03009   0.05371   0.05148   0.07624   0.07534   0.06324   0.31189   0.11080   3.77083  
  9 17.0006   4925.144134  x:  0.09899   0.18598   0.04174   0.03498   0.03012   0.05386   0.05140   0.07614   0.07539   0.06329   0.31203   0.11089   3.77083  
 10  2.9219   4925.144041  x:  0.09908   0.18603   0.04169   0.03500   0.03014   0.05382   0.05144   0.07611   0.07541   0.06334   0.31209   0.11098   3.77082  
 11  1.1379   4925.144021  x:  0.09910   0.18605   0.04168   0.03500   0.03013   0.05382   0.05143   0.07616   0.07538   0.06337   0.31210   0.11100   3.77081  
 12  0.2486   4925.112719  x:  0.09890   0.18868   0.04267   0.03528   0.03009   0.05357   0.05097   0.07578   0.07483   0.06202   0.31257   0.11076   3.73485  
 13  0.0912   4925.100663  x:  0.09898   0.19001   0.04308   0.03540   0.03009   0.05349   0.05080   0.07572   0.07462   0.06153   0.31324   0.11084   3.77226  
 14  0.3350   4925.098394  x:  0.09899   0.18997   0.04343   0.03557   0.03029   0.05355   0.05086   0.07592   0.07464   0.06169   0.31320   0.11096   3.77123  
 15  0.0010   4925.098301  x:  0.09905   0.18991   0.04346   0.03558   0.03032   0.05353   0.05087   0.07582   0.07470   0.06164   0.31316   0.11081   3.77133  
 16  0.0002   4925.098300  x:  0.09904   0.18992   0.04346   0.03558   0.03033   0.05354   0.05087   0.07582   0.07470   0.06164   0.31317   0.11081   3.77136  
 17  0.0000   4925.098300  x:  0.09904   0.18992   0.04346   0.03558   0.03033   0.05354   0.05087   0.07582   0.07470   0.06164   0.31317   0.11081   3.77136  