     2    402     84


 1

     1    108    -1.6249248800   0.196926467773      79.1644  AAAAAAAAAAAAA
     2      1    -5.3541750076   0.004728368757       1.9008  AAAAAAAAAAAAG
     3      2    -8.3536642781   0.000235531881       0.0947  AAAAAAAAAAGGG
     4      1   -13.9705132235   0.000000856413       0.0003  AAAAAAAAAATTT
     5      1    -5.6356868550   0.003568225538       1.4344  AAAAAAGAAAAAA
     6      1   -20.3992944588   0.000000001383       0.0000  AAAAATAAAATTT
     7      1   -22.4601345752   0.000000000176       0.0000  AAAAATTTATAAA
     8      1    -4.9572341541   0.007032351359       2.8270  AAAAGAAAAAAAA
     9      1   -19.3520993532   0.000000003940       0.0000  AAAGGAAGAAAGG
    10      1    -8.2209233498   0.000268966600       0.1081  CCCCCCCCCCCAC
    11     56    -2.1340253979   0.118359887975      47.5807  CCCCCCCCCCCCC
    12      1    -8.8719653296   0.000140266646       0.0564  CCCCCCCCCCTTT
    13      1   -10.1478929127   0.000039158505       0.0157  CCCCCCCCCTCCT
    14      1    -6.0700718267   0.002311007213       0.9290  CCCCCCCCTCCCC
    15      1    -5.5071835277   0.004057519195       1.6311  CCCCCCCTCCCCC
    16      1    -9.1195006713   0.000109509345       0.0440  CCCCCCTCCCTCC
    17      1    -5.7559733061   0.003163825741       1.2719  CCCCCTCCCCCCC
    18      1    -8.6357419298   0.000177641705       0.0714  CCCCTCCCCCCCT
    19      1    -8.3513680464   0.000236073338       0.0949  CCCCTCCCCCCTC
    20      1   -15.2620990701   0.000000235372       0.0001  CCCCTCTCCCTTC
    21      1    -6.3435514188   0.001758047574       0.7067  CCCTCTCTCTCCC
    22      1   -16.5755535698   0.000000063289       0.0000  CCCTTTCTTTTCC
    23      1    -7.6655661813   0.000468691316       0.1884  CCTCCCCCTCCCC
    24      1   -10.4826677123   0.000028017879       0.0113  CCTCTCTCCCCCC
    25      1   -19.3902435194   0.000000003792       0.0000  CCTCTTTTTCACC
    26      1   -13.4465479145   0.000001446234       0.0006  CCTTTCTTTTTTT
    27      1   -10.3366923893   0.000032421383       0.0130  CCTTTTTTTTTTT
    28      1    -8.4507458379   0.000213740940       0.0859  CTCTCTCTCTTCC
    29      1    -9.1034077785   0.000111285924       0.0447  CTCTCTTTCTTTT
    30      1   -16.4446883623   0.000000072138       0.0000  CTCTTTCCCCTTT
    31      1   -15.2959734315   0.000000227532       0.0001  GAAAAAGAAAGAG
    32      1    -6.0186624634   0.002432921541       0.9780  GAGGGGGGGGGGG
    33      1   -19.4015670837   0.000000003750       0.0000  GGAAAGGGGGAAG
    34      1    -6.1428208118   0.002148853550       0.8638  GGAGAGAGAGGGG
    35      1   -12.9878171591   0.000002288035       0.0009  GGAGGGAGGGAGG
    36      1    -6.1274021361   0.002182242773       0.8773  GGAGGGGGGGGGG
    37      2    -5.0704406522   0.006279652388       2.5244  GGGGAGGGGGGGG
    38      1   -11.9905194089   0.000006202740       0.0025  GGGGGAGGGGAAG
    39      1    -5.6413930040   0.003547922692       1.4263  GGGGGAGGGGGGG
    40      1    -5.7549401827   0.003167096052       1.2732  GGGGGGAGGGGGG
    41      2    -5.3931698435   0.004547535489       1.8281  GGGGGGGAGGGGG
    42      1    -5.9555440806   0.002591433502       1.0418  GGGGGGGGAGGGG
    43      1    -8.3957421063   0.000225826827       0.0908  GGGGGGGGGGAAG
    44      2    -5.2699777020   0.005143725267       2.0678  GGGGGGGGGGAGG
    45      1    -5.1874856610   0.005586034357       2.2456  GGGGGGGGGGGAG
    46      1    -8.8162095243   0.000148309460       0.0596  GGGGGGGGGGGGC
    47     70    -2.0442508820   0.129477147315      52.0498  GGGGGGGGGGGGG
    48      1    -6.1222899963   0.002193427267       0.8818  TCCCCCCCCCCCC
    49      1   -14.6563478716   0.000000431349       0.0002  TCCCTCCCCCTTC
    50      1   -16.2006939853   0.000000092072       0.0000  TCCCTTCCCCCCT
    51      1   -12.7559773177   0.000002885024       0.0012  TCTCTCCCTCTTC
    52      1    -6.6975900581   0.001233881906       0.4960  TCTCTCTCTCTCC
    53      1    -8.6460017160   0.000175828457       0.0707  TCTCTCTCTCTTC
    54      1    -5.1645082489   0.005715872935       2.2978  TCTCTCTCTCTTT
    55      1   -14.1603325355   0.000000708346       0.0003  TCTTCCCCCCCCC
    56      1   -14.6031743782   0.000000454906       0.0002  TCTTCTCTCTTTT
    57      1   -15.9157654206   0.000000122425       0.0000  TCTTCTTCTCTTT
    58      1    -5.9835255589   0.002519926464       1.0130  TCTTTTTTTTTTT
    59      1   -12.0402699153   0.000005901701       0.0024  TGGGAGGGGGGGG
    60      1   -25.5015520677   0.000000000008       0.0000  TTTCCTTCCGTCT
    61      1   -14.7159126364   0.000000406406       0.0002  TTTCCTTTTCTCT
    62      1   -10.7615404277   0.000021199342       0.0085  TTTCTCTCTTTTT
    63      1   -14.0152689995   0.000000818929       0.0003  TTTCTCTTTCTCC
    64      1    -9.5270912312   0.000072851223       0.0293  TTTCTCTTTCTTT
    65      1   -16.8033350759   0.000000050397       0.0000  TTTCTTTCCCCCC
    66      1    -6.4575727984   0.001568598398       0.6306  TTTCTTTCTCTTT
    67      1   -10.2316021550   0.000036014023       0.0145  TTTCTTTTCTTTT
    68      1    -5.9226183329   0.002678178625       1.0766  TTTCTTTTTTTTT
    69      1   -10.2381284784   0.000035779750       0.0144  TTTTCTCTCTTTT
    70      1    -5.0506588707   0.006405111915       2.5749  TTTTCTTTTTTTT
    71      1   -12.2625625396   0.000004725380       0.0019  TTTTTCTTTTCCC
    72      1    -5.6145364413   0.003644498746       1.4651  TTTTTCTTTTTTT
    73      1   -14.7920565147   0.000000376610       0.0002  TTTTTTTATTCCC
    74      1    -7.9281655530   0.000360447028       0.1449  TTTTTTTATTTTT
    75      1   -12.3714014655   0.000004238075       0.0017  TTTTTTTCTTTCC
    76      1    -9.1985112247   0.000101189939       0.0407  TTTTTTTCTTTTC
    77      1    -5.3696322754   0.004655843063       1.8716  TTTTTTTCTTTTT
    78      1    -8.4823431104   0.000207092892       0.0833  TTTTTTTTTTCCC
    79      1    -8.9774756978   0.000126221066       0.0507  TTTTTTTTTTCTC
    80      1    -5.2461820451   0.005267591482       2.1176  TTTTTTTTTTCTT
    81      1   -14.3112053881   0.000000609148       0.0002  TTTTTTTTTTGGG
    82      3    -5.1660841579   0.005706872333       2.2942  TTTTTTTTTTTCT
    83      1    -5.4473024113   0.004307910000       1.7318  TTTTTTTTTTTTC
    84     82    -1.6184227570   0.198211079708      79.6809  TTTTTTTTTTTTT

 2

     1    108    -1.6249251547   0.196926413663      79.1644  AAAAAAAAAAAAA
     2      1    -5.3542414119   0.004728054784       1.9007  AAAAAAAAAAAAG
     3      2    -8.3535613568   0.000235556123       0.0947  AAAAAAAAAAGGG
     4      1   -13.9707407039   0.000000856218       0.0003  AAAAAAAAAATTT
     5      1    -5.6357072373   0.003568152810       1.4344  AAAAAAGAAAAAA
     6      1   -20.3997564744   0.000000001382       0.0000  AAAAATAAAATTT
     7      1   -22.4608847996   0.000000000176       0.0000  AAAAATTTATAAA
     8      1    -4.9571125901   0.007033206292       2.8273  AAAAGAAAAAAAA
     9      1   -19.3519408680   0.000000003941       0.0000  AAAGGAAGAAAGG
    10      1    -8.2209903896   0.000268948569       0.1081  CCCCCCCCCCCAC
    11     56    -2.1340275304   0.118359635571      47.5806  CCCCCCCCCCCCC
    12      1    -8.8718596507   0.000140281470       0.0564  CCCCCCCCCCTTT
    13      1   -10.1483479223   0.000039140692       0.0157  CCCCCCCCCTCCT
    14      1    -6.0702096756   0.002310688665       0.9289  CCCCCCCCTCCCC
    15      1    -5.5069582027   0.004058433559       1.6315  CCCCCCCTCCCCC
    16      1    -9.1194207010   0.000109518103       0.0440  CCCCCCTCCCTCC
    17      1    -5.7561195947   0.003163362943       1.2717  CCCCCTCCCCCCC
    18      1    -8.6356871940   0.000177651429       0.0714  CCCCTCCCCCCCT
    19      1    -8.3511464240   0.000236125663       0.0949  CCCCTCCCCCCTC
    20      1   -15.2618535575   0.000000235430       0.0001  CCCCTCTCCCTTC
    21      1    -6.3436485132   0.001757876885       0.7067  CCCTCTCTCTCCC
    22      1   -16.5755604181   0.000000063289       0.0000  CCCTTTCTTTTCC
    23      1    -7.6662573587   0.000468367479       0.1883  CCTCCCCCTCCCC
    24      1   -10.4826802871   0.000028017527       0.0113  CCTCTCTCCCCCC
    25      1   -19.3900968200   0.000000003793       0.0000  CCTCTTTTTCACC
    26      1   -13.4466286927   0.000001446117       0.0006  CCTTTCTTTTTTT
    27      1   -10.3368667963   0.000032415729       0.0130  CCTTTTTTTTTTT
    28      1    -8.4505833568   0.000213775671       0.0859  CTCTCTCTCTTCC
    29      1    -9.1033849707   0.000111288462       0.0447  CTCTCTTTCTTTT
    30      1   -16.4445198881   0.000000072150       0.0000  CTCTTTCCCCTTT
    31      1   -15.2961786708   0.000000227486       0.0001  GAAAAAGAAAGAG
    32      1    -6.0185284410   0.002433247629       0.9782  GAGGGGGGGGGGG
    33      1   -19.4013282759   0.000000003751       0.0000  GGAAAGGGGGAAG
    34      1    -6.1427122761   0.002149086790       0.8639  GGAGAGAGAGGGG
    35      1   -12.9877401976   0.000002288211       0.0009  GGAGGGAGGGAGG
    36      1    -6.1273744143   0.002182303269       0.8773  GGAGGGGGGGGGG
    37      2    -5.0703198867   0.006280410799       2.5247  GGGGAGGGGGGGG
    38      1   -11.9904658097   0.000006203073       0.0025  GGGGGAGGGGAAG
    39      1    -5.6415395445   0.003547402816       1.4261  GGGGGAGGGGGGG
    40      1    -5.7549629739   0.003167023871       1.2731  GGGGGGAGGGGGG
    41      2    -5.3929451756   0.004548557289       1.8285  GGGGGGGAGGGGG
    42      1    -5.9556825117   0.002591074792       1.0416  GGGGGGGGAGGGG
    43      1    -8.3955455311   0.000225871223       0.0908  GGGGGGGGGGAAG
    44      2    -5.2698783596   0.005144236282       2.0680  GGGGGGGGGGAGG
    45      1    -5.1873882952   0.005586578272       2.2458  GGGGGGGGGGGAG
    46      1    -8.8164494432   0.000148273882       0.0596  GGGGGGGGGGGGC
    47     70    -2.0442535383   0.129476803391      52.0497  GGGGGGGGGGGGG
    48      1    -6.1226077736   0.002192730356       0.8815  TCCCCCCCCCCCC
    49      1   -14.6565207918   0.000000431275       0.0002  TCCCTCCCCCTTC
    50      1   -16.2011098021   0.000000092034       0.0000  TCCCTTCCCCCCT
    51      1   -12.7560147443   0.000002884916       0.0012  TCTCTCCCTCTTC
    52      1    -6.6977351105   0.001233702942       0.4959  TCTCTCTCTCTCC
    53      1    -8.6460189074   0.000175825434       0.0707  TCTCTCTCTCTTC
    54      1    -5.1644478816   0.005716217997       2.2979  TCTCTCTCTCTTT
    55      1   -14.1607262708   0.000000708068       0.0003  TCTTCCCCCCCCC
    56      1   -14.6029070922   0.000000455028       0.0002  TCTTCTCTCTTTT
    57      1   -15.9157629324   0.000000122426       0.0000  TCTTCTTCTCTTT
    58      1    -5.9833902290   0.002520267508       1.0131  TCTTTTTTTTTTT
    59      1   -12.0406487409   0.000005899466       0.0024  TGGGAGGGGGGGG
    60      1   -25.5017259593   0.000000000008       0.0000  TTTCCTTCCGTCT
    61      1   -14.7148867830   0.000000406823       0.0002  TTTCCTTTTCTCT
    62      1   -10.7619954236   0.000021189698       0.0085  TTTCTCTCTTTTT
    63      1   -14.0150490112   0.000000819109       0.0003  TTTCTCTTTCTCC
    64      1    -9.5269028844   0.000072864946       0.0293  TTTCTCTTTCTTT
    65      1   -16.8032699849   0.000000050400       0.0000  TTTCTTTCCCCCC
    66      1    -6.4572626881   0.001569084912       0.6308  TTTCTTTCTCTTT
    67      1   -10.2318428476   0.000036005356       0.0145  TTTCTTTTCTTTT
    68      1    -5.9227236018   0.002677896711       1.0765  TTTCTTTTTTTTT
    69      1   -10.2379958168   0.000035784497       0.0144  TTTTCTCTCTTTT
    70      1    -5.0505364677   0.006405895968       2.5752  TTTTCTTTTTTTT
    71      1   -12.2624937596   0.000004725705       0.0019  TTTTTCTTTTCCC
    72      1    -5.6146780040   0.003643982857       1.4649  TTTTTCTTTTTTT
    73      1   -14.7918906699   0.000000376672       0.0002  TTTTTTTATTCCC
    74      1    -7.9281027104   0.000360469680       0.1449  TTTTTTTATTTTT
    75      1   -12.3711785079   0.000004239020       0.0017  TTTTTTTCTTTCC
    76      1    -9.1983512935   0.000101206124       0.0407  TTTTTTTCTTTTC
    77      1    -5.3694062579   0.004656895484       1.8721  TTTTTTTCTTTTT
    78      1    -8.4822394548   0.000207114360       0.0833  TTTTTTTTTTCCC
    79      1    -8.9774402782   0.000126225537       0.0507  TTTTTTTTTTCTC
    80      1    -5.2460809095   0.005268124251       2.1178  TTTTTTTTTTCTT
    81      1   -14.3114339200   0.000000609008       0.0002  TTTTTTTTTTGGG
    82      3    -5.1659847437   0.005707439705       2.2944  TTTTTTTTTTTCT
    83      1    -5.4473678230   0.004307628222       1.7317  TTTTTTTTTTTTC
    84     82    -1.6184220819   0.198211213517      79.6809  TTTTTTTTTTTTT