

TREE #  1

  0  0.0000  13315.360941  x:  0.13703   0.16366   0.00619   0.03388   0.02505   0.06121   0.04878   0.08146   0.10526   0.11409   0.34628   0.09562   2.30187  
  1 99.0000  13290.057689  x:  0.13905   0.17263   0.03258   0.05082   0.03728   0.06503   0.04304   0.08244   0.10285   0.11326   0.34852   0.09763   2.30387  
  2 1747.6054  13279.297066  x:  0.14200   0.19261   0.03447   0.05589   0.03234   0.07120   0.03260   0.07709   0.08931   0.09151   0.35435   0.10059   2.31043  
  3 614.7899  13276.379799  x:  0.14227   0.20300   0.03518   0.05588   0.03457   0.07187   0.04084   0.07673   0.08611   0.08215   0.35759   0.10086   2.31538  
  4 585.7366  13274.169736  x:  0.13956   0.21691   0.03865   0.05027   0.03305   0.06446   0.04080   0.07915   0.09117   0.07885   0.36238   0.09815   2.32653  
  5 284.8246  13272.030454  x:  0.13222   0.23182   0.03459   0.05033   0.03421   0.07133   0.03967   0.08152   0.09756   0.08320   0.36856   0.09081   2.35013  
  6 252.0666  13269.764991  x:  0.12584   0.24082   0.03138   0.05562   0.03195   0.06747   0.04159   0.07690   0.09218   0.09218   0.37416   0.08443   2.38678  
  7 327.0080  13267.125887  x:  0.12462   0.24266   0.02806   0.05267   0.04008   0.06467   0.03872   0.07794   0.08525   0.09599   0.37895   0.08321   2.43983  
  8 514.0356  13250.011130  x:  0.13664   0.23241   0.03741   0.04063   0.03156   0.07434   0.04221   0.08372   0.07768   0.10306   0.40245   0.09523   2.80407  
  9 1341.6139  13231.057913  x:  0.14951   0.21396   0.02967   0.05772   0.03202   0.06730   0.04087   0.08496   0.09582   0.08962   0.42320   0.10811   3.23170  
 10 5580.3743  13228.566724  x:  0.14405   0.21038   0.03361   0.05411   0.03442   0.06868   0.04029   0.07444   0.09896   0.08363   0.41459   0.10265   3.28414  
 11 635.1982  13226.918505  x:  0.13766   0.20997   0.03582   0.05498   0.03245   0.06846   0.04032   0.08037   0.09651   0.07837   0.39675   0.09625   3.32030  
 12 362.4933  13225.731143  x:  0.14210   0.21890   0.03403   0.05486   0.03296   0.06833   0.04046   0.07933   0.09734   0.08151   0.37321   0.10069   3.34696  
 13 191.5309  13223.105958  x:  0.13709   0.23680   0.03513   0.05415   0.03430   0.06929   0.03949   0.07979   0.09230   0.08721   0.39039   0.09666   3.57546  
 14  0.1476  13222.963932  x:  0.13980   0.23409   0.03645   0.05421   0.03422   0.06911   0.03966   0.07982   0.09247   0.08516   0.38894   0.09934   3.62726  
 15  0.0405  13222.962272  x:  0.13951   0.23396   0.03664   0.05419   0.03422   0.06921   0.03969   0.07986   0.09251   0.08509   0.38896   0.09902   3.63018  
 16  0.0028  13222.962227  x:  0.13954   0.23397   0.03666   0.05423   0.03423   0.06921   0.03968   0.07987   0.09252   0.08508   0.38907   0.09899   3.63014  
 17  0.0001  13222.962223  x:  0.13957   0.23398   0.03667   0.05423   0.03423   0.06921   0.03968   0.07986   0.09252   0.08507   0.38903   0.09896   3.63000  
 18  0.0001  13222.962223  x:  0.13960   0.23398   0.03668   0.05423   0.03423   0.06921   0.03968   0.07986   0.09252   0.08507   0.38903   0.09894   3.62998  
 19  0.0000  13222.962223  x:  0.13963   0.23398   0.03668   0.05423   0.03423   0.06921   0.03968   0.07986   0.09252   0.08507   0.38903   0.09891   3.62998  
 20  0.0000  13222.962223  x:  0.13975   0.23398   0.03668   0.05423   0.03423   0.06921   0.03968   0.07986   0.09252   0.08507   0.38903   0.09879   3.62998  
 21  0.0000  13222.962223  x:  0.13976   0.23398   0.03668   0.05423   0.03423   0.06921   0.03968   0.07986   0.09252   0.08507   0.38903   0.09878   3.62998  
 22  0.0017  13222.962223  x:  0.13976   0.23398   0.03668   0.05423   0.03423   0.06921   0.03968   0.07986   0.09252   0.08507   0.38903   0.09878   3.62998  
 23  0.0185  13222.962223  x:  0.13977   0.23398   0.03668   0.05423   0.03423   0.06921   0.03968   0.07986   0.09252   0.08507   0.38903   0.09877   3.62998  
 24  0.0125  13222.962223  x:  0.13977   0.23398   0.03668   0.05423   0.03423   0.06921   0.03968   0.07986   0.09252   0.08507   0.38903   0.09877   3.62998  
 25  0.0122  13222.962223  x:  0.13977   0.23398   0.03668   0.05423   0.03423   0.06921   0.03968   0.07986   0.09252   0.08507   0.38903   0.09877   3.62998  
check convergence!


TREE #  2

  0  0.0000  13268.730819  x:  0.14983   0.16366   0.00619   0.03388   0.02505   0.06121   0.04878   0.08146   0.10526   0.11409   0.34628   0.08283   3.62998  
  1 99.0000  13241.618105  x:  0.15324   0.17464   0.03383   0.05197   0.03768   0.06569   0.04319   0.08311   0.10336   0.11383   0.35008   0.08625   3.62985  
  2 1779.4604  13228.782255  x:  0.15987   0.20045   0.03455   0.05731   0.03214   0.07262   0.03217   0.07822   0.09006   0.09166   0.36085   0.09287   3.62953  
  3 654.8766  13225.688060  x:  0.16129   0.21170   0.03462   0.05701   0.03448   0.07296   0.04080   0.07810   0.08767   0.08368   0.36624   0.09429   3.62938  
  4 611.8126  13224.031774  x:  0.15959   0.22319   0.03711   0.05197   0.03353   0.06608   0.04075   0.07986   0.09224   0.08254   0.37316   0.09259   3.62921  
  5 264.2209  13223.339802  x:  0.15493   0.23030   0.03486   0.05198   0.03404   0.06999   0.04016   0.08123   0.09586   0.08539   0.37951   0.08794   3.62908  
  6 149.1313  13223.145766  x:  0.15239   0.23200   0.03401   0.05369   0.03360   0.06877   0.04056   0.07993   0.09395   0.08744   0.38262   0.08540   3.62903  
  7 92.1011  13223.125645  x:  0.15210   0.23182   0.03395   0.05325   0.03427   0.06870   0.04031   0.08003   0.09326   0.08755   0.38346   0.08510   3.62901  
  8 34.6787  13223.111031  x:  0.15203   0.23107   0.03444   0.05288   0.03390   0.06899   0.04045   0.08017   0.09293   0.08750   0.38501   0.08503   3.62898  
  9 21.5682  13223.095014  x:  0.15214   0.22985   0.03438   0.05324   0.03396   0.06882   0.04037   0.08027   0.09328   0.08696   0.38728   0.08514   3.62894  
 10 31.4342  13223.093977  x:  0.15227   0.22981   0.03435   0.05319   0.03402   0.06885   0.04037   0.08003   0.09334   0.08708   0.38749   0.08527   3.62893  
 11  6.3061  13223.093767  x:  0.15236   0.22982   0.03430   0.05322   0.03401   0.06884   0.04037   0.08010   0.09332   0.08718   0.38755   0.08536   3.62892  
 12  2.4496  13223.052372  x:  0.15239   0.23106   0.03489   0.05346   0.03401   0.06894   0.04011   0.07996   0.09295   0.08638   0.38749   0.08537   3.59206  
 13  0.0841  13222.972593  x:  0.15293   0.23432   0.03600   0.05400   0.03399   0.06919   0.03961   0.07978   0.09234   0.08495   0.38920   0.08584   3.63082  
 14  0.4909  13222.962279  x:  0.15284   0.23404   0.03665   0.05421   0.03423   0.06921   0.03968   0.07988   0.09257   0.08513   0.38907   0.08565   3.62979  
 15  0.0009  13222.962223  x:  0.15290   0.23398   0.03668   0.05423   0.03423   0.06921   0.03968   0.07986   0.09252   0.08507   0.38903   0.08564   3.62997  
 16  0.0002  13222.962223  x:  0.15291   0.23398   0.03668   0.05423   0.03423   0.06921   0.03968   0.07986   0.09252   0.08507   0.38903   0.08562   3.62997  