

TREE # 1

  0  0.0000   2206.356154  x:  1.02341   0.93042   1.33547  
  1 99.0000   2200.289312  x:  1.35750   1.00919   1.33144  
  2 40.0017   2197.156454  x:  1.49375   1.21829   1.66081  
  3 20.9341   2197.108932  x:  1.50153   1.19744   1.67789  
  4  3.4956   2197.027175  x:  1.55591   1.21489   1.68711  
  5  0.0314   2197.027046  x:  1.55644   1.21531   1.68947  
  6  0.0019   2197.027043  x:  1.55662   1.21561   1.68962  
  7  0.0003   2197.027043  x:  1.55663   1.21561   1.68962  
  8  0.0000   2197.027043  x:  1.55662   1.21561   1.68962  
  9  0.0000   2197.027043  x:  1.55663   1.21561   1.68962  
 10  0.0000   2197.027043  x:  1.55663   1.21561   1.68962  
 11  0.0000   2197.027043  x:  1.55663   1.21561   1.68962  
check convergence!


TREE # 2

  0  0.0000   2197.798222  x:  1.52661   1.10648   1.53993  
  1 99.0000   2197.218997  x:  1.47673   1.17571   1.59986  
  2 11.2672   2197.091202  x:  1.51333   1.17839   1.66748  
  3  3.7248   2197.028120  x:  1.55765   1.21215   1.68524  
  4  3.7769   2197.027043  x:  1.55660   1.21557   1.68965  
  5  0.0050   2197.027043  x:  1.55663   1.21561   1.68962  