     2   1020    560


 1

     1    128    -3.0766656195   0.046112758072      47.0350  AAAAAAAAAAAAA
     2      6    -6.1544792987   0.002123946639       2.1664  AAAAAAAAAAAAC
     3      5    -4.9770903363   0.006894092894       7.0320  AAAAAAAAAAAAG
     4      1    -5.8050046074   0.003012440873       3.0727  AAAAAAAAAAAAT
     5      3    -6.4533215616   0.001575281076       1.6068  AAAAAAAAAAACA
     6      1    -9.3888189622   0.000083654197       0.0853  AAAAAAAAAAACC
     7      2    -5.2145653877   0.005436795861       5.5455  AAAAAAAAAAAGA
     8      1    -8.2562368497   0.000259634198       0.2648  AAAAAAAAAAAGC
     9      2    -6.1038468704   0.002234256272       2.2789  AAAAAAAAAAATA
    10      2    -5.8266198565   0.002948024905       3.0070  AAAAAAAAAACAA
    11      1    -8.8241624966   0.000147134636       0.1501  AAAAAAAAAACAC
    12      1    -8.5211811509   0.000199203996       0.2032  AAAAAAAAAACAT
    13      1    -9.1770725273   0.000103382741       0.1055  AAAAAAAAAACCA
    14      1    -7.9496653190   0.000352780214       0.3598  AAAAAAAAAACGA
    15      1    -9.3504432756   0.000086926878       0.0887  AAAAAAAAAACGG
    16      1   -10.6119411800   0.000024620253       0.0251  AAAAAAAAAACTT
    17      6    -4.7093971329   0.009010207904       9.1904  AAAAAAAAAAGAA
    18      2    -6.4896942898   0.001519013315       1.5494  AAAAAAAAAAGAG
    19      1    -7.4194850122   0.000599457780       0.6114  AAAAAAAAAAGAT
    20      1    -6.7641961758   0.001154375036       1.1775  AAAAAAAAAAGGA
    21      1    -9.5656313684   0.000070096943       0.0715  AAAAAAAAAAGGC
    22      1   -10.2054257598   0.000036969188       0.0377  AAAAAAAAAAGTT
    23      5    -5.4771451652   0.004181249452       4.2649  AAAAAAAAAATAA
    24      1    -7.3553429868   0.000639168154       0.6520  AAAAAAAAAATAG
    25      1   -10.7238477414   0.000022013652       0.0225  AAAAAAAAGAAGG
    26      1    -7.5995841370   0.000500659596       0.5107  AAAAAAACAAAAA
    27      1    -9.3685740245   0.000085365030       0.0871  AAAAAAAGAAAAC
    28      1   -11.1865101145   0.000013859909       0.0141  AAAAAAAGAAATG
    29      1   -10.3279215704   0.000032706996       0.0334  AAAAAAATAAAAC
    30      1    -6.3139056042   0.001810946569       1.8472  AAAAAAGAAAAAA
    31      1   -11.5804035206   0.000009347482       0.0095  AAAAAAGAACAAA
    32      1    -6.0465343578   0.002366047689       2.4134  AAAAAGAAAAAAA
    33      1    -9.7871402526   0.000056169298       0.0573  AAAAAGAAAAAGG
    34      1    -9.7014368617   0.000061195502       0.0624  AAAAAGAAAAGGA
    35      1   -10.2325720868   0.000035979109       0.0367  AAAAAGAAAAGGG
    36      1   -13.6231640265   0.000001212090       0.0012  AAAAAGAAAAGTC
    37      1   -14.4317104273   0.000000539993       0.0006  AAAAAGTAAAGGG
    38      1   -10.4175030609   0.000029904456       0.0305  AAAAATAAAAGAG
    39      1   -13.2763766548   0.000001714521       0.0017  AAAACAAAAACAC
    40      1    -8.9938857329   0.000124166676       0.1267  AAAAGAAAAACAA
    41      1    -9.5911309740   0.000068332096       0.0697  AAAAGAAAAAGAG
    42      1   -13.3441611035   0.000001602155       0.0016  AAAAGAAACAAAG
    43      1    -9.4591413358   0.000077973515       0.0795  AAAAGAAGAAAAA
    44      1   -11.0337777194   0.000016146977       0.0165  AAAAGAGAGAGGG
    45      1   -10.9323533672   0.000017870605       0.0182  AAACAGAGAGAAA
    46      1   -18.3012303151   0.000000011269       0.0000  AAACAGTGACCAA
    47      1    -9.0000405484   0.000123404800       0.1259  AAAGAAAAAATAA
    48      1   -12.5230558369   0.000003641715       0.0037  AAAGAAAAAATGG
    49      1   -16.1437480160   0.000000097467       0.0001  AAAGAAAAACATG
    50      1    -9.1486368096   0.000106364699       0.1085  AAAGAAAAAGAGA
    51      1   -13.1238421313   0.000001997045       0.0020  AAAGAAAAAGGGT
    52      1   -14.7896598204   0.000000377513       0.0004  AAAGAAAGAACAT
    53      1   -11.2966749117   0.000012414134       0.0127  AAAGAGAAAGGGG
    54      2    -6.1027866050   0.002236626433       2.2814  AAAGAGAGAGAAA
    55      1    -8.8404220879   0.000144761632       0.1477  AAAGAGAGAGAGG
    56      1   -11.4356243615   0.000010803673       0.0110  AAAGAGAGAGTTA
    57      1   -11.1948145534   0.000013745287       0.0140  AAAGAGGGAGAAG
    58      1   -15.7967983720   0.000000137892       0.0001  AAAGGCGGAGAAA
    59      1   -10.4024938954   0.000030356682       0.0310  AACACACACACAA
    60      1   -15.9012555342   0.000000124215       0.0001  AACACATACAATT
    61      1   -26.1158242969   0.000000000005       0.0000  AACTTGCGCAGTC
    62      1    -8.1620243068   0.000285284307       0.2910  AAGAAAAAAAAAG
    63      1   -10.7008621306   0.000022525510       0.0230  AAGAAAAAGAAGG
    64      1   -11.5341647648   0.000009789847       0.0100  AAGAAAAAGACAG
    65      1    -8.8409515242   0.000144685010       0.1476  AAGAGAAAGAAAA
    66      1   -13.5705673897   0.000001277549       0.0013  AAGAGAAGGAGAA
    67      1    -9.7220191723   0.000059948831       0.0611  AAGAGAGAAAAAA
    68      1    -6.3646952780   0.001721265887       1.7557  AAGAGAGAGAAAA
    69      1   -10.7049265329   0.000022434143       0.0229  AAGAGAGAGAGAC
    70      1   -12.0107916562   0.000006078263       0.0062  AAGAGGGAGAGGA
    71      1   -16.6135026153   0.000000060932       0.0001  AAGGAGGGAGCAG
    72      1   -16.6055312025   0.000000061420       0.0001  AAGGATAGGGGGA
    73      1   -16.7607866608   0.000000052588       0.0001  AAGGGAAAGGTAG
    74      1   -20.2609573154   0.000000001588       0.0000  AAGTAGATGTTCT
    75      1   -10.5397962220   0.000026462122       0.0270  AATACACACAAAA
    76      1   -18.2684056175   0.000000011645       0.0000  AATACATGTAAGC
    77      1   -22.5560028472   0.000000000160       0.0000  AATACGTATTAGT
    78      1   -10.0312635389   0.000044002525       0.0449  AATATATATAAAT
    79      1   -20.3023890485   0.000000001523       0.0000  ACACAAAAATCAC
    80      1    -6.6817275251   0.001253610457       1.2787  ACACACACACAAA
    81      1    -8.5482778564   0.000193878699       0.1978  ACACACACACAAG
    82      1    -9.6073463437   0.000067233001       0.0686  ACACACACACACG
    83      1   -10.3780774334   0.000031107008       0.0317  ACACACACACATG
    84      1    -7.4237808543   0.000596888127       0.6088  ACACACACACCCC
    85      1    -9.0692229978   0.000115155980       0.1175  ACACACACACTAA
    86      1   -10.9953701209   0.000016779207       0.0171  ACACATACACTCC
    87      1   -15.2499952899   0.000000238238       0.0002  ACACGCGCACCTT
    88      1   -16.6170631375   0.000000060716       0.0001  ACACGCGCGCCTG
    89      1   -12.9617441987   0.000002348475       0.0024  ACCTCCCCCTCCT
    90      1   -16.9442663884   0.000000043772       0.0000  ACCTCCTTCTCTT
    91      1   -22.3638308066   0.000000000194       0.0000  ACCTGCATCTGAC
    92      1   -20.1216784444   0.000000001825       0.0000  ACGAGCGCACTTC
    93      1   -14.4205776767   0.000000546038       0.0006  ACGCACGCGCTAG
    94      1   -18.4448007228   0.000000009762       0.0000  ACGGGAGAGAATG
    95      1   -14.7617196164   0.000000388210       0.0004  ACGTATGTGTAGG
    96      1   -16.4119634440   0.000000074538       0.0001  ACGTGTATGTCTC
    97      1    -5.9618824982   0.002575059861       2.6266  AGAAAAAAAAAAA
    98      1    -8.7554162983   0.000157605371       0.1608  AGAAAAAAAAAGG
    99      1   -13.0544302048   0.000002140588       0.0022  AGAAAAAAAACTG
   100      1    -7.5809262306   0.000510088545       0.5203  AGAAAAAAAAGAA
   101      1    -8.3599818531   0.000234048581       0.2387  AGAAAAAAAATAA
   102      1   -17.2007643511   0.000000033869       0.0000  AGAAAAAACACCA
   103      1   -12.2486883729   0.000004791398       0.0049  AGAAAAGAAAGGA
   104      1   -16.0928587054   0.000000102556       0.0001  AGAAACAAAACCA
   105      1   -10.5393103166   0.000026474983       0.0270  AGAAAGAAAATAA
   106      1   -12.5674572020   0.000003483555       0.0036  AGAAAGAAAGAAG
   107      1   -14.3594458503   0.000000580459       0.0006  AGAAGGAAAAAAC
   108      1   -14.6635298324   0.000000428262       0.0004  AGAAGGAAAATGA
   109      1   -16.5800701518   0.000000063004       0.0001  AGAAGGGAAGAGG
   110      1   -19.9785559318   0.000000002106       0.0000  AGACTTATATAGT
   111      1    -9.4869242812   0.000075836998       0.0774  AGAGAAAGAGAAG
   112      1   -13.6268390480   0.000001207644       0.0012  AGAGACGGAGGGG
   113      1   -13.7629799450   0.000001053935       0.0011  AGAGAGAAAGACC
   114      3    -5.4336323389   0.004367203793       4.4545  AGAGAGAGAGAAA
   115      1    -8.1206520448   0.000297334722       0.3033  AGAGAGAGAGAAT
   116      1    -6.6255775542   0.001326014365       1.3525  AGAGAGAGAGAGG
   117      1    -9.5132434183   0.000073867071       0.0753  AGAGAGAGAGCAG
   118      1    -8.5909569706   0.000185778218       0.1895  AGAGAGAGAGCGG
   119      2    -7.1346408269   0.000797011997       0.8130  AGAGAGAGAGGGA
   120      1    -7.8170809005   0.000402795769       0.4109  AGAGAGAGAGTAA
   121      1    -9.2765156599   0.000093596679       0.0955  AGAGAGAGGGAAA
   122      1   -12.1545015976   0.000005264620       0.0054  AGAGGGAGAGTAG
   123      1   -18.6839938978   0.000000007685       0.0000  AGAGGGATAGCCG
   124      1   -13.8500567243   0.000000966044       0.0010  AGAGGGGGAGCAA
   125      1   -16.0797753383   0.000000103906       0.0001  AGAGGGGGAGCAT
   126      1   -11.3344213760   0.000011954278       0.0122  AGAGGGGGGGAAA
   127      1   -14.2637947178   0.000000638723       0.0007  AGCGCGCGCGCCG
   128      1   -15.9067105742   0.000000123539       0.0001  AGGAACAAAAAGG
   129      1   -18.9119474126   0.000000006119       0.0000  AGGAGAAAAGCAA
   130      1   -15.3834862264   0.000000208467       0.0002  AGGGAAAAAAAAT
   131      1   -16.3400779302   0.000000080093       0.0001  AGGGACAGAGCGA
   132      1   -15.3246762469   0.000000221094       0.0002  AGGGAGAAAGGAT
   133      1   -12.4473976500   0.000003927931       0.0040  AGGGAGGGAGAGG
   134      1   -10.3118856285   0.000033235711       0.0339  AGGGGAGGGGAGG
   135      1    -9.7658669902   0.000057377002       0.0585  AGGGGGGGGGGGC
   136      1    -6.7798774252   0.001136414186       1.1591  AGGGGGGGGGGGG
   137      1   -19.8881070456   0.000000002305       0.0000  AGTACGCTTAAAA
   138      1   -23.4485506339   0.000000000066       0.0000  AGTCAATTTCTGT
   139      1   -15.7363994233   0.000000146477       0.0001  ATAAAAAAAGCGA
   140      1   -22.7417549301   0.000000000133       0.0000  ATAAAGAAGGTTG
   141      1   -17.7805199712   0.000000018968       0.0000  ATAAAGAGAATGC
   142      1   -15.2569067568   0.000000236597       0.0002  ATACAGACACGGA
   143      1   -14.2638249516   0.000000638704       0.0007  ATACATACACCAG
   144      1   -12.5129090527   0.000003678855       0.0038  ATACATACACTTA
   145      1   -20.0653482369   0.000000001931       0.0000  ATAGGGGAGGCAA
   146      1    -9.0340705180   0.000119275989       0.1217  ATATATATATCCC
   147      2    -8.1249085816   0.000296071795       0.3020  ATATATATATCTT
   148      1    -8.8589631784   0.000142102323       0.1449  ATATATATATTTA
   149      1    -6.6786379786   0.001257489534       1.2826  ATATATATATTTT
   150      1   -16.3805544103   0.000000076916       0.0001  ATATGTGTGTCGT
   151      1   -19.0187003829   0.000000005499       0.0000  ATCGCTCTTTTTC
   152      1   -26.2887760864   0.000000000004       0.0000  ATGAAATGTGTGA
   153      1   -17.5120318430   0.000000024810       0.0000  ATGTGCGCGTATC
   154      1   -16.4636040455   0.000000070786       0.0001  ATGTGTATGTCCG
   155      1    -9.4885819393   0.000075711391       0.0772  ATGTGTGTGTAAA
   156      1   -19.6726218596   0.000000002859       0.0000  ATTATTTCTTTAA
   157      1   -19.9544155854   0.000000002157       0.0000  ATTTCCATTTTAT
   158      1   -11.2120355715   0.000013510606       0.0138  ATTTTTTTTTATC
   159      1   -12.8761300726   0.000002558396       0.0026  CAAAAAAAAAATT
   160      1   -20.1919794046   0.000000001701       0.0000  CAACAAAAAGTAT
   161      1   -18.7560296988   0.000000007151       0.0000  CAACGCGCACAGA
   162      1   -19.7675820414   0.000000002600       0.0000  CAAGGAGAGGGAC
   163      1   -21.4562039409   0.000000000480       0.0000  CAATTTACATACT
   164      1    -7.1115805754   0.000815604848       0.8319  CACACACACAAAA
   165      2    -9.5618258748   0.000070364205       0.0718  CACACACACAAAC
   166      1   -11.1136938383   0.000014906789       0.0152  CACACACACACTG
   167      1   -12.5917203560   0.000003400050       0.0035  CACACACCCACAC
   168      1   -12.9794896149   0.000002307168       0.0024  CACACATACAAGG
   169      1   -17.9329235076   0.000000016287       0.0000  CACACATACGGTT
   170      1   -23.2893761747   0.000000000077       0.0000  CACCCTTTTTACG
   171      1   -19.5644790942   0.000000003186       0.0000  CACGCAAACAGTG
   172      1   -13.5929947100   0.000001249216       0.0013  CACGCACACAATA
   173      1   -18.7671463672   0.000000007072       0.0000  CACGCACATGGCA
   174      1   -17.3635228546   0.000000028782       0.0000  CACTATTTCTCCT
   175      1   -19.1852777979   0.000000004655       0.0000  CACTCATACTAGT
   176      1   -16.8778971564   0.000000046776       0.0000  CAGAAAAAGATTC
   177      1   -12.3408580527   0.000004369517       0.0045  CATACACACAAAC
   178      1   -11.9893152920   0.000006210213       0.0063  CATACACACACTT
   179      1   -15.4809816460   0.000000189102       0.0002  CATATACATAATC
   180      1   -15.0145730916   0.000000301477       0.0003  CATATATACATAC
   181      1   -12.3248569859   0.000004439996       0.0045  CATATATATAGCC
   182      1   -10.4765215988   0.000028190610       0.0288  CATATATATATAA
   183      1   -12.2108871472   0.000004975985       0.0051  CATATATATATTG
   184      1   -20.3001479850   0.000000001527       0.0000  CATTCCTTCTGTT
   185      1   -17.8544219511   0.000000017617       0.0000  CATTTTCTCTCAT
   186      1   -12.8145314142   0.000002720945       0.0028  CCACACACACATT
   187      1   -13.7147331993   0.000001106030       0.0011  CCATCTATATCCA
   188      1   -12.8323119799   0.000002672992       0.0027  CCATCTCTATCTC
   189      1   -20.0938346978   0.000000001877       0.0000  CCATCTTTCCCAC
   190      1   -19.7446326968   0.000000002661       0.0000  CCATTACTATACC
   191      1    -8.5123150344   0.000200978015       0.2050  CCCACCCCCCCCC
   192      1   -10.4311777025   0.000029498307       0.0301  CCCCCCCCCCAAA
   193      6    -6.3302305185   0.001781623025       1.8173  CCCCCCCCCCACC
   194      1    -7.0030217547   0.000909130641       0.9273  CCCCCCCCCCCAC
   195      1    -6.6833161859   0.001251620477       1.2767  CCCCCCCCCCCCA
   196     62    -4.0855056373   0.016814635059      17.1509  CCCCCCCCCCCCC
   197      2    -7.1299558519   0.000800754739       0.8168  CCCCCCCCCCCCG
   198      1    -5.5250104523   0.003985827031       4.0655  CCCCCCCCCCCCT
   199      1    -7.4496614207   0.000581638510       0.5933  CCCCCCCCCCCGC
   200      2    -5.7893221265   0.003060055804       3.1213  CCCCCCCCCCCTC
   201      4    -5.2293686066   0.005356906551       5.4640  CCCCCCCCCCTCC
   202      1    -7.5748506969   0.000513197038       0.5235  CCCCCCCCCCTTT
   203      1   -12.6570757926   0.000003184944       0.0032  CCCCCCTCTCCAC
   204      1   -11.4425653549   0.000010728945       0.0109  CCCCCCTCTCCTC
   205      1    -8.3828242775   0.000228762942       0.2333  CCCCCGCCCCCCC
   206      1   -19.7974070283   0.000000002524       0.0000  CCCCCGCTTCTTA
   207      1   -15.5263960295   0.000000180706       0.0002  CCCCCTCTCCAAT
   208      1   -14.9860430509   0.000000310202       0.0003  CCCCCTCTTTCTC
   209      1   -10.6346705703   0.000024066961       0.0245  CCCTCCCCCTCCG
   210      1   -10.9188206206   0.000018114087       0.0185  CCCTCCCTCCTCC
   211      1   -10.2656626539   0.000034808023       0.0355  CCCTCCCTCTCTT
   212      1    -8.4803623028   0.000207503510       0.2117  CCCTCCCTCTTCC
   213      1   -14.0828209730   0.000000765435       0.0008  CCCTCCTTCTATC
   214      1    -7.9764820310   0.000343445530       0.3503  CCCTCTCTCTCCT
   215      1    -7.6926575316   0.000456164288       0.4653  CCCTCTCTCTTCC
   216      1   -11.4394729313   0.000010762175       0.0110  CCCTCTCTTTCCT
   217      1   -17.8279568251   0.000000018089       0.0000  CCCTCTTTTCTTT
   218      1   -13.9764193939   0.000000851370       0.0009  CCCTCTTTTTTTT
   219      1   -21.3994836060   0.000000000509       0.0000  CCCTTATTCCCAC
   220      1   -13.1638417550   0.000001918740       0.0020  CCCTTTCCCTTCC
   221      1   -10.7423566165   0.000021609952       0.0220  CCCTTTCTCTCCT
   222      1   -10.8470988330   0.000019460986       0.0199  CCCTTTCTCTCTC
   223      1   -12.0124561405   0.000006068154       0.0062  CCCTTTCTCTGCC
   224      1   -18.7683560376   0.000000007063       0.0000  CCGACAAACAACC
   225      1   -17.0915365133   0.000000037778       0.0000  CCTATCCCCCCCG
   226      1    -6.8645660967   0.001044135408       1.0650  CCTCCCCCCCCCC
   227      1   -15.4236653058   0.000000200257       0.0002  CCTCCCTCCCCGA
   228      1   -10.0871331015   0.000041611537       0.0424  CCTCCCTTTCCCC
   229      1   -14.1606246095   0.000000708140       0.0007  CCTCCTTCTCCAT
   230      1   -11.4790336668   0.000010344727       0.0106  CCTCTCCCTCTTT
   231      1   -13.9500584577   0.000000874111       0.0009  CCTCTCTCCCACT
   232      1   -15.2971586096   0.000000227263       0.0002  CCTCTCTTTCAAA
   233      1   -18.3288305706   0.000000010962       0.0000  CCTCTGTTTCTGT
   234      1   -21.1484074071   0.000000000654       0.0000  CCTGCGTCTGAGC
   235      1   -19.2685138955   0.000000004283       0.0000  CCTGCTCTCGCGT
   236      1   -15.6015518454   0.000000167622       0.0002  CCTTCTCTCCTTC
   237      1    -9.3327883167   0.000088475196       0.0902  CCTTCTCTCTCCC
   238      1   -15.8027243410   0.000000137077       0.0001  CCTTCTTTTCCTT
   239      1   -11.9862062661   0.000006229551       0.0064  CCTTCTTTTTACC
   240      1   -12.0757766245   0.000005695828       0.0058  CCTTCTTTTTTTC
   241      1   -11.3058776363   0.000012300414       0.0125  CCTTCTTTTTTTT
   242      1   -15.1327669644   0.000000267869       0.0003  CCTTTCCCTCTTC
   243      1   -23.4803745274   0.000000000063       0.0000  CCTTTGCTTGCCA
   244      1   -17.4261491827   0.000000027035       0.0000  CCTTTTTCTTAGC
   245      1   -13.3023406322   0.000001670578       0.0017  CCTTTTTCTTCCT
   246      1   -13.4133464210   0.000001495057       0.0015  CCTTTTTCTTCTT
   247      1    -9.2735256118   0.000093876956       0.0958  CCTTTTTTTTCCC
   248      1    -9.0060863752   0.000122660967       0.1251  CCTTTTTTTTTTT
   249      1   -19.9575495291   0.000000002151       0.0000  CGAAGAAAGAGAT
   250      1   -22.4666790260   0.000000000175       0.0000  CGAAGCACGCCCC
   251      1   -22.6826749931   0.000000000141       0.0000  CGAATAACAACCA
   252      1   -19.0760134499   0.000000005193       0.0000  CGACATACACCGA
   253      1    -9.9879598767   0.000045949854       0.0469  CGCACACACAAAA
   254      1   -12.2347474636   0.000004858662       0.0050  CGCACACACATAT
   255      1   -13.8654352343   0.000000951301       0.0010  CGCACATACACGC
   256      1   -23.3219426131   0.000000000074       0.0000  CGCACGATCGGCA
   257      1   -18.9498071574   0.000000005891       0.0000  CGCATGCTCGCCT
   258      1   -13.6226700658   0.000001212689       0.0012  CGCGCACGCGACT
   259      1    -9.8081267683   0.000055002783       0.0561  CGCGCGCGCGACC
   260      1   -10.7173669271   0.000022156782       0.0226  CGCGCGCGCGAGC
   261      1   -16.1640955750   0.000000095504       0.0001  CGCGCGGACGCGC
   262      1   -13.0340978945   0.000002184556       0.0022  CGCGCGTGCGCGA
   263      1   -11.6739074187   0.000008513074       0.0087  CGCGCGTGCGCGC
   264      1   -18.0480923859   0.000000014515       0.0000  CGCGGGGGGGCCT
   265      1   -21.7648508095   0.000000000353       0.0000  CGGACAGAAAGTT
   266      1   -16.1982556364   0.000000092297       0.0001  CGTGAGCGTGCGC
   267      1   -16.0605798566   0.000000105920       0.0001  CGTGAGCGTGTCC
   268      1   -17.5259030180   0.000000024468       0.0000  CGTGCGCACGGCA
   269      1   -20.0314067438   0.000000001997       0.0000  CGTGCGTGTTGTA
   270      1   -18.4696309578   0.000000009522       0.0000  CGTGTGCACGCGA
   271      1   -22.1887175221   0.000000000231       0.0000  CGTTTGCCTTATT
   272      1   -17.8210024541   0.000000018215       0.0000  CGTTTGTGTGCTA
   273      1   -24.2687851952   0.000000000029       0.0000  CTACCAATAAATC
   274      1   -22.4226526135   0.000000000183       0.0000  CTAGTGGGAGCGA
   275      1   -23.8999927438   0.000000000042       0.0000  CTATGGATGTTAG
   276      1   -13.2115080719   0.000001829426       0.0019  CTCACTCACAATC
   277      1   -24.1822621673   0.000000000031       0.0000  CTCCATATTCCAA
   278      1    -9.4792066764   0.000076424543       0.0780  CTCCCCCCCCCAC
   279      2    -6.5950653162   0.001367097614       1.3944  CTCCCCCCCCCCC
   280      1   -10.6000194272   0.000024915526       0.0254  CTCCCCCCCCCTA
   281      1    -7.7344227676   0.000437504850       0.4463  CTCCCCCCCCTCC
   282      1    -9.0898372225   0.000112806429       0.1151  CTCCCCCCCCTTC
   283      1   -13.6001310499   0.000001240333       0.0013  CTCCCCCTCCTTA
   284      1   -12.7483415001   0.000002907138       0.0030  CTCCCCCTCTTCC
   285      1    -8.6672674251   0.000172128817       0.1756  CTCCCTCCCCCCC
   286      1    -9.5517112576   0.000071079524       0.0725  CTCCCTCTCCCCC
   287      1    -9.9320653579   0.000048591334       0.0496  CTCCCTCTCTCTC
   288      2   -12.7986972089   0.000002764372       0.0028  CTCCTTCCCCCCT
   289      1    -8.4500104982   0.000213898170       0.2182  CTCTCCCTCTCCC
   290      1    -9.2967675428   0.000091720235       0.0936  CTCTCCCTCTCTC
   291      1    -8.7598468453   0.000156908638       0.1600  CTCTCCCTCTTTT
   292      1    -9.0070357958   0.000122544565       0.1250  CTCTCTCCCTTTT
   293      1   -16.1107947187   0.000000100733       0.0001  CTCTCTCCTTGCT
   294      1    -9.0429336543   0.000118223500       0.1206  CTCTCTCTCTACT
   295      1   -10.6153700377   0.000024535978       0.0250  CTCTCTCTCTATG
   296      1    -6.6060444914   0.001352170106       1.3792  CTCTCTCTCTCTT
   297      1    -6.8378531680   0.001072403200       1.0939  CTCTCTCTCTTCC
   298      2    -5.8356476422   0.002921530541       2.9800  CTCTCTCTCTTTT
   299      1   -10.5005717001   0.000027520711       0.0281  CTCTCTCTTTCCT
   300      2    -9.2855497294   0.000092754928       0.0946  CTCTCTTTCTCTC
   301      1   -12.7195226682   0.000002992137       0.0031  CTCTTCCCCTCCC
   302      1   -11.1418334223   0.000014493165       0.0148  CTCTTTCTCTCAC
   303      1   -12.2828216407   0.000004630611       0.0047  CTCTTTTTTTCCT
   304      1   -15.8926469466   0.000000125288       0.0001  CTTCCTTTTCGTC
   305      1   -11.8828995742   0.000006907522       0.0070  CTTCTCTCTCCCA
   306      1    -9.1234828014   0.000109074131       0.1113  CTTCTCTCTCTTT
   307      1   -14.0250065236   0.000000810993       0.0008  CTTCTTCCTCCCC
   308      1   -15.8723397688   0.000000127859       0.0001  CTTCTTCTCCCTT
   309      1   -18.5787848547   0.000000008538       0.0000  CTTCTTCTCTTCG
   310      1    -9.8370977719   0.000053432159       0.0545  CTTCTTTCTCTTT
   311      1   -18.5351855273   0.000000008918       0.0000  CTTGTATGTAGTT
   312      1   -15.1585919736   0.000000261040       0.0003  CTTTCCCCTCTTT
   313      1   -11.5385357821   0.000009747148       0.0099  CTTTCCCTCTTTT
   314      1   -16.8795792981   0.000000046697       0.0000  CTTTCCTTCTCCG
   315      1   -15.1791406564   0.000000255731       0.0003  CTTTCCTTCTCCT
   316      1   -16.5096298156   0.000000067602       0.0001  CTTTCTCCCCACC
   317      1   -14.9112588480   0.000000334289       0.0003  CTTTCTCCTTCAC
   318      1   -14.2612144667   0.000000640373       0.0007  CTTTCTCTTCTTC
   319      1   -14.7571081404   0.000000390004       0.0004  CTTTCTTTTTAGA
   320      1    -9.6046829237   0.000067412309       0.0688  CTTTCTTTTTCTC
   321      1   -12.5010497136   0.000003722743       0.0038  CTTTCTTTTTGCT
   322      1    -9.9920171050   0.000045763803       0.0467  CTTTCTTTTTTCC
   323      1   -16.5936924767   0.000000062151       0.0001  CTTTTCCTCTGTT
   324      1   -14.3958376267   0.000000559715       0.0006  CTTTTCCTTTCTC
   325      1   -15.2075646514   0.000000248564       0.0003  CTTTTCTTTCCTC
   326      1   -11.5927211774   0.000009233049       0.0094  CTTTTCTTTTCTC
   327      1   -15.2512020866   0.000000237951       0.0002  CTTTTTTCCTCCC
   328      1   -15.1363979738   0.000000266898       0.0003  CTTTTTTCTCCCT
   329      1    -9.9573960674   0.000047375939       0.0483  CTTTTTTTCTTTT
   330      1   -10.0407722814   0.000043586099       0.0445  CTTTTTTTTCTTT
   331      1    -9.1607857673   0.000105080297       0.1072  CTTTTTTTTTCCT
   332      1    -7.9425537505   0.000355297976       0.3624  CTTTTTTTTTTTC
   333      1   -12.0341033075   0.000005938207       0.0061  GAAAAAAAAATTT
   334      1   -11.5775125508   0.000009374545       0.0096  GAAAAAAGAAGGG
   335      1   -13.6614711932   0.000001166537       0.0012  GAAAAGAAAACGG
   336      1   -12.6327904503   0.000003263239       0.0033  GAAAGAAAAAACG
   337      1   -13.8999942669   0.000000918987       0.0009  GAAAGAAAAACTA
   338      1    -9.4718442183   0.000076989291       0.0785  GAAAGAAAAAGAA
   339      1   -15.4727765194   0.000000190660       0.0002  GAAAGAAAAGTAG
   340      1   -17.8721591578   0.000000017307       0.0000  GAAAGAAGGGAGG
   341      1    -9.1719788118   0.000103910686       0.1060  GAAAGAGAGAGAG
   342      1   -16.4318620353   0.000000073069       0.0001  GAAAGGAAAGAAG
   343      1   -13.2544001642   0.000001752618       0.0018  GAAGAGGGAGGGA
   344      1   -13.2344737002   0.000001787891       0.0018  GAAGGAGAGAAAG
   345      1   -17.5286549928   0.000000024401       0.0000  GAAGGGAGGGCTG
   346      1   -11.4704892631   0.000010433495       0.0106  GAAGGGGGAGGAG
   347      1   -13.2019939946   0.000001846915       0.0019  GACAGAGAGAGGC
   348      1   -18.5839534762   0.000000008494       0.0000  GACATACATATAC
   349      1   -16.1344007526   0.000000098383       0.0001  GACATATACACCC
   350      1   -13.8843583534   0.000000933469       0.0010  GAGAAAAAGAGGC
   351      1   -16.3732695892   0.000000077478       0.0001  GAGAAGAGAAGAA
   352      1   -16.8857624365   0.000000046409       0.0000  GAGAGAAAAAACC
   353      1   -11.3498990394   0.000011770678       0.0120  GAGAGAAAAAGGG
   354      2    -6.8066803423   0.001106359546       1.1285  GAGAGAGAGAAGG
   355      1    -9.0722435093   0.000114808675       0.1171  GAGAGAGAGATGA
   356      1   -10.2489945723   0.000035393068       0.0361  GAGAGAGAGATTT
   357      1   -10.0002787376   0.000045387277       0.0463  GAGAGAGGGAAGG
   358      1    -8.7533172529   0.000157936540       0.1611  GAGAGGGAGAAAA
   359      1   -13.5329486701   0.000001326524       0.0014  GAGAGGGAGGAAG
   360      1   -11.3919322474   0.000011286173       0.0115  GAGAGGGGGAAAA
   361      1    -9.3104476013   0.000090474040       0.0923  GAGGGAGAGAAAA
   362      1   -12.8412826601   0.000002649121       0.0027  GAGGGAGGGGACG
   363      2    -7.7413335365   0.000434491778       0.4432  GAGGGGGGGGAGG
   364      2    -6.6700015108   0.001268396835       1.2938  GAGGGGGGGGGGG
   365      1   -17.6223949160   0.000000022217       0.0000  GAGTGTGCGTCCG
   366      1   -14.1569703803   0.000000710732       0.0007  GATAGATATAGCA
   367      1   -13.4038480621   0.000001509325       0.0015  GCACACACACGAC
   368      1   -20.2200640906   0.000000001654       0.0000  GCACATGTACCCA
   369      1   -17.3760370576   0.000000028424       0.0000  GCAGACACAGTAA
   370      1   -18.0315083403   0.000000014758       0.0000  GCATAAATATCGG
   371      1   -21.8897742425   0.000000000311       0.0000  GCCAGCTTCACCC
   372      1   -14.4433831225   0.000000533726       0.0005  GCCCTCTCTCCTT
   373      1   -29.3730800774   0.000000000000       0.0000  GCCTGGATAGCGC
   374      1   -19.9953357449   0.000000002071       0.0000  GCGAACAAGAAAT
   375      1   -20.8961452102   0.000000000841       0.0000  GCGAGCATGCCAC
   376      1    -9.8398006117   0.000053287935       0.0544  GCGCGCGCGCAAG
   377      1   -10.2322457010   0.000035990854       0.0367  GCGCGCGCGCCGG
   378      1    -7.6135060950   0.000493737729       0.5036  GCGCGCGCGCGGG
   379      1   -11.7472511241   0.000007911041       0.0081  GCGCGCGCGCTAC
   380      1   -11.7458414734   0.000007922201       0.0081  GCGCGGGCGCGGG
   381      1   -18.8402743144   0.000000006573       0.0000  GCGGACGGGGGAC
   382      1   -19.7010123817   0.000000002779       0.0000  GCGTACGAGCAAG
   383      1   -10.4905329539   0.000027798376       0.0284  GCGTGTGTGTAGG
   384      1   -20.2808442655   0.000000001556       0.0000  GCTTCCTTTTGAT
   385      1   -11.6393972180   0.000008811990       0.0090  GGAAAAAAAAAAT
   386      1    -9.2442893872   0.000096662079       0.0986  GGAAAAAAAAGGG
   387      1   -17.6790477319   0.000000020994       0.0000  GGAAAAGAAACCG
   388      1   -10.9861958972   0.000016933851       0.0173  GGAAGAGAAAAGG
   389      1   -10.6846989417   0.000022892552       0.0234  GGAAGAGAGAGGA
   390      1   -14.2840585481   0.000000625910       0.0006  GGAAGGGGAAAAA
   391      1   -13.3777117828   0.000001549293       0.0016  GGAGAAAGAGATA
   392      1    -9.4739155860   0.000076829983       0.0784  GGAGAGAGAGCGG
   393      1    -9.2645422660   0.000094724084       0.0966  GGAGAGAGAGGAA
   394      1   -16.8503022156   0.000000048085       0.0000  GGAGGAAAATGGG
   395      1   -10.5197942833   0.000026996744       0.0275  GGAGGGGGAGGGC
   396      1    -7.6758248291   0.000463907755       0.4732  GGGAGAGAGAAGG
   397      1   -15.6546737943   0.000000158950       0.0002  GGGAGGAGGGCTG
   398      1    -8.4735804876   0.000208915543       0.2131  GGGAGGGAGAAGG
   399      1    -8.5266868086   0.000198110261       0.2021  GGGCGCGCGCGGG
   400      1   -16.7092654055   0.000000055368       0.0001  GGGCGCGCGGGTG
   401      1   -21.0119680016   0.000000000749       0.0000  GGGCGTTTGCCTT
   402      1    -9.6007577493   0.000067677435       0.0690  GGGGAGGGGGAAG
   403      1    -6.9283878195   0.000979578854       0.9992  GGGGAGGGGGGGG
   404      1   -10.5756793596   0.000025529412       0.0260  GGGGGAAGGGAGG
   405      1    -9.2093755885   0.000100096525       0.1021  GGGGGAGAGGGGG
   406      2    -6.6066164249   0.001351396975       1.3784  GGGGGGGGGGAGA
   407      4    -5.2919966003   0.005031703922       5.1323  GGGGGGGGGGAGG
   408      1   -11.3277838399   0.000012033889       0.0123  GGGGGGGGGGCCC
   409      1   -10.1532511009   0.000038949248       0.0397  GGGGGGGGGGCCG
   410      1   -12.0691835948   0.000005733505       0.0058  GGGGGGGGGGCCT
   411      3    -6.8524100538   0.001056905422       1.0780  GGGGGGGGGGCGG
   412      1   -12.0747713541   0.000005701556       0.0058  GGGGGGGGGGCTC
   413      3    -5.8580888185   0.002856698138       2.9138  GGGGGGGGGGGAG
   414      1    -7.5315709440   0.000535895733       0.5466  GGGGGGGGGGGCG
   415      1    -5.5908719959   0.003731772355       3.8064  GGGGGGGGGGGGA
   416      1    -7.2090725915   0.000739842974       0.7546  GGGGGGGGGGGGC
   417     75    -4.2166654108   0.014747740258      15.0427  GGGGGGGGGGGGG
   418      1   -10.1406057995   0.000039444900       0.0402  GGGGGGGGGGGTC
   419      3    -7.1820962527   0.000760072866       0.7753  GGGGGGGGGGGTG
   420      1    -9.1990125629   0.000101139221       0.1032  GGGGGGGGGGTAA
   421      1    -8.1352097086   0.000293037577       0.2989  GGGGGGGGGGTAG
   422      1    -9.1003751659   0.000111623923       0.1139  GGGGGGGGGGTGT
   423      1    -9.4565619437   0.000078174899       0.0797  GGGGGGGGGGTTG
   424      1   -12.5726638875   0.000003465464       0.0035  GGGTGTGTGTGTT
   425      1   -20.8705547223   0.000000000863       0.0000  GGTAGTGAGATCA
   426      1   -13.3509523225   0.000001591311       0.0016  GGTATATATACGG
   427      1   -13.0575635563   0.000002133891       0.0022  GTAAAAAAAAAAC
   428      1   -12.5849860662   0.000003423024       0.0035  GTATATATATACC
   429      1   -11.5331508295   0.000009799778       0.0100  GTATATATATTAA
   430      1   -15.9967389669   0.000000112903       0.0001  GTATATATGTAAC
   431      1   -15.7146752096   0.000000149694       0.0002  GTCTGTCTCTACT
   432      1   -12.6805358509   0.000003111095       0.0032  GTCTGTGTGTAGG
   433      1   -19.8770008556   0.000000002331       0.0000  GTGAGAGACACCA
   434      1   -15.9462220976   0.000000118753       0.0001  GTGAGAGGGAATT
   435      1   -16.9818740108   0.000000042157       0.0000  GTGTATACATGAA
   436      1   -15.5102252153   0.000000183652       0.0002  GTGTATATATCGG
   437      1   -15.5344941540   0.000000179248       0.0002  GTGTGTGCGCAGA
   438      1    -9.3698168188   0.000085259005       0.0870  GTGTGTGTGTAAG
   439      1   -11.0377976816   0.000016082197       0.0164  GTGTGTGTGTCGA
   440      1   -10.0959504220   0.000041246247       0.0421  GTGTGTGTGTGGC
   441      1   -14.6432068954   0.000000437055       0.0004  GTTCTTTCTCCCT
   442      1   -13.2543119700   0.000001752772       0.0018  GTTTTTTTTTAGA
   443      1   -15.0011577246   0.000000305548       0.0003  TAAGAGAGAGACG
   444      1   -10.7752011525   0.000020911712       0.0213  TACACACACACTT
   445      1   -12.1997282207   0.000005031823       0.0051  TACATACACACAA
   446      1   -15.6415603047   0.000000161048       0.0002  TACCCACACACAA
   447      1   -13.4620342357   0.000001424009       0.0015  TACGCGCGCGCAC
   448      1   -16.7253638412   0.000000054484       0.0001  TACTCCCTCTTAC
   449      1   -17.2757525984   0.000000031422       0.0000  TAGAAAGAGTAAG
   450      1   -13.6673469438   0.000001159703       0.0012  TAGATATATATCC
   451      1   -15.8648133850   0.000000128825       0.0001  TAGGTATATATAA
   452      1    -8.4615764777   0.000211438480       0.2157  TATATATATAAAG
   453      1    -8.8525037225   0.000143023197       0.1459  TATATATATAAAT
   454      1    -8.5537422045   0.000192822168       0.1967  TATATATATAATT
   455      1    -9.3094726723   0.000090562289       0.0924  TATATATATAGAG
   456      1    -9.0115097621   0.000121997530       0.1244  TATATATATAGTT
   457      1    -8.7818798297   0.000153489280       0.1566  TATATATATATTA
   458      1    -6.2436469588   0.001942757431       1.9816  TATATATATATTT
   459      1    -9.1845442635   0.000102613171       0.1047  TATATGTATATTT
   460      1   -17.1198134199   0.000000036725       0.0000  TATCTATGTCCTC
   461      1   -14.7015977116   0.000000412266       0.0004  TATTTATATACTA
   462      1   -13.5125850964   0.000001353814       0.0014  TATTTATTTTCAT
   463      1   -13.3776265136   0.000001549425       0.0016  TCCCCCCCCCGGG
   464      1    -8.6187241090   0.000180690649       0.1843  TCCCCCCCCCTTT
   465      1   -19.9360193782   0.000000002197       0.0000  TCCCTCCTCTATG
   466      1   -13.1957008212   0.000001858574       0.0019  TCCCTTTCCCCTT
   467      1   -12.9883474287   0.000002286822       0.0023  TCCGTGCGCGTTT
   468      1   -14.0476780406   0.000000792813       0.0008  TCCTCTCTTTCTC
   469      1   -17.9347446530   0.000000016257       0.0000  TCGCACTCTCCTA
   470      1   -13.3167599367   0.000001646663       0.0017  TCTCCATCTCTCT
   471      1   -10.0009614618   0.000045356300       0.0463  TCTCCCCCTCCCC
   472      1   -17.7048018898   0.000000020460       0.0000  TCTCCCCCTTTTG
   473      1   -12.8526204886   0.000002619255       0.0027  TCTCCCTTTCCTT
   474      1   -19.1379735961   0.000000004881       0.0000  TCTCCCTTTTAAT
   475      1   -12.6471994393   0.000003216556       0.0033  TCTCCTTTTTTTT
   476      1   -10.3637444497   0.000031556075       0.0322  TCTCTCTCTCAAT
   477      1    -7.7931212147   0.000412563174       0.4208  TCTCTCTCTCATT
   478      1    -8.6096106669   0.000182344889       0.1860  TCTCTCTCTCGCC
   479      1   -11.0926535098   0.000015223755       0.0155  TCTCTCTCTCGTG
   480      1    -7.0826157364   0.000839574169       0.8564  TCTCTCTCTCTTC
   481      1    -5.4759907613   0.004186079090       4.2698  TCTCTCTCTCTTT
   482      1    -9.9462035452   0.000047909174       0.0489  TCTCTCTTTCCCT
   483      1   -15.9695741246   0.000000116012       0.0001  TCTCTGTCTCGGC
   484      1   -16.7423754480   0.000000053565       0.0001  TCTCTTCTTCATC
   485      1   -12.5156199522   0.000003668895       0.0037  TCTCTTTTTTCCT
   486      1   -20.0890031186   0.000000001886       0.0000  TCTGCCTGTCACC
   487      1   -14.6726525439   0.000000424373       0.0004  TCTTTATTTTCGT
   488      1    -9.3750540129   0.000084813654       0.0865  TCTTTCTTTTCCC
   489      2    -7.8758858531   0.000379792369       0.3874  TCTTTTTTTTTCT
   490      1   -15.4536005636   0.000000194351       0.0002  TGATTTTTATTGT
   491      1   -16.4190782039   0.000000074009       0.0001  TGCTCTCTCTAGC
   492      1   -14.3077801033   0.000000611238       0.0006  TGTATGTATAAAC
   493      1   -13.8297855990   0.000000985826       0.0010  TGTCTATATCTTT
   494      1   -19.2661026031   0.000000004294       0.0000  TGTGAAAGCGAAA
   495      1   -11.8075543257   0.000007448080       0.0076  TGTGTATGTGAGA
   496      1   -10.1085411232   0.000040730184       0.0415  TGTGTATGTGGGG
   497      1   -13.3419349156   0.000001605725       0.0016  TGTGTGTGAGAGG
   498      2    -9.8116237472   0.000054810776       0.0559  TGTGTGTGTGAAG
   499      2    -7.6013353056   0.000499783624       0.5098  TGTGTGTGTGGGG
   500      1    -9.8469424580   0.000052908717       0.0540  TGTGTGTGTGGGT
   501      1   -12.6888723768   0.000003085267       0.0031  TGTTTCTTTTATT
   502      1   -19.5403495311   0.000000003264       0.0000  TTACACACTCAAT
   503      1   -18.7244792199   0.000000007380       0.0000  TTATTCCCTTTTA
   504      1   -10.5498773132   0.000026196695       0.0267  TTCCCCCCCCCCT
   505      1   -16.7326320278   0.000000054089       0.0001  TTCCCCTTTCTTC
   506      1   -13.3614389349   0.000001574711       0.0016  TTCCTCTCTCACT
   507      1   -15.1466567363   0.000000264174       0.0003  TTCTCATTTTTTC
   508      1   -13.1580117640   0.000001929959       0.0020  TTCTCTTTCTACT
   509      1    -8.9356932810   0.000131606614       0.1342  TTCTCTTTCTTTT
   510      1   -21.5365827010   0.000000000443       0.0000  TTCTGTTCTTCGA
   511      1    -8.5621743937   0.000191203091       0.1950  TTCTTTTTCTCTT
   512      1   -10.5037986201   0.000027432047       0.0280  TTCTTTTTTTATC
   513      1    -7.9205678909   0.000363196012       0.3705  TTCTTTTTTTCTT
   514      1   -10.0618646209   0.000042676394       0.0435  TTGTTTTTTTATT
   515      1   -17.2140403580   0.000000033422       0.0000  TTTACATATAAGC
   516      1   -20.7534156259   0.000000000970       0.0000  TTTAGGTATTTTC
   517      1   -15.5571688087   0.000000175230       0.0002  TTTATAAATACAT
   518      1    -9.8683538754   0.000051787908       0.0528  TTTATATATATAT
   519      1   -20.8560843988   0.000000000876       0.0000  TTTATATTCGGTT
   520      1   -16.9423544471   0.000000043856       0.0000  TTTATCTTTTTGG
   521      1   -18.1508280970   0.000000013098       0.0000  TTTCCTCCTTTCC
   522      1   -14.9603195816   0.000000318285       0.0003  TTTCGCTCTCTCA
   523      1    -7.7310429814   0.000438986024       0.4478  TTTCTCTCTCCTT
   524      1    -6.1648418246   0.002102050831       2.1441  TTTCTCTCTCTTT
   525      1   -16.2242257075   0.000000089931       0.0001  TTTCTTCCCCCCT
   526      1   -10.0662420320   0.000042489990       0.0433  TTTCTTCCTCTTT
   527      1   -12.1394318825   0.000005344557       0.0055  TTTCTTTCTCAAT
   528      1    -8.6718359232   0.000171344240       0.1748  TTTCTTTTTCCTT
   529      1    -9.2536689050   0.000095759674       0.0977  TTTTCCTTTTTTT
   530      1   -17.3457110155   0.000000029299       0.0000  TTTTCTATTTAAC
   531      1   -11.9940950837   0.000006180601       0.0063  TTTTCTCTCTCCT
   532      1   -10.6291572889   0.000024200015       0.0247  TTTTCTCTCTCTT
   533      1   -15.9532069641   0.000000117926       0.0001  TTTTCTTTCCTCT
   534      1   -11.8318076527   0.000007269612       0.0074  TTTTCTTTCTTTC
   535      1    -8.1727425676   0.000282242884       0.2879  TTTTCTTTTTTTC
   536      1    -7.0695727438   0.000850596454       0.8676  TTTTTATTTTTTT
   537      1    -7.7055689456   0.000450312422       0.4593  TTTTTCTTTTCTT
   538      1    -8.2079707657   0.000272473072       0.2779  TTTTTCTTTTTCT
   539      1    -6.1268625770   0.002183420540       2.2271  TTTTTCTTTTTTT
   540      1    -6.3942648771   0.001671113886       1.7045  TTTTTTCTTTTTT
   541      1    -9.9785258393   0.000046385398       0.0473  TTTTTTTATTTTA
   542      1   -14.8558064772   0.000000353350       0.0004  TTTTTTTCTCGTA
   543      1   -11.1565645415   0.000014281229       0.0146  TTTTTTTCTTTAC
   544      1    -6.3709152086   0.001710592960       1.7448  TTTTTTTCTTTTT
   545      1    -7.7612203821   0.000425936458       0.4345  TTTTTTTGTTTTT
   546      1    -8.0020251688   0.000334783947       0.3415  TTTTTTTTATTTT
   547      1   -14.4110413091   0.000000551270       0.0006  TTTTTTTTTAAAA
   548      1   -11.3487746013   0.000011783921       0.0120  TTTTTTTTTCCCC
   549      3    -5.5324345514   0.003956345429       4.0355  TTTTTTTTTTATT
   550      1    -7.7340885908   0.000437651078       0.4464  TTTTTTTTTTCAT
   551      4    -4.7783926915   0.008409504779       8.5777  TTTTTTTTTTCTT
   552      1    -8.6109866661   0.000182094156       0.1857  TTTTTTTTTTGTA
   553      1    -9.2282888703   0.000098221162       0.1002  TTTTTTTTTTTAG
   554      1    -6.1645738600   0.002102614182       2.1447  TTTTTTTTTTTAT
   555      1    -5.2911497701   0.005035966726       5.1367  TTTTTTTTTTTCT
   556      1    -6.6112135260   0.001345198725       1.3721  TTTTTTTTTTTGT
   557      3    -5.8632030161   0.002842125714       2.8990  TTTTTTTTTTTTA
   558      3    -5.0499031309   0.006409954343       6.5382  TTTTTTTTTTTTC
   559      4    -6.3098426821   0.001818319271       1.8547  TTTTTTTTTTTTG
   560    127    -3.1992561054   0.040792538042      41.6084  TTTTTTTTTTTTT

 2

     1    128    -3.0766680706   0.046112645046      47.0349  AAAAAAAAAAAAA
     2      6    -6.1544835538   0.002123937602       2.1664  AAAAAAAAAAAAC
     3      5    -4.9770921678   0.006894080268       7.0320  AAAAAAAAAAAAG
     4      1    -5.8050088625   0.003012428055       3.0727  AAAAAAAAAAAAT
     5      3    -6.4533220564   0.001575280297       1.6068  AAAAAAAAAAACA
     6      1    -9.3888221344   0.000083653931       0.0853  AAAAAAAAAAACC
     7      2    -5.2145638127   0.005436804424       5.5455  AAAAAAAAAAAGA
     8      1    -8.2562371081   0.000259634131       0.2648  AAAAAAAAAAAGC
     9      2    -6.1038473651   0.002234255167       2.2789  AAAAAAAAAAATA
    10      2    -5.8266202960   0.002948023610       3.0070  AAAAAAAAAACAA
    11      1    -8.8241645625   0.000147134332       0.1501  AAAAAAAAAACAC
    12      1    -8.5211832565   0.000199203577       0.2032  AAAAAAAAAACAT
    13      1    -9.1770709951   0.000103382899       0.1055  AAAAAAAAAACCA
    14      1    -7.9496616737   0.000352781500       0.3598  AAAAAAAAAACGA
    15      1    -9.3504384568   0.000086927297       0.0887  AAAAAAAAAACGG
    16      1   -10.6119380418   0.000024620330       0.0251  AAAAAAAAAACTT
    17      6    -4.7093960403   0.009010217748       9.1904  AAAAAAAAAAGAA
    18      2    -6.4896921351   0.001519016588       1.5494  AAAAAAAAAAGAG
    19      1    -7.4194856551   0.000599457394       0.6114  AAAAAAAAAAGAT
    20      1    -6.7641909266   0.001154381096       1.1775  AAAAAAAAAAGGA
    21      1    -9.5656277501   0.000070097197       0.0715  AAAAAAAAAAGGC
    22      1   -10.2054249665   0.000036969217       0.0377  AAAAAAAAAAGTT
    23      5    -5.4771456047   0.004181247614       4.2649  AAAAAAAAAATAA
    24      1    -7.3553426749   0.000639168353       0.6520  AAAAAAAAAATAG
    25      1   -10.7238450234   0.000022013712       0.0225  AAAAAAAAGAAGG
    26      1    -7.5995887476   0.000500657288       0.5107  AAAAAAACAAAAA
    27      1    -9.3685778119   0.000085364707       0.0871  AAAAAAAGAAAAC
    28      1   -11.1865094701   0.000013859918       0.0141  AAAAAAAGAAATG
    29      1   -10.3279279850   0.000032706786       0.0334  AAAAAAATAAAAC
    30      1    -6.3139055835   0.001810946606       1.8472  AAAAAAGAAAAAA
    31      1   -11.5804012585   0.000009347503       0.0095  AAAAAAGAACAAA
    32      1    -6.0465364705   0.002366042690       2.4134  AAAAAGAAAAAAA
    33      1    -9.7871382113   0.000056169412       0.0573  AAAAAGAAAAAGG
    34      1    -9.7014313709   0.000061195838       0.0624  AAAAAGAAAAGGA
    35      1   -10.2325665054   0.000035979310       0.0367  AAAAAGAAAAGGG
    36      1   -13.6231623608   0.000001212092       0.0012  AAAAAGAAAAGTC
    37      1   -14.4317048794   0.000000539996       0.0006  AAAAAGTAAAGGG
    38      1   -10.4175032346   0.000029904451       0.0305  AAAAATAAAAGAG
    39      1   -13.2763819085   0.000001714512       0.0017  AAAACAAAAACAC
    40      1    -8.9938868668   0.000124166535       0.1266  AAAAGAAAAACAA
    41      1    -9.5911290322   0.000068332229       0.0697  AAAAGAAAAAGAG
    42      1   -13.3441656375   0.000001602148       0.0016  AAAAGAAACAAAG
    43      1    -9.4591440127   0.000077973307       0.0795  AAAAGAAGAAAAA
    44      1   -11.0337702694   0.000016147097       0.0165  AAAAGAGAGAGGG
    45      1   -10.9323496784   0.000017870671       0.0182  AAACAGAGAGAAA
    46      1   -18.3012274437   0.000000011269       0.0000  AAACAGTGACCAA
    47      1    -9.0000342337   0.000123405579       0.1259  AAAGAAAAAATAA
    48      1   -12.5230442712   0.000003641757       0.0037  AAAGAAAAAATGG
    49      1   -16.1437402106   0.000000097468       0.0001  AAAGAAAAACATG
    50      1    -9.1486310327   0.000106365314       0.1085  AAAGAAAAAGAGA
    51      1   -13.1238346131   0.000001997060       0.0020  AAAGAAAAAGGGT
    52      1   -14.7896545686   0.000000377515       0.0004  AAAGAAAGAACAT
    53      1   -11.2966748190   0.000012414135       0.0127  AAAGAGAAAGGGG
    54      2    -6.1027874400   0.002236624566       2.2814  AAAGAGAGAGAAA
    55      1    -8.8404250611   0.000144761201       0.1477  AAAGAGAGAGAGG
    56      1   -11.4356214400   0.000010803705       0.0110  AAAGAGAGAGTTA
    57      1   -11.1948124024   0.000013745317       0.0140  AAAGAGGGAGAAG
    58      1   -15.7967985260   0.000000137892       0.0001  AAAGGCGGAGAAA
    59      1   -10.4024997910   0.000030356503       0.0310  AACACACACACAA
    60      1   -15.9012565704   0.000000124214       0.0001  AACACATACAATT
    61      1   -26.1158131188   0.000000000005       0.0000  AACTTGCGCAGTC
    62      1    -8.1620253174   0.000285284019       0.2910  AAGAAAAAAAAAG
    63      1   -10.7008556693   0.000022525655       0.0230  AAGAAAAAGAAGG
    64      1   -11.5341600794   0.000009789893       0.0100  AAGAAAAAGACAG
    65      1    -8.8409517304   0.000144684980       0.1476  AAGAGAAAGAAAA
    66      1   -13.5705643668   0.000001277553       0.0013  AAGAGAAGGAGAA
    67      1    -9.7220215890   0.000059948686       0.0611  AAGAGAGAAAAAA
    68      1    -6.3646984018   0.001721260510       1.7557  AAGAGAGAGAAAA
    69      1   -10.7049277040   0.000022434116       0.0229  AAGAGAGAGAGAC
    70      1   -12.0107862590   0.000006078295       0.0062  AAGAGGGAGAGGA
    71      1   -16.6134974792   0.000000060933       0.0001  AAGGAGGGAGCAG
    72      1   -16.6055253818   0.000000061420       0.0001  AAGGATAGGGGGA
    73      1   -16.7607779705   0.000000052588       0.0001  AAGGGAAAGGTAG
    74      1   -20.2609536569   0.000000001588       0.0000  AAGTAGATGTTCT
    75      1   -10.5398020158   0.000026461968       0.0270  AATACACACAAAA
    76      1   -18.2684079661   0.000000011645       0.0000  AATACATGTAAGC
    77      1   -22.5560031409   0.000000000160       0.0000  AATACGTATTAGT
    78      1   -10.0312715588   0.000044002172       0.0449  AATATATATAAAT
    79      1   -20.3023866290   0.000000001523       0.0000  ACACAAAAATCAC
    80      1    -6.6817254890   0.001253613010       1.2787  ACACACACACAAA
    81      1    -8.5482752510   0.000193879204       0.1978  ACACACACACAAG
    82      1    -9.6073505040   0.000067232721       0.0686  ACACACACACACG
    83      1   -10.3780759686   0.000031107053       0.0317  ACACACACACATG
    84      1    -7.4237832167   0.000596886717       0.6088  ACACACACACCCC
    85      1    -9.0692189622   0.000115156445       0.1175  ACACACACACTAA
    86      1   -10.9953702590   0.000016779205       0.0171  ACACATACACTCC
    87      1   -15.2499867341   0.000000238240       0.0002  ACACGCGCACCTT
    88      1   -16.6170576923   0.000000060716       0.0001  ACACGCGCGCCTG
    89      1   -12.9617410886   0.000002348483       0.0024  ACCTCCCCCTCCT
    90      1   -16.9442588577   0.000000043773       0.0000  ACCTCCTTCTCTT
    91      1   -22.3638249870   0.000000000194       0.0000  ACCTGCATCTGAC
    92      1   -20.1216680720   0.000000001825       0.0000  ACGAGCGCACTTC
    93      1   -14.4205698208   0.000000546042       0.0006  ACGCACGCGCTAG
    94      1   -18.4447935764   0.000000009762       0.0000  ACGGGAGAGAATG
    95      1   -14.7617137613   0.000000388212       0.0004  ACGTATGTGTAGG
    96      1   -16.4119573012   0.000000074538       0.0001  ACGTGTATGTCTC
    97      1    -5.9618850332   0.002575053333       2.6266  AGAAAAAAAAAAA
    98      1    -8.7554177703   0.000157605139       0.1608  AGAAAAAAAAAGG
    99      1   -13.0544276779   0.000002140593       0.0022  AGAAAAAAAACTG
   100      1    -7.5809251603   0.000510089090       0.5203  AGAAAAAAAAGAA
   101      1    -8.3599823602   0.000234048462       0.2387  AGAAAAAAAATAA
   102      1   -17.2007649383   0.000000033869       0.0000  AGAAAAAACACCA
   103      1   -12.2486822633   0.000004791427       0.0049  AGAAAAGAAAGGA
   104      1   -16.0928592620   0.000000102556       0.0001  AGAAACAAAACCA
   105      1   -10.5393052691   0.000026475116       0.0270  AGAAAGAAAATAA
   106      1   -12.5674477042   0.000003483588       0.0036  AGAAAGAAAGAAG
   107      1   -14.3594452507   0.000000580460       0.0006  AGAAGGAAAAAAC
   108      1   -14.6635245646   0.000000428265       0.0004  AGAAGGAAAATGA
   109      1   -16.5800566322   0.000000063005       0.0001  AGAAGGGAAGAGG
   110      1   -19.9785569403   0.000000002106       0.0000  AGACTTATATAGT
   111      1    -9.4869214409   0.000075837214       0.0774  AGAGAAAGAGAAG
   112      1   -13.6268394672   0.000001207644       0.0012  AGAGACGGAGGGG
   113      1   -13.7629821710   0.000001053932       0.0011  AGAGAGAAAGACC
   114      3    -5.4336287903   0.004367219291       4.4546  AGAGAGAGAGAAA
   115      1    -8.1206505254   0.000297335173       0.3033  AGAGAGAGAGAAT
   116      1    -6.6255816682   0.001326008909       1.3525  AGAGAGAGAGAGG
   117      1    -9.5132386250   0.000073867425       0.0753  AGAGAGAGAGCAG
   118      1    -8.5909577395   0.000185778075       0.1895  AGAGAGAGAGCGG
   119      2    -7.1346390807   0.000797013389       0.8130  AGAGAGAGAGGGA
   120      1    -7.8170753539   0.000402798003       0.4109  AGAGAGAGAGTAA
   121      1    -9.2765114237   0.000093597075       0.0955  AGAGAGAGGGAAA
   122      1   -12.1544964926   0.000005264647       0.0054  AGAGGGAGAGTAG
   123      1   -18.6839929316   0.000000007685       0.0000  AGAGGGATAGCCG
   124      1   -13.8500482507   0.000000966052       0.0010  AGAGGGGGAGCAA
   125      1   -16.0797679764   0.000000103907       0.0001  AGAGGGGGAGCAT
   126      1   -11.3344171557   0.000011954328       0.0122  AGAGGGGGGGAAA
   127      1   -14.2637952762   0.000000638723       0.0007  AGCGCGCGCGCCG
   128      1   -15.9067133502   0.000000123538       0.0001  AGGAACAAAAAGG
   129      1   -18.9119426124   0.000000006119       0.0000  AGGAGAAAAGCAA
   130      1   -15.3834829403   0.000000208467       0.0002  AGGGAAAAAAAAT
   131      1   -16.3400771444   0.000000080093       0.0001  AGGGACAGAGCGA
   132      1   -15.3246709297   0.000000221096       0.0002  AGGGAGAAAGGAT
   133      1   -12.4473976364   0.000003927931       0.0040  AGGGAGGGAGAGG
   134      1   -10.3118824466   0.000033235817       0.0339  AGGGGAGGGGAGG
   135      1    -9.7658689225   0.000057376892       0.0585  AGGGGGGGGGGGC
   136      1    -6.7798776257   0.001136413958       1.1591  AGGGGGGGGGGGG
   137      1   -19.8881043620   0.000000002305       0.0000  AGTACGCTTAAAA
   138      1   -23.4485500131   0.000000000066       0.0000  AGTCAATTTCTGT
   139      1   -15.7363944437   0.000000146477       0.0001  ATAAAAAAAGCGA
   140      1   -22.7417505945   0.000000000133       0.0000  ATAAAGAAGGTTG
   141      1   -17.7805189365   0.000000018968       0.0000  ATAAAGAGAATGC
   142      1   -15.2569040072   0.000000236598       0.0002  ATACAGACACGGA
   143      1   -14.2638177852   0.000000638708       0.0007  ATACATACACCAG
   144      1   -12.5129077308   0.000003678860       0.0038  ATACATACACTTA
   145      1   -20.0653466916   0.000000001931       0.0000  ATAGGGGAGGCAA
   146      1    -9.0340660601   0.000119276520       0.1217  ATATATATATCCC
   147      2    -8.1249082016   0.000296071908       0.3020  ATATATATATCTT
   148      1    -8.8589649098   0.000142102077       0.1449  ATATATATATTTA
   149      1    -6.6786393854   0.001257487765       1.2826  ATATATATATTTT
   150      1   -16.3805493402   0.000000076916       0.0001  ATATGTGTGTCGT
   151      1   -19.0186923393   0.000000005499       0.0000  ATCGCTCTTTTTC
   152      1   -26.2887701805   0.000000000004       0.0000  ATGAAATGTGTGA
   153      1   -17.5120357861   0.000000024810       0.0000  ATGTGCGCGTATC
   154      1   -16.4635960468   0.000000070787       0.0001  ATGTGTATGTCCG
   155      1    -9.4885802861   0.000075711516       0.0772  ATGTGTGTGTAAA
   156      1   -19.6726177135   0.000000002860       0.0000  ATTATTTCTTTAA
   157      1   -19.9544144071   0.000000002157       0.0000  ATTTCCATTTTAT
   158      1   -11.2120352885   0.000013510610       0.0138  ATTTTTTTTTATC
   159      1   -12.8761309025   0.000002558394       0.0026  CAAAAAAAAAATT
   160      1   -20.1919722954   0.000000001701       0.0000  CAACAAAAAGTAT
   161      1   -18.7560228175   0.000000007151       0.0000  CAACGCGCACAGA
   162      1   -19.7675788991   0.000000002600       0.0000  CAAGGAGAGGGAC
   163      1   -21.4562023118   0.000000000480       0.0000  CAATTTACATACT
   164      1    -7.1115820617   0.000815603636       0.8319  CACACACACAAAA
   165      2    -9.5618274018   0.000070364098       0.0718  CACACACACAAAC
   166      1   -11.1136940531   0.000014906785       0.0152  CACACACACACTG
   167      1   -12.5917249748   0.000003400035       0.0035  CACACACCCACAC
   168      1   -12.9794821639   0.000002307186       0.0024  CACACATACAAGG
   169      1   -17.9329110883   0.000000016287       0.0000  CACACATACGGTT
   170      1   -23.2893669854   0.000000000077       0.0000  CACCCTTTTTACG
   171      1   -19.5644676581   0.000000003186       0.0000  CACGCAAACAGTG
   172      1   -13.5929871891   0.000001249225       0.0013  CACGCACACAATA
   173      1   -18.7671392507   0.000000007072       0.0000  CACGCACATGGCA
   174      1   -17.3635254474   0.000000028782       0.0000  CACTATTTCTCCT
   175      1   -19.1852708946   0.000000004655       0.0000  CACTCATACTAGT
   176      1   -16.8778894292   0.000000046776       0.0000  CAGAAAAAGATTC
   177      1   -12.3408587637   0.000004369514       0.0045  CATACACACAAAC
   178      1   -11.9893126320   0.000006210230       0.0063  CATACACACACTT
   179      1   -15.4809722754   0.000000189103       0.0002  CATATACATAATC
   180      1   -15.0145719778   0.000000301477       0.0003  CATATATACATAC
   181      1   -12.3248538264   0.000004440010       0.0045  CATATATATAGCC
   182      1   -10.4765301489   0.000028190369       0.0288  CATATATATATAA
   183      1   -12.2108835643   0.000004976003       0.0051  CATATATATATTG
   184      1   -20.3001464897   0.000000001527       0.0000  CATTCCTTCTGTT
   185      1   -17.8544254782   0.000000017617       0.0000  CATTTTCTCTCAT
   186      1   -12.8145321847   0.000002720943       0.0028  CCACACACACATT
   187      1   -13.7147359213   0.000001106027       0.0011  CCATCTATATCCA
   188      1   -12.8323085678   0.000002673001       0.0027  CCATCTCTATCTC
   189      1   -20.0938287407   0.000000001877       0.0000  CCATCTTTCCCAC
   190      1   -19.7446328366   0.000000002661       0.0000  CCATTACTATACC
   191      1    -8.5123144185   0.000200978139       0.2050  CCCACCCCCCCCC
   192      1   -10.4311756441   0.000029498367       0.0301  CCCCCCCCCCAAA
   193      6    -6.3302320063   0.001781620374       1.8173  CCCCCCCCCCACC
   194      1    -7.0030234630   0.000909129088       0.9273  CCCCCCCCCCCAC
   195      1    -6.6833218380   0.001251613402       1.2766  CCCCCCCCCCCCA
   196     62    -4.0855095278   0.016814569642      17.1509  CCCCCCCCCCCCC
   197      2    -7.1299615040   0.000800750213       0.8168  CCCCCCCCCCCCG
   198      1    -5.5250137097   0.003985814047       4.0655  CCCCCCCCCCCCT
   199      1    -7.4496631290   0.000581637516       0.5933  CCCCCCCCCCCGC
   200      2    -5.7893217824   0.003060056857       3.1213  CCCCCCCCCCCTC
   201      4    -5.2293685432   0.005356906890       5.4640  CCCCCCCCCCTCC
   202      1    -7.5748450270   0.000513199948       0.5235  CCCCCCCCCCTTT
   203      1   -12.6570740373   0.000003184950       0.0032  CCCCCCTCTCCAC
   204      1   -11.4425615416   0.000010728986       0.0109  CCCCCCTCTCCTC
   205      1    -8.3828305027   0.000228761518       0.2333  CCCCCGCCCCCCC
   206      1   -19.7974053397   0.000000002524       0.0000  CCCCCGCTTCTTA
   207      1   -15.5263921402   0.000000180706       0.0002  CCCCCTCTCCAAT
   208      1   -14.9860343572   0.000000310204       0.0003  CCCCCTCTTTCTC
   209      1   -10.6346715422   0.000024066938       0.0245  CCCTCCCCCTCCG
   210      1   -10.9188131233   0.000018114223       0.0185  CCCTCCCTCCTCC
   211      1   -10.2656593573   0.000034808138       0.0355  CCCTCCCTCTCTT
   212      1    -8.4803587585   0.000207504245       0.2117  CCCTCCCTCTTCC
   213      1   -14.0828123929   0.000000765442       0.0008  CCCTCCTTCTATC
   214      1    -7.9764833080   0.000343445092       0.3503  CCCTCTCTCTCCT
   215      1    -7.6926554331   0.000456165246       0.4653  CCCTCTCTCTTCC
   216      1   -11.4394736094   0.000010762167       0.0110  CCCTCTCTTTCCT
   217      1   -17.8279482729   0.000000018089       0.0000  CCCTCTTTTCTTT
   218      1   -13.9764159100   0.000000851373       0.0009  CCCTCTTTTTTTT
   219      1   -21.3994782360   0.000000000509       0.0000  CCCTTATTCCCAC
   220      1   -13.1638390766   0.000001918745       0.0020  CCCTTTCCCTTCC
   221      1   -10.7423586051   0.000021609909       0.0220  CCCTTTCTCTCCT
   222      1   -10.8470981269   0.000019460999       0.0199  CCCTTTCTCTCTC
   223      1   -12.0124563554   0.000006068153       0.0062  CCCTTTCTCTGCC
   224      1   -18.7683599857   0.000000007063       0.0000  CCGACAAACAACC
   225      1   -17.0915375751   0.000000037778       0.0000  CCTATCCCCCCCG
   226      1    -6.8645691714   0.001044132198       1.0650  CCTCCCCCCCCCC
   227      1   -15.4236655891   0.000000200257       0.0002  CCTCCCTCCCCGA
   228      1   -10.0871332606   0.000041611530       0.0424  CCTCCCTTTCCCC
   229      1   -14.1606219688   0.000000708141       0.0007  CCTCCTTCTCCAT
   230      1   -11.4790241719   0.000010344825       0.0106  CCTCTCCCTCTTT
   231      1   -13.9500576079   0.000000874112       0.0009  CCTCTCTCCCACT
   232      1   -15.2971545252   0.000000227264       0.0002  CCTCTCTTTCAAA
   233      1   -18.3288260525   0.000000010962       0.0000  CCTCTGTTTCTGT
   234      1   -21.1484070131   0.000000000654       0.0000  CCTGCGTCTGAGC
   235      1   -19.2685115167   0.000000004283       0.0000  CCTGCTCTCGCGT
   236      1   -15.6015414289   0.000000167624       0.0002  CCTTCTCTCCTTC
   237      1    -9.3327893624   0.000088475103       0.0902  CCTTCTCTCTCCC
   238      1   -15.8027172647   0.000000137078       0.0001  CCTTCTTTTCCTT
   239      1   -11.9862024317   0.000006229575       0.0064  CCTTCTTTTTACC
   240      1   -12.0757697021   0.000005695867       0.0058  CCTTCTTTTTTTC
   241      1   -11.3058749936   0.000012300447       0.0125  CCTTCTTTTTTTT
   242      1   -15.1327528765   0.000000267873       0.0003  CCTTTCCCTCTTC
   243      1   -23.4803753330   0.000000000063       0.0000  CCTTTGCTTGCCA
   244      1   -17.4261456051   0.000000027035       0.0000  CCTTTTTCTTAGC
   245      1   -13.3023401578   0.000001670579       0.0017  CCTTTTTCTTCCT
   246      1   -13.4133422385   0.000001495063       0.0015  CCTTTTTCTTCTT
   247      1    -9.2735281113   0.000093876721       0.0958  CCTTTTTTTTCCC
   248      1    -9.0060852868   0.000122661100       0.1251  CCTTTTTTTTTTT
   249      1   -19.9575466673   0.000000002151       0.0000  CGAAGAAAGAGAT
   250      1   -22.4666836389   0.000000000175       0.0000  CGAAGCACGCCCC
   251      1   -22.6826795322   0.000000000141       0.0000  CGAATAACAACCA
   252      1   -19.0760158346   0.000000005193       0.0000  CGACATACACCGA
   253      1    -9.9879613831   0.000045949785       0.0469  CGCACACACAAAA
   254      1   -12.2347463161   0.000004858668       0.0050  CGCACACACATAT
   255      1   -13.8654340115   0.000000951302       0.0010  CGCACATACACGC
   256      1   -23.3219362600   0.000000000074       0.0000  CGCACGATCGGCA
   257      1   -18.9498014294   0.000000005891       0.0000  CGCATGCTCGCCT
   258      1   -13.6226654665   0.000001212695       0.0012  CGCGCACGCGACT
   259      1    -9.8081232291   0.000055002978       0.0561  CGCGCGCGCGACC
   260      1   -10.7173680338   0.000022156757       0.0226  CGCGCGCGCGAGC
   261      1   -16.1640986861   0.000000095504       0.0001  CGCGCGGACGCGC
   262      1   -13.0341074100   0.000002184535       0.0022  CGCGCGTGCGCGA
   263      1   -11.6739084729   0.000008513065       0.0087  CGCGCGTGCGCGC
   264      1   -18.0480962827   0.000000014515       0.0000  CGCGGGGGGGCCT
   265      1   -21.7648457984   0.000000000353       0.0000  CGGACAGAAAGTT
   266      1   -16.1982583899   0.000000092297       0.0001  CGTGAGCGTGCGC
   267      1   -16.0605740374   0.000000105921       0.0001  CGTGAGCGTGTCC
   268      1   -17.5259001371   0.000000024468       0.0000  CGTGCGCACGGCA
   269      1   -20.0313993791   0.000000001997       0.0000  CGTGCGTGTTGTA
   270      1   -18.4696422189   0.000000009522       0.0000  CGTGTGCACGCGA
   271      1   -22.1887092462   0.000000000231       0.0000  CGTTTGCCTTATT
   272      1   -17.8209950567   0.000000018215       0.0000  CGTTTGTGTGCTA
   273      1   -24.2687772721   0.000000000029       0.0000  CTACCAATAAATC
   274      1   -22.4226587240   0.000000000183       0.0000  CTAGTGGGAGCGA
   275      1   -23.8999882938   0.000000000042       0.0000  CTATGGATGTTAG
   276      1   -13.2115039448   0.000001829434       0.0019  CTCACTCACAATC
   277      1   -24.1822552823   0.000000000031       0.0000  CTCCATATTCCAA
   278      1    -9.4792086922   0.000076424388       0.0780  CTCCCCCCCCCAC
   279      2    -6.5950695999   0.001367091758       1.3944  CTCCCCCCCCCCC
   280      1   -10.6000220166   0.000024915461       0.0254  CTCCCCCCCCCTA
   281      1    -7.7344230697   0.000437504717       0.4463  CTCCCCCCCCTCC
   282      1    -9.0898336523   0.000112806832       0.1151  CTCCCCCCCCTTC
   283      1   -13.6001293782   0.000001240335       0.0013  CTCCCCCTCCTTA
   284      1   -12.7483306684   0.000002907169       0.0030  CTCCCCCTCTTCC
   285      1    -8.6672673871   0.000172128824       0.1756  CTCCCTCCCCCCC
   286      1    -9.5517049750   0.000071079970       0.0725  CTCCCTCTCCCCC
   287      1    -9.9320572624   0.000048591727       0.0496  CTCCCTCTCTCTC
   288      2   -12.7986971677   0.000002764372       0.0028  CTCCTTCCCCCCT
   289      1    -8.4500082450   0.000213898652       0.2182  CTCTCCCTCTCCC
   290      1    -9.2967658364   0.000091720391       0.0936  CTCTCCCTCTCTC
   291      1    -8.7598461355   0.000156908749       0.1600  CTCTCCCTCTTTT
   292      1    -9.0070349730   0.000122544666       0.1250  CTCTCTCCCTTTT
   293      1   -16.1107885052   0.000000100733       0.0001  CTCTCTCCTTGCT
   294      1    -9.0429284600   0.000118224114       0.1206  CTCTCTCTCTACT
   295      1   -10.6153704002   0.000024535969       0.0250  CTCTCTCTCTATG
   296      1    -6.6060486387   0.001352164498       1.3792  CTCTCTCTCTCTT
   297      1    -6.8378463974   0.001072410460       1.0939  CTCTCTCTCTTCC
   298      2    -5.8356472819   0.002921531593       2.9800  CTCTCTCTCTTTT
   299      1   -10.5005683813   0.000027520803       0.0281  CTCTCTCTTTCCT
   300      2    -9.2855459046   0.000092755282       0.0946  CTCTCTTTCTCTC
   301      1   -12.7195225885   0.000002992137       0.0031  CTCTTCCCCTCCC
   302      1   -11.1418303893   0.000014493209       0.0148  CTCTTTCTCTCAC
   303      1   -12.2828156345   0.000004630639       0.0047  CTCTTTTTTTCCT
   304      1   -15.8926364993   0.000000125290       0.0001  CTTCCTTTTCGTC
   305      1   -11.8829058657   0.000006907479       0.0070  CTTCTCTCTCCCA
   306      1    -9.1234799529   0.000109074442       0.1113  CTTCTCTCTCTTT
   307      1   -14.0250038738   0.000000810995       0.0008  CTTCTTCCTCCCC
   308      1   -15.8723377167   0.000000127859       0.0001  CTTCTTCTCCCTT
   309      1   -18.5787733755   0.000000008538       0.0000  CTTCTTCTCTTCG
   310      1    -9.8370935353   0.000053432385       0.0545  CTTCTTTCTCTTT
   311      1   -18.5351774781   0.000000008918       0.0000  CTTGTATGTAGTT
   312      1   -15.1585787284   0.000000261044       0.0003  CTTTCCCCTCTTT
   313      1   -11.5385342557   0.000009747163       0.0099  CTTTCCCTCTTTT
   314      1   -16.8795755864   0.000000046697       0.0000  CTTTCCTTCTCCG
   315      1   -15.1791349737   0.000000255732       0.0003  CTTTCCTTCTCCT
   316      1   -16.5096194393   0.000000067603       0.0001  CTTTCTCCCCACC
   317      1   -14.9112502857   0.000000334292       0.0003  CTTTCTCCTTCAC
   318      1   -14.2612018325   0.000000640381       0.0007  CTTTCTCTTCTTC
   319      1   -14.7570998119   0.000000390008       0.0004  CTTTCTTTTTAGA
   320      1    -9.6046782842   0.000067412622       0.0688  CTTTCTTTTTCTC
   321      1   -12.5010415366   0.000003722774       0.0038  CTTTCTTTTTGCT
   322      1    -9.9920072669   0.000045764253       0.0467  CTTTCTTTTTTCC
   323      1   -16.5936902897   0.000000062152       0.0001  CTTTTCCTCTGTT
   324      1   -14.3958324349   0.000000559718       0.0006  CTTTTCCTTTCTC
   325      1   -15.2075570956   0.000000248566       0.0003  CTTTTCTTTCCTC
   326      1   -11.5927184478   0.000009233075       0.0094  CTTTTCTTTTCTC
   327      1   -15.2511983097   0.000000237952       0.0002  CTTTTTTCCTCCC
   328      1   -15.1363876379   0.000000266901       0.0003  CTTTTTTCTCCCT
   329      1    -9.9573941911   0.000047376028       0.0483  CTTTTTTTCTTTT
   330      1   -10.0407661973   0.000043586365       0.0445  CTTTTTTTTCTTT
   331      1    -9.1607805525   0.000105080845       0.1072  CTTTTTTTTTCCT
   332      1    -7.9425517429   0.000355298690       0.3624  CTTTTTTTTTTTC
   333      1   -12.0340989593   0.000005938233       0.0061  GAAAAAAAAATTT
   334      1   -11.5775098743   0.000009374570       0.0096  GAAAAAAGAAGGG
   335      1   -13.6614670696   0.000001166542       0.0012  GAAAAGAAAACGG
   336      1   -12.6327813353   0.000003263268       0.0033  GAAAGAAAAAACG
   337      1   -13.8999883894   0.000000918992       0.0009  GAAAGAAAAACTA
   338      1    -9.4718439371   0.000076989313       0.0785  GAAAGAAAAAGAA
   339      1   -15.4727651697   0.000000190662       0.0002  GAAAGAAAAGTAG
   340      1   -17.8721450313   0.000000017307       0.0000  GAAAGAAGGGAGG
   341      1    -9.1719766333   0.000103910913       0.1060  GAAAGAGAGAGAG
   342      1   -16.4318505119   0.000000073070       0.0001  GAAAGGAAAGAAG
   343      1   -13.2544006695   0.000001752617       0.0018  GAAGAGGGAGGGA
   344      1   -13.2344625483   0.000001787911       0.0018  GAAGGAGAGAAAG
   345      1   -17.5286513477   0.000000024401       0.0000  GAAGGGAGGGCTG
   346      1   -11.4704852819   0.000010433536       0.0106  GAAGGGGGAGGAG
   347      1   -13.2019948920   0.000001846913       0.0019  GACAGAGAGAGGC
   348      1   -18.5839522450   0.000000008494       0.0000  GACATACATATAC
   349      1   -16.1343937999   0.000000098383       0.0001  GACATATACACCC
   350      1   -13.8843549446   0.000000933472       0.0010  GAGAAAAAGAGGC
   351      1   -16.3732627879   0.000000077479       0.0001  GAGAAGAGAAGAA
   352      1   -16.8857588480   0.000000046410       0.0000  GAGAGAAAAAACC
   353      1   -11.3498928208   0.000011770751       0.0120  GAGAGAAAAAGGG
   354      2    -6.8066736623   0.001106366936       1.1285  GAGAGAGAGAAGG
   355      1    -9.0722383391   0.000114809269       0.1171  GAGAGAGAGATGA
   356      1   -10.2489914422   0.000035393179       0.0361  GAGAGAGAGATTT
   357      1   -10.0002716706   0.000045387598       0.0463  GAGAGAGGGAAGG
   358      1    -8.7533164735   0.000157936663       0.1611  GAGAGGGAGAAAA
   359      1   -13.5329393275   0.000001326536       0.0014  GAGAGGGAGGAAG
   360      1   -11.3919285341   0.000011286214       0.0115  GAGAGGGGGAAAA
   361      1    -9.3104404307   0.000090474689       0.0923  GAGGGAGAGAAAA
   362      1   -12.8412767578   0.000002649137       0.0027  GAGGGAGGGGACG
   363      2    -7.7413340648   0.000434491548       0.4432  GAGGGGGGGGAGG
   364      2    -6.6700060690   0.001268391053       1.2938  GAGGGGGGGGGGG
   365      1   -17.6223932414   0.000000022217       0.0000  GAGTGTGCGTCCG
   366      1   -14.1569693924   0.000000710733       0.0007  GATAGATATAGCA
   367      1   -13.4038484919   0.000001509324       0.0015  GCACACACACGAC
   368      1   -20.2200612099   0.000000001654       0.0000  GCACATGTACCCA
   369      1   -17.3760278763   0.000000028424       0.0000  GCAGACACAGTAA
   370      1   -18.0315077853   0.000000014758       0.0000  GCATAAATATCGG
   371      1   -21.8897719447   0.000000000311       0.0000  GCCAGCTTCACCC
   372      1   -14.4433744604   0.000000533731       0.0005  GCCCTCTCTCCTT
   373      1   -29.3730799544   0.000000000000       0.0000  GCCTGGATAGCGC
   374      1   -19.9953319289   0.000000002071       0.0000  GCGAACAAGAAAT
   375      1   -20.8961378574   0.000000000841       0.0000  GCGAGCATGCCAC
   376      1    -9.8397929255   0.000053288345       0.0544  GCGCGCGCGCAAG
   377      1   -10.2322422818   0.000035990977       0.0367  GCGCGCGCGCCGG
   378      1    -7.6135050721   0.000493738234       0.5036  GCGCGCGCGCGGG
   379      1   -11.7472489583   0.000007911059       0.0081  GCGCGCGCGCTAC
   380      1   -11.7458436413   0.000007922184       0.0081  GCGCGGGCGCGGG
   381      1   -18.8402798619   0.000000006573       0.0000  GCGGACGGGGGAC
   382      1   -19.7010006471   0.000000002779       0.0000  GCGTACGAGCAAG
   383      1   -10.4905282085   0.000027798508       0.0284  GCGTGTGTGTAGG
   384      1   -20.2808398688   0.000000001556       0.0000  GCTTCCTTTTGAT
   385      1   -11.6393976561   0.000008811987       0.0090  GGAAAAAAAAAAT
   386      1    -9.2442920664   0.000096661820       0.0986  GGAAAAAAAAGGG
   387      1   -17.6790424987   0.000000020994       0.0000  GGAAAAGAAACCG
   388      1   -10.9861895589   0.000016933959       0.0173  GGAAGAGAAAAGG
   389      1   -10.6846995829   0.000022892537       0.0234  GGAAGAGAGAGGA
   390      1   -14.2840441067   0.000000625919       0.0006  GGAAGGGGAAAAA
   391      1   -13.3777053460   0.000001549303       0.0016  GGAGAAAGAGATA
   392      1    -9.4739180456   0.000076829794       0.0784  GGAGAGAGAGCGG
   393      1    -9.2645379250   0.000094724496       0.0966  GGAGAGAGAGGAA
   394      1   -16.8502967703   0.000000048085       0.0000  GGAGGAAAATGGG
   395      1   -10.5197957905   0.000026996704       0.0275  GGAGGGGGAGGGC
   396      1    -7.6758228709   0.000463908664       0.4732  GGGAGAGAGAAGG
   397      1   -15.6546638716   0.000000158952       0.0002  GGGAGGAGGGCTG
   398      1    -8.4735770796   0.000208916255       0.2131  GGGAGGGAGAAGG
   399      1    -8.5266919396   0.000198109244       0.2021  GGGCGCGCGCGGG
   400      1   -16.7092661179   0.000000055368       0.0001  GGGCGCGCGGGTG
   401      1   -21.0119670043   0.000000000749       0.0000  GGGCGTTTGCCTT
   402      1    -9.6007542357   0.000067677672       0.0690  GGGGAGGGGGAAG
   403      1    -6.9283927286   0.000979574045       0.9992  GGGGAGGGGGGGG
   404      1   -10.5756767213   0.000025529479       0.0260  GGGGGAAGGGAGG
   405      1    -9.2093777038   0.000100096313       0.1021  GGGGGAGAGGGGG
   406      2    -6.6066156878   0.001351397972       1.3784  GGGGGGGGGGAGA
   407      4    -5.2919967356   0.005031703242       5.1323  GGGGGGGGGGAGG
   408      1   -11.3277819232   0.000012033912       0.0123  GGGGGGGGGGCCC
   409      1   -10.1532505352   0.000038949270       0.0397  GGGGGGGGGGCCG
   410      1   -12.0691820388   0.000005733514       0.0058  GGGGGGGGGGCCT
   411      3    -6.8524117298   0.001056903651       1.0780  GGGGGGGGGGCGG
   412      1   -12.0747689602   0.000005701570       0.0058  GGGGGGGGGGCTC
   413      3    -5.8580886957   0.002856698488       2.9138  GGGGGGGGGGGAG
   414      1    -7.5315728640   0.000535894704       0.5466  GGGGGGGGGGGCG
   415      1    -5.5908754976   0.003731759288       3.8064  GGGGGGGGGGGGA
   416      1    -7.2090784818   0.000739838616       0.7546  GGGGGGGGGGGGC
   417     75    -4.2166695507   0.014747679204      15.0426  GGGGGGGGGGGGG
   418      1   -10.1406096246   0.000039444749       0.0402  GGGGGGGGGGGTC
   419      3    -7.1820981727   0.000760071407       0.7753  GGGGGGGGGGGTG
   420      1    -9.1990086628   0.000101139616       0.1032  GGGGGGGGGGTAA
   421      1    -8.1352070741   0.000293038349       0.2989  GGGGGGGGGGTAG
   422      1    -9.1003784757   0.000111623554       0.1139  GGGGGGGGGGTGT
   423      1    -9.4565613754   0.000078174944       0.0797  GGGGGGGGGGTTG
   424      1   -12.5726777495   0.000003465416       0.0035  GGGTGTGTGTGTT
   425      1   -20.8705555427   0.000000000863       0.0000  GGTAGTGAGATCA
   426      1   -13.3509561470   0.000001591305       0.0016  GGTATATATACGG
   427      1   -13.0575675751   0.000002133882       0.0022  GTAAAAAAAAAAC
   428      1   -12.5849884775   0.000003423016       0.0035  GTATATATATACC
   429      1   -11.5331434820   0.000009799850       0.0100  GTATATATATTAA
   430      1   -15.9967346532   0.000000112903       0.0001  GTATATATGTAAC
   431      1   -15.7146759574   0.000000149694       0.0002  GTCTGTCTCTACT
   432      1   -12.6805323494   0.000003111106       0.0032  GTCTGTGTGTAGG
   433      1   -19.8770034305   0.000000002331       0.0000  GTGAGAGACACCA
   434      1   -15.9462288452   0.000000118752       0.0001  GTGAGAGGGAATT
   435      1   -16.9818654281   0.000000042157       0.0000  GTGTATACATGAA
   436      1   -15.5102212582   0.000000183652       0.0002  GTGTATATATCGG
   437      1   -15.5344804147   0.000000179251       0.0002  GTGTGTGCGCAGA
   438      1    -9.3698089553   0.000085259675       0.0870  GTGTGTGTGTAAG
   439      1   -11.0377932234   0.000016082269       0.0164  GTGTGTGTGTCGA
   440      1   -10.0959513410   0.000041246209       0.0421  GTGTGTGTGTGGC
   441      1   -14.6431990331   0.000000437058       0.0004  GTTCTTTCTCCCT
   442      1   -13.2543092744   0.000001752777       0.0018  GTTTTTTTTTAGA
   443      1   -15.0011559294   0.000000305549       0.0003  TAAGAGAGAGACG
   444      1   -10.7751965331   0.000020911809       0.0213  TACACACACACTT
   445      1   -12.1997332921   0.000005031797       0.0051  TACATACACACAA
   446      1   -15.6415654137   0.000000161048       0.0002  TACCCACACACAA
   447      1   -13.4620313182   0.000001424013       0.0015  TACGCGCGCGCAC
   448      1   -16.7253622177   0.000000054484       0.0001  TACTCCCTCTTAC
   449      1   -17.2757475281   0.000000031422       0.0000  TAGAAAGAGTAAG
   450      1   -13.6673463278   0.000001159703       0.0012  TAGATATATATCC
   451      1   -15.8648211687   0.000000128824       0.0001  TAGGTATATATAA
   452      1    -8.4615767109   0.000211438430       0.2157  TATATATATAAAG
   453      1    -8.8525052879   0.000143022973       0.1459  TATATATATAAAT
   454      1    -8.5537380981   0.000192822960       0.1967  TATATATATAATT
   455      1    -9.3094703394   0.000090562500       0.0924  TATATATATAGAG
   456      1    -9.0115055713   0.000121998041       0.1244  TATATATATAGTT
   457      1    -8.7818808819   0.000153489119       0.1566  TATATATATATTA
   458      1    -6.2436448103   0.001942761605       1.9816  TATATATATATTT
   459      1    -9.1845417937   0.000102613424       0.1047  TATATGTATATTT
   460      1   -17.1198054442   0.000000036725       0.0000  TATCTATGTCCTC
   461      1   -14.7015910279   0.000000412268       0.0004  TATTTATATACTA
   462      1   -13.5125837660   0.000001353815       0.0014  TATTTATTTTCAT
   463      1   -13.3776229418   0.000001549431       0.0016  TCCCCCCCCCGGG
   464      1    -8.6187208045   0.000180691246       0.1843  TCCCCCCCCCTTT
   465      1   -19.9360071745   0.000000002197       0.0000  TCCCTCCTCTATG
   466      1   -13.1956898373   0.000001858595       0.0019  TCCCTTTCCCCTT
   467      1   -12.9883448015   0.000002286828       0.0023  TCCGTGCGCGTTT
   468      1   -14.0476726723   0.000000792818       0.0008  TCCTCTCTTTCTC
   469      1   -17.9347455819   0.000000016257       0.0000  TCGCACTCTCCTA
   470      1   -13.3167618843   0.000001646659       0.0017  TCTCCATCTCTCT
   471      1   -10.0009573076   0.000045356489       0.0463  TCTCCCCCTCCCC
   472      1   -17.7047919940   0.000000020460       0.0000  TCTCCCCCTTTTG
   473      1   -12.8526138496   0.000002619273       0.0027  TCTCCCTTTCCTT
   474      1   -19.1379622438   0.000000004881       0.0000  TCTCCCTTTTAAT
   475      1   -12.6471960538   0.000003216567       0.0033  TCTCCTTTTTTTT
   476      1   -10.3637388045   0.000031556253       0.0322  TCTCTCTCTCAAT
   477      1    -7.7931156493   0.000412565470       0.4208  TCTCTCTCTCATT
   478      1    -8.6096112885   0.000182344776       0.1860  TCTCTCTCTCGCC
   479      1   -11.0926499253   0.000015223810       0.0155  TCTCTCTCTCGTG
   480      1    -7.0826128447   0.000839576597       0.8564  TCTCTCTCTCTTC
   481      1    -5.4759872377   0.004186093840       4.2698  TCTCTCTCTCTTT
   482      1    -9.9462011142   0.000047909291       0.0489  TCTCTCTTTCCCT
   483      1   -15.9695742649   0.000000116012       0.0001  TCTCTGTCTCGGC
   484      1   -16.7423679461   0.000000053565       0.0001  TCTCTTCTTCATC
   485      1   -12.5156095592   0.000003668933       0.0037  TCTCTTTTTTCCT
   486      1   -20.0889998871   0.000000001886       0.0000  TCTGCCTGTCACC
   487      1   -14.6726512045   0.000000424374       0.0004  TCTTTATTTTCGT
   488      1    -9.3750509521   0.000084813914       0.0865  TCTTTCTTTTCCC
   489      2    -7.8758849875   0.000379792697       0.3874  TCTTTTTTTTTCT
   490      1   -15.4536029911   0.000000194350       0.0002  TGATTTTTATTGT
   491      1   -16.4190771457   0.000000074009       0.0001  TGCTCTCTCTAGC
   492      1   -14.3077761703   0.000000611240       0.0006  TGTATGTATAAAC
   493      1   -13.8297826226   0.000000985829       0.0010  TGTCTATATCTTT
   494      1   -19.2660961838   0.000000004294       0.0000  TGTGAAAGCGAAA
   495      1   -11.8075528557   0.000007448091       0.0076  TGTGTATGTGAGA
   496      1   -10.1085434022   0.000040730091       0.0415  TGTGTATGTGGGG
   497      1   -13.3419376303   0.000001605721       0.0016  TGTGTGTGAGAGG
   498      2    -9.8116196438   0.000054811001       0.0559  TGTGTGTGTGAAG
   499      2    -7.6013378661   0.000499782344       0.5098  TGTGTGTGTGGGG
   500      1    -9.8469454582   0.000052908558       0.0540  TGTGTGTGTGGGT
   501      1   -12.6888754678   0.000003085257       0.0031  TGTTTCTTTTATT
   502      1   -19.5403519066   0.000000003264       0.0000  TTACACACTCAAT
   503      1   -18.7244799004   0.000000007380       0.0000  TTATTCCCTTTTA
   504      1   -10.5498767169   0.000026196710       0.0267  TTCCCCCCCCCCT
   505      1   -16.7326309559   0.000000054089       0.0001  TTCCCCTTTCTTC
   506      1   -13.3614348437   0.000001574717       0.0016  TTCCTCTCTCACT
   507      1   -15.1466607337   0.000000264173       0.0003  TTCTCATTTTTTC
   508      1   -13.1580050085   0.000001929972       0.0020  TTCTCTTTCTACT
   509      1    -8.9356936000   0.000131606572       0.1342  TTCTCTTTCTTTT
   510      1   -21.5365834012   0.000000000443       0.0000  TTCTGTTCTTCGA
   511      1    -8.5621690252   0.000191204117       0.1950  TTCTTTTTCTCTT
   512      1   -10.5037975852   0.000027432076       0.0280  TTCTTTTTTTATC
   513      1    -7.9205660582   0.000363196678       0.3705  TTCTTTTTTTCTT
   514      1   -10.0618668859   0.000042676297       0.0435  TTGTTTTTTTATT
   515      1   -17.2140402187   0.000000033422       0.0000  TTTACATATAAGC
   516      1   -20.7534190590   0.000000000970       0.0000  TTTAGGTATTTTC
   517      1   -15.5571680076   0.000000175230       0.0002  TTTATAAATACAT
   518      1    -9.8683565444   0.000051787770       0.0528  TTTATATATATAT
   519      1   -20.8560804902   0.000000000876       0.0000  TTTATATTCGGTT
   520      1   -16.9423529877   0.000000043856       0.0000  TTTATCTTTTTGG
   521      1   -18.1508129050   0.000000013098       0.0000  TTTCCTCCTTTCC
   522      1   -14.9603247102   0.000000318283       0.0003  TTTCGCTCTCTCA
   523      1    -7.7310403019   0.000438987200       0.4478  TTTCTCTCTCCTT
   524      1    -6.1648427418   0.002102048903       2.1441  TTTCTCTCTCTTT
   525      1   -16.2242158736   0.000000089932       0.0001  TTTCTTCCCCCCT
   526      1   -10.0662390952   0.000042490115       0.0433  TTTCTTCCTCTTT
   527      1   -12.1394274129   0.000005344581       0.0055  TTTCTTTCTCAAT
   528      1    -8.6718306140   0.000171345150       0.1748  TTTCTTTTTCCTT
   529      1    -9.2536718643   0.000095759390       0.0977  TTTTCCTTTTTTT
   530      1   -17.3457083818   0.000000029299       0.0000  TTTTCTATTTAAC
   531      1   -11.9940887979   0.000006180640       0.0063  TTTTCTCTCTCCT
   532      1   -10.6291570313   0.000024200022       0.0247  TTTTCTCTCTCTT
   533      1   -15.9532001822   0.000000117927       0.0001  TTTTCTTTCCTCT
   534      1   -11.8318090801   0.000007269602       0.0074  TTTTCTTTCTTTC
   535      1    -8.1727451722   0.000282242149       0.2879  TTTTCTTTTTTTC
   536      1    -7.0695776601   0.000850592272       0.8676  TTTTTATTTTTTT
   537      1    -7.7055676011   0.000450313027       0.4593  TTTTTCTTTTCTT
   538      1    -8.2079689875   0.000272473557       0.2779  TTTTTCTTTTTCT
   539      1    -6.1268648311   0.002183415618       2.2271  TTTTTCTTTTTTT
   540      1    -6.3942649870   0.001671113703       1.7045  TTTTTTCTTTTTT
   541      1    -9.9785323863   0.000046385095       0.0473  TTTTTTTATTTTA
   542      1   -14.8558008788   0.000000353352       0.0004  TTTTTTTCTCGTA
   543      1   -11.1565640202   0.000014281236       0.0146  TTTTTTTCTTTAC
   544      1    -6.3709173309   0.001710589329       1.7448  TTTTTTTCTTTTT
   545      1    -7.7612251260   0.000425934438       0.4345  TTTTTTTGTTTTT
   546      1    -8.0020298637   0.000334782375       0.3415  TTTTTTTTATTTT
   547      1   -14.4110364220   0.000000551273       0.0006  TTTTTTTTTAAAA
   548      1   -11.3487636389   0.000011784050       0.0120  TTTTTTTTTCCCC
   549      3    -5.5324350819   0.003956343330       4.0355  TTTTTTTTTTATT
   550      1    -7.7340855541   0.000437652407       0.4464  TTTTTTTTTTCAT
   551      4    -4.7783916779   0.008409513303       8.5777  TTTTTTTTTTCTT
   552      1    -8.6109888695   0.000182093754       0.1857  TTTTTTTTTTGTA
   553      1    -9.2282914737   0.000098220906       0.1002  TTTTTTTTTTTAG
   554      1    -6.1645744646   0.002102612911       2.1447  TTTTTTTTTTTAT
   555      1    -5.2911483013   0.005035974123       5.1367  TTTTTTTTTTTCT
   556      1    -6.6112141306   0.001345197912       1.3721  TTTTTTTTTTTGT
   557      3    -5.8632074020   0.002842113248       2.8990  TTTTTTTTTTTTA
   558      3    -5.0499050955   0.006409941750       6.5381  TTTTTTTTTTTTC
   559      4    -6.3098470680   0.001818311296       1.8547  TTTTTTTTTTTTG
   560    127    -3.1992586882   0.040792432683      41.6083  TTTTTTTTTTTTT