1.999999999999999556e+00
1.999999999999999556e+00
2.000000000000000000e+00
1.999999999999999556e+00
1.999999999999999556e+00
2.000000000000000000e+00
2.000000000000000444e+00
1.999999999999999556e+00
2.000000000000000000e+00
2.000000000000000000e+00
2.000000000000000000e+00
1.999999999999999778e+00
2.000000000000000000e+00
2.000000000000000000e+00
1.999999999999999778e+00
2.000000000000000000e+00
1.999999999999999778e+00
1.999999999999999556e+00
1.999999999999999778e+00
1.999999999999999556e+00
1.999999999999999334e+00
1.999999999999999778e+00
1.999999999999999778e+00
1.999999999999999334e+00
1.999999999999999778e+00
2.000000000000000000e+00
1.999999999999999112e+00
2.000000000000000000e+00
1.999999999999999778e+00
1.999999999999999556e+00
1.999999999999999778e+00
1.999999999999999556e+00
1.999999999999999778e+00
2.000000000000000000e+00
2.000000000000000000e+00
1.999999999999999556e+00
1.999999999999999778e+00
2.000000000000000000e+00
1.999999999999999556e+00
1.999999999999999556e+00
2.000000000000000000e+00
2.000000000000000000e+00
1.999999999999999334e+00
2.000000000000000000e+00
1.999999999999999556e+00
2.000000000000000000e+00
2.000000000000000000e+00
2.000000000000000444e+00
2.000000000000000000e+00
2.000000000000000444e+00
1.999999999999999334e+00
2.000000000000000000e+00
2.000000000000000000e+00
1.999999999999999778e+00
1.999999999999999778e+00
1.999999999999999334e+00
1.999999999999999778e+00
2.000000000000000000e+00
2.000000000000000000e+00
1.999999999999999778e+00
1.999999999999999778e+00
2.000000000000000000e+00
1.999999999999999112e+00
2.000000000000000000e+00
2.000000000000000000e+00
2.000000000000000000e+00
2.000000000000000000e+00
2.000000000000000000e+00
1.999999999999999334e+00
2.000000000000000000e+00
1.999999999999999556e+00
1.999999999999999556e+00
1.999999999999999778e+00
2.000000000000000000e+00
1.999999999999999556e+00
2.000000000000000444e+00
1.999999999999999334e+00
1.999999999999999556e+00
2.000000000000000444e+00
1.999999999999999334e+00
1.999999999999999778e+00
2.000000000000000000e+00
1.999999999999999778e+00
1.999999999999999778e+00
1.999999999999999556e+00
1.999999999999999556e+00
2.000000000000000000e+00
2.000000000000000000e+00
1.999999999999999778e+00
1.999999999999999778e+00
2.000000000000000000e+00
2.000000000000000888e+00
1.999999999999999778e+00
2.000000000000000000e+00
2.000000000000000000e+00
1.999999999999999556e+00
1.999999999999999556e+00
2.000000000000000000e+00
2.000000000000000000e+00
2.000000000000000000e+00
0.000000000000000000e+00
1.103181803669173525e-02
2.187269525646631796e-02
3.252606709832443765e-02
4.299530529561228914e-02
5.328371908542973989e-02
6.339455639465332859e-02
7.333100500303271763e-02
8.309619368381054860e-02
9.269319332230613329e-02
1.021250180128951829e-01
1.113946261348089661e-01
1.205049214071679531e-01
1.294587539236565776e-01
1.382589211672382856e-01
1.469081690053009870e-01
1.554091926656171740e-01
1.637646376934926429e-01
1.719771008904731613e-01
1.800491312349699058e-01
1.879832307851556084e-01
1.957818555644805503e-01
2.034474164301462995e-01
2.109822799248706748e-01
2.183887691122710917e-01
2.256691643961852844e-01
2.328257043242438207e-01
2.398605863760017443e-01
2.467759677359302461e-01
2.535739660515642924e-01
2.602566601770963661e-01
2.668260909026983763e-01
2.732842616698521465e-01
2.796331392729595189e-01
2.858746545475011613e-01
2.920107030450042052e-01
2.980431456950773939e-01
3.039738094547647096e-01
3.098044879454646683e-01
3.155369420776569789e-01
3.211729006636745432e-01
3.267140610187523331e-01
3.321620895505821847e-01
3.375186223375965522e-01
3.427852656961998257e-01
3.479635967371630390e-01
3.530551639113915785e-01
3.580614875452733936e-01
3.629840603658079368e-01
3.678243480157176726e-01
3.725837895587321147e-01
3.772637979752397897e-01
3.818657606484908706e-01
3.863910398415371095e-01
3.908409731650854813e-01
3.952168740364443433e-01
3.995200321297331381e-01
4.037517138175253928e-01
4.079131626040907177e-01
4.120055995503990598e-01
4.160302236910455309e-01
4.199882124432527952e-01
4.238807220081053373e-01
4.277088877641627152e-01
4.314738246536036215e-01
4.351766275610408075e-01
4.388183716851509208e-01
4.424001129032573143e-01
4.459228881290033253e-01
4.493877156632455905e-01
4.527955955383035080e-01
4.561475098556885266e-01
4.594444231174422133e-01
4.626872825512032272e-01
4.658770184291277650e-01
4.690145443807788861e-01
4.721007577001021249e-01
4.751365396466015745e-01
4.781227557408275208e-01
4.810602560542854289e-01
4.839498754938731384e-01
4.867924340809529626e-01
4.895887372251597203e-01
4.923395759930480065e-01
4.950457273716756257e-01
4.977079545272236616e-01
5.003270070587452212e-01
5.029036212471377221e-01
5.054385202994320370e-01
5.079324145884849262e-01
5.103860018881667404e-01
5.127999676041270494e-01
5.151749850002265152e-01
5.175117154207152792e-01
5.198108085082411289e-01
5.220729024177667155e-01
5.242986240264734255e-01
5.264885891397304007e-01
5.286434026932019803e-01
5.307636589511707248e-01
