number of sites to be analyzed:  408
  status: 0
 success: True
    nfev: 77
     fun: 1469.451518862095
       x: array([-0.77684454, -0.66600213, -0.89237129,  2.39526571,  2.26551508,
        2.90655639, -0.05914403, -2.66000969, -9.        , -3.79253755,
       -3.18680871, -5.02490303, -3.81427007, -5.08177188, -4.20897259,
       -3.88359295, -4.25672765, -4.14634863, -4.89475328])
 message: 'CONVERGENCE: REL_REDUCTION_OF_F_<=_FACTR*EPSMCH'
     jac: array([-0.30067895, -0.14069883,  0.28310296, -0.13717454,  0.0129603 ,
       -0.0362661 ,  0.07298695, -0.10334051,  0.00310754, -0.02493402,
       -0.14862415,  0.09277686, -0.17553754, -0.06952146,  0.12932053,
       -0.12901499, -0.07640944, -0.04502327, -0.05217478])
     nit: 48
  status: 0
 success: True
    nfev: 254
     fun: 1467.8308396516318
       x: array([-0.77562115, -0.657132  , -0.89983592,  2.37270244,  2.14611747,
        2.93310106,  0.03319236, -2.68381374, -5.41288999, -3.73616659,
       -3.18408806, -5.12773256, -3.7862328 , -5.15271475, -4.21629945,
       -6.95091681, -4.39228523, -4.19046642, -5.17252722])
 message: 'CONVERGENCE: REL_REDUCTION_OF_F_<=_FACTR*EPSMCH'
     jac: array([ 1.25810402,  0.99842055, -0.87234184, -0.00245564, -0.23474058,
       -0.84876319, -0.1765784 ,  0.45884186,  0.14001292,  0.13974954,
        0.07731242, -0.1035838 , -0.05189895, -0.04048925, -0.07151948,
        0.94249319,  0.02633774,  0.12179797, -0.13501521])
     nit: 56
