

TREE # 1

  0  0.0000   1251.091769  x:  1.30863   0.89679   1.25453  
  1 99.0000   1249.009195  x:  1.54319   0.85074   1.37030  
  2 16.5562   1247.162032  x:  1.78355   1.09422   1.56430  
  3 18.4528   1247.027213  x:  1.76853   1.09515   1.63418  
  4  4.3916   1246.979360  x:  1.82268   1.09524   1.66353  
  5  0.0365   1246.979321  x:  1.82251   1.09531   1.66484  
  6  0.0012   1246.979320  x:  1.82257   1.09538   1.66489  
  7  0.0001   1246.979320  x:  1.82258   1.09538   1.66489  
  8  0.0000   1246.979320  x:  1.82257   1.09538   1.66489  

TREE # 2

  0  0.0000   1247.486389  x:  1.78667   0.99506   1.51442  
  1 99.0000   1247.100105  x:  1.74058   1.06521   1.57026  
  2  7.8223   1247.039031  x:  1.75028   1.05608   1.61836  
  3  2.7623   1246.979901  x:  1.82354   1.09250   1.66105  
  4  1.8183   1246.979320  x:  1.82255   1.09537   1.66487  
  5  0.0043   1246.979320  x:  1.82257   1.09538   1.66489  
  6  0.0000   1246.979320  x:  1.82257   1.09538   1.66489  
  7  0.0000   1246.979320  x:  1.82257   1.09538   1.66489  
  8  0.0000   1246.979320  x:  1.82257   1.09538   1.66489  