     2    594    124


 1

     1    155    -1.6751080323   0.187287945240     111.2490  AAAAAAAAAAAAA
     2      4    -4.5236257874   0.010849613873       6.4447  AAAAAAAAAAAAG
     3      1    -6.5185061514   0.001475872186       0.8767  AAAAAAAAAAAAT
     4      2   -11.8878490315   0.000006873418       0.0041  AAAAAAAAAACCA
     5      1    -7.4795537357   0.000564509280       0.3353  AAAAAAAAAAGGA
     6      3    -9.1908006609   0.000101973186       0.0606  AAAAAAAAAAGGG
     7      1   -11.4857995596   0.000010274972       0.0061  AAAAAAAAAATTA
     8      1   -13.6496323759   0.000001180429       0.0007  AAAAAAAAAATTT
     9      1    -6.4310162398   0.001610813030       0.9568  AAAAAAAGAAAAA
    10      1    -5.4035760217   0.004500458395       2.6733  AAAAAGAAAAAAA
    11      1   -11.2062406757   0.000013589126       0.0081  AAAAAGAAAAGGA
    12      1   -15.2142576871   0.000000246906       0.0001  AAAAAGAAAATTA
    13      1    -4.7919412085   0.008296336820       4.9280  AAAAGAAAAAAAA
    14      1    -7.6404460244   0.000480614039       0.2855  AAAAGAAAAAAAG
    15      1   -14.6026030996   0.000000455166       0.0003  AAAAGAAAAATTA
    16      1   -13.2364241569   0.000001784407       0.0011  AAAAGGAAAGAAA
    17      1   -12.3937928874   0.000004144233       0.0025  AAGGAAGGGGAAA
    18      1   -15.8868273170   0.000000126020       0.0001  ACACGCACACAAT
    19      1    -8.2540315986   0.000260207388       0.1546  AGAAAAAAAAAAG
    20      1   -10.1263321066   0.000040011962       0.0238  AGAAAAAAAGAAA
    21      1    -8.4042335427   0.000223917351       0.1330  AGAGAGAGAGGGA
    22      1    -7.4529642571   0.000579720622       0.3444  ATAAAAAAAAAAA
    23      1   -11.0894638283   0.000015272392       0.0091  CCACCCCCACCTC
    24      1   -11.4732498936   0.000010404732       0.0062  CCCCCCCCACTCC
    25      1   -11.5292818087   0.000009837767       0.0058  CCCCCCCCCCAAC
    26      1    -6.7734906533   0.001143695431       0.6794  CCCCCCCCCCACC
    27      2    -6.7721565117   0.001145222301       0.6803  CCCCCCCCCCCCA
    28     81    -2.1406750695   0.117575444632      69.8398  CCCCCCCCCCCCC
    29      2    -4.8771452982   0.007618732222       4.5255  CCCCCCCCCCCCT
    30      2    -4.9954269835   0.006768830303       4.0207  CCCCCCCCCCCTC
    31      1    -7.7193238099   0.000444160840       0.2638  CCCCCCCCCCCTT
    32      1    -7.0720926159   0.000848455758       0.5040  CCCCCCCCCCGCC
    33      1   -14.6322178729   0.000000441884       0.0003  CCCCCCCCCCGGG
    34      1    -7.6112736671   0.000494841194       0.2939  CCCCCCCCCCTCT
    35      1    -7.7286979275   0.000440016678       0.2614  CCCCCCCCCCTTC
    36      1    -8.8513274270   0.000143191534       0.0851  CCCCCCTCCCTCC
    37      1   -12.7525408089   0.000002894956       0.0017  CCCCCGCCCCCAC
    38      1    -8.6222923965   0.000180047042       0.1069  CCCCCTCCCCCTC
    39      1   -15.7377994599   0.000000146272       0.0001  CCCCCTCTCCTTT
    40      1    -5.1499273007   0.005799826355       3.4451  CCCCTCCCCCCCC
    41      1   -10.6196964919   0.000024430053       0.0145  CCCCTCCCCCTCT
    42      1   -20.0034273538   0.000000002054       0.0000  CCCCTCCCTTTTC
    43      1    -8.7767977058   0.000154271317       0.0916  CCCCTTCCCCCCC
    44      1   -15.9217815960   0.000000121691       0.0001  CCGGGGGGGGCCC
    45      1   -12.7312917252   0.000002957129       0.0018  CCTCCCTCTCTTT
    46      1   -16.4140827254   0.000000074380       0.0000  CCTTCCCCCCCCT
    47      1   -17.5090743866   0.000000024883       0.0000  CCTTCCCTTTCTT
    48      1   -10.5099075934   0.000027264976       0.0162  CCTTCTCTTTCCC
    49      1   -15.7630209818   0.000000142629       0.0001  CCTTCTCTTTTTC
    50      1   -13.1629174831   0.000001920514       0.0011  CCTTTCTTTTTTT
    51      1   -12.3616362909   0.000004279663       0.0025  CCTTTTTTTTTTC
    52      2    -9.4247225325   0.000080703991       0.0479  CCTTTTTTTTTTT
    53      1    -5.7755668743   0.003102438467       1.8428  CTCCCCCCCCCCC
    54      1    -8.6291580695   0.000178815132       0.1062  CTCCCCCCCCCTC
    55      1   -12.7771073236   0.000002824703       0.0017  CTCTCTCTCCCTT
    56      1   -13.9324790649   0.000000889613       0.0005  CTCTCTCTCCTCT
    57      1    -8.6546155068   0.000174320411       0.1035  CTCTCTCTCTCCT
    58      1   -23.7459133992   0.000000000049       0.0000  CTTTACTTTTAAT
    59      1   -10.2209422088   0.000036399985       0.0216  CTTTCTCTTTTTT
    60      1   -11.7535875556   0.000007861072       0.0047  CTTTCTTTTTTCT
    61      1   -13.0349134047   0.000002182775       0.0013  CTTTTTCTTTCCC
    62      1   -11.4678156363   0.000010461428       0.0062  CTTTTTTTTTTCC
    63      4    -5.5858375736   0.003750607044       2.2279  CTTTTTTTTTTTT
    64      1   -12.3887760388   0.000004165076       0.0025  GAAAAAGAAAGGG
    65      1    -5.5481631709   0.003894604400       2.3134  GAGGGGGGGGGGG
    66      1    -9.0334036663   0.000119355555       0.0709  GGAAAAAAAAAAA
    67      1   -10.7747916029   0.000020920279       0.0124  GGAAAAAAAAGGG
    68      1   -14.6151978898   0.000000449469       0.0003  GGAAGAAAAAAGA
    69      1    -6.6966264964   0.001235071400       0.7336  GGAGGGAGAGGGG
    70      1   -11.8944895237   0.000006827926       0.0041  GGGGAGGGAGAGG
    71      1    -7.4516966136   0.000580455967       0.3448  GGGGAGGGGGGGA
    72      1    -4.9221047418   0.007283784217       4.3266  GGGGAGGGGGGGG
    73      1   -16.1582232029   0.000000096067       0.0001  GGGGGAAAGGAGG
    74      1    -5.5409873910   0.003922651735       2.3301  GGGGGAGGGGGGG
    75      1   -15.5163277318   0.000000182534       0.0001  GGGGGGAAGGAAG
    76      1    -5.8873612162   0.002774287792       1.6479  GGGGGGAGGGGGG
    77      1   -16.1532915162   0.000000096542       0.0001  GGGGGGGGAAAAG
    78      1    -7.2935168252   0.000679932639       0.4039  GGGGGGGGGGAAG
    79      1   -12.0933726112   0.000005596481       0.0033  GGGGGGGGGGCTG
    80      1    -4.6486029815   0.009574969000       5.6875  GGGGGGGGGGGGA
    81    115    -2.1190079187   0.120150768730      71.3696  GGGGGGGGGGGGG
    82      1    -6.9420455270   0.000966291000       0.5740  GGGGGGGGGGGGT
    83      2   -11.8917315895   0.000006846783       0.0041  GGGGGGGGGGTTG
    84      1   -10.6539454454   0.000023607515       0.0140  GGGGTAGGGGGGG
    85      1    -5.6649669989   0.003465262128       2.0584  TCCCCCCCCCCCC
    86      1   -13.3106960583   0.000001656678       0.0010  TCCCTCCCCCTTC
    87      1   -11.8653954123   0.000007029497       0.0042  TCCCTCTCTCTTT
    88      1   -12.2273300520   0.000004894835       0.0029  TCCCTTCCCCCCC
    89      1   -16.5143906482   0.000000067281       0.0000  TCTCACCCTCTCC
    90      1    -5.9711623416   0.002551274243       1.5155  TCTCTCTCTCTTT
    91      1   -15.9618620985   0.000000116910       0.0001  TTAAAAAAAAAAG
    92      1   -11.4180011952   0.000010995756       0.0065  TTCCCCCCCCTTT
    93      1   -16.0804581541   0.000000103835       0.0001  TTCCCCTCCCCTC
    94      1   -13.6812060006   0.000001143741       0.0007  TTCCCCTCCCTTT
    95      1   -17.9114990712   0.000000016639       0.0000  TTCCCCTTCCTTT
    96      1   -19.6370429863   0.000000002963       0.0000  TTCCCGCCCCTTC
    97      1   -25.6471254225   0.000000000007       0.0000  TTCCCTTCTTCCC
    98      1   -15.2759907138   0.000000232125       0.0001  TTCCCTTTCTTTT
    99      1   -11.3151045068   0.000012187442       0.0072  TTCCTCCCCCTTT
   100      1   -16.0166398147   0.000000110678       0.0001  TTCCTCTCCCCTC
   101      1   -15.7055012057   0.000000151073       0.0001  TTCCTTCTCCTTC
   102      1   -18.7083664791   0.000000007500       0.0000  TTGGGGGGGGAAG
   103      1   -15.8529731641   0.000000130359       0.0001  TTTCTCCCTCCTC
   104      1   -12.9480627137   0.000002380827       0.0014  TTTTCCCTTTTTT
   105      1    -9.9360844331   0.000048396434       0.0287  TTTTCTTCTTTTT
   106      1   -10.9665632713   0.000017269592       0.0103  TTTTCTTTTTCTC
   107      6    -5.0749312223   0.006251516390       3.7134  TTTTCTTTTTTTT
   108      1   -17.1359819844   0.000000036136       0.0000  TTTTGTCTTTCTC
   109      1    -5.6883692461   0.003385108750       2.0108  TTTTTCTTTTTTT
   110      1   -15.5216314541   0.000000181569       0.0001  TTTTTGTCTTTTC
   111      1    -8.9825359698   0.000125583966       0.0746  TTTTTTCTTTCTT
   112      2    -6.0324161318   0.002399689004       1.4254  TTTTTTCTTTTTT
   113      1    -6.7169807429   0.001210186568       0.7189  TTTTTTTCTTTTT
   114      1    -9.6547655357   0.000064119275       0.0381  TTTTTTTTCTCTT
   115      1    -6.7046028371   0.001225259235       0.7278  TTTTTTTTCTTTT
   116      2   -13.7927218650   0.000001023050       0.0006  TTTTTTTTTTAAA
   117      2    -7.7495267873   0.000430946422       0.2560  TTTTTTTTTTCTC
   118      2    -4.8059905549   0.008180593672       4.8593  TTTTTTTTTTCTT
   119      2   -11.8634366217   0.000007043280       0.0042  TTTTTTTTTTGGT
   120      1   -11.7401845458   0.000007967143       0.0047  TTTTTTTTTTGTG
   121      2    -4.9221144556   0.007283713464       4.3265  TTTTTTTTTTTCT
   122      5    -4.8051405267   0.008187550364       4.8634  TTTTTTTTTTTTC
   123      2    -6.7976463452   0.001116399677       0.6631  TTTTTTTTTTTTG
   124     93    -1.8558275318   0.156323526445      92.8562  TTTTTTTTTTTTT

 2

     1    155    -1.6751325085   0.187283361207     111.2463  AAAAAAAAAAAAA
     2      4    -4.5236252453   0.010849619754       6.4447  AAAAAAAAAAAAG
     3      1    -6.5185794998   0.001475763937       0.8766  AAAAAAAAAAAAT
     4      2   -11.8878565494   0.000006873366       0.0041  AAAAAAAAAACCA
     5      1    -7.4794205467   0.000564584471       0.3354  AAAAAAAAAAGGA
     6      3    -9.1906940782   0.000101984055       0.0606  AAAAAAAAAAGGG
     7      1   -11.4858070553   0.000010274895       0.0061  AAAAAAAAAATTA
     8      1   -13.6496922601   0.000001180359       0.0007  AAAAAAAAAATTT
     9      1    -6.4308132376   0.001611140062       0.9570  AAAAAAAGAAAAA
    10      1    -5.4035879493   0.004500404716       2.6732  AAAAAGAAAAAAA
    11      1   -11.2060950873   0.000013591104       0.0081  AAAAAGAAAAGGA
    12      1   -15.2142526343   0.000000246907       0.0001  AAAAAGAAAATTA
    13      1    -4.7918799543   0.008296845021       4.9283  AAAAGAAAAAAAA
    14      1    -7.6403597459   0.000480655507       0.2855  AAAAGAAAAAAAG
    15      1   -14.6025248669   0.000000455202       0.0003  AAAAGAAAAATTA
    16      1   -13.2363800381   0.000001784486       0.0011  AAAAGGAAAGAAA
    17      1   -12.3934844655   0.000004145511       0.0025  AAGGAAGGGGAAA
    18      1   -15.8867451350   0.000000126030       0.0001  ACACGCACACAAT
    19      1    -8.2540477646   0.000260203182       0.1546  AGAAAAAAAAAAG
    20      1   -10.1264049444   0.000040009047       0.0238  AGAAAAAAAGAAA
    21      1    -8.4042596968   0.000223911495       0.1330  AGAGAGAGAGGGA
    22      1    -7.4530827272   0.000579651946       0.3443  ATAAAAAAAAAAA
    23      1   -11.0892384182   0.000015275835       0.0091  CCACCCCCACCTC
    24      1   -11.4732771466   0.000010404448       0.0062  CCCCCCCCACTCC
    25      1   -11.5292909299   0.000009837677       0.0058  CCCCCCCCCCAAC
    26      1    -6.7735035405   0.001143680692       0.6793  CCCCCCCCCCACC
    27      2    -6.7722325993   0.001145135167       0.6802  CCCCCCCCCCCCA
    28     81    -2.1407023443   0.117572237823      69.8379  CCCCCCCCCCCCC
    29      2    -4.8771471387   0.007618718200       4.5255  CCCCCCCCCCCCT
    30      2    -4.9953786157   0.006769157704       4.0209  CCCCCCCCCCCTC
    31      1    -7.7192550248   0.000444191392       0.2638  CCCCCCCCCCCTT
    32      1    -7.0721055031   0.000848444824       0.5040  CCCCCCCCCCGCC
    33      1   -14.6322828918   0.000000441856       0.0003  CCCCCCCCCCGGG
    34      1    -7.6111903043   0.000494882447       0.2940  CCCCCCCCCCTCT
    35      1    -7.7285646998   0.000440075304       0.2614  CCCCCCCCCCTTC
    36      1    -8.8513069150   0.000143194471       0.0851  CCCCCCTCCCTCC
    37      1   -12.7526273063   0.000002894705       0.0017  CCCCCGCCCCCAC
    38      1    -8.6222314782   0.000180058011       0.1070  CCCCCTCCCCCTC
    39      1   -15.7375969120   0.000000146301       0.0001  CCCCCTCTCCTTT
    40      1    -5.1498679190   0.005800170769       3.4453  CCCCTCCCCCCCC
    41      1   -10.6195263013   0.000024434211       0.0145  CCCCTCCCCCTCT
    42      1   -20.0032489365   0.000000002054       0.0000  CCCCTCCCTTTTC
    43      1    -8.7767257716   0.000154282415       0.0916  CCCCTTCCCCCCC
    44      1   -15.9217652641   0.000000121693       0.0001  CCGGGGGGGGCCC
    45      1   -12.7310190042   0.000002957935       0.0018  CCTCCCTCTCTTT
    46      1   -16.4132258617   0.000000074443       0.0000  CCTTCCCCCCCCT
    47      1   -17.5087153506   0.000000024892       0.0000  CCTTCCCTTTCTT
    48      1   -10.5096884544   0.000027270952       0.0162  CCTTCTCTTTCCC
    49      1   -15.7626962532   0.000000142675       0.0001  CCTTCTCTTTTTC
    50      1   -13.1628719777   0.000001920602       0.0011  CCTTTCTTTTTTT
    51      1   -12.3615999395   0.000004279819       0.0025  CCTTTTTTTTTTC
    52      2    -9.4247140416   0.000080704676       0.0479  CCTTTTTTTTTTT
    53      1    -5.7756108647   0.003102301993       1.8428  CTCCCCCCCCCCC
    54      1    -8.6291269731   0.000178820692       0.1062  CTCCCCCCCCCTC
    55      1   -12.7775955654   0.000002823324       0.0017  CTCTCTCTCCCTT
    56      1   -13.9324783575   0.000000889614       0.0005  CTCTCTCTCCTCT
    57      1    -8.6545190021   0.000174337235       0.1036  CTCTCTCTCTCCT
    58      1   -23.7458455872   0.000000000049       0.0000  CTTTACTTTTAAT
    59      1   -10.2207624554   0.000036406528       0.0216  CTTTCTCTTTTTT
    60      1   -11.7533932928   0.000007862599       0.0047  CTTTCTTTTTTCT
    61      1   -13.0344803947   0.000002183721       0.0013  CTTTTTCTTTCCC
    62      1   -11.4676654054   0.000010462999       0.0062  CTTTTTTTTTTCC
    63      4    -5.5858127566   0.003750700124       2.2279  CTTTTTTTTTTTT
    64      1   -12.3883475203   0.000004166861       0.0025  GAAAAAGAAAGGG
    65      1    -5.5482135219   0.003894408308       2.3133  GAGGGGGGGGGGG
    66      1    -9.0333972813   0.000119356317       0.0709  GGAAAAAAAAAAA
    67      1   -10.7746220319   0.000020923826       0.0124  GGAAAAAAAAGGG
    68      1   -14.6149824091   0.000000449566       0.0003  GGAAGAAAAAAGA
    69      1    -6.6964262735   0.001235318715       0.7338  GGAGGGAGAGGGG
    70      1   -11.8943594673   0.000006828815       0.0041  GGGGAGGGAGAGG
    71      1    -7.4516179086   0.000580501653       0.3448  GGGGAGGGGGGGA
    72      1    -4.9220515773   0.007284171466       4.3268  GGGGAGGGGGGGG
    73      1   -16.1579658334   0.000000096091       0.0001  GGGGGAAAGGAGG
    74      1    -5.5410085738   0.003922568643       2.3300  GGGGGAGGGGGGG
    75      1   -15.5160091630   0.000000182592       0.0001  GGGGGGAAGGAAG
    76      1    -5.8874318504   0.002774091840       1.6478  GGGGGGAGGGGGG
    77      1   -16.1532055719   0.000000096550       0.0001  GGGGGGGGAAAAG
    78      1    -7.2933895876   0.000680019157       0.4039  GGGGGGGGGGAAG
    79      1   -12.0933862090   0.000005596405       0.0033  GGGGGGGGGGCTG
    80      1    -4.6486112227   0.009574890091       5.6875  GGGGGGGGGGGGA
    81    115    -2.1190416989   0.120146710085      71.3671  GGGGGGGGGGGGG
    82      1    -6.9421276641   0.000966211635       0.5739  GGGGGGGGGGGGT
    83      2   -11.8917452436   0.000006846690       0.0041  GGGGGGGGGGTTG
    84      1   -10.6539512961   0.000023607377       0.0140  GGGGTAGGGGGGG
    85      1    -5.6649473897   0.003465330080       2.0584  TCCCCCCCCCCCC
    86      1   -13.3104014186   0.000001657166       0.0010  TCCCTCCCCCTTC
    87      1   -11.8653247889   0.000007029993       0.0042  TCCCTCTCTCTTT
    88      1   -12.2272070335   0.000004895437       0.0029  TCCCTTCCCCCCC
    89      1   -16.5145268888   0.000000067272       0.0000  TCTCACCCTCTCC
    90      1    -5.9710382987   0.002551590730       1.5156  TCTCTCTCTCTTT
    91      1   -15.9619836698   0.000000116896       0.0001  TTAAAAAAAAAAG
    92      1   -11.4178307880   0.000010997630       0.0065  TTCCCCCCCCTTT
    93      1   -16.0804024928   0.000000103841       0.0001  TTCCCCTCCCCTC
    94      1   -13.6809291753   0.000001144058       0.0007  TTCCCCTCCCTTT
    95      1   -17.9109781037   0.000000016648       0.0000  TTCCCCTTCCTTT
    96      1   -19.6369092821   0.000000002963       0.0000  TTCCCGCCCCTTC
    97      1   -25.6470829165   0.000000000007       0.0000  TTCCCTTCTTCCC
    98      1   -15.2747977703   0.000000232402       0.0001  TTCCCTTTCTTTT
    99      1   -11.3148973210   0.000012189967       0.0072  TTCCTCCCCCTTT
   100      1   -16.0163492546   0.000000110710       0.0001  TTCCTCTCCCCTC
   101      1   -15.7050061875   0.000000151148       0.0001  TTCCTTCTCCTTC
   102      1   -18.7083612768   0.000000007500       0.0000  TTGGGGGGGGAAG
   103      1   -15.8529468098   0.000000130362       0.0001  TTTCTCCCTCCTC
   104      1   -12.9479730183   0.000002381040       0.0014  TTTTCCCTTTTTT
   105      1    -9.9357927990   0.000048410550       0.0288  TTTTCTTCTTTTT
   106      1   -10.9663892892   0.000017272597       0.0103  TTTTCTTTTTCTC
   107      6    -5.0748671788   0.006251916772       3.7136  TTTTCTTTTTTTT
   108      1   -17.1359105215   0.000000036138       0.0000  TTTTGTCTTTCTC
   109      1    -5.6883786351   0.003385076967       2.0107  TTTTTCTTTTTTT
   110      1   -15.5214635886   0.000000181599       0.0001  TTTTTGTCTTTTC
   111      1    -8.9825104092   0.000125587176       0.0746  TTTTTTCTTTCTT
   112      2    -6.0324744400   0.002399549086       1.4253  TTTTTTCTTTTTT
   113      1    -6.7167750649   0.001210435502       0.7190  TTTTTTTCTTTTT
   114      1    -9.6547116878   0.000064122728       0.0381  TTTTTTTTCTCTT
   115      1    -6.7046328718   0.001225222435       0.7278  TTTTTTTTCTTTT
   116      2   -13.7927808934   0.000001022990       0.0006  TTTTTTTTTTAAA
   117      2    -7.7494392378   0.000430984152       0.2560  TTTTTTTTTTCTC
   118      2    -4.8059285847   0.008181100641       4.8596  TTTTTTTTTTCTT
   119      2   -11.8634422054   0.000007043240       0.0042  TTTTTTTTTTGGT
   120      1   -11.7402421823   0.000007966684       0.0047  TTTTTTTTTTGTG
   121      2    -4.9220615173   0.007284099062       4.3268  TTTTTTTTTTTCT
   122      5    -4.8051373050   0.008187576742       4.8634  TTTTTTTTTTTTC
   123      2    -6.7977173676   0.001116320391       0.6631  TTTTTTTTTTTTG
   124     93    -1.8558494444   0.156320101031      92.8541  TTTTTTTTTTTTT